f0           	 log10(rhophA) 	 log10(rhophB)
-0.00100000 	 0.25501026  	 0.25501062 
-0.01000000 	 0.00123532  	 0.00123568 
-0.01023531 	 -0.00144454 	 -0.00144418
-0.01047616 	 -0.00412902 	 -0.00412866
-0.01072267 	 -0.00681810 	 -0.00681774
-0.01097499 	 -0.00951209 	 -0.00951173
-0.01123324 	 -0.01221094 	 -0.01221058
-0.01149757 	 -0.01491522 	 -0.01491486
-0.01176812 	 -0.01762469 	 -0.01762433
-0.01204504 	 -0.02033912 	 -0.02033876
-0.01232847 	 -0.02305966 	 -0.02305930
-0.01261857 	 -0.02578540 	 -0.02578504
-0.01291550 	 -0.02851689 	 -0.02851653
-0.01321941 	 -0.03125451 	 -0.03125415
-0.01353048 	 -0.03399820 	 -0.03399784
-0.01384886 	 -0.03674794 	 -0.03674758
-0.01417474 	 -0.03950404 	 -0.03950368
-0.01450829 	 -0.04226659 	 -0.04226623
-0.01484968 	 -0.04503603 	 -0.04503567
-0.01519911 	 -0.04781228 	 -0.04781192
-0.01555676 	 -0.05059543 	 -0.05059507
-0.01592283 	 -0.05338571 	 -0.05338535
-0.01629751 	 -0.05618323 	 -0.05618287
-0.01668101 	 -0.05898858 	 -0.05898822
-0.01707353 	 -0.06180153 	 -0.06180117
-0.01747528 	 -0.06462225 	 -0.06462189
-0.01788650 	 -0.06745108 	 -0.06745072
-0.01830738 	 -0.07028837 	 -0.07028801
-0.01873817 	 -0.07313409 	 -0.07313373
-0.01917910 	 -0.07598844 	 -0.07598808
-0.01963041 	 -0.07885162 	 -0.07885126
-0.02009233 	 -0.08172414 	 -0.08172378
-0.02056512 	 -0.08460590 	 -0.08460554
-0.02104904 	 -0.08749717 	 -0.08749681
-0.02154435 	 -0.09039815 	 -0.09039779
-0.02205131 	 -0.09330940 	 -0.09330904
-0.02257020 	 -0.09623083 	 -0.09623047
-0.02310130 	 -0.09916268 	 -0.09916232
-0.02364489 	 -0.10210554 	 -0.10210518
-0.02420128 	 -0.10505938 	 -0.10505902
-0.02477076 	 -0.10802440 	 -0.10802404
-0.02535364 	 -0.11100090 	 -0.11100054
-0.02595024 	 -0.11398953 	 -0.11398917
-0.02656088 	 -0.11699020 	 -0.11698984
-0.02718588 	 -0.12000351 	 -0.12000315
-0.02782559 	 -0.12302946 	 -0.12302910
-0.02848036 	 -0.12606837 	 -0.12606801
-0.02915053 	 -0.12912085 	 -0.12912049
-0.02983647 	 -0.13218689 	 -0.13218653
-0.03053856 	 -0.13526685 	 -0.13526649
-0.03125716 	 -0.13836136 	 -0.13836100
-0.03199267 	 -0.14147043 	 -0.14147007
-0.03274549 	 -0.14459443 	 -0.14459407
-0.03351603 	 -0.14773409 	 -0.14773373
-0.03430469 	 -0.15088971 	 -0.15088935
-0.03511192 	 -0.15406104 	 -0.15406068
-0.03593814 	 -0.15724948 	 -0.15724912
-0.03678380 	 -0.16045436 	 -0.16045400
-0.03764936 	 -0.16367681 	 -0.16367645
-0.03853529 	 -0.16691725 	 -0.16691689
-0.03944206 	 -0.17017571 	 -0.17017535
-0.04037017 	 -0.17345302 	 -0.17345266
-0.04132012 	 -0.17674926 	 -0.17674890
-0.04229243 	 -0.18006527 	 -0.18006491
-0.04328761 	 -0.18340109 	 -0.18340073
-0.04430621 	 -0.18675761 	 -0.18675725
-0.04534879 	 -0.19013497 	 -0.19013461
-0.04641589 	 -0.19353396 	 -0.19353360
-0.04644444 	 -0.19362408 	 -0.19362372
-0.04750810 	 -0.19695514 	 -0.19695478
-0.04862602 	 -0.20039870 	 -0.20039834
-0.04977024 	 -0.20386549 	 -0.20386513
-0.05094138 	 -0.20735570 	 -0.20735534
-0.05214008 	 -0.21087063 	 -0.21087027
-0.05336699 	 -0.21440979 	 -0.21440943
-0.05462277 	 -0.21797484 	 -0.21797447
-0.05590810 	 -0.22156565 	 -0.22156529
-0.05722368 	 -0.22518322 	 -0.22518286
-0.05857021 	 -0.22882816 	 -0.22882780
-0.05994843 	 -0.23250114 	 -0.23250078
-0.06135907 	 -0.23620242 	 -0.23620206
-0.06280291 	 -0.23993346 	 -0.23993310
-0.06428073 	 -0.24369422 	 -0.24369386
-0.06579332 	 -0.24748575 	 -0.24748538
-0.06734151 	 -0.25130880 	 -0.25130844
-0.06892612 	 -0.25516410 	 -0.25516373
-0.07054802 	 -0.25905206 	 -0.25905170
-0.07220809 	 -0.26297420 	 -0.26297384
-0.07390722 	 -0.26693095 	 -0.26693059
-0.07564633 	 -0.27092312 	 -0.27092276
-0.07742637 	 -0.27495158 	 -0.27495122
-0.07924829 	 -0.27901717 	 -0.27901681
-0.08111308 	 -0.28312112 	 -0.28312076
-0.08302176 	 -0.28726366 	 -0.28726330
-0.08497534 	 -0.29144637 	 -0.29144601
-0.08697490 	 -0.29566990 	 -0.29566954
-0.08902151 	 -0.29993554 	 -0.29993518
-0.09111628 	 -0.30424358 	 -0.30424322
-0.09188889 	 -0.30581871 	 -0.30581835
-0.09326033 	 -0.30859609 	 -0.30859573
-0.09545485 	 -0.31299309 	 -0.31299273
-0.09770100 	 -0.31743631 	 -0.31743595
-0.10000000 	 -0.32192685 	 -0.32192649
-0.13733333 	 -0.38852550 	 -0.38852514
-0.18277778 	 -0.45916849 	 -0.45916813
-0.22822222 	 -0.52325958 	 -0.52325921
-0.25000000 	 -0.55242701 	 -0.55242665
-0.25263158 	 -0.55589711 	 -0.55589675
-0.25526316 	 -0.55935656 	 -0.55935620
-0.25789474 	 -0.56280525 	 -0.56280488
-0.26052632 	 -0.56624374 	 -0.56624338
-0.26315789 	 -0.56967190 	 -0.56967154
-0.26578947 	 -0.57309032 	 -0.57308996
-0.26842105 	 -0.57649883 	 -0.57649846
-0.27105263 	 -0.57989799 	 -0.57989763
-0.27366667 	 -0.58326497 	 -0.58326461
-0.27368421 	 -0.58328764 	 -0.58328728
-0.27631579 	 -0.58666833 	 -0.58666797
-0.27894737 	 -0.59003988 	 -0.59003952
-0.28157895 	 -0.59340283 	 -0.59340247
-0.28421053 	 -0.59675699 	 -0.59675663
-0.28684211 	 -0.60010289 	 -0.60010253
-0.28947368 	 -0.60344032 	 -0.60343996
-0.29183673 	 -0.60643080 	 -0.60643043
-0.29210526 	 -0.60676983 	 -0.60676947
-0.29473684 	 -0.61009157 	 -0.61009120
-0.29591837 	 -0.61158017 	 -0.61157981
-0.29736842 	 -0.61340530 	 -0.61340494
-0.30000000 	 -0.61671156 	 -0.61671120
-0.31911111 	 -0.64050495 	 -0.64050459
-0.36455556 	 -0.69577063 	 -0.69577026
-0.41000000 	 -0.74957570 	 -0.74957533
-0.45544444 	 -0.80227414 	 -0.80227378
-0.50088889 	 -0.85412150 	 -0.85412113
-0.54633333 	 -0.90531047 	 -0.90531010
-0.59177778 	 -0.95599064 	 -0.95599027
-0.63722222 	 -1.00628323 	 -1.00628286
-0.68266667 	 -1.05628758 	 -1.05628721
-0.72811111 	 -1.10608941 	 -1.10608904
-0.77355556 	 -1.15576400 	 -1.15576363
-0.81900000 	 -1.20537975 	 -1.20537937
-0.86444444 	 -1.25500018 	 -1.25499980
-0.90988889 	 -1.30468600 	 -1.30468562
-0.95533333 	 -1.35449806 	 -1.35449767
-1.00077778 	 -1.40449630 	 -1.40449592
-1.04622222 	 -1.45474431 	 -1.45474392
-1.09166667 	 -1.50530772 	 -1.50530733
-1.13711111 	 -1.55625841 	 -1.55625801
-1.18255556 	 -1.60767340 	 -1.60767300
-1.22800000 	 -1.65963937 	 -1.65963897
-1.27344444 	 -1.71225243 	 -1.71225201
-1.31888889 	 -1.76562172 	 -1.76562130
-1.36433333 	 -1.81987290 	 -1.81987247
-1.40977778 	 -1.87514921 	 -1.87514900
-1.45522222 	 -1.93161739 	 -1.93161717
-1.50066667 	 -1.98947021 	 -1.98946998
-1.54611111 	 -2.04893043 	 -2.04893019
-1.59155556 	 -2.11024917 	 -2.11024892
-1.63700000 	 -2.17369155 	 -2.17369129
-1.68244444 	 -2.23948609 	 -2.23948582
-1.72788889 	 -2.30769212 	 -2.30769183
-1.77333333 	 -2.37804304 	 -2.37804274
-1.81877778 	 -2.45001556 	 -2.45001524
-1.86422222 	 -2.52307473 	 -2.52307439
-1.90966667 	 -2.59677412 	 -2.59677376
-1.95511111 	 -2.67074003 	 -2.67073965
-2.00055556 	 -2.74464503 	 -2.74464462
-2.04600000 	 -2.81818970 	 -2.81818937
-2.09144444 	 -2.89109436 	 -2.89109401
-2.13688889 	 -2.96309293 	 -2.96309255
-2.18233333 	 -3.03393197 	 -3.03393157
-2.22777778 	 -3.10337024 	 -3.10336982
-2.27322222 	 -3.17117916 	 -3.17117894
-2.31866667 	 -3.23714616 	 -3.23714593
-2.36411111 	 -3.30107584 	 -3.30107560
-2.40955556 	 -3.36279373 	 -3.36279348
-2.45500000 	 -3.42214692 	 -3.42214667
-2.50044444 	 -3.47900816 	 -3.47900790
-2.54588889 	 -3.53327601 	 -3.53327574
-2.59133333 	 -3.58487610 	 -3.58487583
-2.63677778 	 -3.63376163 	 -3.63376135
-2.68222222 	 -3.67991165 	 -3.67991137
-2.72766667 	 -3.72333151 	 -3.72333123
-2.77311111 	 -3.76404926 	 -3.76404899
-2.81855556 	 -3.80211441 	 -3.80211414
-2.86400000 	 -3.83759478 	 -3.83759452
-2.90944444 	 -3.87057420 	 -3.87057395
-2.95488889 	 -3.90114839 	 -3.90114815
-3.00033333 	 -3.92942389 	 -3.92942365
-3.04577778 	 -3.95551391 	 -3.95551368
-3.09122222 	 -3.97953661 	 -3.97953618
-3.13666667 	 -4.00161242 	 -4.00161201
-3.18211111 	 -4.02186246 	 -4.02186208
-3.22755556 	 -4.04040665 	 -4.04040628
-3.27300000 	 -4.05736339 	 -4.05736305
-3.31844444 	 -4.07284655 	 -4.07284623
-3.36388889 	 -4.08696634 	 -4.08696595
-3.40933333 	 -4.09982748 	 -4.09982712
-3.45477778 	 -4.11152983 	 -4.11152950
-3.50022222 	 -4.12216749 	 -4.12216718
-3.54566667 	 -4.13182890 	 -4.13182861
-3.59111111 	 -4.14059645 	 -4.14059618
-3.63655556 	 -4.14854700 	 -4.14854676
-3.68200000 	 -4.15575217 	 -4.15575195
-3.72744444 	 -4.16227778 	 -4.16227738
-3.77288889 	 -4.16818479 	 -4.16818442
-3.81833333 	 -4.17352925 	 -4.17352891
-3.86377778 	 -4.17836259 	 -4.17836228
-3.90922222 	 -4.18273190 	 -4.18273162
-3.95466667 	 -4.18667989 	 -4.18667957
-4.00011111 	 -4.19024680 	 -4.19024652
-4.04555556 	 -4.19346796 	 -4.19346770
-4.09100000 	 -4.19637612 	 -4.19637589
-4.13644444 	 -4.19900157 	 -4.19900116
-4.18188889 	 -4.20137060 	 -4.20137023
-4.22733333 	 -4.20350802 	 -4.20350769
-4.27277778 	 -4.20543633 	 -4.20543602
-4.31822222 	 -4.20717539 	 -4.20717515
-4.36366667 	 -4.20874385 	 -4.20874343
-4.40911111 	 -4.21015817 	 -4.21015779
-4.45455556 	 -4.21143343 	 -4.21143309
-4.50000000 	 -4.21258301 	 -4.21258276
