r (cm)        	 rho (g/cm3) 	 T (K)       		 Linf = 2.597662e+37
1.20000231e+06 	 3.287256e+05 	 7.078268e+08 	
1.20001041e+06 	 3.198018e+05 	 7.022556e+08 	
1.20007139e+06 	 2.581657e+05 	 6.603179e+08 	
1.20012013e+06 	 2.154634e+05 	 6.267655e+08 	
1.20016888e+06 	 1.781037e+05 	 5.931831e+08 	
1.20021762e+06 	 1.456515e+05 	 5.595680e+08 	
1.20026714e+06 	 1.172734e+05 	 5.253789e+08 	
1.20030664e+06 	 9.767709e+04 	 4.980836e+08 	
1.20034613e+06 	 8.054948e+04 	 4.707616e+08 	
1.20038563e+06 	 6.568966e+04 	 4.434111e+08 	
1.20042573e+06 	 5.272407e+04 	 4.156133e+08 	
1.20045762e+06 	 4.380633e+04 	 3.934777e+08 	
1.20048951e+06 	 3.602165e+04 	 3.713193e+08 	
1.20052141e+06 	 2.927784e+04 	 3.491368e+08 	
1.20055376e+06 	 2.340963e+04 	 3.266118e+08 	
1.20057943e+06 	 1.939004e+04 	 3.087173e+08 	
1.20060510e+06 	 1.588693e+04 	 2.908040e+08 	
1.20063077e+06 	 1.285822e+04 	 2.728709e+08 	
1.20065675e+06 	 1.023457e+04 	 2.547018e+08 	
1.20067838e+06 	 8.359291e+03 	 2.395553e+08 	
1.20070001e+06 	 6.740793e+03 	 2.243922e+08 	
1.20072188e+06 	 5.343068e+03 	 2.090456e+08 	
1.20074005e+06 	 4.348358e+03 	 1.962816e+08 	
1.20075821e+06 	 3.491618e+03 	 1.835040e+08 	
1.20077656e+06 	 2.754389e+03 	 1.705873e+08 	
1.20079176e+06 	 2.232358e+03 	 1.598727e+08 	
1.20080696e+06 	 1.783823e+03 	 1.491472e+08 	
1.20082229e+06 	 1.399458e+03 	 1.383198e+08 	
1.20083495e+06 	 1.128865e+03 	 1.293655e+08 	
1.20084762e+06 	 8.970282e+02 	 1.204025e+08 	
1.20086037e+06 	 6.993139e+02 	 1.113687e+08 	
1.20087087e+06 	 5.610535e+02 	 1.039234e+08 	
1.20088137e+06 	 4.429899e+02 	 9.647169e+07 	
1.20089192e+06 	 3.428620e+02 	 8.897433e+07 	
1.20090058e+06 	 2.733872e+02 	 8.282019e+07 	
1.20090923e+06 	 2.142909e+02 	 7.666165e+07 	
1.20091792e+06 	 1.644935e+02 	 7.047820e+07 	
1.20092501e+06 	 1.302671e+02 	 6.542895e+07 	
1.20093210e+06 	 1.012814e+02 	 6.037742e+07 	
1.20093919e+06 	 7.704466e+01 	 5.532056e+07 	
1.20094491e+06 	 6.066390e+01 	 5.124386e+07 	
1.20095063e+06 	 4.684131e+01 	 4.716769e+07 	
1.20095629e+06 	 3.543776e+01 	 4.313092e+07 	
1.20096100e+06 	 2.754303e+01 	 3.978295e+07 	
1.20096570e+06 	 2.094078e+01 	 3.644072e+07 	
1.20096958e+06 	 1.637461e+01 	 3.368751e+07 	
1.20097332e+06 	 1.267306e+01 	 3.105063e+07 	
1.20097631e+06 	 1.015553e+01 	 2.895073e+07 	
1.20097930e+06 	 8.001115e+00 	 2.686497e+07 	
1.20098176e+06 	 6.479218e+00 	 2.516337e+07 	
1.20098422e+06 	 5.166679e+00 	 2.348106e+07 	
1.20098626e+06 	 4.225932e+00 	 2.210673e+07 	
1.20098830e+06 	 3.408744e+00 	 2.075673e+07 	
1.20099034e+06 	 2.706129e+00 	 1.943891e+07 	
1.20099198e+06 	 2.215714e+00 	 1.840384e+07 	
1.20099436e+06 	 1.621597e+00 	 1.697575e+07 	
1.20099673e+06 	 1.147747e+00 	 1.564400e+07 	
1.20099825e+06 	 9.014697e-01 	 1.485532e+07 	
1.20099977e+06 	 6.955297e-01 	 1.412522e+07 	
1.20099998e+06 	 6.705278e-01 	 1.403116e+07 	
1.20100000e+06 	 6.680645e-01 	 1.402182e+07 	
1.20101667e+06 	 1.210018e-02 	 1.031124e+07 	
1.20103334e+06 	 9.788958e-05 	 9.946597e+06 	
1.20105002e+06 	 7.341927e-07 	 9.917341e+06 	
1.20106669e+06 	 5.473325e-09 	 9.914593e+06 	
1.37774167e+06 	 1.000000e-20 	 9.106301e+06 	
1.58040525e+06 	 1.000000e-20 	 8.388516e+06 	
1.81288032e+06 	 1.000000e-20 	 7.745063e+06 	
2.07955210e+06 	 1.000000e-20 	 7.164048e+06 	
2.38545087e+06 	 1.000000e-20 	 6.636415e+06 	
2.73634686e+06 	 1.000000e-20 	 6.155077e+06 	
3.13885908e+06 	 1.000000e-20 	 5.714351e+06 	
3.60058021e+06 	 1.000000e-20 	 5.309595e+06 	
4.13021977e+06 	 1.000000e-20 	 4.936948e+06 	
4.73776845e+06 	 1.000000e-20 	 4.593153e+06 	
5.43468658e+06 	 1.000000e-20 	 4.275426e+06 	
6.23412023e+06 	 1.000000e-20 	 3.981363e+06 	
7.15114929e+06 	 1.000000e-20 	 3.708866e+06 	
8.20307186e+06 	 1.000000e-20 	 3.456087e+06 	
9.40973054e+06 	 1.000000e-20 	 3.221392e+06 	
1.07938868e+07 	 1.000000e-20 	 3.003320e+06 	
1.23816502e+07 	 1.000000e-20 	 2.800560e+06 	
1.42029710e+07 	 1.000000e-20 	 2.611932e+06 	
1.62922052e+07 	 1.000000e-20 	 2.436366e+06 	
1.86887624e+07 	 1.000000e-20 	 2.272889e+06 	
2.14378493e+07 	 1.000000e-20 	 2.120613e+06 	
2.45913224e+07 	 1.000000e-20 	 1.978728e+06 	
2.82086664e+07 	 1.000000e-20 	 1.846489e+06 	
3.23581159e+07 	 1.000000e-20 	 1.723210e+06 	
3.71179427e+07 	 1.000000e-20 	 1.608262e+06 	
4.25779323e+07 	 1.000000e-20 	 1.501063e+06 	
4.88410777e+07 	 1.000000e-20 	 1.401075e+06 	
5.60255217e+07 	 1.000000e-20 	 1.307801e+06 	
6.42667859e+07 	 1.000000e-20 	 1.220779e+06 	
7.37203267e+07 	 1.000000e-20 	 1.139584e+06 	
8.45644683e+07 	 1.000000e-20 	 1.063817e+06 	
9.70037656e+07 	 1.000000e-20 	 9.931110e+05 	
1.11272864e+08 	 1.000000e-20 	 9.271234e+05 	
1.27640923e+08 	 1.000000e-20 	 8.655358e+05 	
1.46416697e+08 	 1.000000e-20 	 8.080518e+05 	
1.67954358e+08 	 1.000000e-20 	 7.543957e+05 	
1.92660174e+08 	 1.000000e-20 	 7.043108e+05 	
2.21000176e+08 	 1.000000e-20 	 6.575577e+05 	
2.53508946e+08 	 1.000000e-20 	 6.139137e+05 	
2.90799705e+08 	 1.000000e-20 	 5.731709e+05 	
3.33575874e+08 	 1.000000e-20 	 5.351356e+05 	
3.82644348e+08 	 1.000000e-20 	 4.996273e+05 	
4.38930717e+08 	 1.000000e-20 	 4.664775e+05 	
5.03496719e+08 	 1.000000e-20 	 4.355290e+05 	
5.77560277e+08 	 1.000000e-20 	 4.066355e+05 	
6.62518465e+08 	 1.000000e-20 	 3.796601e+05 	
7.59973866e+08 	 1.000000e-20 	 3.544752e+05 	
8.71764800e+08 	 1.000000e-20 	 3.309618e+05 	
1.00000000e+09 	 1.000000e-20 	 3.090088e+05 	
