r (cm)        	 rho (g/cm3) 	 T (K)       		 Linf = 3.080942e+38
1.20000004e+06 	 1.329215e+05 	 1.235142e+09 	
1.20007969e+06 	 1.187299e+05 	 1.199873e+09 	
1.20018958e+06 	 1.012118e+05 	 1.151735e+09 	
1.20028063e+06 	 8.835652e+04 	 1.112311e+09 	
1.20037169e+06 	 7.687575e+04 	 1.073326e+09 	
1.20046275e+06 	 6.665386e+04 	 1.034795e+09 	
1.20055381e+06 	 5.758184e+04 	 9.967350e+08 	
1.20064299e+06 	 4.971228e+04 	 9.599295e+08 	
1.20073218e+06 	 4.275698e+04 	 9.236075e+08 	
1.20082136e+06 	 3.663113e+04 	 8.877858e+08 	
1.20089420e+06 	 3.218805e+04 	 8.589131e+08 	
1.20096704e+06 	 2.820473e+04 	 8.303957e+08 	
1.20103988e+06 	 2.464295e+04 	 8.022436e+08 	
1.20111272e+06 	 2.146676e+04 	 7.744672e+08 	
1.20118556e+06 	 1.864240e+04 	 7.470773e+08 	
1.20125754e+06 	 1.616613e+04 	 7.204020e+08 	
1.20132951e+06 	 1.397395e+04 	 6.941255e+08 	
1.20140149e+06 	 1.203922e+04 	 6.682588e+08 	
1.20146110e+06 	 1.061386e+04 	 6.471520e+08 	
1.20152072e+06 	 9.334883e+03 	 6.263406e+08 	
1.20158034e+06 	 8.189916e+03 	 6.058311e+08 	
1.20163996e+06 	 7.167357e+03 	 5.856302e+08 	
1.20169957e+06 	 6.256359e+03 	 5.657446e+08 	
1.20175903e+06 	 5.448819e+03 	 5.462325e+08 	
1.20181849e+06 	 4.732822e+03 	 5.270475e+08 	
1.20187795e+06 	 4.099674e+03 	 5.081963e+08 	
1.20192699e+06 	 3.634081e+03 	 4.929042e+08 	
1.20197603e+06 	 3.215140e+03 	 4.778475e+08 	
1.20202507e+06 	 2.838908e+03 	 4.630300e+08 	
1.20207411e+06 	 2.501701e+03 	 4.484553e+08 	
1.20212315e+06 	 2.200082e+03 	 4.341273e+08 	
1.20217220e+06 	 1.930853e+03 	 4.200494e+08 	
1.20222260e+06 	 1.684751e+03 	 4.058436e+08 	
1.20227301e+06 	 1.466740e+03 	 3.919097e+08 	
1.20231462e+06 	 1.305972e+03 	 3.806147e+08 	
1.20235623e+06 	 1.161022e+03 	 3.695094e+08 	
1.20239785e+06 	 1.030545e+03 	 3.585959e+08 	
1.20243946e+06 	 9.132888e+02 	 3.478759e+08 	
1.20248107e+06 	 8.080904e+02 	 3.373514e+08 	
1.20252268e+06 	 7.138689e+02 	 3.270239e+08 	
1.20256429e+06 	 6.296230e+02 	 3.168951e+08 	
1.20260735e+06 	 5.519713e+02 	 3.066260e+08 	
1.20265040e+06 	 4.830620e+02 	 2.965729e+08 	
1.20268581e+06 	 4.323221e+02 	 2.884672e+08 	
1.20272122e+06 	 3.864604e+02 	 2.805093e+08 	
1.20275663e+06 	 3.450612e+02 	 2.726998e+08 	
1.20279205e+06 	 3.077390e+02 	 2.650394e+08 	
1.20282746e+06 	 2.741361e+02 	 2.575286e+08 	
1.20286287e+06 	 2.439214e+02 	 2.501677e+08 	
1.20289828e+06 	 2.167888e+02 	 2.429573e+08 	
1.20293369e+06 	 1.924561e+02 	 2.358974e+08 	
1.20296910e+06 	 1.706628e+02 	 2.289884e+08 	
1.20300652e+06 	 1.501292e+02 	 2.218519e+08 	
1.20303765e+06 	 1.348170e+02 	 2.160433e+08 	
1.20306878e+06 	 1.209658e+02 	 2.103512e+08 	
1.20309991e+06 	 1.084487e+02 	 2.047756e+08 	
1.20313104e+06 	 9.714855e+01 	 1.993162e+08 	
1.20316217e+06 	 8.695709e+01 	 1.939729e+08 	
1.20319330e+06 	 7.777461e+01 	 1.887452e+08 	
1.20322442e+06 	 6.950929e+01 	 1.836329e+08 	
1.20325555e+06 	 6.207670e+01 	 1.786355e+08 	
1.20328668e+06 	 5.539930e+01 	 1.737524e+08 	
1.20331781e+06 	 4.940601e+01 	 1.689832e+08 	
1.20334894e+06 	 4.403172e+01 	 1.643272e+08 	
1.20337744e+06 	 3.960262e+01 	 1.601625e+08 	
1.20340595e+06 	 3.560063e+01 	 1.560915e+08 	
1.20343445e+06 	 3.198723e+01 	 1.521137e+08 	
1.20346296e+06 	 2.872703e+01 	 1.482283e+08 	
1.20349146e+06 	 2.578758e+01 	 1.444347e+08 	
1.20351997e+06 	 2.313914e+01 	 1.407321e+08 	
1.20354847e+06 	 2.075448e+01 	 1.371196e+08 	
1.20357698e+06 	 1.860872e+01 	 1.335965e+08 	
1.20360548e+06 	 1.667915e+01 	 1.301618e+08 	
1.20363398e+06 	 1.494501e+01 	 1.268147e+08 	
1.20366249e+06 	 1.338744e+01 	 1.235541e+08 	
1.20369099e+06 	 1.198921e+01 	 1.203790e+08 	
1.20371950e+06 	 1.073471e+01 	 1.172884e+08 	
1.20374800e+06 	 9.609726e+00 	 1.142812e+08 	
1.20377651e+06 	 8.601365e+00 	 1.113563e+08 	
1.20380501e+06 	 7.697946e+00 	 1.085125e+08 	
1.20383450e+06 	 6.862470e+00 	 1.056545e+08 	
1.20386399e+06 	 6.117416e+00 	 1.028807e+08 	
1.20389348e+06 	 5.453250e+00 	 1.001898e+08 	
1.20392297e+06 	 4.861394e+00 	 9.758026e+07 	
1.20395246e+06 	 4.334140e+00 	 9.505073e+07 	
1.20398195e+06 	 3.864562e+00 	 9.259972e+07 	
1.20401144e+06 	 3.446448e+00 	 9.022574e+07 	
1.20404093e+06 	 3.074230e+00 	 8.792729e+07 	
1.20407042e+06 	 2.742921e+00 	 8.570283e+07 	
1.20409991e+06 	 2.448058e+00 	 8.355081e+07 	
1.20412941e+06 	 2.185650e+00 	 8.146968e+07 	
1.20415890e+06 	 1.952131e+00 	 7.945784e+07 	
1.20418839e+06 	 1.744319e+00 	 7.751373e+07 	
1.20422232e+06 	 1.533337e+00 	 7.535851e+07 	
1.20425625e+06 	 1.348814e+00 	 7.328840e+07 	
1.20429018e+06 	 1.187400e+00 	 7.130097e+07 	
1.20432412e+06 	 1.046165e+00 	 6.939378e+07 	
1.20435805e+06 	 9.225447e-01 	 6.756439e+07 	
1.20439198e+06 	 8.143008e-01 	 6.581039e+07 	
1.20442591e+06 	 7.194779e-01 	 6.412937e+07 	
1.20445984e+06 	 6.363692e-01 	 6.251892e+07 	
1.20449378e+06 	 5.634857e-01 	 6.097668e+07 	
1.20453432e+06 	 4.880125e-01 	 5.922023e+07 	
1.20457486e+06 	 4.233829e-01 	 5.755384e+07 	
1.20461540e+06 	 3.679785e-01 	 5.597364e+07 	
1.20465594e+06 	 3.204264e-01 	 5.447580e+07 	
1.20469648e+06 	 2.795619e-01 	 5.305661e+07 	
1.20473702e+06 	 2.443969e-01 	 5.171241e+07 	
1.20478474e+06 	 2.091768e-01 	 5.022139e+07 	
1.20483247e+06 	 1.795535e-01 	 4.882376e+07 	
1.20488019e+06 	 1.545829e-01 	 4.751409e+07 	
1.20492791e+06 	 1.334857e-01 	 4.628715e+07 	
1.20498331e+06 	 1.130067e-01 	 4.495984e+07 	
1.20503872e+06 	 9.606520e-02 	 4.372983e+07 	
1.20509413e+06 	 8.200225e-02 	 4.259005e+07 	
1.20515585e+06 	 6.908080e-02 	 4.141834e+07 	
1.20521758e+06 	 5.849274e-02 	 4.034168e+07 	
1.20528625e+06 	 4.889740e-02 	 3.924573e+07 	
1.20535492e+06 	 4.112754e-02 	 3.824721e+07 	
1.20543744e+06 	 3.367214e-02 	 3.716311e+07 	
1.20551996e+06 	 2.780075e-02 	 3.619152e+07 	
1.20560247e+06 	 2.313988e-02 	 3.531936e+07 	
1.20569440e+06 	 1.903503e-02 	 3.445073e+07 	
1.20578632e+06 	 1.580310e-02 	 3.367709e+07 	
1.20588834e+06 	 1.298642e-02 	 3.291495e+07 	
1.20599036e+06 	 1.078032e-02 	 3.224046e+07 	
1.20610376e+06 	 8.863012e-03 	 3.157881e+07 	
1.20621716e+06 	 7.366618e-03 	 3.099633e+07 	
1.20634401e+06 	 6.062164e-03 	 3.042417e+07 	
1.20647086e+06 	 5.047142e-03 	 2.992276e+07 	
1.20661400e+06 	 4.157185e-03 	 2.942804e+07 	
1.20675715e+06 	 3.466862e-03 	 2.899630e+07 	
1.20692072e+06 	 2.856236e-03 	 2.856676e+07 	
1.20708429e+06 	 2.384552e-03 	 2.819344e+07 	
1.20727068e+06 	 1.969610e-03 	 2.782418e+07 	
1.20745706e+06 	 1.649524e-03 	 2.750387e+07 	
1.20769217e+06 	 1.342122e-03 	 2.715615e+07 	
1.20792728e+06 	 1.110940e-03 	 2.685881e+07 	
1.20816239e+06 	 9.335625e-04 	 2.660170e+07 	
1.20849610e+06 	 7.459132e-04 	 2.629115e+07 	
1.20882981e+06 	 6.096848e-04 	 2.603022e+07 	
1.20898300e+06 	 5.595009e-04 	 2.592379e+07 	
1.20899831e+06 	 5.548341e-04 	 2.591355e+07 	
1.20899985e+06 	 5.543707e-04 	 2.591253e+07 	
1.20900000e+06 	 5.543244e-04 	 2.591243e+07 	
1.20910005e+06 	 5.253095e-04 	 2.584731e+07 	
1.20920010e+06 	 4.985860e-04 	 2.578500e+07 	
1.20930015e+06 	 4.739145e-04 	 2.572528e+07 	
1.20940020e+06 	 4.510980e-04 	 2.566800e+07 	
1.20950025e+06 	 4.299699e-04 	 2.561300e+07 	
1.20960030e+06 	 4.103680e-04 	 2.556012e+07 	
1.20970035e+06 	 3.921431e-04 	 2.550924e+07 	
1.20980040e+06 	 3.751765e-04 	 2.546022e+07 	
1.20990045e+06 	 3.593627e-04 	 2.541297e+07 	
1.21000050e+06 	 3.446004e-04 	 2.536737e+07 	
1.21010055e+06 	 3.307926e-04 	 2.532332e+07 	
1.21020060e+06 	 3.178632e-04 	 2.528073e+07 	
1.21030065e+06 	 3.057454e-04 	 2.523953e+07 	
1.21040070e+06 	 2.943726e-04 	 2.519964e+07 	
1.21050075e+06 	 2.836843e-04 	 2.516098e+07 	
1.21060080e+06 	 2.736237e-04 	 2.512349e+07 	
1.21070085e+06 	 2.641477e-04 	 2.508710e+07 	
1.21080090e+06 	 2.552136e-04 	 2.505177e+07 	
1.21090095e+06 	 2.467815e-04 	 2.501743e+07 	
1.21100100e+06 	 2.388104e-04 	 2.498404e+07 	
1.21110105e+06 	 2.312674e-04 	 2.495154e+07 	
1.21120110e+06 	 2.241262e-04 	 2.491990e+07 	
1.21130115e+06 	 2.173602e-04 	 2.488907e+07 	
1.21140120e+06 	 2.109432e-04 	 2.485902e+07 	
1.21150125e+06 	 2.048513e-04 	 2.482971e+07 	
1.21160130e+06 	 1.990602e-04 	 2.480111e+07 	
1.21170135e+06 	 1.935513e-04 	 2.477317e+07 	
1.21180140e+06 	 1.883084e-04 	 2.474588e+07 	
1.21190145e+06 	 1.833157e-04 	 2.471921e+07 	
1.21200150e+06 	 1.785572e-04 	 2.469312e+07 	
1.21210155e+06 	 1.740180e-04 	 2.466760e+07 	
1.21220160e+06 	 1.696837e-04 	 2.464261e+07 	
1.21230165e+06 	 1.655420e-04 	 2.461815e+07 	
1.21240170e+06 	 1.615829e-04 	 2.459417e+07 	
1.21250175e+06 	 1.577965e-04 	 2.457068e+07 	
1.21260180e+06 	 1.541727e-04 	 2.454764e+07 	
1.21270185e+06 	 1.507025e-04 	 2.452504e+07 	
1.21280190e+06 	 1.473767e-04 	 2.450286e+07 	
1.21290195e+06 	 1.441856e-04 	 2.448109e+07 	
1.21300200e+06 	 1.411233e-04 	 2.445970e+07 	
1.21310205e+06 	 1.381836e-04 	 2.443869e+07 	
1.21320210e+06 	 1.353605e-04 	 2.441804e+07 	
1.21330215e+06 	 1.326480e-04 	 2.439774e+07 	
1.21340220e+06 	 1.300400e-04 	 2.437777e+07 	
1.21350225e+06 	 1.275311e-04 	 2.435813e+07 	
1.21360230e+06 	 1.251163e-04 	 2.433881e+07 	
1.21370235e+06 	 1.227896e-04 	 2.431978e+07 	
1.21380240e+06 	 1.205474e-04 	 2.430103e+07 	
1.21390245e+06 	 1.183862e-04 	 2.428258e+07 	
1.21400250e+06 	 1.163023e-04 	 2.426439e+07 	
1.21410255e+06 	 1.142924e-04 	 2.424646e+07 	
1.21420260e+06 	 1.123527e-04 	 2.422879e+07 	
1.21430265e+06 	 1.104797e-04 	 2.421136e+07 	
1.21440270e+06 	 1.086711e-04 	 2.419418e+07 	
1.21450275e+06 	 1.069227e-04 	 2.417722e+07 	
1.21460280e+06 	 1.052316e-04 	 2.416048e+07 	
1.21470285e+06 	 1.035956e-04 	 2.414395e+07 	
1.21480290e+06 	 1.020128e-04 	 2.412763e+07 	
1.21490295e+06 	 1.004810e-04 	 2.411152e+07 	
1.21500300e+06 	 9.899826e-05 	 2.409560e+07 	
1.21510305e+06 	 9.756243e-05 	 2.407987e+07 	
1.21520310e+06 	 9.617146e-05 	 2.406433e+07 	
1.21530315e+06 	 9.482329e-05 	 2.404896e+07 	
1.21540320e+06 	 9.351623e-05 	 2.403377e+07 	
1.21550325e+06 	 9.224870e-05 	 2.401875e+07 	
1.21560330e+06 	 9.101830e-05 	 2.400389e+07 	
1.21570335e+06 	 8.982386e-05 	 2.398919e+07 	
1.21580340e+06 	 8.866417e-05 	 2.397464e+07 	
1.21590345e+06 	 8.753804e-05 	 2.396024e+07 	
1.21600350e+06 	 8.644428e-05 	 2.394598e+07 	
1.21610355e+06 	 8.538170e-05 	 2.393187e+07 	
1.21620360e+06 	 8.434911e-05 	 2.391790e+07 	
1.21630365e+06 	 8.334531e-05 	 2.390406e+07 	
1.21640370e+06 	 8.236910e-05 	 2.389036e+07 	
1.21650375e+06 	 8.141963e-05 	 2.387678e+07 	
1.21660380e+06 	 8.049606e-05 	 2.386332e+07 	
1.21670385e+06 	 7.959663e-05 	 2.384998e+07 	
1.21680390e+06 	 7.872065e-05 	 2.383676e+07 	
1.21690395e+06 	 7.786746e-05 	 2.382366e+07 	
1.21700400e+06 	 7.703638e-05 	 2.381066e+07 	
1.21710405e+06 	 7.622672e-05 	 2.379777e+07 	
1.21720410e+06 	 7.543782e-05 	 2.378499e+07 	
1.21730415e+06 	 7.466899e-05 	 2.377231e+07 	
1.21740420e+06 	 7.391955e-05 	 2.375974e+07 	
1.21750425e+06 	 7.318884e-05 	 2.374726e+07 	
1.21760430e+06 	 7.247616e-05 	 2.373487e+07 	
1.21770435e+06 	 7.178085e-05 	 2.372258e+07 	
1.21780440e+06 	 7.110222e-05 	 2.371038e+07 	
1.21790445e+06 	 7.044023e-05 	 2.369828e+07 	
1.21800450e+06 	 6.979366e-05 	 2.368625e+07 	
1.21810455e+06 	 6.916205e-05 	 2.367431e+07 	
1.21820460e+06 	 6.854501e-05 	 2.366245e+07 	
1.21830465e+06 	 6.794217e-05 	 2.365068e+07 	
1.21840470e+06 	 6.735313e-05 	 2.363898e+07 	
1.21850475e+06 	 6.677752e-05 	 2.362736e+07 	
1.21860480e+06 	 6.621494e-05 	 2.361581e+07 	
1.21870485e+06 	 6.566502e-05 	 2.360434e+07 	
1.21880490e+06 	 6.512737e-05 	 2.359294e+07 	
1.21890495e+06 	 6.460161e-05 	 2.358161e+07 	
1.21900500e+06 	 6.408735e-05 	 2.357035e+07 	
1.21910505e+06 	 6.358420e-05 	 2.355915e+07 	
1.21920510e+06 	 6.309179e-05 	 2.354802e+07 	
1.21930515e+06 	 6.261013e-05 	 2.353696e+07 	
1.21940520e+06 	 6.213859e-05 	 2.352596e+07 	
1.21950525e+06 	 6.167667e-05 	 2.351502e+07 	
1.21960530e+06 	 6.122417e-05 	 2.350414e+07 	
1.21970535e+06 	 6.078087e-05 	 2.349332e+07 	
1.21980540e+06 	 6.034655e-05 	 2.348255e+07 	
1.21990545e+06 	 5.992100e-05 	 2.347184e+07 	
1.22000550e+06 	 5.950400e-05 	 2.346119e+07 	
1.22010555e+06 	 5.909535e-05 	 2.345059e+07 	
1.22020560e+06 	 5.869483e-05 	 2.344004e+07 	
1.22030565e+06 	 5.830222e-05 	 2.342955e+07 	
1.22040570e+06 	 5.791731e-05 	 2.341911e+07 	
1.22050575e+06 	 5.753989e-05 	 2.340871e+07 	
1.22060580e+06 	 5.716973e-05 	 2.339837e+07 	
1.22070585e+06 	 5.680663e-05 	 2.338807e+07 	
1.22080590e+06 	 5.645038e-05 	 2.337782e+07 	
1.22090595e+06 	 5.610076e-05 	 2.336762e+07 	
1.22100600e+06 	 5.575762e-05 	 2.335746e+07 	
1.22110605e+06 	 5.542098e-05 	 2.334735e+07 	
1.22120610e+06 	 5.509034e-05 	 2.333728e+07 	
1.22130615e+06 	 5.476558e-05 	 2.332725e+07 	
1.22140620e+06 	 5.444656e-05 	 2.331726e+07 	
1.22150625e+06 	 5.413318e-05 	 2.330731e+07 	
1.22160630e+06 	 5.382531e-05 	 2.329740e+07 	
1.22170635e+06 	 5.352284e-05 	 2.328753e+07 	
1.22180640e+06 	 5.322565e-05 	 2.327770e+07 	
1.22190645e+06 	 5.293361e-05 	 2.326791e+07 	
1.22200650e+06 	 5.264661e-05 	 2.325815e+07 	
1.22210655e+06 	 5.236453e-05 	 2.324843e+07 	
1.22220660e+06 	 5.208725e-05 	 2.323875e+07 	
1.22230665e+06 	 5.181465e-05 	 2.322910e+07 	
1.22240670e+06 	 5.154661e-05 	 2.321948e+07 	
1.22250675e+06 	 5.128301e-05 	 2.320990e+07 	
1.22260680e+06 	 5.102374e-05 	 2.320036e+07 	
1.22270685e+06 	 5.076867e-05 	 2.319084e+07 	
1.22280690e+06 	 5.051768e-05 	 2.318136e+07 	
1.22290695e+06 	 5.027081e-05 	 2.317190e+07 	
1.22300700e+06 	 5.002796e-05 	 2.316248e+07 	
1.22310705e+06 	 4.978881e-05 	 2.315309e+07 	
1.22320710e+06 	 4.955331e-05 	 2.314373e+07 	
1.22330715e+06 	 4.932138e-05 	 2.313440e+07 	
1.22340720e+06 	 4.909297e-05 	 2.312509e+07 	
1.22350725e+06 	 4.886800e-05 	 2.311581e+07 	
1.22360730e+06 	 4.864642e-05 	 2.310656e+07 	
1.22370735e+06 	 4.842816e-05 	 2.309734e+07 	
1.22380740e+06 	 4.821315e-05 	 2.308815e+07 	
1.22390745e+06 	 4.800132e-05 	 2.307898e+07 	
1.22400750e+06 	 4.779262e-05 	 2.306983e+07 	
1.22410755e+06 	 4.758698e-05 	 2.306071e+07 	
1.22420760e+06 	 4.738433e-05 	 2.305162e+07 	
1.22430765e+06 	 4.718460e-05 	 2.304255e+07 	
1.22440770e+06 	 4.698774e-05 	 2.303351e+07 	
1.22450775e+06 	 4.679368e-05 	 2.302448e+07 	
1.22460780e+06 	 4.660235e-05 	 2.301549e+07 	
1.22470785e+06 	 4.641368e-05 	 2.300651e+07 	
1.22480790e+06 	 4.622762e-05 	 2.299756e+07 	
1.22490795e+06 	 4.604409e-05 	 2.298863e+07 	
1.22500800e+06 	 4.586303e-05 	 2.297972e+07 	
1.22510805e+06 	 4.568439e-05 	 2.297083e+07 	
1.22520810e+06 	 4.550816e-05 	 2.296197e+07 	
1.22530815e+06 	 4.533647e-05 	 2.295309e+07 	
1.22540820e+06 	 4.516479e-05 	 2.294427e+07 	
1.22550825e+06 	 4.499535e-05 	 2.293546e+07 	
1.22560830e+06 	 4.482809e-05 	 2.292667e+07 	
1.22570835e+06 	 4.466296e-05 	 2.291790e+07 	
1.22580840e+06 	 4.449993e-05 	 2.290916e+07 	
1.22590845e+06 	 4.433894e-05 	 2.290043e+07 	
1.22600850e+06 	 4.417996e-05 	 2.289172e+07 	
1.22610855e+06 	 4.402295e-05 	 2.288302e+07 	
1.22620860e+06 	 4.386785e-05 	 2.287435e+07 	
1.22630865e+06 	 4.371464e-05 	 2.286569e+07 	
1.22640870e+06 	 4.356328e-05 	 2.285705e+07 	
1.22650875e+06 	 4.341372e-05 	 2.284843e+07 	
1.22660880e+06 	 4.326593e-05 	 2.283982e+07 	
1.22670885e+06 	 4.311988e-05 	 2.283123e+07 	
1.22680890e+06 	 4.297553e-05 	 2.282266e+07 	
1.22690895e+06 	 4.283284e-05 	 2.281410e+07 	
1.22700900e+06 	 4.269179e-05 	 2.280556e+07 	
1.22710905e+06 	 4.255234e-05 	 2.279703e+07 	
1.22720910e+06 	 4.241445e-05 	 2.278852e+07 	
1.22730915e+06 	 4.227810e-05 	 2.278002e+07 	
1.22740920e+06 	 4.214325e-05 	 2.277154e+07 	
1.22750925e+06 	 4.200988e-05 	 2.276308e+07 	
1.22760930e+06 	 4.187796e-05 	 2.275463e+07 	
1.22770935e+06 	 4.174746e-05 	 2.274619e+07 	
1.22780940e+06 	 4.161835e-05 	 2.273776e+07 	
1.22790945e+06 	 4.149060e-05 	 2.272935e+07 	
1.22800950e+06 	 4.136419e-05 	 2.272096e+07 	
1.22810955e+06 	 4.123909e-05 	 2.271258e+07 	
1.22820960e+06 	 4.111528e-05 	 2.270421e+07 	
1.22830965e+06 	 4.099272e-05 	 2.269585e+07 	
1.22840970e+06 	 4.087141e-05 	 2.268751e+07 	
1.22850975e+06 	 4.075131e-05 	 2.267917e+07 	
1.22860980e+06 	 4.063240e-05 	 2.267086e+07 	
1.22870985e+06 	 4.051466e-05 	 2.266255e+07 	
1.22880990e+06 	 4.039806e-05 	 2.265426e+07 	
1.22890995e+06 	 4.028259e-05 	 2.264597e+07 	
1.22901001e+06 	 4.016822e-05 	 2.263770e+07 	
1.22911006e+06 	 4.005493e-05 	 2.262944e+07 	
1.22921011e+06 	 3.994270e-05 	 2.262120e+07 	
1.22931016e+06 	 3.983152e-05 	 2.261296e+07 	
1.22941021e+06 	 3.972336e-05 	 2.260471e+07 	
1.22951026e+06 	 3.961424e-05 	 2.259649e+07 	
1.22961031e+06 	 3.950610e-05 	 2.258829e+07 	
1.22971036e+06 	 3.939893e-05 	 2.258010e+07 	
1.22981041e+06 	 3.929271e-05 	 2.257192e+07 	
1.22991046e+06 	 3.918742e-05 	 2.256375e+07 	
1.23001051e+06 	 3.908304e-05 	 2.255558e+07 	
1.23011056e+06 	 3.897957e-05 	 2.254743e+07 	
1.23021061e+06 	 3.887697e-05 	 2.253929e+07 	
1.23031066e+06 	 3.877524e-05 	 2.253116e+07 	
1.23041071e+06 	 3.867436e-05 	 2.252304e+07 	
1.23051076e+06 	 3.857431e-05 	 2.251493e+07 	
1.23061081e+06 	 3.847509e-05 	 2.250683e+07 	
1.23071086e+06 	 3.837667e-05 	 2.249873e+07 	
1.23081091e+06 	 3.827903e-05 	 2.249065e+07 	
1.23091096e+06 	 3.818218e-05 	 2.248258e+07 	
1.23101101e+06 	 3.808609e-05 	 2.247451e+07 	
1.23111106e+06 	 3.799074e-05 	 2.246645e+07 	
1.23121111e+06 	 3.789613e-05 	 2.245841e+07 	
1.23131116e+06 	 3.780225e-05 	 2.245037e+07 	
1.23141121e+06 	 3.770907e-05 	 2.244234e+07 	
1.23151126e+06 	 3.761659e-05 	 2.243432e+07 	
1.23161131e+06 	 3.752479e-05 	 2.242630e+07 	
1.23171136e+06 	 3.743367e-05 	 2.241830e+07 	
1.23181141e+06 	 3.734321e-05 	 2.241030e+07 	
1.23191146e+06 	 3.725340e-05 	 2.240231e+07 	
1.23201151e+06 	 3.716423e-05 	 2.239433e+07 	
1.23211156e+06 	 3.707568e-05 	 2.238636e+07 	
1.23221161e+06 	 3.698775e-05 	 2.237839e+07 	
1.23231166e+06 	 3.690043e-05 	 2.237043e+07 	
1.23241171e+06 	 3.681370e-05 	 2.236249e+07 	
1.23251176e+06 	 3.672755e-05 	 2.235454e+07 	
1.23261181e+06 	 3.664198e-05 	 2.234661e+07 	
1.23271186e+06 	 3.655698e-05 	 2.233868e+07 	
1.23281191e+06 	 3.647253e-05 	 2.233076e+07 	
1.23291196e+06 	 3.638862e-05 	 2.232285e+07 	
1.23301201e+06 	 3.630343e-05 	 2.231497e+07 	
1.23311206e+06 	 3.622056e-05 	 2.230707e+07 	
1.23321211e+06 	 3.613821e-05 	 2.229918e+07 	
1.23331216e+06 	 3.605637e-05 	 2.229129e+07 	
1.23341221e+06 	 3.597503e-05 	 2.228341e+07 	
1.23351226e+06 	 3.589418e-05 	 2.227554e+07 	
1.23361231e+06 	 3.581382e-05 	 2.226768e+07 	
1.23371236e+06 	 3.573393e-05 	 2.225982e+07 	
1.23381241e+06 	 3.565451e-05 	 2.225197e+07 	
1.23391246e+06 	 3.557555e-05 	 2.224413e+07 	
1.23401251e+06 	 3.549704e-05 	 2.223629e+07 	
1.23411256e+06 	 3.541897e-05 	 2.222846e+07 	
1.23421261e+06 	 3.534135e-05 	 2.222063e+07 	
1.23431266e+06 	 3.526415e-05 	 2.221281e+07 	
1.23441271e+06 	 3.518738e-05 	 2.220500e+07 	
1.23451276e+06 	 3.511103e-05 	 2.219719e+07 	
1.23461281e+06 	 3.503508e-05 	 2.218939e+07 	
1.23471286e+06 	 3.495954e-05 	 2.218159e+07 	
1.23481291e+06 	 3.488439e-05 	 2.217380e+07 	
1.23491296e+06 	 3.480964e-05 	 2.216602e+07 	
1.23501301e+06 	 3.473526e-05 	 2.215824e+07 	
1.23511306e+06 	 3.466127e-05 	 2.215047e+07 	
1.23521311e+06 	 3.458764e-05 	 2.214270e+07 	
1.23531316e+06 	 3.451438e-05 	 2.213494e+07 	
1.23541321e+06 	 3.444148e-05 	 2.212718e+07 	
1.23551326e+06 	 3.436893e-05 	 2.211943e+07 	
1.23561331e+06 	 3.429673e-05 	 2.211169e+07 	
1.23571336e+06 	 3.422487e-05 	 2.210395e+07 	
1.23581341e+06 	 3.415335e-05 	 2.209621e+07 	
1.23591346e+06 	 3.408216e-05 	 2.208849e+07 	
1.23601351e+06 	 3.401130e-05 	 2.208076e+07 	
1.23611356e+06 	 3.394076e-05 	 2.207304e+07 	
1.23621361e+06 	 3.387053e-05 	 2.206533e+07 	
1.23631366e+06 	 3.380061e-05 	 2.205762e+07 	
1.23641371e+06 	 3.373100e-05 	 2.204992e+07 	
1.23651376e+06 	 3.366169e-05 	 2.204222e+07 	
1.23661381e+06 	 3.359268e-05 	 2.203453e+07 	
1.23671386e+06 	 3.352396e-05 	 2.202684e+07 	
1.23681391e+06 	 3.345553e-05 	 2.201915e+07 	
1.23691396e+06 	 3.338569e-05 	 2.201150e+07 	
1.23701401e+06 	 3.331779e-05 	 2.200383e+07 	
1.23711406e+06 	 3.325017e-05 	 2.199616e+07 	
1.23721411e+06 	 3.318281e-05 	 2.198849e+07 	
1.23731416e+06 	 3.311572e-05 	 2.198083e+07 	
1.23741421e+06 	 3.304889e-05 	 2.197318e+07 	
1.23751426e+06 	 3.298232e-05 	 2.196553e+07 	
1.23761431e+06 	 3.291600e-05 	 2.195788e+07 	
1.23771436e+06 	 3.284993e-05 	 2.195024e+07 	
1.23781441e+06 	 3.278410e-05 	 2.194261e+07 	
1.23791446e+06 	 3.271852e-05 	 2.193497e+07 	
1.23801451e+06 	 3.265318e-05 	 2.192734e+07 	
1.23811456e+06 	 3.258807e-05 	 2.191972e+07 	
1.23821461e+06 	 3.252319e-05 	 2.191210e+07 	
1.23831466e+06 	 3.245853e-05 	 2.190449e+07 	
1.23841471e+06 	 3.239411e-05 	 2.189688e+07 	
1.23851476e+06 	 3.232990e-05 	 2.188927e+07 	
1.23861481e+06 	 3.226591e-05 	 2.188167e+07 	
1.23871486e+06 	 3.220213e-05 	 2.187407e+07 	
1.23881491e+06 	 3.213857e-05 	 2.186648e+07 	
1.23891496e+06 	 3.207521e-05 	 2.185889e+07 	
1.23901501e+06 	 3.201206e-05 	 2.185130e+07 	
1.23911506e+06 	 3.194910e-05 	 2.184372e+07 	
1.23921511e+06 	 3.188635e-05 	 2.183614e+07 	
1.23931516e+06 	 3.182379e-05 	 2.182857e+07 	
1.23941521e+06 	 3.176143e-05 	 2.182100e+07 	
1.23951526e+06 	 3.169926e-05 	 2.181343e+07 	
1.23961531e+06 	 3.163727e-05 	 2.180587e+07 	
1.23971536e+06 	 3.157547e-05 	 2.179831e+07 	
1.23981541e+06 	 3.151384e-05 	 2.179076e+07 	
1.23991546e+06 	 3.145240e-05 	 2.178321e+07 	
1.24001551e+06 	 3.139114e-05 	 2.177566e+07 	
1.24011556e+06 	 3.133005e-05 	 2.176812e+07 	
1.24021561e+06 	 3.126913e-05 	 2.176058e+07 	
1.24031566e+06 	 3.120837e-05 	 2.175304e+07 	
1.24041571e+06 	 3.114779e-05 	 2.174551e+07 	
1.24051576e+06 	 3.108737e-05 	 2.173798e+07 	
1.24061581e+06 	 3.102711e-05 	 2.173046e+07 	
1.24071586e+06 	 3.096701e-05 	 2.172294e+07 	
1.24081591e+06 	 3.090707e-05 	 2.171542e+07 	
1.24091596e+06 	 3.084885e-05 	 2.170789e+07 	
1.24101601e+06 	 3.078924e-05 	 2.170038e+07 	
1.24111606e+06 	 3.072978e-05 	 2.169287e+07 	
1.24121611e+06 	 3.067047e-05 	 2.168537e+07 	
1.24131616e+06 	 3.061131e-05 	 2.167787e+07 	
1.24141621e+06 	 3.055229e-05 	 2.167037e+07 	
1.24151626e+06 	 3.049342e-05 	 2.166288e+07 	
1.24161631e+06 	 3.043469e-05 	 2.165539e+07 	
1.24171636e+06 	 3.037609e-05 	 2.164790e+07 	
1.24181641e+06 	 3.031763e-05 	 2.164042e+07 	
1.24191646e+06 	 3.025931e-05 	 2.163294e+07 	
1.24201651e+06 	 3.020112e-05 	 2.162547e+07 	
1.24211656e+06 	 3.014306e-05 	 2.161799e+07 	
1.24221661e+06 	 3.008513e-05 	 2.161052e+07 	
1.24231666e+06 	 3.002733e-05 	 2.160306e+07 	
1.24241671e+06 	 2.996966e-05 	 2.159560e+07 	
1.24251676e+06 	 2.991211e-05 	 2.158814e+07 	
1.24261681e+06 	 2.985468e-05 	 2.158068e+07 	
1.24271686e+06 	 2.979738e-05 	 2.157323e+07 	
1.24281691e+06 	 2.974019e-05 	 2.156578e+07 	
1.24291696e+06 	 2.968312e-05 	 2.155833e+07 	
1.24301701e+06 	 2.962617e-05 	 2.155089e+07 	
1.24311706e+06 	 2.956934e-05 	 2.154345e+07 	
1.24321711e+06 	 2.951261e-05 	 2.153601e+07 	
1.24331716e+06 	 2.945600e-05 	 2.152858e+07 	
1.24341721e+06 	 2.939950e-05 	 2.152115e+07 	
1.24351726e+06 	 2.934311e-05 	 2.151372e+07 	
1.24361731e+06 	 2.928682e-05 	 2.150630e+07 	
1.24371736e+06 	 2.923065e-05 	 2.149888e+07 	
1.24381741e+06 	 2.917457e-05 	 2.149146e+07 	
1.24391746e+06 	 2.911860e-05 	 2.148405e+07 	
1.24401751e+06 	 2.906274e-05 	 2.147663e+07 	
1.24411756e+06 	 2.900697e-05 	 2.146923e+07 	
1.24421761e+06 	 2.895130e-05 	 2.146182e+07 	
1.24431766e+06 	 2.889573e-05 	 2.145442e+07 	
1.24441771e+06 	 2.884026e-05 	 2.144702e+07 	
1.24451776e+06 	 2.878489e-05 	 2.143962e+07 	
1.24461781e+06 	 2.872960e-05 	 2.143223e+07 	
1.24471786e+06 	 2.867442e-05 	 2.142484e+07 	
1.24481791e+06 	 2.861932e-05 	 2.141745e+07 	
1.24491796e+06 	 2.856287e-05 	 2.141009e+07 	
1.24501801e+06 	 2.850793e-05 	 2.140271e+07 	
1.24511806e+06 	 2.845308e-05 	 2.139533e+07 	
1.24521811e+06 	 2.839832e-05 	 2.138795e+07 	
1.24531816e+06 	 2.834365e-05 	 2.138058e+07 	
1.24541821e+06 	 2.828906e-05 	 2.137321e+07 	
1.24551826e+06 	 2.823455e-05 	 2.136584e+07 	
1.24561831e+06 	 2.818013e-05 	 2.135848e+07 	
1.24571836e+06 	 2.812579e-05 	 2.135112e+07 	
1.24581841e+06 	 2.807154e-05 	 2.134376e+07 	
1.24591846e+06 	 2.801736e-05 	 2.133641e+07 	
1.24601851e+06 	 2.796326e-05 	 2.132905e+07 	
1.24611856e+06 	 2.790924e-05 	 2.132170e+07 	
1.24621861e+06 	 2.785529e-05 	 2.131436e+07 	
1.24631866e+06 	 2.780143e-05 	 2.130701e+07 	
1.24641871e+06 	 2.774764e-05 	 2.129967e+07 	
1.24651876e+06 	 2.769392e-05 	 2.129233e+07 	
1.24661881e+06 	 2.764028e-05 	 2.128500e+07 	
1.24671886e+06 	 2.758671e-05 	 2.127766e+07 	
1.24681891e+06 	 2.753321e-05 	 2.127033e+07 	
1.24691896e+06 	 2.747978e-05 	 2.126301e+07 	
1.24701901e+06 	 2.742643e-05 	 2.125568e+07 	
1.24711906e+06 	 2.737314e-05 	 2.124836e+07 	
1.24721911e+06 	 2.731992e-05 	 2.124104e+07 	
1.24731916e+06 	 2.726677e-05 	 2.123373e+07 	
1.24741921e+06 	 2.721369e-05 	 2.122641e+07 	
1.24751926e+06 	 2.716067e-05 	 2.121910e+07 	
1.24761931e+06 	 2.710772e-05 	 2.121179e+07 	
1.24771936e+06 	 2.705483e-05 	 2.120449e+07 	
1.24781941e+06 	 2.700201e-05 	 2.119719e+07 	
1.24791946e+06 	 2.694925e-05 	 2.118989e+07 	
1.24801951e+06 	 2.689656e-05 	 2.118259e+07 	
1.24811956e+06 	 2.684392e-05 	 2.117530e+07 	
1.24821961e+06 	 2.679135e-05 	 2.116800e+07 	
1.24831966e+06 	 2.673884e-05 	 2.116071e+07 	
1.24841971e+06 	 2.668638e-05 	 2.115343e+07 	
1.24851976e+06 	 2.663399e-05 	 2.114614e+07 	
1.24861981e+06 	 2.658165e-05 	 2.113886e+07 	
1.24871986e+06 	 2.652938e-05 	 2.113158e+07 	
1.24881991e+06 	 2.647716e-05 	 2.112431e+07 	
1.24891996e+06 	 2.642633e-05 	 2.111701e+07 	
1.24902001e+06 	 2.637424e-05 	 2.110974e+07 	
1.24912006e+06 	 2.632221e-05 	 2.110247e+07 	
1.24922011e+06 	 2.627024e-05 	 2.109521e+07 	
1.24932016e+06 	 2.621831e-05 	 2.108795e+07 	
1.24942021e+06 	 2.616645e-05 	 2.108068e+07 	
1.24952026e+06 	 2.611463e-05 	 2.107343e+07 	
1.24962031e+06 	 2.606287e-05 	 2.106617e+07 	
1.24972036e+06 	 2.601117e-05 	 2.105892e+07 	
1.24982041e+06 	 2.595951e-05 	 2.105167e+07 	
1.24992046e+06 	 2.590790e-05 	 2.104442e+07 	
1.25002051e+06 	 2.585635e-05 	 2.103718e+07 	
1.25012056e+06 	 2.580484e-05 	 2.102993e+07 	
1.25022061e+06 	 2.575339e-05 	 2.102270e+07 	
1.25032066e+06 	 2.570198e-05 	 2.101546e+07 	
1.25042071e+06 	 2.565062e-05 	 2.100822e+07 	
1.25052076e+06 	 2.559932e-05 	 2.100099e+07 	
1.25062081e+06 	 2.554805e-05 	 2.099376e+07 	
1.25072086e+06 	 2.549684e-05 	 2.098654e+07 	
1.25082091e+06 	 2.544567e-05 	 2.097931e+07 	
1.25092096e+06 	 2.539455e-05 	 2.097209e+07 	
1.25102101e+06 	 2.534347e-05 	 2.096487e+07 	
1.25112106e+06 	 2.529244e-05 	 2.095765e+07 	
1.25122111e+06 	 2.524146e-05 	 2.095044e+07 	
1.25132116e+06 	 2.519051e-05 	 2.094323e+07 	
1.25142121e+06 	 2.513962e-05 	 2.093602e+07 	
1.25152126e+06 	 2.508876e-05 	 2.092881e+07 	
1.25162131e+06 	 2.503795e-05 	 2.092161e+07 	
1.25172136e+06 	 2.498718e-05 	 2.091441e+07 	
1.25182141e+06 	 2.493645e-05 	 2.090721e+07 	
1.25192146e+06 	 2.488577e-05 	 2.090001e+07 	
1.25202151e+06 	 2.483513e-05 	 2.089282e+07 	
1.25212156e+06 	 2.478452e-05 	 2.088563e+07 	
1.25222161e+06 	 2.473396e-05 	 2.087844e+07 	
1.25232166e+06 	 2.468344e-05 	 2.087125e+07 	
1.25242171e+06 	 2.463296e-05 	 2.086407e+07 	
1.25252176e+06 	 2.458252e-05 	 2.085689e+07 	
1.25262181e+06 	 2.453211e-05 	 2.084971e+07 	
1.25272186e+06 	 2.448175e-05 	 2.084253e+07 	
1.25282191e+06 	 2.443142e-05 	 2.083536e+07 	
1.25292196e+06 	 2.438235e-05 	 2.082817e+07 	
1.25302201e+06 	 2.433212e-05 	 2.082100e+07 	
1.25312206e+06 	 2.428193e-05 	 2.081383e+07 	
1.25322211e+06 	 2.423177e-05 	 2.080667e+07 	
1.25332216e+06 	 2.418165e-05 	 2.079951e+07 	
1.25342221e+06 	 2.413156e-05 	 2.079235e+07 	
1.25352226e+06 	 2.408151e-05 	 2.078519e+07 	
1.25362231e+06 	 2.403150e-05 	 2.077804e+07 	
1.25372236e+06 	 2.398152e-05 	 2.077088e+07 	
1.25382241e+06 	 2.393158e-05 	 2.076374e+07 	
1.25392246e+06 	 2.388167e-05 	 2.075659e+07 	
1.25402251e+06 	 2.383180e-05 	 2.074944e+07 	
1.25412256e+06 	 2.378196e-05 	 2.074230e+07 	
1.25422261e+06 	 2.373216e-05 	 2.073516e+07 	
1.25432266e+06 	 2.368238e-05 	 2.072803e+07 	
1.25442271e+06 	 2.363265e-05 	 2.072089e+07 	
1.25452276e+06 	 2.358294e-05 	 2.071376e+07 	
1.25462281e+06 	 2.353327e-05 	 2.070663e+07 	
1.25472286e+06 	 2.348363e-05 	 2.069951e+07 	
1.25482291e+06 	 2.343402e-05 	 2.069238e+07 	
1.25492296e+06 	 2.338444e-05 	 2.068526e+07 	
1.25502301e+06 	 2.333490e-05 	 2.067814e+07 	
1.25512306e+06 	 2.328538e-05 	 2.067102e+07 	
1.25522311e+06 	 2.323590e-05 	 2.066391e+07 	
1.25532316e+06 	 2.318645e-05 	 2.065680e+07 	
1.25542321e+06 	 2.313703e-05 	 2.064969e+07 	
1.25552326e+06 	 2.308764e-05 	 2.064258e+07 	
1.25562331e+06 	 2.303827e-05 	 2.063548e+07 	
1.25572336e+06 	 2.298894e-05 	 2.062838e+07 	
1.25582341e+06 	 2.293964e-05 	 2.062128e+07 	
1.25592346e+06 	 2.289037e-05 	 2.061418e+07 	
1.25602351e+06 	 2.284112e-05 	 2.060708e+07 	
1.25612356e+06 	 2.279190e-05 	 2.059999e+07 	
1.25622361e+06 	 2.274272e-05 	 2.059290e+07 	
1.25632366e+06 	 2.269356e-05 	 2.058582e+07 	
1.25642371e+06 	 2.264442e-05 	 2.057873e+07 	
1.25652376e+06 	 2.259532e-05 	 2.057165e+07 	
1.25662381e+06 	 2.254624e-05 	 2.056457e+07 	
1.25672386e+06 	 2.249719e-05 	 2.055749e+07 	
1.25682391e+06 	 2.244817e-05 	 2.055042e+07 	
1.25692396e+06 	 2.239917e-05 	 2.054335e+07 	
1.25702401e+06 	 2.234907e-05 	 2.053630e+07 	
1.25712406e+06 	 2.230011e-05 	 2.052923e+07 	
1.25722411e+06 	 2.225118e-05 	 2.052217e+07 	
1.25732416e+06 	 2.220227e-05 	 2.051511e+07 	
1.25742421e+06 	 2.215338e-05 	 2.050805e+07 	
1.25752426e+06 	 2.210452e-05 	 2.050099e+07 	
1.25762431e+06 	 2.205569e-05 	 2.049394e+07 	
1.25772436e+06 	 2.200688e-05 	 2.048688e+07 	
1.25782441e+06 	 2.195809e-05 	 2.047983e+07 	
1.25792446e+06 	 2.190933e-05 	 2.047279e+07 	
1.25802451e+06 	 2.186059e-05 	 2.046574e+07 	
1.25812456e+06 	 2.181188e-05 	 2.045870e+07 	
1.25822461e+06 	 2.176319e-05 	 2.045166e+07 	
1.25832466e+06 	 2.171452e-05 	 2.044463e+07 	
1.25842471e+06 	 2.166588e-05 	 2.043759e+07 	
1.25852476e+06 	 2.161726e-05 	 2.043056e+07 	
1.25862481e+06 	 2.156866e-05 	 2.042353e+07 	
1.25872486e+06 	 2.152008e-05 	 2.041650e+07 	
1.25882491e+06 	 2.147153e-05 	 2.040948e+07 	
1.25892496e+06 	 2.142300e-05 	 2.040246e+07 	
1.25902501e+06 	 2.137449e-05 	 2.039544e+07 	
1.25912506e+06 	 2.132600e-05 	 2.038842e+07 	
1.25922511e+06 	 2.127754e-05 	 2.038141e+07 	
1.25932516e+06 	 2.122909e-05 	 2.037440e+07 	
1.25942521e+06 	 2.118067e-05 	 2.036739e+07 	
1.25952526e+06 	 2.113226e-05 	 2.036038e+07 	
1.25962531e+06 	 2.108388e-05 	 2.035338e+07 	
1.25972536e+06 	 2.103552e-05 	 2.034637e+07 	
1.25982541e+06 	 2.098718e-05 	 2.033938e+07 	
1.25992546e+06 	 2.093886e-05 	 2.033238e+07 	
1.26002551e+06 	 2.089056e-05 	 2.032538e+07 	
1.26012556e+06 	 2.084227e-05 	 2.031839e+07 	
1.26022561e+06 	 2.079401e-05 	 2.031140e+07 	
1.26032566e+06 	 2.074577e-05 	 2.030442e+07 	
1.26042571e+06 	 2.069755e-05 	 2.029743e+07 	
1.26052576e+06 	 2.064934e-05 	 2.029045e+07 	
1.26062581e+06 	 2.060116e-05 	 2.028347e+07 	
1.26072586e+06 	 2.055299e-05 	 2.027650e+07 	
1.26082591e+06 	 2.050484e-05 	 2.026953e+07 	
1.26092596e+06 	 2.045671e-05 	 2.026255e+07 	
1.26102601e+06 	 2.040963e-05 	 2.025556e+07 	
1.26112606e+06 	 2.036155e-05 	 2.024860e+07 	
1.26122611e+06 	 2.031349e-05 	 2.024163e+07 	
1.26132616e+06 	 2.026545e-05 	 2.023467e+07 	
1.26142621e+06 	 2.021742e-05 	 2.022771e+07 	
1.26152626e+06 	 2.016942e-05 	 2.022076e+07 	
1.26162631e+06 	 2.012143e-05 	 2.021380e+07 	
1.26172636e+06 	 2.007345e-05 	 2.020685e+07 	
1.26182641e+06 	 2.002550e-05 	 2.019991e+07 	
1.26192646e+06 	 1.997756e-05 	 2.019296e+07 	
1.26202651e+06 	 1.992964e-05 	 2.018602e+07 	
1.26212656e+06 	 1.988173e-05 	 2.017908e+07 	
1.26222661e+06 	 1.983384e-05 	 2.017214e+07 	
1.26232666e+06 	 1.978597e-05 	 2.016520e+07 	
1.26242671e+06 	 1.973811e-05 	 2.015827e+07 	
1.26252676e+06 	 1.969027e-05 	 2.015134e+07 	
1.26262681e+06 	 1.964244e-05 	 2.014441e+07 	
1.26272686e+06 	 1.959463e-05 	 2.013749e+07 	
1.26282691e+06 	 1.954684e-05 	 2.013057e+07 	
1.26292696e+06 	 1.949906e-05 	 2.012365e+07 	
1.26302701e+06 	 1.945129e-05 	 2.011673e+07 	
1.26312706e+06 	 1.940354e-05 	 2.010982e+07 	
1.26322711e+06 	 1.935581e-05 	 2.010291e+07 	
1.26332716e+06 	 1.930809e-05 	 2.009600e+07 	
1.26342721e+06 	 1.926038e-05 	 2.008909e+07 	
1.26352726e+06 	 1.921269e-05 	 2.008219e+07 	
1.26362731e+06 	 1.916502e-05 	 2.007529e+07 	
1.26372736e+06 	 1.911735e-05 	 2.006839e+07 	
1.26382741e+06 	 1.906970e-05 	 2.006149e+07 	
1.26392746e+06 	 1.902207e-05 	 2.005460e+07 	
1.26402751e+06 	 1.897445e-05 	 2.004771e+07 	
1.26412756e+06 	 1.892684e-05 	 2.004082e+07 	
1.26422761e+06 	 1.887924e-05 	 2.003394e+07 	
1.26432766e+06 	 1.883166e-05 	 2.002705e+07 	
1.26442771e+06 	 1.878409e-05 	 2.002017e+07 	
1.26452776e+06 	 1.873653e-05 	 2.001330e+07 	
1.26462781e+06 	 1.868899e-05 	 2.000642e+07 	
1.26472786e+06 	 1.864146e-05 	 1.999955e+07 	
1.26482791e+06 	 1.859394e-05 	 1.999268e+07 	
1.26492796e+06 	 1.854643e-05 	 1.998582e+07 	
1.26502801e+06 	 1.849987e-05 	 1.997893e+07 	
1.26512806e+06 	 1.845240e-05 	 1.997207e+07 	
1.26522811e+06 	 1.840494e-05 	 1.996521e+07 	
1.26532816e+06 	 1.835750e-05 	 1.995836e+07 	
1.26542821e+06 	 1.831007e-05 	 1.995151e+07 	
1.26552826e+06 	 1.826264e-05 	 1.994466e+07 	
1.26562831e+06 	 1.821523e-05 	 1.993781e+07 	
1.26572836e+06 	 1.816783e-05 	 1.993096e+07 	
1.26582841e+06 	 1.812045e-05 	 1.992412e+07 	
1.26592846e+06 	 1.807307e-05 	 1.991728e+07 	
1.26602851e+06 	 1.802570e-05 	 1.991045e+07 	
1.26612856e+06 	 1.797835e-05 	 1.990361e+07 	
1.26622861e+06 	 1.793100e-05 	 1.989678e+07 	
1.26632866e+06 	 1.788367e-05 	 1.988996e+07 	
1.26642871e+06 	 1.783634e-05 	 1.988313e+07 	
1.26652876e+06 	 1.778903e-05 	 1.987631e+07 	
1.26662881e+06 	 1.774173e-05 	 1.986949e+07 	
1.26672886e+06 	 1.769443e-05 	 1.986267e+07 	
1.26682891e+06 	 1.764715e-05 	 1.985586e+07 	
1.26692896e+06 	 1.759987e-05 	 1.984905e+07 	
1.26702901e+06 	 1.755261e-05 	 1.984224e+07 	
1.26712906e+06 	 1.750535e-05 	 1.983544e+07 	
1.26722911e+06 	 1.745811e-05 	 1.982864e+07 	
1.26732916e+06 	 1.741087e-05 	 1.982184e+07 	
1.26742921e+06 	 1.736364e-05 	 1.981504e+07 	
1.26752926e+06 	 1.731642e-05 	 1.980825e+07 	
1.26762931e+06 	 1.726921e-05 	 1.980146e+07 	
1.26772936e+06 	 1.722201e-05 	 1.979467e+07 	
1.26782941e+06 	 1.717482e-05 	 1.978788e+07 	
1.26792946e+06 	 1.712763e-05 	 1.978110e+07 	
1.26802951e+06 	 1.708045e-05 	 1.977432e+07 	
1.26812956e+06 	 1.703329e-05 	 1.976755e+07 	
1.26822961e+06 	 1.698613e-05 	 1.976077e+07 	
1.26832966e+06 	 1.693897e-05 	 1.975400e+07 	
1.26842971e+06 	 1.689183e-05 	 1.974724e+07 	
1.26852976e+06 	 1.684469e-05 	 1.974047e+07 	
1.26862981e+06 	 1.679756e-05 	 1.973371e+07 	
1.26872986e+06 	 1.675044e-05 	 1.972695e+07 	
1.26882991e+06 	 1.670332e-05 	 1.972020e+07 	
1.26892996e+06 	 1.665621e-05 	 1.971344e+07 	
1.26903002e+06 	 1.660994e-05 	 1.970667e+07 	
1.26913007e+06 	 1.656286e-05 	 1.969993e+07 	
1.26923012e+06 	 1.651578e-05 	 1.969318e+07 	
1.26933017e+06 	 1.646872e-05 	 1.968644e+07 	
1.26943022e+06 	 1.642165e-05 	 1.967970e+07 	
1.26953027e+06 	 1.637460e-05 	 1.967297e+07 	
1.26963032e+06 	 1.632755e-05 	 1.966624e+07 	
1.26973037e+06 	 1.628050e-05 	 1.965951e+07 	
1.26983042e+06 	 1.623347e-05 	 1.965278e+07 	
1.26993047e+06 	 1.618644e-05 	 1.964606e+07 	
1.27003052e+06 	 1.613941e-05 	 1.963934e+07 	
1.27013057e+06 	 1.609239e-05 	 1.963263e+07 	
1.27023062e+06 	 1.604538e-05 	 1.962591e+07 	
1.27033067e+06 	 1.599837e-05 	 1.961920e+07 	
1.27043072e+06 	 1.595137e-05 	 1.961250e+07 	
1.27053077e+06 	 1.590437e-05 	 1.960579e+07 	
1.27063082e+06 	 1.585738e-05 	 1.959909e+07 	
1.27073087e+06 	 1.581039e-05 	 1.959240e+07 	
1.27083092e+06 	 1.576341e-05 	 1.958570e+07 	
1.27093097e+06 	 1.571643e-05 	 1.957901e+07 	
1.27103102e+06 	 1.566946e-05 	 1.957232e+07 	
1.27113107e+06 	 1.562249e-05 	 1.956564e+07 	
1.27123112e+06 	 1.557553e-05 	 1.955896e+07 	
1.27133117e+06 	 1.552857e-05 	 1.955228e+07 	
1.27143122e+06 	 1.548162e-05 	 1.954560e+07 	
1.27153127e+06 	 1.543467e-05 	 1.953893e+07 	
1.27163132e+06 	 1.538772e-05 	 1.953226e+07 	
1.27173137e+06 	 1.534078e-05 	 1.952560e+07 	
1.27183142e+06 	 1.529385e-05 	 1.951894e+07 	
1.27193147e+06 	 1.524691e-05 	 1.951228e+07 	
1.27203152e+06 	 1.519998e-05 	 1.950562e+07 	
1.27213157e+06 	 1.515306e-05 	 1.949897e+07 	
1.27223162e+06 	 1.510613e-05 	 1.949232e+07 	
1.27233167e+06 	 1.505921e-05 	 1.948568e+07 	
1.27243172e+06 	 1.501230e-05 	 1.947904e+07 	
1.27253177e+06 	 1.496539e-05 	 1.947240e+07 	
1.27263182e+06 	 1.491848e-05 	 1.946576e+07 	
1.27273187e+06 	 1.487157e-05 	 1.945913e+07 	
1.27283192e+06 	 1.482467e-05 	 1.945250e+07 	
1.27293197e+06 	 1.477777e-05 	 1.944588e+07 	
1.27303202e+06 	 1.473161e-05 	 1.943923e+07 	
1.27313207e+06 	 1.468473e-05 	 1.943262e+07 	
1.27323212e+06 	 1.463785e-05 	 1.942600e+07 	
1.27333217e+06 	 1.459097e-05 	 1.941939e+07 	
1.27343222e+06 	 1.454409e-05 	 1.941278e+07 	
1.27353227e+06 	 1.449722e-05 	 1.940618e+07 	
1.27363232e+06 	 1.445035e-05 	 1.939958e+07 	
1.27373237e+06 	 1.440348e-05 	 1.939298e+07 	
1.27383242e+06 	 1.435661e-05 	 1.938638e+07 	
1.27393247e+06 	 1.430975e-05 	 1.937979e+07 	
1.27403252e+06 	 1.426289e-05 	 1.937321e+07 	
1.27413257e+06 	 1.421603e-05 	 1.936662e+07 	
1.27423262e+06 	 1.416917e-05 	 1.936004e+07 	
1.27433267e+06 	 1.412232e-05 	 1.935347e+07 	
1.27443272e+06 	 1.407546e-05 	 1.934690e+07 	
1.27453277e+06 	 1.402861e-05 	 1.934033e+07 	
1.27463282e+06 	 1.398176e-05 	 1.933376e+07 	
1.27473287e+06 	 1.393491e-05 	 1.932720e+07 	
1.27483292e+06 	 1.388806e-05 	 1.932064e+07 	
1.27493297e+06 	 1.384122e-05 	 1.931409e+07 	
1.27503302e+06 	 1.379437e-05 	 1.930754e+07 	
1.27513307e+06 	 1.374753e-05 	 1.930099e+07 	
1.27523312e+06 	 1.370069e-05 	 1.929445e+07 	
1.27533317e+06 	 1.365385e-05 	 1.928791e+07 	
1.27543322e+06 	 1.360701e-05 	 1.928137e+07 	
1.27553327e+06 	 1.356017e-05 	 1.927484e+07 	
1.27563332e+06 	 1.351333e-05 	 1.926832e+07 	
1.27573337e+06 	 1.346650e-05 	 1.926179e+07 	
1.27583342e+06 	 1.341966e-05 	 1.925527e+07 	
1.27593347e+06 	 1.337283e-05 	 1.924876e+07 	
1.27603352e+06 	 1.332599e-05 	 1.924224e+07 	
1.27613357e+06 	 1.327916e-05 	 1.923574e+07 	
1.27623362e+06 	 1.323233e-05 	 1.922923e+07 	
1.27633367e+06 	 1.318550e-05 	 1.922273e+07 	
1.27643372e+06 	 1.313867e-05 	 1.921623e+07 	
1.27653377e+06 	 1.309184e-05 	 1.920974e+07 	
1.27663382e+06 	 1.304501e-05 	 1.920325e+07 	
1.27673387e+06 	 1.299818e-05 	 1.919677e+07 	
1.27683392e+06 	 1.295136e-05 	 1.919029e+07 	
1.27693397e+06 	 1.290453e-05 	 1.918381e+07 	
1.27703402e+06 	 1.285835e-05 	 1.917732e+07 	
1.27713407e+06 	 1.281154e-05 	 1.917085e+07 	
1.27723412e+06 	 1.276472e-05 	 1.916438e+07 	
1.27733417e+06 	 1.271791e-05 	 1.915792e+07 	
1.27743422e+06 	 1.267109e-05 	 1.915147e+07 	
1.27753427e+06 	 1.262428e-05 	 1.914502e+07 	
1.27763432e+06 	 1.257746e-05 	 1.913857e+07 	
1.27773437e+06 	 1.253065e-05 	 1.913212e+07 	
1.27783442e+06 	 1.248384e-05 	 1.912568e+07 	
1.27793447e+06 	 1.243703e-05 	 1.911925e+07 	
1.27803452e+06 	 1.239022e-05 	 1.911282e+07 	
1.27813457e+06 	 1.234341e-05 	 1.910639e+07 	
1.27823462e+06 	 1.229660e-05 	 1.909997e+07 	
1.27833467e+06 	 1.224979e-05 	 1.909355e+07 	
1.27843472e+06 	 1.220298e-05 	 1.908714e+07 	
1.27853477e+06 	 1.215617e-05 	 1.908073e+07 	
1.27863482e+06 	 1.210937e-05 	 1.907433e+07 	
1.27873487e+06 	 1.206256e-05 	 1.906793e+07 	
1.27883492e+06 	 1.201576e-05 	 1.906153e+07 	
1.27893497e+06 	 1.196895e-05 	 1.905514e+07 	
1.27903502e+06 	 1.192215e-05 	 1.904875e+07 	
1.27913507e+06 	 1.187535e-05 	 1.904237e+07 	
1.27923512e+06 	 1.182854e-05 	 1.903599e+07 	
1.27933517e+06 	 1.178174e-05 	 1.902962e+07 	
1.27943522e+06 	 1.173494e-05 	 1.902325e+07 	
1.27953527e+06 	 1.168814e-05 	 1.901689e+07 	
1.27963532e+06 	 1.164135e-05 	 1.901053e+07 	
1.27973537e+06 	 1.159455e-05 	 1.900417e+07 	
1.27983542e+06 	 1.154776e-05 	 1.899782e+07 	
1.27993547e+06 	 1.150096e-05 	 1.899148e+07 	
1.28003552e+06 	 1.145417e-05 	 1.898514e+07 	
1.28013557e+06 	 1.140738e-05 	 1.897880e+07 	
1.28023562e+06 	 1.136059e-05 	 1.897247e+07 	
1.28033567e+06 	 1.131380e-05 	 1.896615e+07 	
1.28043572e+06 	 1.126702e-05 	 1.895982e+07 	
1.28053577e+06 	 1.122023e-05 	 1.895351e+07 	
1.28063582e+06 	 1.117345e-05 	 1.894720e+07 	
1.28073587e+06 	 1.112667e-05 	 1.894089e+07 	
1.28083592e+06 	 1.107989e-05 	 1.893459e+07 	
1.28093597e+06 	 1.103312e-05 	 1.892829e+07 	
1.28103602e+06 	 1.098578e-05 	 1.892203e+07 	
1.28113607e+06 	 1.093901e-05 	 1.891574e+07 	
1.28123612e+06 	 1.089223e-05 	 1.890946e+07 	
1.28133617e+06 	 1.084546e-05 	 1.890318e+07 	
1.28143622e+06 	 1.079869e-05 	 1.889691e+07 	
1.28153627e+06 	 1.075192e-05 	 1.889065e+07 	
1.28163632e+06 	 1.070516e-05 	 1.888439e+07 	
1.28173637e+06 	 1.065840e-05 	 1.887813e+07 	
1.28183642e+06 	 1.061164e-05 	 1.887188e+07 	
1.28193647e+06 	 1.056488e-05 	 1.886564e+07 	
1.28203652e+06 	 1.051813e-05 	 1.885940e+07 	
1.28213657e+06 	 1.047139e-05 	 1.885317e+07 	
1.28223662e+06 	 1.042465e-05 	 1.884694e+07 	
1.28233667e+06 	 1.037791e-05 	 1.884072e+07 	
1.28243672e+06 	 1.033117e-05 	 1.883450e+07 	
1.28253677e+06 	 1.028445e-05 	 1.882829e+07 	
1.28263682e+06 	 1.023772e-05 	 1.882209e+07 	
1.28273687e+06 	 1.019100e-05 	 1.881589e+07 	
1.28283692e+06 	 1.014429e-05 	 1.880969e+07 	
1.28293697e+06 	 1.009758e-05 	 1.880350e+07 	
1.28303702e+06 	 1.005088e-05 	 1.879732e+07 	
1.28313707e+06 	 1.000418e-05 	 1.879114e+07 	
1.28323712e+06 	 9.957494e-06 	 1.878497e+07 	
1.28333717e+06 	 9.910811e-06 	 1.877880e+07 	
1.28343722e+06 	 9.864134e-06 	 1.877264e+07 	
1.28353727e+06 	 9.817465e-06 	 1.876649e+07 	
1.28363732e+06 	 9.770802e-06 	 1.876034e+07 	
1.28373737e+06 	 9.724148e-06 	 1.875420e+07 	
1.28383742e+06 	 9.677501e-06 	 1.874806e+07 	
1.28393747e+06 	 9.630862e-06 	 1.874193e+07 	
1.28403752e+06 	 9.584232e-06 	 1.873581e+07 	
1.28413757e+06 	 9.537610e-06 	 1.872969e+07 	
1.28423762e+06 	 9.490998e-06 	 1.872358e+07 	
1.28433767e+06 	 9.444394e-06 	 1.871747e+07 	
1.28443772e+06 	 9.397801e-06 	 1.871137e+07 	
1.28453777e+06 	 9.351218e-06 	 1.870528e+07 	
1.28463782e+06 	 9.304645e-06 	 1.869919e+07 	
1.28473787e+06 	 9.258082e-06 	 1.869311e+07 	
1.28483792e+06 	 9.211531e-06 	 1.868704e+07 	
1.28493797e+06 	 9.164530e-06 	 1.868099e+07 	
1.28503802e+06 	 9.117996e-06 	 1.867493e+07 	
1.28513807e+06 	 9.071475e-06 	 1.866888e+07 	
1.28523812e+06 	 9.024966e-06 	 1.866283e+07 	
1.28533817e+06 	 8.978470e-06 	 1.865679e+07 	
1.28543822e+06 	 8.931987e-06 	 1.865075e+07 	
1.28553827e+06 	 8.885518e-06 	 1.864473e+07 	
1.28563832e+06 	 8.839064e-06 	 1.863871e+07 	
1.28573837e+06 	 8.792624e-06 	 1.863269e+07 	
1.28583842e+06 	 8.746199e-06 	 1.862668e+07 	
1.28593847e+06 	 8.699790e-06 	 1.862068e+07 	
1.28603852e+06 	 8.653396e-06 	 1.861469e+07 	
1.28613857e+06 	 8.607020e-06 	 1.860870e+07 	
1.28623862e+06 	 8.560660e-06 	 1.860272e+07 	
1.28633867e+06 	 8.514318e-06 	 1.859675e+07 	
1.28643872e+06 	 8.467994e-06 	 1.859079e+07 	
1.28653877e+06 	 8.421688e-06 	 1.858483e+07 	
1.28663882e+06 	 8.375402e-06 	 1.857888e+07 	
1.28673887e+06 	 8.329135e-06 	 1.857293e+07 	
1.28683892e+06 	 8.282888e-06 	 1.856699e+07 	
1.28693897e+06 	 8.236662e-06 	 1.856107e+07 	
1.28703902e+06 	 8.190457e-06 	 1.855514e+07 	
1.28713907e+06 	 8.144274e-06 	 1.854923e+07 	
1.28723912e+06 	 8.098113e-06 	 1.854332e+07 	
1.28733917e+06 	 8.051975e-06 	 1.853742e+07 	
1.28743922e+06 	 8.005861e-06 	 1.853153e+07 	
1.28753927e+06 	 7.959772e-06 	 1.852565e+07 	
1.28763932e+06 	 7.913707e-06 	 1.851977e+07 	
1.28773937e+06 	 7.867667e-06 	 1.851390e+07 	
1.28783942e+06 	 7.821654e-06 	 1.850804e+07 	
1.28793947e+06 	 7.775668e-06 	 1.850219e+07 	
1.28803952e+06 	 7.729709e-06 	 1.849634e+07 	
1.28813957e+06 	 7.683778e-06 	 1.849051e+07 	
1.28823962e+06 	 7.637877e-06 	 1.848468e+07 	
1.28833967e+06 	 7.592005e-06 	 1.847886e+07 	
1.28843972e+06 	 7.546163e-06 	 1.847304e+07 	
1.28853977e+06 	 7.500352e-06 	 1.846724e+07 	
1.28863982e+06 	 7.454573e-06 	 1.846144e+07 	
1.28873987e+06 	 7.408827e-06 	 1.845565e+07 	
1.28883992e+06 	 7.362745e-06 	 1.844990e+07 	
1.28893997e+06 	 7.317062e-06 	 1.844413e+07 	
1.28904002e+06 	 7.271414e-06 	 1.843836e+07 	
1.28914007e+06 	 7.225802e-06 	 1.843261e+07 	
1.28924012e+06 	 7.180226e-06 	 1.842686e+07 	
1.28934017e+06 	 7.134687e-06 	 1.842113e+07 	
1.28944022e+06 	 7.089187e-06 	 1.841540e+07 	
1.28954027e+06 	 7.043726e-06 	 1.840968e+07 	
1.28964032e+06 	 6.998305e-06 	 1.840397e+07 	
1.28974037e+06 	 6.952924e-06 	 1.839827e+07 	
1.28984042e+06 	 6.907586e-06 	 1.839258e+07 	
1.28994047e+06 	 6.862290e-06 	 1.838689e+07 	
1.29004052e+06 	 6.817037e-06 	 1.838122e+07 	
1.29014057e+06 	 6.771829e-06 	 1.837555e+07 	
1.29024062e+06 	 6.726667e-06 	 1.836990e+07 	
1.29034067e+06 	 6.681551e-06 	 1.836425e+07 	
1.29044072e+06 	 6.636482e-06 	 1.835862e+07 	
1.29054077e+06 	 6.591462e-06 	 1.835299e+07 	
1.29064082e+06 	 6.546491e-06 	 1.834737e+07 	
1.29074087e+06 	 6.501571e-06 	 1.834176e+07 	
1.29084092e+06 	 6.456702e-06 	 1.833616e+07 	
1.29094097e+06 	 6.411886e-06 	 1.833057e+07 	
1.29104102e+06 	 6.367123e-06 	 1.832499e+07 	
1.29114107e+06 	 6.322414e-06 	 1.831942e+07 	
1.29124112e+06 	 6.277762e-06 	 1.831386e+07 	
1.29134117e+06 	 6.233166e-06 	 1.830831e+07 	
1.29144122e+06 	 6.188628e-06 	 1.830277e+07 	
1.29154127e+06 	 6.144149e-06 	 1.829724e+07 	
1.29164132e+06 	 6.099731e-06 	 1.829172e+07 	
1.29174137e+06 	 6.055374e-06 	 1.828621e+07 	
1.29184142e+06 	 6.011079e-06 	 1.828071e+07 	
1.29194147e+06 	 5.966848e-06 	 1.827522e+07 	
1.29204152e+06 	 5.922682e-06 	 1.826975e+07 	
1.29214157e+06 	 5.878582e-06 	 1.826428e+07 	
1.29224162e+06 	 5.834549e-06 	 1.825882e+07 	
1.29234167e+06 	 5.790585e-06 	 1.825337e+07 	
1.29244172e+06 	 5.746690e-06 	 1.824794e+07 	
1.29254177e+06 	 5.702867e-06 	 1.824251e+07 	
1.29264182e+06 	 5.659116e-06 	 1.823710e+07 	
1.29274187e+06 	 5.615157e-06 	 1.823171e+07 	
1.29284192e+06 	 5.571552e-06 	 1.822632e+07 	
1.29294197e+06 	 5.528023e-06 	 1.822094e+07 	
1.29304202e+06 	 5.484572e-06 	 1.821557e+07 	
1.29314207e+06 	 5.441199e-06 	 1.821021e+07 	
1.29324212e+06 	 5.397907e-06 	 1.820487e+07 	
1.29334217e+06 	 5.354697e-06 	 1.819953e+07 	
1.29344222e+06 	 5.311569e-06 	 1.819420e+07 	
1.29354227e+06 	 5.268526e-06 	 1.818889e+07 	
1.29364232e+06 	 5.225569e-06 	 1.818359e+07 	
1.29374237e+06 	 5.182699e-06 	 1.817830e+07 	
1.29384242e+06 	 5.139918e-06 	 1.817302e+07 	
1.29394247e+06 	 5.097226e-06 	 1.816776e+07 	
1.29404252e+06 	 5.054627e-06 	 1.816250e+07 	
1.29414257e+06 	 5.012120e-06 	 1.815726e+07 	
1.29424262e+06 	 4.969708e-06 	 1.815203e+07 	
1.29434267e+06 	 4.927393e-06 	 1.814681e+07 	
1.29444272e+06 	 4.885174e-06 	 1.814160e+07 	
1.29454277e+06 	 4.843055e-06 	 1.813641e+07 	
1.29464282e+06 	 4.801036e-06 	 1.813123e+07 	
1.29474287e+06 	 4.759120e-06 	 1.812606e+07 	
1.29484292e+06 	 4.717307e-06 	 1.812090e+07 	
1.29494297e+06 	 4.675599e-06 	 1.811576e+07 	
1.29504302e+06 	 4.633999e-06 	 1.811063e+07 	
1.29514307e+06 	 4.592506e-06 	 1.810551e+07 	
1.29524312e+06 	 4.551124e-06 	 1.810041e+07 	
1.29534317e+06 	 4.509853e-06 	 1.809531e+07 	
1.29544322e+06 	 4.468696e-06 	 1.809023e+07 	
1.29554327e+06 	 4.427653e-06 	 1.808517e+07 	
1.29564332e+06 	 4.386727e-06 	 1.808012e+07 	
1.29574337e+06 	 4.345919e-06 	 1.807508e+07 	
1.29584342e+06 	 4.305230e-06 	 1.807005e+07 	
1.29594347e+06 	 4.264663e-06 	 1.806504e+07 	
1.29604352e+06 	 4.224220e-06 	 1.806004e+07 	
1.29614357e+06 	 4.183900e-06 	 1.805505e+07 	
1.29624362e+06 	 4.143708e-06 	 1.805008e+07 	
1.29634367e+06 	 4.103643e-06 	 1.804512e+07 	
1.29644372e+06 	 4.063709e-06 	 1.804018e+07 	
1.29654377e+06 	 4.023905e-06 	 1.803524e+07 	
1.29664382e+06 	 3.984437e-06 	 1.803031e+07 	
1.29674387e+06 	 3.944903e-06 	 1.802540e+07 	
1.29684392e+06 	 3.905507e-06 	 1.802051e+07 	
1.29694397e+06 	 3.866248e-06 	 1.801564e+07 	
1.29704402e+06 	 3.827130e-06 	 1.801078e+07 	
1.29714407e+06 	 3.788153e-06 	 1.800593e+07 	
1.29724412e+06 	 3.749321e-06 	 1.800110e+07 	
1.29734417e+06 	 3.710633e-06 	 1.799628e+07 	
1.29744422e+06 	 3.672092e-06 	 1.799148e+07 	
1.29754427e+06 	 3.633701e-06 	 1.798669e+07 	
1.29764432e+06 	 3.595460e-06 	 1.798192e+07 	
1.29774437e+06 	 3.557371e-06 	 1.797716e+07 	
1.29784442e+06 	 3.519436e-06 	 1.797242e+07 	
1.29794447e+06 	 3.481657e-06 	 1.796769e+07 	
1.29804452e+06 	 3.444035e-06 	 1.796298e+07 	
1.29814457e+06 	 3.406573e-06 	 1.795828e+07 	
1.29824462e+06 	 3.369271e-06 	 1.795360e+07 	
1.29834467e+06 	 3.332133e-06 	 1.794893e+07 	
1.29844472e+06 	 3.295158e-06 	 1.794428e+07 	
1.29854477e+06 	 3.258351e-06 	 1.793965e+07 	
1.29864482e+06 	 3.221711e-06 	 1.793503e+07 	
1.29874487e+06 	 3.185241e-06 	 1.793042e+07 	
1.29884492e+06 	 3.148942e-06 	 1.792583e+07 	
1.29894497e+06 	 3.112816e-06 	 1.792126e+07 	
1.29904502e+06 	 3.076866e-06 	 1.791670e+07 	
1.29914507e+06 	 3.041092e-06 	 1.791216e+07 	
1.29924512e+06 	 3.005496e-06 	 1.790764e+07 	
1.29934517e+06 	 2.970080e-06 	 1.790313e+07 	
1.29944522e+06 	 2.934846e-06 	 1.789864e+07 	
1.29954527e+06 	 2.899795e-06 	 1.789416e+07 	
1.29964532e+06 	 2.864930e-06 	 1.788970e+07 	
1.29974537e+06 	 2.830251e-06 	 1.788526e+07 	
1.29984542e+06 	 2.795760e-06 	 1.788083e+07 	
1.29994547e+06 	 2.761460e-06 	 1.787642e+07 	
1.30004552e+06 	 2.727351e-06 	 1.787203e+07 	
1.30014557e+06 	 2.693435e-06 	 1.786765e+07 	
1.30024562e+06 	 2.659715e-06 	 1.786329e+07 	
1.30034567e+06 	 2.626191e-06 	 1.785895e+07 	
1.30044572e+06 	 2.592734e-06 	 1.785464e+07 	
1.30054577e+06 	 2.559607e-06 	 1.785034e+07 	
1.30064582e+06 	 2.526681e-06 	 1.784605e+07 	
1.30074587e+06 	 2.493958e-06 	 1.784177e+07 	
1.30084592e+06 	 2.461439e-06 	 1.783751e+07 	
1.30094597e+06 	 2.429125e-06 	 1.783328e+07 	
1.30104602e+06 	 2.397019e-06 	 1.782905e+07 	
1.30114607e+06 	 2.365122e-06 	 1.782485e+07 	
1.30124612e+06 	 2.333435e-06 	 1.782066e+07 	
1.30134617e+06 	 2.301959e-06 	 1.781649e+07 	
1.30144622e+06 	 2.270697e-06 	 1.781234e+07 	
1.30154627e+06 	 2.239649e-06 	 1.780821e+07 	
1.30164632e+06 	 2.208816e-06 	 1.780409e+07 	
1.30174637e+06 	 2.178201e-06 	 1.780000e+07 	
1.30184642e+06 	 2.147804e-06 	 1.779592e+07 	
1.30194647e+06 	 2.117626e-06 	 1.779185e+07 	
1.30204652e+06 	 2.087670e-06 	 1.778781e+07 	
1.30214657e+06 	 2.057936e-06 	 1.778379e+07 	
1.30224662e+06 	 2.028425e-06 	 1.777978e+07 	
1.30234667e+06 	 1.999139e-06 	 1.777579e+07 	
1.30244672e+06 	 1.970078e-06 	 1.777182e+07 	
1.30254677e+06 	 1.941245e-06 	 1.776787e+07 	
1.30264682e+06 	 1.912639e-06 	 1.776393e+07 	
1.30274687e+06 	 1.884263e-06 	 1.776002e+07 	
1.30284692e+06 	 1.856116e-06 	 1.775612e+07 	
1.30294697e+06 	 1.828201e-06 	 1.775224e+07 	
1.30304702e+06 	 1.800518e-06 	 1.774838e+07 	
1.30314707e+06 	 1.773068e-06 	 1.774454e+07 	
1.30324712e+06 	 1.745852e-06 	 1.774072e+07 	
1.30334717e+06 	 1.718871e-06 	 1.773692e+07 	
1.30344722e+06 	 1.692125e-06 	 1.773314e+07 	
1.30354727e+06 	 1.665617e-06 	 1.772937e+07 	
1.30364732e+06 	 1.639345e-06 	 1.772562e+07 	
1.30374737e+06 	 1.613312e-06 	 1.772190e+07 	
1.30384742e+06 	 1.587517e-06 	 1.771819e+07 	
1.30394747e+06 	 1.561962e-06 	 1.771450e+07 	
1.30404752e+06 	 1.536647e-06 	 1.771083e+07 	
1.30414757e+06 	 1.511648e-06 	 1.770716e+07 	
1.30424762e+06 	 1.486816e-06 	 1.770352e+07 	
1.30434767e+06 	 1.462225e-06 	 1.769991e+07 	
1.30444772e+06 	 1.437876e-06 	 1.769632e+07 	
1.30454777e+06 	 1.413770e-06 	 1.769275e+07 	
1.30464782e+06 	 1.389908e-06 	 1.768919e+07 	
1.30474787e+06 	 1.366289e-06 	 1.768566e+07 	
1.30484792e+06 	 1.342913e-06 	 1.768214e+07 	
1.30494797e+06 	 1.319782e-06 	 1.767864e+07 	
1.30504802e+06 	 1.296896e-06 	 1.767517e+07 	
1.30514807e+06 	 1.274254e-06 	 1.767171e+07 	
1.30524812e+06 	 1.251857e-06 	 1.766827e+07 	
1.30534817e+06 	 1.229704e-06 	 1.766485e+07 	
1.30544822e+06 	 1.207797e-06 	 1.766146e+07 	
1.30554827e+06 	 1.186135e-06 	 1.765808e+07 	
1.30564832e+06 	 1.164718e-06 	 1.765472e+07 	
1.30574837e+06 	 1.143546e-06 	 1.765138e+07 	
1.30584842e+06 	 1.122618e-06 	 1.764806e+07 	
1.30594847e+06 	 1.101936e-06 	 1.764476e+07 	
1.30604852e+06 	 1.081498e-06 	 1.764148e+07 	
1.30614857e+06 	 1.061305e-06 	 1.763822e+07 	
1.30624862e+06 	 1.041355e-06 	 1.763497e+07 	
1.30634867e+06 	 1.021650e-06 	 1.763175e+07 	
1.30644872e+06 	 1.002188e-06 	 1.762855e+07 	
1.30654877e+06 	 9.829690e-07 	 1.762537e+07 	
1.30664882e+06 	 9.639927e-07 	 1.762221e+07 	
1.30674887e+06 	 9.452587e-07 	 1.761906e+07 	
1.30684892e+06 	 9.267663e-07 	 1.761594e+07 	
1.30694897e+06 	 9.085150e-07 	 1.761284e+07 	
1.30704902e+06 	 8.905042e-07 	 1.760975e+07 	
1.30714907e+06 	 8.727333e-07 	 1.760669e+07 	
1.30724912e+06 	 8.552015e-07 	 1.760365e+07 	
1.30734917e+06 	 8.379081e-07 	 1.760062e+07 	
1.30744922e+06 	 8.208523e-07 	 1.759762e+07 	
1.30754927e+06 	 8.040334e-07 	 1.759463e+07 	
1.30764932e+06 	 7.874504e-07 	 1.759167e+07 	
1.30774937e+06 	 7.711411e-07 	 1.758870e+07 	
1.30784942e+06 	 7.550273e-07 	 1.758577e+07 	
1.30794947e+06 	 7.391465e-07 	 1.758286e+07 	
1.30804952e+06 	 7.234978e-07 	 1.757998e+07 	
1.30814957e+06 	 7.080801e-07 	 1.757711e+07 	
1.30824962e+06 	 6.928924e-07 	 1.757426e+07 	
1.30834967e+06 	 6.779334e-07 	 1.757143e+07 	
1.30844972e+06 	 6.632019e-07 	 1.756862e+07 	
1.30854977e+06 	 6.486969e-07 	 1.756583e+07 	
1.30864982e+06 	 6.344169e-07 	 1.756306e+07 	
1.30874987e+06 	 6.203607e-07 	 1.756031e+07 	
1.30884992e+06 	 6.065270e-07 	 1.755758e+07 	
1.30894997e+06 	 5.929144e-07 	 1.755487e+07 	
1.30905003e+06 	 5.795214e-07 	 1.755218e+07 	
1.30915008e+06 	 5.663467e-07 	 1.754950e+07 	
1.30925013e+06 	 5.533887e-07 	 1.754685e+07 	
1.30935018e+06 	 5.406460e-07 	 1.754421e+07 	
1.30945023e+06 	 5.281169e-07 	 1.754160e+07 	
1.30955028e+06 	 5.158000e-07 	 1.753900e+07 	
1.30965033e+06 	 5.036936e-07 	 1.753642e+07 	
1.30975038e+06 	 4.917961e-07 	 1.753386e+07 	
1.30985043e+06 	 4.801058e-07 	 1.753132e+07 	
1.30995048e+06 	 4.686210e-07 	 1.752880e+07 	
1.31005053e+06 	 4.573400e-07 	 1.752630e+07 	
1.31015058e+06 	 4.462611e-07 	 1.752382e+07 	
1.31025063e+06 	 4.353823e-07 	 1.752135e+07 	
1.31035068e+06 	 4.247020e-07 	 1.751890e+07 	
1.31045073e+06 	 4.142183e-07 	 1.751648e+07 	
1.31055078e+06 	 4.039294e-07 	 1.751407e+07 	
1.31065083e+06 	 3.938333e-07 	 1.751168e+07 	
1.31075088e+06 	 3.839282e-07 	 1.750930e+07 	
1.31085093e+06 	 3.742122e-07 	 1.750695e+07 	
1.31095098e+06 	 3.646832e-07 	 1.750461e+07 	
1.31105103e+06 	 3.553216e-07 	 1.750232e+07 	
1.31115108e+06 	 3.461610e-07 	 1.750003e+07 	
1.31125113e+06 	 3.371815e-07 	 1.749774e+07 	
1.31135118e+06 	 3.283811e-07 	 1.749548e+07 	
1.31145123e+06 	 3.197579e-07 	 1.749324e+07 	
1.31155128e+06 	 3.113096e-07 	 1.749101e+07 	
1.31165133e+06 	 3.030344e-07 	 1.748880e+07 	
1.31175138e+06 	 2.949300e-07 	 1.748661e+07 	
1.31185143e+06 	 2.869945e-07 	 1.748443e+07 	
1.31195148e+06 	 2.792256e-07 	 1.748228e+07 	
1.31205153e+06 	 2.716214e-07 	 1.748014e+07 	
1.31215158e+06 	 2.641796e-07 	 1.747802e+07 	
1.31225163e+06 	 2.568981e-07 	 1.747591e+07 	
1.31235168e+06 	 2.497749e-07 	 1.747382e+07 	
1.31245173e+06 	 2.428077e-07 	 1.747175e+07 	
1.31255178e+06 	 2.359944e-07 	 1.746970e+07 	
1.31265183e+06 	 2.293329e-07 	 1.746766e+07 	
1.31275188e+06 	 2.228210e-07 	 1.746564e+07 	
1.31285193e+06 	 2.164565e-07 	 1.746364e+07 	
1.31295198e+06 	 2.102373e-07 	 1.746165e+07 	
1.31305203e+06 	 2.041612e-07 	 1.745968e+07 	
1.31315208e+06 	 1.982260e-07 	 1.745773e+07 	
1.31325213e+06 	 1.924297e-07 	 1.745579e+07 	
1.31335218e+06 	 1.867699e-07 	 1.745387e+07 	
1.31345223e+06 	 1.812447e-07 	 1.745196e+07 	
1.31355228e+06 	 1.758517e-07 	 1.745007e+07 	
1.31365233e+06 	 1.705889e-07 	 1.744820e+07 	
1.31375238e+06 	 1.654542e-07 	 1.744634e+07 	
1.31385243e+06 	 1.604453e-07 	 1.744450e+07 	
1.31395248e+06 	 1.555524e-07 	 1.744270e+07 	
1.31405253e+06 	 1.507889e-07 	 1.744089e+07 	
1.31415258e+06 	 1.461450e-07 	 1.743910e+07 	
1.31425263e+06 	 1.416184e-07 	 1.743732e+07 	
1.31435268e+06 	 1.372072e-07 	 1.743555e+07 	
1.31445273e+06 	 1.329092e-07 	 1.743380e+07 	
1.31455278e+06 	 1.287224e-07 	 1.743207e+07 	
1.31465283e+06 	 1.246446e-07 	 1.743035e+07 	
1.31475288e+06 	 1.206739e-07 	 1.742864e+07 	
1.31485293e+06 	 1.168082e-07 	 1.742695e+07 	
1.31495298e+06 	 1.130455e-07 	 1.742527e+07 	
1.31505303e+06 	 1.093838e-07 	 1.742361e+07 	
1.31515308e+06 	 1.058211e-07 	 1.742196e+07 	
1.31525313e+06 	 1.023554e-07 	 1.742033e+07 	
1.31535318e+06 	 9.898475e-08 	 1.741870e+07 	
1.31545323e+06 	 9.570725e-08 	 1.741710e+07 	
1.31555328e+06 	 9.252095e-08 	 1.741550e+07 	
1.31565333e+06 	 8.942394e-08 	 1.741393e+07 	
1.31575338e+06 	 8.641436e-08 	 1.741236e+07 	
1.31585343e+06 	 8.349033e-08 	 1.741081e+07 	
1.31595348e+06 	 8.065000e-08 	 1.740927e+07 	
1.31605353e+06 	 7.789154e-08 	 1.740774e+07 	
1.31615358e+06 	 7.521316e-08 	 1.740623e+07 	
1.31625363e+06 	 7.261308e-08 	 1.740472e+07 	
1.31635368e+06 	 7.008598e-08 	 1.740328e+07 	
1.31645373e+06 	 6.763720e-08 	 1.740180e+07 	
1.31655378e+06 	 6.526149e-08 	 1.740034e+07 	
1.31665383e+06 	 6.295714e-08 	 1.739889e+07 	
1.31675388e+06 	 6.072248e-08 	 1.739746e+07 	
1.31685393e+06 	 5.855585e-08 	 1.739603e+07 	
1.31695398e+06 	 5.645564e-08 	 1.739462e+07 	
1.31705403e+06 	 5.442023e-08 	 1.739322e+07 	
1.31715408e+06 	 5.244803e-08 	 1.739183e+07 	
1.31725413e+06 	 5.053750e-08 	 1.739045e+07 	
1.31735418e+06 	 4.868709e-08 	 1.738909e+07 	
1.31745423e+06 	 4.689529e-08 	 1.738774e+07 	
1.31755428e+06 	 4.516062e-08 	 1.738639e+07 	
1.31765433e+06 	 4.348160e-08 	 1.738506e+07 	
1.31775438e+06 	 4.185682e-08 	 1.738374e+07 	
1.31785443e+06 	 4.028484e-08 	 1.738243e+07 	
1.31795448e+06 	 3.876427e-08 	 1.738113e+07 	
1.31805453e+06 	 3.729375e-08 	 1.737985e+07 	
1.31815458e+06 	 3.587194e-08 	 1.737857e+07 	
1.31825463e+06 	 3.449931e-08 	 1.737725e+07 	
1.31835468e+06 	 3.317099e-08 	 1.737599e+07 	
1.31845473e+06 	 3.188750e-08 	 1.737474e+07 	
1.31855478e+06 	 3.064760e-08 	 1.737350e+07 	
1.31865483e+06 	 2.945006e-08 	 1.737228e+07 	
1.31875488e+06 	 2.829368e-08 	 1.737106e+07 	
1.31885493e+06 	 2.717729e-08 	 1.736985e+07 	
1.31895498e+06 	 2.609974e-08 	 1.736865e+07 	
1.31905503e+06 	 2.505991e-08 	 1.736746e+07 	
1.31915508e+06 	 2.405670e-08 	 1.736628e+07 	
1.31925513e+06 	 2.308901e-08 	 1.736511e+07 	
1.31935518e+06 	 2.215581e-08 	 1.736395e+07 	
1.31945523e+06 	 2.125606e-08 	 1.736280e+07 	
1.31955528e+06 	 2.038874e-08 	 1.736166e+07 	
1.31965533e+06 	 1.955390e-08 	 1.736046e+07 	
1.31975538e+06 	 1.874854e-08 	 1.735933e+07 	
1.31985543e+06 	 1.797272e-08 	 1.735821e+07 	
1.31995548e+06 	 1.722553e-08 	 1.735710e+07 	
1.32005553e+06 	 1.650606e-08 	 1.735599e+07 	
1.32015558e+06 	 1.581344e-08 	 1.735490e+07 	
1.32025563e+06 	 1.514682e-08 	 1.735381e+07 	
1.32035568e+06 	 1.450535e-08 	 1.735274e+07 	
1.32045573e+06 	 1.388823e-08 	 1.735167e+07 	
1.32055578e+06 	 1.329467e-08 	 1.735061e+07 	
1.32065583e+06 	 1.272452e-08 	 1.734947e+07 	
1.32075588e+06 	 1.217578e-08 	 1.734841e+07 	
1.32085593e+06 	 1.164833e-08 	 1.734737e+07 	
1.32095598e+06 	 1.114145e-08 	 1.734634e+07 	
1.32105603e+06 	 1.065446e-08 	 1.734531e+07 	
1.32115608e+06 	 1.018667e-08 	 1.734429e+07 	
1.32125613e+06 	 9.737431e-09 	 1.734328e+07 	
1.32135618e+06 	 9.306097e-09 	 1.734227e+07 	
1.32145623e+06 	 8.892499e-09 	 1.734116e+07 	
1.32155628e+06 	 8.495153e-09 	 1.734016e+07 	
1.32165633e+06 	 8.113901e-09 	 1.733916e+07 	
1.32175638e+06 	 7.748171e-09 	 1.733818e+07 	
1.32185643e+06 	 7.397410e-09 	 1.733719e+07 	
1.32195648e+06 	 7.061078e-09 	 1.733622e+07 	
1.32205653e+06 	 6.738655e-09 	 1.733525e+07 	
1.32215658e+06 	 6.429989e-09 	 1.733412e+07 	
1.32225663e+06 	 6.133906e-09 	 1.733314e+07 	
1.32235668e+06 	 5.850260e-09 	 1.733216e+07 	
1.32245673e+06 	 5.578589e-09 	 1.733118e+07 	
1.32255678e+06 	 5.318448e-09 	 1.733020e+07 	
1.32265683e+06 	 5.069119e-09 	 1.732942e+07 	
1.32275688e+06 	 4.830718e-09 	 1.732848e+07 	
1.32285693e+06 	 4.602581e-09 	 1.732754e+07 	
1.32295698e+06 	 4.384318e-09 	 1.732661e+07 	
1.32305703e+06 	 4.175323e-09 	 1.732590e+07 	
1.32315708e+06 	 3.975644e-09 	 1.732502e+07 	
1.32325713e+06 	 3.784725e-09 	 1.732416e+07 	
1.32335718e+06 	 3.602223e-09 	 1.732332e+07 	
1.32345723e+06 	 3.427991e-09 	 1.732226e+07 	
1.32355728e+06 	 3.261358e-09 	 1.732141e+07 	
1.32365733e+06 	 3.102176e-09 	 1.732059e+07 	
1.32375738e+06 	 2.950295e-09 	 1.731953e+07 	
1.32385743e+06 	 2.805147e-09 	 1.731871e+07 	
1.32395748e+06 	 2.666582e-09 	 1.731790e+07 	
1.32405753e+06 	 2.534458e-09 	 1.731684e+07 	
1.32415758e+06 	 2.408279e-09 	 1.731603e+07 	
1.32425763e+06 	 2.287902e-09 	 1.731524e+07 	
1.32435768e+06 	 2.173208e-09 	 1.731413e+07 	
1.32445773e+06 	 2.063743e-09 	 1.731331e+07 	
1.32455778e+06 	 1.959493e-09 	 1.731208e+07 	
1.32465783e+06 	 1.860056e-09 	 1.731113e+07 	
1.32475788e+06 	 1.765205e-09 	 1.731062e+07 	
1.32485793e+06 	 1.674910e-09 	 1.730981e+07 	
1.32495798e+06 	 1.588968e-09 	 1.730853e+07 	
1.32505803e+06 	 1.507101e-09 	 1.730745e+07 	
1.32515808e+06 	 1.429083e-09 	 1.730700e+07 	
1.32525813e+06 	 1.354875e-09 	 1.730612e+07 	
1.32535818e+06 	 1.284214e-09 	 1.730554e+07 	
1.32545823e+06 	 1.217009e-09 	 1.730480e+07 	
1.32555828e+06 	 1.153155e-09 	 1.730343e+07 	
1.32565833e+06 	 1.092395e-09 	 1.730213e+07 	
1.32575838e+06 	 1.034568e-09 	 1.730178e+07 	
1.32585843e+06 	 9.796475e-10 	 1.730062e+07 	
1.32595848e+06 	 9.274094e-10 	 1.730019e+07 	
1.32605853e+06 	 8.778067e-10 	 1.729924e+07 	
1.32615858e+06 	 8.306735e-10 	 1.729852e+07 	
1.32625863e+06 	 7.859209e-10 	 1.729757e+07 	
1.32635868e+06 	 7.434155e-10 	 1.729686e+07 	
1.32645873e+06 	 7.030742e-10 	 1.729591e+07 	
1.32655878e+06 	 6.647742e-10 	 1.729522e+07 	
1.32665883e+06 	 6.284403e-10 	 1.729430e+07 	
1.32675888e+06 	 5.939625e-10 	 1.729358e+07 	
1.32685893e+06 	 5.612669e-10 	 1.729271e+07 	
1.32695898e+06 	 5.302594e-10 	 1.729192e+07 	
1.32705903e+06 	 5.008658e-10 	 1.729097e+07 	
1.32715908e+06 	 4.729989e-10 	 1.729027e+07 	
1.32725913e+06 	 4.465960e-10 	 1.728931e+07 	
1.32735918e+06 	 4.215751e-10 	 1.728864e+07 	
1.32745923e+06 	 3.978785e-10 	 1.728773e+07 	
1.32755928e+06 	 3.754340e-10 	 1.728701e+07 	
1.32765933e+06 	 3.541858e-10 	 1.728607e+07 	
1.32775938e+06 	 3.340673e-10 	 1.728539e+07 	
1.32785943e+06 	 3.150301e-10 	 1.728453e+07 	
1.32795948e+06 	 2.970158e-10 	 1.728376e+07 	
1.32805953e+06 	 2.799753e-10 	 1.728289e+07 	
1.32815958e+06 	 2.638575e-10 	 1.728214e+07 	
1.32825963e+06 	 2.486172e-10 	 1.728132e+07 	
1.32835968e+06 	 2.342091e-10 	 1.728051e+07 	
1.32845973e+06 	 2.205910e-10 	 1.727969e+07 	
1.32855978e+06 	 2.077221e-10 	 1.727890e+07 	
1.32865983e+06 	 1.955642e-10 	 1.727806e+07 	
1.32875988e+06 	 1.840800e-10 	 1.727728e+07 	
1.32885993e+06 	 1.732350e-10 	 1.727644e+07 	
1.32895998e+06 	 1.629954e-10 	 1.727567e+07 	
1.32906003e+06 	 1.533300e-10 	 1.727484e+07 	
1.32916008e+06 	 1.442081e-10 	 1.727405e+07 	
1.32926013e+06 	 1.356014e-10 	 1.727321e+07 	
1.32936018e+06 	 1.274822e-10 	 1.727244e+07 	
1.32946023e+06 	 1.198251e-10 	 1.727158e+07 	
1.32956028e+06 	 1.126045e-10 	 1.727084e+07 	
1.32966033e+06 	 1.057977e-10 	 1.727003e+07 	
1.32976038e+06 	 9.938212e-11 	 1.726923e+07 	
1.32986043e+06 	 9.333660e-11 	 1.726842e+07 	
1.32996048e+06 	 8.764100e-11 	 1.726763e+07 	
1.33006053e+06 	 8.227631e-11 	 1.726679e+07 	
1.33016058e+06 	 7.722419e-11 	 1.726602e+07 	
1.33026063e+06 	 7.246765e-11 	 1.726522e+07 	
1.33036068e+06 	 6.799026e-11 	 1.726442e+07 	
1.33046073e+06 	 6.377662e-11 	 1.726359e+07 	
1.33056078e+06 	 5.981190e-11 	 1.726282e+07 	
1.33066083e+06 	 5.608235e-11 	 1.726200e+07 	
1.33076088e+06 	 5.257466e-11 	 1.726122e+07 	
1.33086093e+06 	 4.927640e-11 	 1.726042e+07 	
1.33096098e+06 	 4.617571e-11 	 1.725963e+07 	
1.33106103e+06 	 4.326137e-11 	 1.725883e+07 	
1.52365909e+06 	 1.000000e-20 	 1.590757e+07 	
1.74412515e+06 	 1.000000e-20 	 1.469695e+07 	
1.99649157e+06 	 1.000000e-20 	 1.360409e+07 	
2.28537419e+06 	 1.000000e-20 	 1.261170e+07 	
2.61605672e+06 	 1.000000e-20 	 1.170628e+07 	
2.99458740e+06 	 1.000000e-20 	 1.087705e+07 	
3.42788963e+06 	 1.000000e-20 	 1.011523e+07 	
3.92388859e+06 	 1.000000e-20 	 9.413538e+06 	
4.49165618e+06 	 1.000000e-20 	 8.765839e+06 	
5.14157698e+06 	 1.000000e-20 	 8.166907e+06 	
5.88553816e+06 	 1.000000e-20 	 7.612231e+06 	
6.73714690e+06 	 1.000000e-20 	 7.097883e+06 	
7.71197929e+06 	 1.000000e-20 	 6.620412e+06 	
8.82786518e+06 	 1.000000e-20 	 6.176762e+06 	
1.01052143e+07 	 1.000000e-20 	 5.764209e+06 	
1.15673897e+07 	 1.000000e-20 	 5.380313e+06 	
1.32411347e+07 	 1.000000e-20 	 5.022872e+06 	
1.51570625e+07 	 1.000000e-20 	 4.689896e+06 	
1.73502157e+07 	 1.000000e-20 	 4.379574e+06 	
1.98607075e+07 	 1.000000e-20 	 4.090257e+06 	
2.27344553e+07 	 1.000000e-20 	 3.820433e+06 	
2.60240204e+07 	 1.000000e-20 	 3.568719e+06 	
2.97895696e+07 	 1.000000e-20 	 3.333840e+06 	
3.40999754e+07 	 1.000000e-20 	 3.114625e+06 	
3.90340760e+07 	 1.000000e-20 	 2.909991e+06 	
4.46821169e+07 	 1.000000e-20 	 2.718936e+06 	
5.11474019e+07 	 1.000000e-20 	 2.540536e+06 	
5.85481821e+07 	 1.000000e-20 	 2.373930e+06 	
6.70198193e+07 	 1.000000e-20 	 2.218324e+06 	
7.67172612e+07 	 1.000000e-20 	 2.072977e+06 	
8.78178757e+07 	 1.000000e-20 	 1.937201e+06 	
1.00524695e+08 	 1.000000e-20 	 1.810358e+06 	
1.15070130e+08 	 1.000000e-20 	 1.691853e+06 	
1.31720218e+08 	 1.000000e-20 	 1.581131e+06 	
1.50779492e+08 	 1.000000e-20 	 1.477677e+06 	
1.72596551e+08 	 1.000000e-20 	 1.381010e+06 	
1.97570433e+08 	 1.000000e-20 	 1.290680e+06 	
2.26157914e+08 	 1.000000e-20 	 1.206271e+06 	
2.58881864e+08 	 1.000000e-20 	 1.127391e+06 	
2.96340810e+08 	 1.000000e-20 	 1.053677e+06 	
3.39219884e+08 	 1.000000e-20 	 9.847896e+05 	
3.88303351e+08 	 1.000000e-20 	 9.204108e+05 	
4.44488957e+08 	 1.000000e-20 	 8.602448e+05 	
5.08804347e+08 	 1.000000e-20 	 8.040153e+05 	
5.82425861e+08 	 1.000000e-20 	 7.514639e+05 	
6.66700050e+08 	 1.000000e-20 	 7.023497e+05 	
7.63168305e+08 	 1.000000e-20 	 6.564474e+05 	
8.73595046e+08 	 1.000000e-20 	 6.135466e+05 	
1.00000000e+09 	 1.000000e-20 	 5.734507e+05 	
