r (cm)        	 rho (g/cm3) 	 T (K)       		 Linf = 1.809019e+37
1.20000060e+06 	 3.550810e+05 	 6.511968e+08 	
1.20003413e+06 	 3.128635e+05 	 6.277835e+08 	
1.20008549e+06 	 2.553444e+05 	 5.918708e+08 	
1.20013763e+06 	 2.051431e+05 	 5.553621e+08 	
1.20017912e+06 	 1.705959e+05 	 5.262764e+08 	
1.20022060e+06 	 1.404268e+05 	 4.971531e+08 	
1.20026208e+06 	 1.142792e+05 	 4.679895e+08 	
1.20030416e+06 	 9.151079e+04 	 4.383628e+08 	
1.20033758e+06 	 7.589602e+04 	 4.148045e+08 	
1.20037099e+06 	 6.227922e+04 	 3.912141e+08 	
1.20040440e+06 	 5.049751e+04 	 3.675895e+08 	
1.20043822e+06 	 4.027934e+04 	 3.436385e+08 	
1.20046641e+06 	 3.296324e+04 	 3.236495e+08 	
1.20049459e+06 	 2.664248e+04 	 3.036310e+08 	
1.20052309e+06 	 2.117500e+04 	 2.833539e+08 	
1.20054680e+06 	 1.727496e+04 	 2.664647e+08 	
1.20057050e+06 	 1.391139e+04 	 2.495507e+08 	
1.20059445e+06 	 1.101082e+04 	 2.324359e+08 	
1.20061432e+06 	 8.950737e+03 	 2.182134e+08 	
1.20063419e+06 	 7.177676e+03 	 2.039704e+08 	
1.20065424e+06 	 5.654132e+03 	 1.895755e+08 	
1.20067084e+06 	 4.577462e+03 	 1.776448e+08 	
1.20068743e+06 	 3.653029e+03 	 1.656975e+08 	
1.20070416e+06 	 2.861972e+03 	 1.536395e+08 	
1.20071796e+06 	 2.306161e+03 	 1.436758e+08 	
1.20073176e+06 	 1.830284e+03 	 1.336989e+08 	
1.20074565e+06 	 1.425014e+03 	 1.236454e+08 	
1.20075707e+06 	 1.142152e+03 	 1.153666e+08 	
1.20076849e+06 	 9.007685e+02 	 1.070777e+08 	
1.20077996e+06 	 6.963324e+02 	 9.874015e+07 	
1.20078936e+06 	 5.547372e+02 	 9.190152e+07 	
1.20079876e+06 	 4.343668e+02 	 8.505547e+07 	
1.20080819e+06 	 3.330679e+02 	 7.818319e+07 	
1.20081587e+06 	 2.635335e+02 	 7.257280e+07 	
1.20082356e+06 	 2.046821e+02 	 6.695741e+07 	
1.20083125e+06 	 1.555179e+02 	 6.133422e+07 	
1.20083748e+06 	 1.221502e+02 	 5.677381e+07 	
1.20084372e+06 	 9.404443e+01 	 5.221090e+07 	
1.20084993e+06 	 7.078183e+01 	 4.766104e+07 	
1.20085487e+06 	 5.535637e+01 	 4.404306e+07 	
1.20085981e+06 	 4.239712e+01 	 4.042589e+07 	
1.20086465e+06 	 3.187378e+01 	 3.688558e+07 	
1.20086854e+06 	 2.482372e+01 	 3.404231e+07 	
1.20087243e+06 	 1.891594e+01 	 3.120536e+07 	
1.20087562e+06 	 1.485263e+01 	 2.888912e+07 	
1.20087866e+06 	 1.156995e+01 	 2.668923e+07 	
1.20088110e+06 	 9.318164e+00 	 2.493199e+07 	
1.20088355e+06 	 7.383485e+00 	 2.318909e+07 	
1.20088546e+06 	 6.077918e+00 	 2.184308e+07 	
1.20088736e+06 	 4.938250e+00 	 2.051386e+07 	
1.20088927e+06 	 3.952782e+00 	 1.920724e+07 	
1.20089118e+06 	 3.109961e+00 	 1.793111e+07 	
1.20089309e+06 	 2.398397e+00 	 1.669604e+07 	
1.20089499e+06 	 1.806894e+00 	 1.551574e+07 	
1.20089711e+06 	 1.277192e+00 	 1.428952e+07 	
1.20089845e+06 	 1.005927e+00 	 1.357450e+07 	
1.20089978e+06 	 7.785198e-01 	 1.291207e+07 	
1.20089998e+06 	 7.484098e-01 	 1.281903e+07 	
1.20090000e+06 	 7.454465e-01 	 1.280980e+07 	
1.20091667e+06 	 7.436597e-03 	 9.318556e+06 	
1.20093334e+06 	 3.164851e-05 	 9.073297e+06 	
1.20095002e+06 	 1.271971e-07 	 9.058609e+06 	
1.20096669e+06 	 5.095192e-10 	 9.057588e+06 	
1.37762930e+06 	 1.000000e-20 	 8.319144e+06 	
1.58027904e+06 	 1.000000e-20 	 7.663385e+06 	
1.81273862e+06 	 1.000000e-20 	 7.075539e+06 	
2.07939309e+06 	 1.000000e-20 	 6.544738e+06 	
2.38527253e+06 	 1.000000e-20 	 6.062707e+06 	
2.73614693e+06 	 1.000000e-20 	 5.622971e+06 	
3.13863508e+06 	 1.000000e-20 	 5.220338e+06 	
3.60032937e+06 	 1.000000e-20 	 4.850568e+06 	
4.12993905e+06 	 1.000000e-20 	 4.510131e+06 	
4.73745449e+06 	 1.000000e-20 	 4.196054e+06 	
5.43433566e+06 	 1.000000e-20 	 3.905792e+06 	
6.23372829e+06 	 1.000000e-20 	 3.637148e+06 	
7.15071185e+06 	 1.000000e-20 	 3.388207e+06 	
8.20258401e+06 	 1.000000e-20 	 3.157280e+06 	
9.40918691e+06 	 1.000000e-20 	 2.942873e+06 	
1.07932815e+07 	 1.000000e-20 	 2.743652e+06 	
1.23809769e+07 	 1.000000e-20 	 2.558421e+06 	
1.42022228e+07 	 1.000000e-20 	 2.386099e+06 	
1.62913747e+07 	 1.000000e-20 	 2.225711e+06 	
1.86878414e+07 	 1.000000e-20 	 2.076367e+06 	
2.14368293e+07 	 1.000000e-20 	 1.937256e+06 	
2.45901942e+07 	 1.000000e-20 	 1.807637e+06 	
2.82074201e+07 	 1.000000e-20 	 1.686830e+06 	
3.23567413e+07 	 1.000000e-20 	 1.574210e+06 	
3.71164290e+07 	 1.000000e-20 	 1.469200e+06 	
4.25762683e+07 	 1.000000e-20 	 1.371268e+06 	
4.88392519e+07 	 1.000000e-20 	 1.279925e+06 	
5.60235225e+07 	 1.000000e-20 	 1.194715e+06 	
6.42646018e+07 	 1.000000e-20 	 1.115218e+06 	
7.37179467e+07 	 1.000000e-20 	 1.041042e+06 	
8.45618818e+07 	 1.000000e-20 	 9.718263e+05 	
9.70009635e+07 	 1.000000e-20 	 9.072337e+05 	
1.11269838e+08 	 1.000000e-20 	 8.469515e+05 	
1.27637669e+08 	 1.000000e-20 	 7.906889e+05 	
1.46413214e+08 	 1.000000e-20 	 7.381752e+05 	
1.67950648e+08 	 1.000000e-20 	 6.891585e+05 	
1.92656246e+08 	 1.000000e-20 	 6.434041e+05 	
2.20996045e+08 	 1.000000e-20 	 6.006936e+05 	
2.53504639e+08 	 1.000000e-20 	 5.608234e+05 	
2.90795258e+08 	 1.000000e-20 	 5.236035e+05 	
3.33571339e+08 	 1.000000e-20 	 4.888570e+05 	
3.82639797e+08 	 1.000000e-20 	 4.564191e+05 	
4.38926242e+08 	 1.000000e-20 	 4.261357e+05 	
5.03492442e+08 	 1.000000e-20 	 3.978635e+05 	
5.77556351e+08 	 1.000000e-20 	 3.714684e+05 	
6.62515088e+08 	 1.000000e-20 	 3.468256e+05 	
7.59971283e+08 	 1.000000e-20 	 3.238185e+05 	
8.71763318e+08 	 1.000000e-20 	 3.023384e+05 	
1.00000000e+09 	 1.000000e-20 	 2.822838e+05 	
