r (cm)        	 rho (g/cm3) 	 T (K)       		 Linf = 1.495906e+36
1.19992055e+06 	 5.160946e+05 	 3.665913e+08 	
1.19994063e+06 	 4.499582e+05 	 3.517602e+08 	
1.19997194e+06 	 3.590816e+05 	 3.286121e+08 	
1.20000340e+06 	 2.815580e+05 	 3.053050e+08 	
1.20002926e+06 	 2.272877e+05 	 2.861128e+08 	
1.20005512e+06 	 1.807954e+05 	 2.668888e+08 	
1.20008110e+06 	 1.412379e+05 	 2.475464e+08 	
1.20010241e+06 	 1.136469e+05 	 2.316468e+08 	
1.20012373e+06 	 9.005567e+04 	 2.157212e+08 	
1.20014512e+06 	 7.004748e+04 	 1.997130e+08 	
1.20016263e+06 	 5.615406e+04 	 1.865834e+08 	
1.20018014e+06 	 4.430185e+04 	 1.734332e+08 	
1.20019770e+06 	 3.428812e+04 	 1.602311e+08 	
1.20021203e+06 	 2.737162e+04 	 1.494327e+08 	
1.20022637e+06 	 2.148687e+04 	 1.386186e+08 	
1.20024072e+06 	 1.653717e+04 	 1.277781e+08 	
1.20025240e+06 	 1.313962e+04 	 1.189408e+08 	
1.20026408e+06 	 1.025755e+04 	 1.100917e+08 	
1.20027575e+06 	 7.845869e+03 	 1.012371e+08 	
1.20028521e+06 	 6.202235e+03 	 9.404679e+07 	
1.20029468e+06 	 4.812617e+03 	 8.684808e+07 	
1.20030412e+06 	 3.656511e+03 	 7.966018e+07 	
1.20031174e+06 	 2.874907e+03 	 7.384950e+07 	
1.20031937e+06 	 2.216469e+03 	 6.803314e+07 	
1.20032695e+06 	 1.672154e+03 	 6.223956e+07 	
1.20033305e+06 	 1.307408e+03 	 5.757992e+07 	
1.20033914e+06 	 1.001295e+03 	 5.291665e+07 	
1.20034519e+06 	 7.499573e+02 	 4.828420e+07 	
1.20035003e+06 	 5.831300e+02 	 4.457949e+07 	
1.20035487e+06 	 4.436502e+02 	 4.087265e+07 	
1.20035965e+06 	 3.299328e+02 	 3.720108e+07 	
1.20036346e+06 	 2.552033e+02 	 3.428314e+07 	
1.20036726e+06 	 1.929499e+02 	 3.136419e+07 	
1.20037101e+06 	 1.425523e+02 	 2.848232e+07 	
1.20037398e+06 	 1.097255e+02 	 2.620432e+07 	
1.20037695e+06 	 8.247306e+01 	 2.392623e+07 	
1.20037959e+06 	 6.242472e+01 	 2.189504e+07 	
1.20038224e+06 	 4.598525e+01 	 1.986458e+07 	
1.20038443e+06 	 3.480239e+01 	 1.817937e+07 	
1.20038653e+06 	 2.599775e+01 	 1.657049e+07 	
1.20038814e+06 	 2.038155e+01 	 1.534021e+07 	
1.20038975e+06 	 1.565386e+01 	 1.411313e+07 	
1.20039098e+06 	 1.258536e+01 	 1.317748e+07 	
1.20039221e+06 	 9.953687e+00 	 1.224649e+07 	
1.20039323e+06 	 8.077034e+00 	 1.147969e+07 	
1.20039421e+06 	 6.516301e+00 	 1.075023e+07 	
1.20039499e+06 	 5.440622e+00 	 1.018176e+07 	
1.20039576e+06 	 4.491900e+00 	 9.621253e+06 	
1.20039653e+06 	 3.661685e+00 	 9.071565e+06 	
1.20039716e+06 	 3.065713e+00 	 8.633265e+06 	
1.20039780e+06 	 2.538811e+00 	 8.207447e+06 	
1.20039843e+06 	 2.076663e+00 	 7.797459e+06 	
1.20039913e+06 	 1.634813e+00 	 7.366108e+06 	
1.20039983e+06 	 1.262099e+00 	 6.965203e+06 	
1.20039998e+06 	 1.186943e+00 	 6.879497e+06 	
1.20040000e+06 	 1.179604e+00 	 6.871032e+06 	
1.20041667e+06 	 5.431681e-05 	 4.866274e+06 	
1.20043334e+06 	 9.856629e-10 	 4.858483e+06 	
1.37702998e+06 	 1.000000e-20 	 4.462301e+06 	
1.57960588e+06 	 1.000000e-20 	 4.110504e+06 	
1.81198287e+06 	 1.000000e-20 	 3.795150e+06 	
2.07854501e+06 	 1.000000e-20 	 3.510405e+06 	
2.38432131e+06 	 1.000000e-20 	 3.251829e+06 	
2.73508058e+06 	 1.000000e-20 	 3.015945e+06 	
3.13744031e+06 	 1.000000e-20 	 2.799968e+06 	
3.59899147e+06 	 1.000000e-20 	 2.601620e+06 	
4.12844177e+06 	 1.000000e-20 	 2.419010e+06 	
4.73577989e+06 	 1.000000e-20 	 2.250541e+06 	
5.43246398e+06 	 1.000000e-20 	 2.094847e+06 	
6.23163778e+06 	 1.000000e-20 	 1.950751e+06 	
7.14837862e+06 	 1.000000e-20 	 1.817223e+06 	
8.19998189e+06 	 1.000000e-20 	 1.693359e+06 	
9.40628729e+06 	 1.000000e-20 	 1.578357e+06 	
1.07900532e+07 	 1.000000e-20 	 1.471501e+06 	
1.23773859e+07 	 1.000000e-20 	 1.372149e+06 	
1.41982323e+07 	 1.000000e-20 	 1.279723e+06 	
1.62869447e+07 	 1.000000e-20 	 1.193697e+06 	
1.86829292e+07 	 1.000000e-20 	 1.113595e+06 	
2.14313888e+07 	 1.000000e-20 	 1.038982e+06 	
2.45841762e+07 	 1.000000e-20 	 9.694607e+05 	
2.82007726e+07 	 1.000000e-20 	 9.046660e+05 	
3.23494091e+07 	 1.000000e-20 	 8.442624e+05 	
3.71083546e+07 	 1.000000e-20 	 7.879409e+05 	
4.25673921e+07 	 1.000000e-20 	 7.354164e+05 	
4.88295127e+07 	 1.000000e-20 	 6.864255e+05 	
5.60128584e+07 	 1.000000e-20 	 6.407243e+05 	
6.42529515e+07 	 1.000000e-20 	 5.980871e+05 	
7.37052507e+07 	 1.000000e-20 	 5.583045e+05 	
8.45480847e+07 	 1.000000e-20 	 5.211821e+05 	
9.69860160e+07 	 1.000000e-20 	 4.865394e+05 	
1.11253701e+08 	 1.000000e-20 	 4.542087e+05 	
1.27620315e+08 	 1.000000e-20 	 4.240339e+05 	
1.46394634e+08 	 1.000000e-20 	 3.958698e+05 	
1.67930857e+08 	 1.000000e-20 	 3.695814e+05 	
1.92635289e+08 	 1.000000e-20 	 3.450427e+05 	
2.20974009e+08 	 1.000000e-20 	 3.221366e+05 	
2.53481659e+08 	 1.000000e-20 	 3.007538e+05 	
2.90771533e+08 	 1.000000e-20 	 2.807926e+05 	
3.33547149e+08 	 1.000000e-20 	 2.621579e+05 	
3.82615517e+08 	 1.000000e-20 	 2.447614e+05 	
4.38902369e+08 	 1.000000e-20 	 2.285205e+05 	
5.03469621e+08 	 1.000000e-20 	 2.133582e+05 	
5.77535409e+08 	 1.000000e-20 	 1.992026e+05 	
6.62497071e+08 	 1.000000e-20 	 1.859869e+05 	
7.59957505e+08 	 1.000000e-20 	 1.736485e+05 	
8.71755416e+08 	 1.000000e-20 	 1.621290e+05 	
1.00000000e+09 	 1.000000e-20 	 1.513740e+05 	
