r (cm)        	 rho (g/cm3) 	 T (K)       		 Linf = 3.074961e+38
1.19994209e+06 	 1.324302e+05 	 1.233702e+09 	
1.19996106e+06 	 1.289391e+05 	 1.225269e+09 	
1.20007294e+06 	 1.098540e+05 	 1.175905e+09 	
1.20016555e+06 	 9.586740e+04 	 1.135519e+09 	
1.20025815e+06 	 8.337776e+04 	 1.095578e+09 	
1.20035076e+06 	 7.225929e+04 	 1.056098e+09 	
1.20044336e+06 	 6.239338e+04 	 1.017094e+09 	
1.20053670e+06 	 5.360349e+04 	 9.782798e+08 	
1.20063004e+06 	 4.586552e+04 	 9.399861e+08 	
1.20070603e+06 	 4.027266e+04 	 9.092059e+08 	
1.20078203e+06 	 3.525955e+04 	 8.787935e+08 	
1.20085802e+06 	 3.077818e+04 	 8.487600e+08 	
1.20093401e+06 	 2.678333e+04 	 8.191166e+08 	
1.20101000e+06 	 2.323252e+04 	 7.898748e+08 	
1.20108495e+06 	 2.012682e+04 	 7.614427e+08 	
1.20115989e+06 	 1.737842e+04 	 7.334246e+08 	
1.20123483e+06 	 1.495387e+04 	 7.058327e+08 	
1.20129671e+06 	 1.317395e+04 	 6.833814e+08 	
1.20135858e+06 	 1.157710e+04 	 6.612360e+08 	
1.20142046e+06 	 1.014793e+04 	 6.394039e+08 	
1.20148233e+06 	 8.871959e+03 	 6.178922e+08 	
1.20154421e+06 	 7.735651e+03 	 5.967085e+08 	
1.20160580e+06 	 6.730797e+03 	 5.759567e+08 	
1.20166738e+06 	 5.840148e+03 	 5.555447e+08 	
1.20172897e+06 	 5.052887e+03 	 5.354798e+08 	
1.20177957e+06 	 4.476296e+03 	 5.192580e+08 	
1.20183018e+06 	 3.957526e+03 	 5.032798e+08 	
1.20188078e+06 	 3.491714e+03 	 4.875495e+08 	
1.20193139e+06 	 3.074309e+03 	 4.720712e+08 	
1.20198199e+06 	 2.701065e+03 	 4.568490e+08 	
1.20203260e+06 	 2.368022e+03 	 4.418870e+08 	
1.20208454e+06 	 2.064110e+03 	 4.268035e+08 	
1.20213649e+06 	 1.794990e+03 	 4.120027e+08 	
1.20217919e+06 	 1.597410e+03 	 4.000507e+08 	
1.20222189e+06 	 1.419271e+03 	 3.882949e+08 	
1.20226459e+06 	 1.258931e+03 	 3.767375e+08 	
1.20230729e+06 	 1.114857e+03 	 3.653807e+08 	
1.20235000e+06 	 9.856231e+02 	 3.542266e+08 	
1.20239270e+06 	 8.699041e+02 	 3.432772e+08 	
1.20243540e+06 	 7.664710e+02 	 3.325344e+08 	
1.20247952e+06 	 6.712948e+02 	 3.216532e+08 	
1.20252364e+06 	 5.868630e+02 	 3.109965e+08 	
1.20256019e+06 	 5.242884e+02 	 3.023391e+08 	
1.20259675e+06 	 4.677954e+02 	 2.938380e+08 	
1.20263330e+06 	 4.168630e+02 	 2.854940e+08 	
1.20266985e+06 	 3.710075e+02 	 2.773079e+08 	
1.20270641e+06 	 3.297803e+02 	 2.692804e+08 	
1.20274296e+06 	 2.927663e+02 	 2.614122e+08 	
1.20277951e+06 	 2.595817e+02 	 2.537039e+08 	
1.20281607e+06 	 2.298723e+02 	 2.461559e+08 	
1.20285465e+06 	 2.019194e+02 	 2.383620e+08 	
1.20288673e+06 	 1.811008e+02 	 2.320199e+08 	
1.20291881e+06 	 1.622771e+02 	 2.258018e+08 	
1.20295088e+06 	 1.452756e+02 	 2.197078e+08 	
1.20298296e+06 	 1.299366e+02 	 2.137380e+08 	
1.20301504e+06 	 1.161127e+02 	 2.078922e+08 	
1.20304711e+06 	 1.036675e+02 	 2.021702e+08 	
1.20307919e+06 	 9.247576e+01 	 1.965720e+08 	
1.20311127e+06 	 8.242186e+01 	 1.910971e+08 	
1.20314334e+06 	 7.339971e+01 	 1.857453e+08 	
1.20317542e+06 	 6.531194e+01 	 1.805161e+08 	
1.20320407e+06 	 5.880590e+01 	 1.759493e+08 	
1.20323271e+06 	 5.291538e+01 	 1.714795e+08 	
1.20326136e+06 	 4.758645e+01 	 1.671062e+08 	
1.20329001e+06 	 4.276943e+01 	 1.628290e+08 	
1.20331865e+06 	 3.841855e+01 	 1.586473e+08 	
1.20334730e+06 	 3.449173e+01 	 1.545605e+08 	
1.20337595e+06 	 3.095033e+01 	 1.505680e+08 	
1.20340459e+06 	 2.775888e+01 	 1.466690e+08 	
1.20343324e+06 	 2.488489e+01 	 1.428630e+08 	
1.20346189e+06 	 2.229861e+01 	 1.391490e+08 	
1.20349053e+06 	 1.997284e+01 	 1.355262e+08 	
1.20351918e+06 	 1.788273e+01 	 1.319939e+08 	
1.20354783e+06 	 1.600563e+01 	 1.285510e+08 	
1.20357647e+06 	 1.432087e+01 	 1.251967e+08 	
1.20360512e+06 	 1.280965e+01 	 1.219300e+08 	
1.20363377e+06 	 1.145488e+01 	 1.187497e+08 	
1.20366249e+06 	 1.023792e+01 	 1.156466e+08 	
1.20369122e+06 	 9.148434e+00 	 1.126283e+08 	
1.20371994e+06 	 8.173568e+00 	 1.096936e+08 	
1.20374866e+06 	 7.301669e+00 	 1.068413e+08 	
1.20377739e+06 	 6.522201e+00 	 1.040702e+08 	
1.20380611e+06 	 5.825649e+00 	 1.013792e+08 	
1.20383484e+06 	 5.203426e+00 	 9.876674e+07 	
1.20386356e+06 	 4.647789e+00 	 9.623170e+07 	
1.20389229e+06 	 4.151764e+00 	 9.377268e+07 	
1.20392101e+06 	 3.709076e+00 	 9.138833e+07 	
1.20394974e+06 	 3.314082e+00 	 8.907726e+07 	
1.20397846e+06 	 2.961715e+00 	 8.683808e+07 	
1.20400718e+06 	 2.647423e+00 	 8.466935e+07 	
1.20403591e+06 	 2.367128e+00 	 8.256965e+07 	
1.20406839e+06 	 2.086591e+00 	 8.027703e+07 	
1.20410086e+06 	 1.840150e+00 	 7.806867e+07 	
1.20413334e+06 	 1.623659e+00 	 7.594246e+07 	
1.20416581e+06 	 1.433468e+00 	 7.389624e+07 	
1.20419829e+06 	 1.266362e+00 	 7.192789e+07 	
1.20423077e+06 	 1.119514e+00 	 7.003524e+07 	
1.20426324e+06 	 9.904383e-01 	 6.821616e+07 	
1.20429572e+06 	 8.769507e-01 	 6.646850e+07 	
1.20432819e+06 	 7.771344e-01 	 6.479013e+07 	
1.20436067e+06 	 6.893072e-01 	 6.317893e+07 	
1.20439860e+06 	 5.999571e-01 	 6.137956e+07 	
1.20443652e+06 	 5.229137e-01 	 5.966559e+07 	
1.20447445e+06 	 4.564294e-01 	 5.803372e+07 	
1.20451237e+06 	 3.990070e-01 	 5.648070e+07 	
1.20455030e+06 	 3.493641e-01 	 5.500334e+07 	
1.20458822e+06 	 3.064026e-01 	 5.359850e+07 	
1.20463208e+06 	 2.638301e-01 	 5.206049e+07 	
1.20467593e+06 	 2.277078e-01 	 5.061068e+07 	
1.20471978e+06 	 1.970068e-01 	 4.924456e+07 	
1.20476363e+06 	 1.708674e-01 	 4.795773e+07 	
1.20481380e+06 	 1.456369e-01 	 4.657726e+07 	
1.20486398e+06 	 1.245492e-01 	 4.528890e+07 	
1.20491415e+06 	 1.068775e-01 	 4.408678e+07 	
1.20496954e+06 	 9.062492e-02 	 4.285308e+07 	
1.20502493e+06 	 7.716644e-02 	 4.171050e+07 	
1.20508667e+06 	 6.482659e-02 	 4.053613e+07 	
1.20514840e+06 	 5.474245e-02 	 3.945778e+07 	
1.20521701e+06 	 4.563854e-02 	 3.836215e+07 	
1.20528562e+06 	 3.828609e-02 	 3.736464e+07 	
1.20536777e+06 	 3.127260e-02 	 3.628608e+07 	
1.20544992e+06 	 2.576128e-02 	 3.531996e+07 	
1.20553207e+06 	 2.139557e-02 	 3.445318e+07 	
1.20562327e+06 	 1.757089e-02 	 3.359327e+07 	
1.20571446e+06 	 1.456384e-02 	 3.282756e+07 	
1.20581537e+06 	 1.195382e-02 	 3.207551e+07 	
1.20591629e+06 	 9.911289e-03 	 3.140991e+07 	
1.20602821e+06 	 8.141178e-03 	 3.075829e+07 	
1.20614013e+06 	 6.760312e-03 	 3.018446e+07 	
1.20626513e+06 	 5.558934e-03 	 2.962149e+07 	
1.20639012e+06 	 4.624372e-03 	 2.912793e+07 	
1.20653096e+06 	 3.806373e-03 	 2.864144e+07 	
1.20667180e+06 	 3.171945e-03 	 2.821664e+07 	
1.20683276e+06 	 2.610836e-03 	 2.779373e+07 	
1.20699371e+06 	 2.177579e-03 	 2.742601e+07 	
1.20717503e+06 	 1.800440e-03 	 2.706600e+07 	
1.20735635e+06 	 1.508886e-03 	 2.675314e+07 	
1.20760235e+06 	 1.210252e-03 	 2.638929e+07 	
1.20784835e+06 	 9.896899e-04 	 2.608099e+07 	
1.20798485e+06 	 8.917421e-04 	 2.592944e+07 	
1.20799850e+06 	 8.827362e-04 	 2.591496e+07 	
1.20799986e+06 	 8.818430e-04 	 2.591352e+07 	
1.20800000e+06 	 8.817537e-04 	 2.591337e+07 	
1.20810005e+06 	 8.197397e-04 	 2.581081e+07 	
1.20820010e+06 	 7.639557e-04 	 2.571398e+07 	
1.20830015e+06 	 7.135988e-04 	 2.562241e+07 	
1.20840020e+06 	 6.680414e-04 	 2.553568e+07 	
1.20850025e+06 	 6.267116e-04 	 2.545340e+07 	
1.20860030e+06 	 5.890972e-04 	 2.537521e+07 	
1.20870035e+06 	 5.548016e-04 	 2.530082e+07 	
1.20880040e+06 	 5.234575e-04 	 2.522993e+07 	
1.20890045e+06 	 4.947312e-04 	 2.516229e+07 	
1.20900050e+06 	 4.683592e-04 	 2.509766e+07 	
1.20910055e+06 	 4.441017e-04 	 2.503584e+07 	
1.20920060e+06 	 4.217325e-04 	 2.497663e+07 	
1.20930065e+06 	 4.010700e-04 	 2.491985e+07 	
1.20940070e+06 	 3.819568e-04 	 2.486535e+07 	
1.20950075e+06 	 3.642415e-04 	 2.481298e+07 	
1.20960080e+06 	 3.477873e-04 	 2.476260e+07 	
1.20970085e+06 	 3.324869e-04 	 2.471408e+07 	
1.20980090e+06 	 3.182384e-04 	 2.466733e+07 	
1.20990095e+06 	 3.049492e-04 	 2.462222e+07 	
1.21000100e+06 	 2.925275e-04 	 2.457865e+07 	
1.21010105e+06 	 2.809088e-04 	 2.453655e+07 	
1.21020110e+06 	 2.700292e-04 	 2.449583e+07 	
1.21030115e+06 	 2.598263e-04 	 2.445641e+07 	
1.21040120e+06 	 2.502429e-04 	 2.441822e+07 	
1.21050125e+06 	 2.412291e-04 	 2.438119e+07 	
1.21060130e+06 	 2.327457e-04 	 2.434526e+07 	
1.21070135e+06 	 2.247534e-04 	 2.431037e+07 	
1.21080140e+06 	 2.172142e-04 	 2.427647e+07 	
1.21090145e+06 	 2.100925e-04 	 2.424352e+07 	
1.21100150e+06 	 2.033586e-04 	 2.421145e+07 	
1.21110155e+06 	 1.969873e-04 	 2.418023e+07 	
1.21120160e+06 	 1.909537e-04 	 2.414982e+07 	
1.21130165e+06 	 1.852349e-04 	 2.412018e+07 	
1.21140170e+06 	 1.798068e-04 	 2.409127e+07 	
1.21150175e+06 	 1.746493e-04 	 2.406306e+07 	
1.21160180e+06 	 1.697469e-04 	 2.403552e+07 	
1.21170185e+06 	 1.650845e-04 	 2.400861e+07 	
1.21180190e+06 	 1.606468e-04 	 2.398231e+07 	
1.21190195e+06 	 1.564185e-04 	 2.395660e+07 	
1.21200200e+06 	 1.523876e-04 	 2.393145e+07 	
1.21210205e+06 	 1.485390e-04 	 2.390682e+07 	
1.21220210e+06 	 1.448634e-04 	 2.388271e+07 	
1.21230215e+06 	 1.413516e-04 	 2.385909e+07 	
1.21240220e+06 	 1.379946e-04 	 2.383594e+07 	
1.21250225e+06 	 1.347830e-04 	 2.381324e+07 	
1.21260230e+06 	 1.317086e-04 	 2.379097e+07 	
1.21270235e+06 	 1.287634e-04 	 2.376913e+07 	
1.21280240e+06 	 1.259384e-04 	 2.374767e+07 	
1.21290245e+06 	 1.232282e-04 	 2.372661e+07 	
1.21300250e+06 	 1.206275e-04 	 2.370591e+07 	
1.21310255e+06 	 1.181307e-04 	 2.368557e+07 	
1.21320260e+06 	 1.157325e-04 	 2.366558e+07 	
1.21330265e+06 	 1.134276e-04 	 2.364592e+07 	
1.21340270e+06 	 1.112107e-04 	 2.362657e+07 	
1.21350275e+06 	 1.090778e-04 	 2.360754e+07 	
1.21360280e+06 	 1.070232e-04 	 2.358879e+07 	
1.21370285e+06 	 1.050438e-04 	 2.357034e+07 	
1.21380290e+06 	 1.031363e-04 	 2.355216e+07 	
1.21390295e+06 	 1.012976e-04 	 2.353425e+07 	
1.21400300e+06 	 9.952455e-05 	 2.351660e+07 	
1.21410305e+06 	 9.781391e-05 	 2.349919e+07 	
1.21420310e+06 	 9.616251e-05 	 2.348203e+07 	
1.21430315e+06 	 9.456819e-05 	 2.346510e+07 	
1.21440320e+06 	 9.302736e-05 	 2.344840e+07 	
1.21450325e+06 	 9.153728e-05 	 2.343192e+07 	
1.21460330e+06 	 9.009610e-05 	 2.341564e+07 	
1.21470335e+06 	 8.870198e-05 	 2.339957e+07 	
1.21480340e+06 	 8.735310e-05 	 2.338370e+07 	
1.21490345e+06 	 8.604760e-05 	 2.336803e+07 	
1.21500350e+06 	 8.478366e-05 	 2.335254e+07 	
1.21510355e+06 	 8.355942e-05 	 2.333723e+07 	
1.21520360e+06 	 8.237306e-05 	 2.332210e+07 	
1.21530365e+06 	 8.122304e-05 	 2.330714e+07 	
1.21540370e+06 	 8.010798e-05 	 2.329234e+07 	
1.21550375e+06 	 7.902574e-05 	 2.327771e+07 	
1.21560380e+06 	 7.797527e-05 	 2.326323e+07 	
1.21570385e+06 	 7.695550e-05 	 2.324890e+07 	
1.21580390e+06 	 7.596536e-05 	 2.323471e+07 	
1.21590395e+06 	 7.500381e-05 	 2.322068e+07 	
1.21600400e+06 	 7.406978e-05 	 2.320678e+07 	
1.21610405e+06 	 7.316220e-05 	 2.319301e+07 	
1.21620410e+06 	 7.228002e-05 	 2.317938e+07 	
1.21630415e+06 	 7.142218e-05 	 2.316588e+07 	
1.21640420e+06 	 7.058793e-05 	 2.315250e+07 	
1.21650425e+06 	 6.977646e-05 	 2.313925e+07 	
1.21660430e+06 	 6.898627e-05 	 2.312611e+07 	
1.21670435e+06 	 6.821674e-05 	 2.311308e+07 	
1.21680440e+06 	 6.746729e-05 	 2.310017e+07 	
1.21690445e+06 	 6.673731e-05 	 2.308736e+07 	
1.21700450e+06 	 6.602619e-05 	 2.307467e+07 	
1.21710455e+06 	 6.533334e-05 	 2.306207e+07 	
1.21720460e+06 	 6.465816e-05 	 2.304958e+07 	
1.21730465e+06 	 6.400003e-05 	 2.303719e+07 	
1.21740470e+06 	 6.335837e-05 	 2.302489e+07 	
1.21750475e+06 	 6.273256e-05 	 2.301269e+07 	
1.21760480e+06 	 6.212201e-05 	 2.300057e+07 	
1.21770485e+06 	 6.152611e-05 	 2.298855e+07 	
1.21780490e+06 	 6.094487e-05 	 2.297662e+07 	
1.21790495e+06 	 6.037712e-05 	 2.296476e+07 	
1.21800500e+06 	 5.982252e-05 	 2.295300e+07 	
1.21810505e+06 	 5.928072e-05 	 2.294131e+07 	
1.21820510e+06 	 5.875138e-05 	 2.292970e+07 	
1.21830515e+06 	 5.823417e-05 	 2.291817e+07 	
1.21840520e+06 	 5.772874e-05 	 2.290671e+07 	
1.21850525e+06 	 5.723475e-05 	 2.289533e+07 	
1.21860530e+06 	 5.675185e-05 	 2.288402e+07 	
1.21870535e+06 	 5.627972e-05 	 2.287278e+07 	
1.21880540e+06 	 5.581801e-05 	 2.286161e+07 	
1.21890545e+06 	 5.536637e-05 	 2.285050e+07 	
1.21900550e+06 	 5.492447e-05 	 2.283946e+07 	
1.21910555e+06 	 5.449196e-05 	 2.282849e+07 	
1.21920560e+06 	 5.406893e-05 	 2.281758e+07 	
1.21930565e+06 	 5.365468e-05 	 2.280673e+07 	
1.21940570e+06 	 5.324886e-05 	 2.279594e+07 	
1.21950575e+06 	 5.285129e-05 	 2.278521e+07 	
1.21960580e+06 	 5.246178e-05 	 2.277454e+07 	
1.21970585e+06 	 5.208013e-05 	 2.276392e+07 	
1.21980590e+06 	 5.170616e-05 	 2.275336e+07 	
1.21990595e+06 	 5.133968e-05 	 2.274285e+07 	
1.22000600e+06 	 5.098050e-05 	 2.273239e+07 	
1.22010605e+06 	 5.062843e-05 	 2.272199e+07 	
1.22020610e+06 	 5.028327e-05 	 2.271164e+07 	
1.22030615e+06 	 4.994484e-05 	 2.270134e+07 	
1.22040620e+06 	 4.961295e-05 	 2.269108e+07 	
1.22050625e+06 	 4.928741e-05 	 2.268088e+07 	
1.22060630e+06 	 4.896803e-05 	 2.267072e+07 	
1.22070635e+06 	 4.865462e-05 	 2.266060e+07 	
1.22080640e+06 	 4.834699e-05 	 2.265054e+07 	
1.22090645e+06 	 4.804509e-05 	 2.264051e+07 	
1.22100650e+06 	 4.774878e-05 	 2.263053e+07 	
1.22110655e+06 	 4.745770e-05 	 2.262059e+07 	
1.22120660e+06 	 4.717175e-05 	 2.261069e+07 	
1.22130665e+06 	 4.689082e-05 	 2.260083e+07 	
1.22140670e+06 	 4.661481e-05 	 2.259101e+07 	
1.22150675e+06 	 4.634362e-05 	 2.258123e+07 	
1.22160680e+06 	 4.607712e-05 	 2.257149e+07 	
1.22170685e+06 	 4.581769e-05 	 2.256176e+07 	
1.22180690e+06 	 4.556043e-05 	 2.255209e+07 	
1.22190695e+06 	 4.530753e-05 	 2.254246e+07 	
1.22200700e+06 	 4.505888e-05 	 2.253286e+07 	
1.22210705e+06 	 4.481438e-05 	 2.252330e+07 	
1.22220710e+06 	 4.457392e-05 	 2.251378e+07 	
1.22230715e+06 	 4.433741e-05 	 2.250428e+07 	
1.22240720e+06 	 4.410475e-05 	 2.249482e+07 	
1.22250725e+06 	 4.387584e-05 	 2.248539e+07 	
1.22260730e+06 	 4.365059e-05 	 2.247600e+07 	
1.22270735e+06 	 4.342892e-05 	 2.246663e+07 	
1.22280740e+06 	 4.321074e-05 	 2.245730e+07 	
1.22290745e+06 	 4.299596e-05 	 2.244799e+07 	
1.22300750e+06 	 4.278451e-05 	 2.243872e+07 	
1.22310755e+06 	 4.257631e-05 	 2.242947e+07 	
1.22320760e+06 	 4.237127e-05 	 2.242025e+07 	
1.22330765e+06 	 4.216933e-05 	 2.241106e+07 	
1.22340770e+06 	 4.197042e-05 	 2.240190e+07 	
1.22350775e+06 	 4.177446e-05 	 2.239276e+07 	
1.22360780e+06 	 4.158139e-05 	 2.238365e+07 	
1.22370785e+06 	 4.139113e-05 	 2.237457e+07 	
1.22380790e+06 	 4.120363e-05 	 2.236551e+07 	
1.22390795e+06 	 4.101883e-05 	 2.235647e+07 	
1.22400800e+06 	 4.083665e-05 	 2.234746e+07 	
1.22410805e+06 	 4.065705e-05 	 2.233848e+07 	
1.22420810e+06 	 4.047996e-05 	 2.232952e+07 	
1.22430815e+06 	 4.030532e-05 	 2.232058e+07 	
1.22440820e+06 	 4.013310e-05 	 2.231167e+07 	
1.22450825e+06 	 3.996322e-05 	 2.230278e+07 	
1.22460830e+06 	 3.979563e-05 	 2.229391e+07 	
1.22470835e+06 	 3.963030e-05 	 2.228506e+07 	
1.22480840e+06 	 3.946716e-05 	 2.227623e+07 	
1.22490845e+06 	 3.930618e-05 	 2.226743e+07 	
1.22500850e+06 	 3.914729e-05 	 2.225864e+07 	
1.22510855e+06 	 3.899244e-05 	 2.224985e+07 	
1.22520860e+06 	 3.883766e-05 	 2.224111e+07 	
1.22530865e+06 	 3.868485e-05 	 2.223239e+07 	
1.22540870e+06 	 3.853396e-05 	 2.222368e+07 	
1.22550875e+06 	 3.838497e-05 	 2.221500e+07 	
1.22560880e+06 	 3.823782e-05 	 2.220633e+07 	
1.22570885e+06 	 3.809247e-05 	 2.219768e+07 	
1.22580890e+06 	 3.794890e-05 	 2.218905e+07 	
1.22590895e+06 	 3.780706e-05 	 2.218044e+07 	
1.22600900e+06 	 3.766692e-05 	 2.217185e+07 	
1.22610905e+06 	 3.752844e-05 	 2.216327e+07 	
1.22620910e+06 	 3.739158e-05 	 2.215471e+07 	
1.22630915e+06 	 3.725632e-05 	 2.214617e+07 	
1.22640920e+06 	 3.712262e-05 	 2.213764e+07 	
1.22650925e+06 	 3.699044e-05 	 2.212913e+07 	
1.22660930e+06 	 3.685976e-05 	 2.212064e+07 	
1.22670935e+06 	 3.673055e-05 	 2.211216e+07 	
1.22680940e+06 	 3.660277e-05 	 2.210370e+07 	
1.22690945e+06 	 3.647640e-05 	 2.209526e+07 	
1.22700950e+06 	 3.635141e-05 	 2.208682e+07 	
1.22710955e+06 	 3.622777e-05 	 2.207841e+07 	
1.22720960e+06 	 3.610545e-05 	 2.207001e+07 	
1.22730965e+06 	 3.598443e-05 	 2.206162e+07 	
1.22740970e+06 	 3.586468e-05 	 2.205325e+07 	
1.22750975e+06 	 3.574618e-05 	 2.204489e+07 	
1.22760980e+06 	 3.562890e-05 	 2.203654e+07 	
1.22770985e+06 	 3.551281e-05 	 2.202821e+07 	
1.22780990e+06 	 3.539790e-05 	 2.201990e+07 	
1.22790995e+06 	 3.528414e-05 	 2.201159e+07 	
1.22801001e+06 	 3.517150e-05 	 2.200330e+07 	
1.22811006e+06 	 3.505997e-05 	 2.199502e+07 	
1.22821011e+06 	 3.495130e-05 	 2.198673e+07 	
1.22831016e+06 	 3.484194e-05 	 2.197848e+07 	
1.22841021e+06 	 3.473362e-05 	 2.197024e+07 	
1.22851026e+06 	 3.462633e-05 	 2.196201e+07 	
1.22861031e+06 	 3.452004e-05 	 2.195379e+07 	
1.22871036e+06 	 3.441473e-05 	 2.194559e+07 	
1.22881041e+06 	 3.431039e-05 	 2.193740e+07 	
1.22891046e+06 	 3.420700e-05 	 2.192921e+07 	
1.22901051e+06 	 3.410453e-05 	 2.192104e+07 	
1.22911056e+06 	 3.400298e-05 	 2.191288e+07 	
1.22921061e+06 	 3.390231e-05 	 2.190474e+07 	
1.22931066e+06 	 3.380253e-05 	 2.189660e+07 	
1.22941071e+06 	 3.370360e-05 	 2.188847e+07 	
1.22951076e+06 	 3.360552e-05 	 2.188036e+07 	
1.22961081e+06 	 3.350827e-05 	 2.187225e+07 	
1.22971086e+06 	 3.341183e-05 	 2.186416e+07 	
1.22981091e+06 	 3.331618e-05 	 2.185607e+07 	
1.22991096e+06 	 3.322132e-05 	 2.184800e+07 	
1.23001101e+06 	 3.312723e-05 	 2.183993e+07 	
1.23011106e+06 	 3.303389e-05 	 2.183188e+07 	
1.23021111e+06 	 3.294129e-05 	 2.182383e+07 	
1.23031116e+06 	 3.284942e-05 	 2.181580e+07 	
1.23041121e+06 	 3.275826e-05 	 2.180777e+07 	
1.23051126e+06 	 3.266781e-05 	 2.179975e+07 	
1.23061131e+06 	 3.257803e-05 	 2.179174e+07 	
1.23071136e+06 	 3.248894e-05 	 2.178375e+07 	
1.23081141e+06 	 3.240050e-05 	 2.177576e+07 	
1.23091146e+06 	 3.231272e-05 	 2.176778e+07 	
1.23101151e+06 	 3.222558e-05 	 2.175980e+07 	
1.23111156e+06 	 3.213906e-05 	 2.175184e+07 	
1.23121161e+06 	 3.205316e-05 	 2.174388e+07 	
1.23131166e+06 	 3.196786e-05 	 2.173594e+07 	
1.23141171e+06 	 3.188316e-05 	 2.172800e+07 	
1.23151176e+06 	 3.179904e-05 	 2.172007e+07 	
1.23161181e+06 	 3.171549e-05 	 2.171215e+07 	
1.23171186e+06 	 3.163251e-05 	 2.170423e+07 	
1.23181191e+06 	 3.155008e-05 	 2.169633e+07 	
1.23191196e+06 	 3.146819e-05 	 2.168843e+07 	
1.23201201e+06 	 3.138683e-05 	 2.168054e+07 	
1.23211206e+06 	 3.130600e-05 	 2.167266e+07 	
1.23221211e+06 	 3.122413e-05 	 2.166481e+07 	
1.23231216e+06 	 3.114429e-05 	 2.165694e+07 	
1.23241221e+06 	 3.106495e-05 	 2.164908e+07 	
1.23251226e+06 	 3.098610e-05 	 2.164123e+07 	
1.23261231e+06 	 3.090773e-05 	 2.163338e+07 	
1.23271236e+06 	 3.082983e-05 	 2.162554e+07 	
1.23281241e+06 	 3.075240e-05 	 2.161771e+07 	
1.23291246e+06 	 3.067542e-05 	 2.160989e+07 	
1.23301251e+06 	 3.059888e-05 	 2.160207e+07 	
1.23311256e+06 	 3.052278e-05 	 2.159426e+07 	
1.23321261e+06 	 3.044712e-05 	 2.158646e+07 	
1.23331266e+06 	 3.037188e-05 	 2.157866e+07 	
1.23341271e+06 	 3.029706e-05 	 2.157087e+07 	
1.23351276e+06 	 3.022264e-05 	 2.156309e+07 	
1.23361281e+06 	 3.014863e-05 	 2.155531e+07 	
1.23371286e+06 	 3.007501e-05 	 2.154754e+07 	
1.23381291e+06 	 3.000179e-05 	 2.153978e+07 	
1.23391296e+06 	 2.992894e-05 	 2.153202e+07 	
1.23401301e+06 	 2.985648e-05 	 2.152427e+07 	
1.23411306e+06 	 2.978438e-05 	 2.151652e+07 	
1.23421311e+06 	 2.971264e-05 	 2.150878e+07 	
1.23431316e+06 	 2.964126e-05 	 2.150105e+07 	
1.23441321e+06 	 2.957024e-05 	 2.149332e+07 	
1.23451326e+06 	 2.949955e-05 	 2.148560e+07 	
1.23461331e+06 	 2.942921e-05 	 2.147788e+07 	
1.23471336e+06 	 2.935920e-05 	 2.147017e+07 	
1.23481341e+06 	 2.928952e-05 	 2.146247e+07 	
1.23491346e+06 	 2.922017e-05 	 2.145477e+07 	
1.23501351e+06 	 2.915113e-05 	 2.144708e+07 	
1.23511356e+06 	 2.908240e-05 	 2.143939e+07 	
1.23521361e+06 	 2.901398e-05 	 2.143171e+07 	
1.23531366e+06 	 2.894586e-05 	 2.142403e+07 	
1.23541371e+06 	 2.887804e-05 	 2.141636e+07 	
1.23551376e+06 	 2.881051e-05 	 2.140870e+07 	
1.23561381e+06 	 2.874327e-05 	 2.140104e+07 	
1.23571386e+06 	 2.867631e-05 	 2.139338e+07 	
1.23581391e+06 	 2.860963e-05 	 2.138573e+07 	
1.23591396e+06 	 2.854322e-05 	 2.137809e+07 	
1.23601401e+06 	 2.847708e-05 	 2.137045e+07 	
1.23611406e+06 	 2.841120e-05 	 2.136282e+07 	
1.23621411e+06 	 2.834415e-05 	 2.135521e+07 	
1.23631416e+06 	 2.827877e-05 	 2.134759e+07 	
1.23641421e+06 	 2.821364e-05 	 2.133997e+07 	
1.23651426e+06 	 2.814876e-05 	 2.133236e+07 	
1.23661431e+06 	 2.808412e-05 	 2.132475e+07 	
1.23671436e+06 	 2.801973e-05 	 2.131714e+07 	
1.23681441e+06 	 2.795556e-05 	 2.130955e+07 	
1.23691446e+06 	 2.789163e-05 	 2.130195e+07 	
1.23701451e+06 	 2.782793e-05 	 2.129436e+07 	
1.23711456e+06 	 2.776445e-05 	 2.128678e+07 	
1.23721461e+06 	 2.770120e-05 	 2.127920e+07 	
1.23731466e+06 	 2.763816e-05 	 2.127162e+07 	
1.23741471e+06 	 2.757533e-05 	 2.126405e+07 	
1.23751476e+06 	 2.751272e-05 	 2.125648e+07 	
1.23761481e+06 	 2.745031e-05 	 2.124892e+07 	
1.23771486e+06 	 2.738811e-05 	 2.124137e+07 	
1.23781491e+06 	 2.732610e-05 	 2.123381e+07 	
1.23791496e+06 	 2.726430e-05 	 2.122626e+07 	
1.23801501e+06 	 2.720269e-05 	 2.121872e+07 	
1.23811506e+06 	 2.714127e-05 	 2.121118e+07 	
1.23821511e+06 	 2.708004e-05 	 2.120365e+07 	
1.23831516e+06 	 2.701899e-05 	 2.119611e+07 	
1.23841521e+06 	 2.695813e-05 	 2.118859e+07 	
1.23851526e+06 	 2.689745e-05 	 2.118107e+07 	
1.23861531e+06 	 2.683694e-05 	 2.117355e+07 	
1.23871536e+06 	 2.677661e-05 	 2.116603e+07 	
1.23881541e+06 	 2.671645e-05 	 2.115852e+07 	
1.23891546e+06 	 2.665646e-05 	 2.115102e+07 	
1.23901551e+06 	 2.659664e-05 	 2.114352e+07 	
1.23911556e+06 	 2.653698e-05 	 2.113602e+07 	
1.23921561e+06 	 2.647748e-05 	 2.112852e+07 	
1.23931566e+06 	 2.641813e-05 	 2.112103e+07 	
1.23941571e+06 	 2.635895e-05 	 2.111355e+07 	
1.23951576e+06 	 2.629992e-05 	 2.110607e+07 	
1.23961581e+06 	 2.624104e-05 	 2.109859e+07 	
1.23971586e+06 	 2.618231e-05 	 2.109112e+07 	
1.23981591e+06 	 2.612373e-05 	 2.108365e+07 	
1.23991596e+06 	 2.606529e-05 	 2.107618e+07 	
1.24001601e+06 	 2.600699e-05 	 2.106872e+07 	
1.24011606e+06 	 2.595014e-05 	 2.106124e+07 	
1.24021611e+06 	 2.589215e-05 	 2.105378e+07 	
1.24031616e+06 	 2.583429e-05 	 2.104633e+07 	
1.24041621e+06 	 2.577656e-05 	 2.103888e+07 	
1.24051626e+06 	 2.571897e-05 	 2.103144e+07 	
1.24061631e+06 	 2.566150e-05 	 2.102400e+07 	
1.24071636e+06 	 2.560417e-05 	 2.101656e+07 	
1.24081641e+06 	 2.554696e-05 	 2.100913e+07 	
1.24091646e+06 	 2.548988e-05 	 2.100170e+07 	
1.24101651e+06 	 2.543292e-05 	 2.099428e+07 	
1.24111656e+06 	 2.537608e-05 	 2.098686e+07 	
1.24121661e+06 	 2.531936e-05 	 2.097944e+07 	
1.24131666e+06 	 2.526276e-05 	 2.097203e+07 	
1.24141671e+06 	 2.520627e-05 	 2.096461e+07 	
1.24151676e+06 	 2.514990e-05 	 2.095721e+07 	
1.24161681e+06 	 2.509364e-05 	 2.094980e+07 	
1.24171686e+06 	 2.503749e-05 	 2.094240e+07 	
1.24181691e+06 	 2.498145e-05 	 2.093501e+07 	
1.24191696e+06 	 2.492551e-05 	 2.092761e+07 	
1.24201701e+06 	 2.486969e-05 	 2.092022e+07 	
1.24211706e+06 	 2.481396e-05 	 2.091284e+07 	
1.24221711e+06 	 2.475834e-05 	 2.090546e+07 	
1.24231716e+06 	 2.470282e-05 	 2.089808e+07 	
1.24241721e+06 	 2.464741e-05 	 2.089070e+07 	
1.24251726e+06 	 2.459209e-05 	 2.088333e+07 	
1.24261731e+06 	 2.453686e-05 	 2.087596e+07 	
1.24271736e+06 	 2.448174e-05 	 2.086859e+07 	
1.24281741e+06 	 2.442670e-05 	 2.086123e+07 	
1.24291746e+06 	 2.437176e-05 	 2.085387e+07 	
1.24301751e+06 	 2.431692e-05 	 2.084652e+07 	
1.24311756e+06 	 2.426216e-05 	 2.083916e+07 	
1.24321761e+06 	 2.420749e-05 	 2.083181e+07 	
1.24331766e+06 	 2.415291e-05 	 2.082447e+07 	
1.24341771e+06 	 2.409842e-05 	 2.081713e+07 	
1.24351776e+06 	 2.404401e-05 	 2.080979e+07 	
1.24361781e+06 	 2.398968e-05 	 2.080245e+07 	
1.24371786e+06 	 2.393544e-05 	 2.079512e+07 	
1.24381791e+06 	 2.388128e-05 	 2.078779e+07 	
1.24391796e+06 	 2.382720e-05 	 2.078046e+07 	
1.24401801e+06 	 2.377439e-05 	 2.077312e+07 	
1.24411806e+06 	 2.372049e-05 	 2.076580e+07 	
1.24421811e+06 	 2.366666e-05 	 2.075848e+07 	
1.24431816e+06 	 2.361291e-05 	 2.075117e+07 	
1.24441821e+06 	 2.355924e-05 	 2.074386e+07 	
1.24451826e+06 	 2.350564e-05 	 2.073655e+07 	
1.24461831e+06 	 2.345211e-05 	 2.072925e+07 	
1.24471836e+06 	 2.339866e-05 	 2.072194e+07 	
1.24481841e+06 	 2.334528e-05 	 2.071465e+07 	
1.24491846e+06 	 2.329196e-05 	 2.070735e+07 	
1.24501851e+06 	 2.323872e-05 	 2.070006e+07 	
1.24511856e+06 	 2.318554e-05 	 2.069277e+07 	
1.24521861e+06 	 2.313244e-05 	 2.068549e+07 	
1.24531866e+06 	 2.307940e-05 	 2.067820e+07 	
1.24541871e+06 	 2.302642e-05 	 2.067092e+07 	
1.24551876e+06 	 2.297351e-05 	 2.066365e+07 	
1.24561881e+06 	 2.292066e-05 	 2.065637e+07 	
1.24571886e+06 	 2.286788e-05 	 2.064910e+07 	
1.24581891e+06 	 2.281516e-05 	 2.064184e+07 	
1.24591896e+06 	 2.276250e-05 	 2.063457e+07 	
1.24601901e+06 	 2.270990e-05 	 2.062731e+07 	
1.24611906e+06 	 2.265736e-05 	 2.062006e+07 	
1.24621911e+06 	 2.260488e-05 	 2.061280e+07 	
1.24631916e+06 	 2.255245e-05 	 2.060555e+07 	
1.24641921e+06 	 2.250009e-05 	 2.059830e+07 	
1.24651926e+06 	 2.244778e-05 	 2.059105e+07 	
1.24661931e+06 	 2.239552e-05 	 2.058381e+07 	
1.24671936e+06 	 2.234333e-05 	 2.057657e+07 	
1.24681941e+06 	 2.229118e-05 	 2.056934e+07 	
1.24691946e+06 	 2.223909e-05 	 2.056210e+07 	
1.24701951e+06 	 2.218705e-05 	 2.055487e+07 	
1.24711956e+06 	 2.213506e-05 	 2.054764e+07 	
1.24721961e+06 	 2.208313e-05 	 2.054042e+07 	
1.24731966e+06 	 2.203125e-05 	 2.053320e+07 	
1.24741971e+06 	 2.197941e-05 	 2.052598e+07 	
1.24751976e+06 	 2.192763e-05 	 2.051876e+07 	
1.24761981e+06 	 2.187589e-05 	 2.051155e+07 	
1.24771986e+06 	 2.182420e-05 	 2.050434e+07 	
1.24781991e+06 	 2.177256e-05 	 2.049713e+07 	
1.24791996e+06 	 2.172097e-05 	 2.048993e+07 	
1.24802001e+06 	 2.167052e-05 	 2.048271e+07 	
1.24812006e+06 	 2.161903e-05 	 2.047551e+07 	
1.24822011e+06 	 2.156759e-05 	 2.046831e+07 	
1.24832016e+06 	 2.151619e-05 	 2.046112e+07 	
1.24842021e+06 	 2.146484e-05 	 2.045393e+07 	
1.24852026e+06 	 2.141353e-05 	 2.044674e+07 	
1.24862031e+06 	 2.136227e-05 	 2.043956e+07 	
1.24872036e+06 	 2.131104e-05 	 2.043238e+07 	
1.24882041e+06 	 2.125986e-05 	 2.042520e+07 	
1.24892046e+06 	 2.120872e-05 	 2.041803e+07 	
1.24902051e+06 	 2.115762e-05 	 2.041086e+07 	
1.24912056e+06 	 2.110656e-05 	 2.040369e+07 	
1.24922061e+06 	 2.105554e-05 	 2.039652e+07 	
1.24932066e+06 	 2.100456e-05 	 2.038936e+07 	
1.24942071e+06 	 2.095362e-05 	 2.038220e+07 	
1.24952076e+06 	 2.090271e-05 	 2.037504e+07 	
1.24962081e+06 	 2.085185e-05 	 2.036789e+07 	
1.24972086e+06 	 2.080102e-05 	 2.036074e+07 	
1.24982091e+06 	 2.075022e-05 	 2.035359e+07 	
1.24992096e+06 	 2.069947e-05 	 2.034644e+07 	
1.25002101e+06 	 2.064874e-05 	 2.033930e+07 	
1.25012106e+06 	 2.059806e-05 	 2.033216e+07 	
1.25022111e+06 	 2.054741e-05 	 2.032502e+07 	
1.25032116e+06 	 2.049679e-05 	 2.031789e+07 	
1.25042121e+06 	 2.044620e-05 	 2.031076e+07 	
1.25052126e+06 	 2.039565e-05 	 2.030363e+07 	
1.25062131e+06 	 2.034514e-05 	 2.029650e+07 	
1.25072136e+06 	 2.029465e-05 	 2.028938e+07 	
1.25082141e+06 	 2.024420e-05 	 2.028226e+07 	
1.25092146e+06 	 2.019378e-05 	 2.027515e+07 	
1.25102151e+06 	 2.014339e-05 	 2.026803e+07 	
1.25112156e+06 	 2.009303e-05 	 2.026092e+07 	
1.25122161e+06 	 2.004270e-05 	 2.025381e+07 	
1.25132166e+06 	 1.999240e-05 	 2.024671e+07 	
1.25142171e+06 	 1.994213e-05 	 2.023961e+07 	
1.25152176e+06 	 1.989189e-05 	 2.023251e+07 	
1.25162181e+06 	 1.984168e-05 	 2.022541e+07 	
1.25172186e+06 	 1.979149e-05 	 2.021832e+07 	
1.25182191e+06 	 1.974134e-05 	 2.021123e+07 	
1.25192196e+06 	 1.969220e-05 	 2.020412e+07 	
1.25202201e+06 	 1.964212e-05 	 2.019704e+07 	
1.25212206e+06 	 1.959206e-05 	 2.018995e+07 	
1.25222211e+06 	 1.954203e-05 	 2.018288e+07 	
1.25232216e+06 	 1.949202e-05 	 2.017580e+07 	
1.25242221e+06 	 1.944205e-05 	 2.016873e+07 	
1.25252226e+06 	 1.939209e-05 	 2.016166e+07 	
1.25262231e+06 	 1.934216e-05 	 2.015459e+07 	
1.25272236e+06 	 1.929226e-05 	 2.014753e+07 	
1.25282241e+06 	 1.924238e-05 	 2.014046e+07 	
1.25292246e+06 	 1.919253e-05 	 2.013341e+07 	
1.25302251e+06 	 1.914270e-05 	 2.012635e+07 	
1.25312256e+06 	 1.909290e-05 	 2.011930e+07 	
1.25322261e+06 	 1.904311e-05 	 2.011225e+07 	
1.25332266e+06 	 1.899336e-05 	 2.010520e+07 	
1.25342271e+06 	 1.894362e-05 	 2.009816e+07 	
1.25352276e+06 	 1.889390e-05 	 2.009112e+07 	
1.25362281e+06 	 1.884421e-05 	 2.008408e+07 	
1.25372286e+06 	 1.879454e-05 	 2.007705e+07 	
1.25382291e+06 	 1.874490e-05 	 2.007001e+07 	
1.25392296e+06 	 1.869527e-05 	 2.006299e+07 	
1.25402301e+06 	 1.864566e-05 	 2.005596e+07 	
1.25412306e+06 	 1.859608e-05 	 2.004894e+07 	
1.25422311e+06 	 1.854651e-05 	 2.004192e+07 	
1.25432316e+06 	 1.849697e-05 	 2.003490e+07 	
1.25442321e+06 	 1.844744e-05 	 2.002789e+07 	
1.25452326e+06 	 1.839794e-05 	 2.002088e+07 	
1.25462331e+06 	 1.834845e-05 	 2.001387e+07 	
1.25472336e+06 	 1.829898e-05 	 2.000686e+07 	
1.25482341e+06 	 1.824954e-05 	 1.999986e+07 	
1.25492346e+06 	 1.820011e-05 	 1.999286e+07 	
1.25502351e+06 	 1.815069e-05 	 1.998587e+07 	
1.25512356e+06 	 1.810130e-05 	 1.997888e+07 	
1.25522361e+06 	 1.805192e-05 	 1.997189e+07 	
1.25532366e+06 	 1.800256e-05 	 1.996490e+07 	
1.25542371e+06 	 1.795322e-05 	 1.995792e+07 	
1.25552376e+06 	 1.790390e-05 	 1.995094e+07 	
1.25562381e+06 	 1.785459e-05 	 1.994396e+07 	
1.25572386e+06 	 1.780530e-05 	 1.993698e+07 	
1.25582391e+06 	 1.775513e-05 	 1.993003e+07 	
1.25592396e+06 	 1.770586e-05 	 1.992307e+07 	
1.25602401e+06 	 1.765660e-05 	 1.991610e+07 	
1.25612406e+06 	 1.760736e-05 	 1.990914e+07 	
1.25622411e+06 	 1.755814e-05 	 1.990218e+07 	
1.25632416e+06 	 1.750892e-05 	 1.989523e+07 	
1.25642421e+06 	 1.745973e-05 	 1.988827e+07 	
1.25652426e+06 	 1.741054e-05 	 1.988132e+07 	
1.25662431e+06 	 1.736137e-05 	 1.987438e+07 	
1.25672436e+06 	 1.731222e-05 	 1.986744e+07 	
1.25682441e+06 	 1.726307e-05 	 1.986050e+07 	
1.25692446e+06 	 1.721395e-05 	 1.985356e+07 	
1.25702451e+06 	 1.716483e-05 	 1.984663e+07 	
1.25712456e+06 	 1.711573e-05 	 1.983969e+07 	
1.25722461e+06 	 1.706664e-05 	 1.983277e+07 	
1.25732466e+06 	 1.701756e-05 	 1.982584e+07 	
1.25742471e+06 	 1.696850e-05 	 1.981892e+07 	
1.25752476e+06 	 1.691945e-05 	 1.981201e+07 	
1.25762481e+06 	 1.687040e-05 	 1.980509e+07 	
1.25772486e+06 	 1.682138e-05 	 1.979818e+07 	
1.25782491e+06 	 1.677236e-05 	 1.979127e+07 	
1.25792496e+06 	 1.672335e-05 	 1.978437e+07 	
1.25802501e+06 	 1.667436e-05 	 1.977746e+07 	
1.25812506e+06 	 1.662537e-05 	 1.977057e+07 	
1.25822511e+06 	 1.657640e-05 	 1.976367e+07 	
1.25832516e+06 	 1.652744e-05 	 1.975678e+07 	
1.25842521e+06 	 1.647848e-05 	 1.974989e+07 	
1.25852526e+06 	 1.642954e-05 	 1.974301e+07 	
1.25862531e+06 	 1.638061e-05 	 1.973612e+07 	
1.25872536e+06 	 1.633169e-05 	 1.972924e+07 	
1.25882541e+06 	 1.628277e-05 	 1.972237e+07 	
1.25892546e+06 	 1.623387e-05 	 1.971550e+07 	
1.25902551e+06 	 1.618497e-05 	 1.970863e+07 	
1.25912556e+06 	 1.613609e-05 	 1.970176e+07 	
1.25922561e+06 	 1.608721e-05 	 1.969490e+07 	
1.25932566e+06 	 1.603834e-05 	 1.968804e+07 	
1.25942571e+06 	 1.598948e-05 	 1.968119e+07 	
1.25952576e+06 	 1.594063e-05 	 1.967433e+07 	
1.25962581e+06 	 1.589179e-05 	 1.966749e+07 	
1.25972586e+06 	 1.584295e-05 	 1.966064e+07 	
1.25982591e+06 	 1.579493e-05 	 1.965378e+07 	
1.25992596e+06 	 1.574612e-05 	 1.964694e+07 	
1.26002601e+06 	 1.569732e-05 	 1.964010e+07 	
1.26012606e+06 	 1.564853e-05 	 1.963327e+07 	
1.26022611e+06 	 1.559974e-05 	 1.962644e+07 	
1.26032616e+06 	 1.555096e-05 	 1.961962e+07 	
1.26042621e+06 	 1.550219e-05 	 1.961279e+07 	
1.26052626e+06 	 1.545343e-05 	 1.960598e+07 	
1.26062631e+06 	 1.540467e-05 	 1.959916e+07 	
1.26072636e+06 	 1.535592e-05 	 1.959235e+07 	
1.26082641e+06 	 1.530717e-05 	 1.958554e+07 	
1.26092646e+06 	 1.525843e-05 	 1.957874e+07 	
1.26102651e+06 	 1.520970e-05 	 1.957194e+07 	
1.26112656e+06 	 1.516097e-05 	 1.956514e+07 	
1.26122661e+06 	 1.511225e-05 	 1.955835e+07 	
1.26132666e+06 	 1.506354e-05 	 1.955156e+07 	
1.26142671e+06 	 1.501483e-05 	 1.954477e+07 	
1.26152676e+06 	 1.496612e-05 	 1.953799e+07 	
1.26162681e+06 	 1.491743e-05 	 1.953121e+07 	
1.26172686e+06 	 1.486873e-05 	 1.952443e+07 	
1.26182691e+06 	 1.482004e-05 	 1.951766e+07 	
1.26192696e+06 	 1.477136e-05 	 1.951089e+07 	
1.26202701e+06 	 1.472268e-05 	 1.950413e+07 	
1.26212706e+06 	 1.467401e-05 	 1.949737e+07 	
1.26222711e+06 	 1.462534e-05 	 1.949061e+07 	
1.26232716e+06 	 1.457667e-05 	 1.948386e+07 	
1.26242721e+06 	 1.452801e-05 	 1.947711e+07 	
1.26252726e+06 	 1.447935e-05 	 1.947036e+07 	
1.26262731e+06 	 1.443070e-05 	 1.946362e+07 	
1.26272736e+06 	 1.438205e-05 	 1.945688e+07 	
1.26282741e+06 	 1.433341e-05 	 1.945015e+07 	
1.26292746e+06 	 1.428477e-05 	 1.944342e+07 	
1.26302751e+06 	 1.423613e-05 	 1.943669e+07 	
1.26312756e+06 	 1.418749e-05 	 1.942997e+07 	
1.26322761e+06 	 1.413886e-05 	 1.942325e+07 	
1.26332766e+06 	 1.409024e-05 	 1.941653e+07 	
1.26342771e+06 	 1.404161e-05 	 1.940982e+07 	
1.26352776e+06 	 1.399299e-05 	 1.940311e+07 	
1.26362781e+06 	 1.394437e-05 	 1.939641e+07 	
1.26372786e+06 	 1.389505e-05 	 1.938973e+07 	
1.26382791e+06 	 1.384643e-05 	 1.938304e+07 	
1.26392796e+06 	 1.379781e-05 	 1.937635e+07 	
1.26402801e+06 	 1.374920e-05 	 1.936966e+07 	
1.26412806e+06 	 1.370058e-05 	 1.936297e+07 	
1.26422811e+06 	 1.365197e-05 	 1.935630e+07 	
1.26432816e+06 	 1.360336e-05 	 1.934962e+07 	
1.26442821e+06 	 1.355476e-05 	 1.934295e+07 	
1.26452826e+06 	 1.350615e-05 	 1.933628e+07 	
1.26462831e+06 	 1.345755e-05 	 1.932962e+07 	
1.26472836e+06 	 1.340895e-05 	 1.932296e+07 	
1.26482841e+06 	 1.336035e-05 	 1.931631e+07 	
1.26492846e+06 	 1.331175e-05 	 1.930965e+07 	
1.26502851e+06 	 1.326316e-05 	 1.930301e+07 	
1.26512856e+06 	 1.321457e-05 	 1.929637e+07 	
1.26522861e+06 	 1.316598e-05 	 1.928973e+07 	
1.26532866e+06 	 1.311739e-05 	 1.928309e+07 	
1.26542871e+06 	 1.306880e-05 	 1.927646e+07 	
1.26552876e+06 	 1.302021e-05 	 1.926984e+07 	
1.26562881e+06 	 1.297163e-05 	 1.926322e+07 	
1.26572886e+06 	 1.292305e-05 	 1.925660e+07 	
1.26582891e+06 	 1.287447e-05 	 1.924999e+07 	
1.26592896e+06 	 1.282589e-05 	 1.924338e+07 	
1.26602901e+06 	 1.277731e-05 	 1.923678e+07 	
1.26612906e+06 	 1.272873e-05 	 1.923018e+07 	
1.26622911e+06 	 1.268016e-05 	 1.922358e+07 	
1.26632916e+06 	 1.263159e-05 	 1.921699e+07 	
1.26642921e+06 	 1.258302e-05 	 1.921041e+07 	
1.26652926e+06 	 1.253445e-05 	 1.920383e+07 	
1.26662931e+06 	 1.248588e-05 	 1.919725e+07 	
1.26672936e+06 	 1.243731e-05 	 1.919068e+07 	
1.26682941e+06 	 1.238874e-05 	 1.918411e+07 	
1.26692946e+06 	 1.234018e-05 	 1.917755e+07 	
1.26702951e+06 	 1.229162e-05 	 1.917099e+07 	
1.26712956e+06 	 1.224306e-05 	 1.916444e+07 	
1.26722961e+06 	 1.219450e-05 	 1.915789e+07 	
1.26732966e+06 	 1.214594e-05 	 1.915134e+07 	
1.26742971e+06 	 1.209738e-05 	 1.914480e+07 	
1.26752976e+06 	 1.204883e-05 	 1.913827e+07 	
1.26762981e+06 	 1.199966e-05 	 1.913176e+07 	
1.26772986e+06 	 1.195110e-05 	 1.912524e+07 	
1.26782991e+06 	 1.190254e-05 	 1.911872e+07 	
1.26792996e+06 	 1.185399e-05 	 1.911220e+07 	
1.26803002e+06 	 1.180543e-05 	 1.910569e+07 	
1.26813007e+06 	 1.175688e-05 	 1.909919e+07 	
1.26823012e+06 	 1.170833e-05 	 1.909269e+07 	
1.26833017e+06 	 1.165978e-05 	 1.908619e+07 	
1.26843022e+06 	 1.161123e-05 	 1.907970e+07 	
1.26853027e+06 	 1.156268e-05 	 1.907322e+07 	
1.26863032e+06 	 1.151414e-05 	 1.906674e+07 	
1.26873037e+06 	 1.146560e-05 	 1.906026e+07 	
1.26883042e+06 	 1.141706e-05 	 1.905379e+07 	
1.26893047e+06 	 1.136852e-05 	 1.904733e+07 	
1.26903052e+06 	 1.131999e-05 	 1.904087e+07 	
1.26913057e+06 	 1.127146e-05 	 1.903441e+07 	
1.26923062e+06 	 1.122293e-05 	 1.902796e+07 	
1.26933067e+06 	 1.117440e-05 	 1.902152e+07 	
1.26943072e+06 	 1.112588e-05 	 1.901508e+07 	
1.26953077e+06 	 1.107736e-05 	 1.900865e+07 	
1.26963082e+06 	 1.102884e-05 	 1.900222e+07 	
1.26973087e+06 	 1.098033e-05 	 1.899580e+07 	
1.26983092e+06 	 1.093182e-05 	 1.898938e+07 	
1.26993097e+06 	 1.088331e-05 	 1.898297e+07 	
1.27003102e+06 	 1.083481e-05 	 1.897656e+07 	
1.27013107e+06 	 1.078631e-05 	 1.897016e+07 	
1.27023112e+06 	 1.073781e-05 	 1.896377e+07 	
1.27033117e+06 	 1.068932e-05 	 1.895738e+07 	
1.27043122e+06 	 1.064083e-05 	 1.895099e+07 	
1.27053127e+06 	 1.059235e-05 	 1.894462e+07 	
1.27063132e+06 	 1.054387e-05 	 1.893824e+07 	
1.27073137e+06 	 1.049540e-05 	 1.893188e+07 	
1.27083142e+06 	 1.044694e-05 	 1.892552e+07 	
1.27093147e+06 	 1.039848e-05 	 1.891916e+07 	
1.27103152e+06 	 1.035002e-05 	 1.891281e+07 	
1.27113157e+06 	 1.030157e-05 	 1.890647e+07 	
1.27123162e+06 	 1.025313e-05 	 1.890013e+07 	
1.27133167e+06 	 1.020469e-05 	 1.889380e+07 	
1.27143172e+06 	 1.015575e-05 	 1.888750e+07 	
1.27153177e+06 	 1.010732e-05 	 1.888118e+07 	
1.27163182e+06 	 1.005890e-05 	 1.887486e+07 	
1.27173187e+06 	 1.001048e-05 	 1.886856e+07 	
1.27183192e+06 	 9.962071e-06 	 1.886226e+07 	
1.27193197e+06 	 9.913671e-06 	 1.885596e+07 	
1.27203202e+06 	 9.865278e-06 	 1.884967e+07 	
1.27213207e+06 	 9.816894e-06 	 1.884339e+07 	
1.27223212e+06 	 9.768519e-06 	 1.883712e+07 	
1.27233217e+06 	 9.720153e-06 	 1.883085e+07 	
1.27243222e+06 	 9.671797e-06 	 1.882458e+07 	
1.27253227e+06 	 9.623450e-06 	 1.881833e+07 	
1.27263232e+06 	 9.575113e-06 	 1.881208e+07 	
1.27273237e+06 	 9.526787e-06 	 1.880584e+07 	
1.27283242e+06 	 9.478472e-06 	 1.879960e+07 	
1.27293247e+06 	 9.430168e-06 	 1.879337e+07 	
1.27303252e+06 	 9.381875e-06 	 1.878714e+07 	
1.27313257e+06 	 9.333595e-06 	 1.878093e+07 	
1.27323262e+06 	 9.285326e-06 	 1.877472e+07 	
1.27333267e+06 	 9.237071e-06 	 1.876851e+07 	
1.27343272e+06 	 9.188829e-06 	 1.876232e+07 	
1.27353277e+06 	 9.140600e-06 	 1.875613e+07 	
1.27363282e+06 	 9.092386e-06 	 1.874995e+07 	
1.27373287e+06 	 9.044186e-06 	 1.874377e+07 	
1.27383292e+06 	 8.996001e-06 	 1.873760e+07 	
1.27393297e+06 	 8.947832e-06 	 1.873144e+07 	
1.27403302e+06 	 8.899678e-06 	 1.872529e+07 	
1.27413307e+06 	 8.851541e-06 	 1.871914e+07 	
1.27423312e+06 	 8.803421e-06 	 1.871300e+07 	
1.27433317e+06 	 8.755318e-06 	 1.870687e+07 	
1.27443322e+06 	 8.707233e-06 	 1.870074e+07 	
1.27453327e+06 	 8.659166e-06 	 1.869462e+07 	
1.27463332e+06 	 8.611119e-06 	 1.868851e+07 	
1.27473337e+06 	 8.563091e-06 	 1.868241e+07 	
1.27483342e+06 	 8.515083e-06 	 1.867631e+07 	
1.27493347e+06 	 8.467096e-06 	 1.867023e+07 	
1.27503352e+06 	 8.419130e-06 	 1.866415e+07 	
1.27513357e+06 	 8.371186e-06 	 1.865807e+07 	
1.27523362e+06 	 8.323264e-06 	 1.865201e+07 	
1.27533367e+06 	 8.274948e-06 	 1.864597e+07 	
1.27543372e+06 	 8.227068e-06 	 1.863992e+07 	
1.27553377e+06 	 8.179213e-06 	 1.863388e+07 	
1.27563382e+06 	 8.131382e-06 	 1.862785e+07 	
1.27573387e+06 	 8.083577e-06 	 1.862182e+07 	
1.27583392e+06 	 8.035799e-06 	 1.861581e+07 	
1.27593397e+06 	 7.988047e-06 	 1.860980e+07 	
1.27603402e+06 	 7.940323e-06 	 1.860380e+07 	
1.27613407e+06 	 7.892628e-06 	 1.859780e+07 	
1.27623412e+06 	 7.844962e-06 	 1.859182e+07 	
1.27633417e+06 	 7.797326e-06 	 1.858584e+07 	
1.27643422e+06 	 7.749720e-06 	 1.857988e+07 	
1.27653427e+06 	 7.702146e-06 	 1.857392e+07 	
1.27663432e+06 	 7.654604e-06 	 1.856797e+07 	
1.27673437e+06 	 7.607095e-06 	 1.856203e+07 	
1.27683442e+06 	 7.559620e-06 	 1.855609e+07 	
1.27693447e+06 	 7.512180e-06 	 1.855017e+07 	
1.27703452e+06 	 7.464775e-06 	 1.854425e+07 	
1.27713457e+06 	 7.417407e-06 	 1.853835e+07 	
1.27723462e+06 	 7.370076e-06 	 1.853245e+07 	
1.27733467e+06 	 7.322782e-06 	 1.852656e+07 	
1.27743472e+06 	 7.275528e-06 	 1.852068e+07 	
1.27753477e+06 	 7.228314e-06 	 1.851481e+07 	
1.27763482e+06 	 7.181140e-06 	 1.850895e+07 	
1.27773487e+06 	 7.134008e-06 	 1.850309e+07 	
1.27783492e+06 	 7.086919e-06 	 1.849725e+07 	
1.27793497e+06 	 7.039874e-06 	 1.849142e+07 	
1.27803502e+06 	 6.992873e-06 	 1.848559e+07 	
1.27813507e+06 	 6.945918e-06 	 1.847978e+07 	
1.27823512e+06 	 6.899009e-06 	 1.847397e+07 	
1.27833517e+06 	 6.852149e-06 	 1.846818e+07 	
1.27843522e+06 	 6.805336e-06 	 1.846239e+07 	
1.27853527e+06 	 6.758574e-06 	 1.845661e+07 	
1.27863532e+06 	 6.711862e-06 	 1.845085e+07 	
1.27873537e+06 	 6.665202e-06 	 1.844509e+07 	
1.27883542e+06 	 6.618595e-06 	 1.843934e+07 	
1.27893547e+06 	 6.572043e-06 	 1.843361e+07 	
1.27903552e+06 	 6.525545e-06 	 1.842788e+07 	
1.27913557e+06 	 6.478778e-06 	 1.842219e+07 	
1.27923562e+06 	 6.432391e-06 	 1.841648e+07 	
1.27933567e+06 	 6.386062e-06 	 1.841079e+07 	
1.27943572e+06 	 6.339794e-06 	 1.840510e+07 	
1.27953577e+06 	 6.293586e-06 	 1.839943e+07 	
1.27963582e+06 	 6.247440e-06 	 1.839376e+07 	
1.27973587e+06 	 6.201358e-06 	 1.838811e+07 	
1.27983592e+06 	 6.155341e-06 	 1.838247e+07 	
1.27993597e+06 	 6.109390e-06 	 1.837683e+07 	
1.28003602e+06 	 6.063505e-06 	 1.837121e+07 	
1.28013607e+06 	 6.017690e-06 	 1.836560e+07 	
1.28023612e+06 	 5.971944e-06 	 1.836000e+07 	
1.28033617e+06 	 5.926270e-06 	 1.835441e+07 	
1.28043622e+06 	 5.880668e-06 	 1.834884e+07 	
1.28053627e+06 	 5.835140e-06 	 1.834327e+07 	
1.28063632e+06 	 5.789687e-06 	 1.833772e+07 	
1.28073637e+06 	 5.744310e-06 	 1.833217e+07 	
1.28083642e+06 	 5.699012e-06 	 1.832664e+07 	
1.28093647e+06 	 5.653793e-06 	 1.832112e+07 	
1.28103652e+06 	 5.608655e-06 	 1.831561e+07 	
1.28113657e+06 	 5.563600e-06 	 1.831012e+07 	
1.28123662e+06 	 5.518628e-06 	 1.830463e+07 	
1.28133667e+06 	 5.473741e-06 	 1.829916e+07 	
1.28143672e+06 	 5.428941e-06 	 1.829370e+07 	
1.28153677e+06 	 5.384229e-06 	 1.828825e+07 	
1.28163682e+06 	 5.339607e-06 	 1.828281e+07 	
1.28173687e+06 	 5.295076e-06 	 1.827738e+07 	
1.28183692e+06 	 5.250638e-06 	 1.827197e+07 	
1.28193697e+06 	 5.206295e-06 	 1.826657e+07 	
1.28203702e+06 	 5.162047e-06 	 1.826118e+07 	
1.28213707e+06 	 5.117896e-06 	 1.825581e+07 	
1.28223712e+06 	 5.073845e-06 	 1.825044e+07 	
1.28233717e+06 	 5.029895e-06 	 1.824509e+07 	
1.28243722e+06 	 4.986046e-06 	 1.823975e+07 	
1.28253727e+06 	 4.942302e-06 	 1.823443e+07 	
1.28263732e+06 	 4.898663e-06 	 1.822912e+07 	
1.28273737e+06 	 4.855132e-06 	 1.822382e+07 	
1.28283742e+06 	 4.811709e-06 	 1.821853e+07 	
1.28293747e+06 	 4.768637e-06 	 1.821324e+07 	
1.28303752e+06 	 4.725440e-06 	 1.820798e+07 	
1.28313757e+06 	 4.682356e-06 	 1.820273e+07 	
1.28323762e+06 	 4.639389e-06 	 1.819750e+07 	
1.28333767e+06 	 4.596539e-06 	 1.819228e+07 	
1.28343772e+06 	 4.553808e-06 	 1.818707e+07 	
1.28353777e+06 	 4.511198e-06 	 1.818188e+07 	
1.28363782e+06 	 4.468711e-06 	 1.817670e+07 	
1.28373787e+06 	 4.426348e-06 	 1.817154e+07 	
1.28383792e+06 	 4.384112e-06 	 1.816639e+07 	
1.28393797e+06 	 4.342003e-06 	 1.816125e+07 	
1.28403802e+06 	 4.300025e-06 	 1.815613e+07 	
1.28413807e+06 	 4.258178e-06 	 1.815102e+07 	
1.28423812e+06 	 4.216465e-06 	 1.814592e+07 	
1.28433817e+06 	 4.174887e-06 	 1.814084e+07 	
1.28443822e+06 	 4.133446e-06 	 1.813578e+07 	
1.28453827e+06 	 4.092144e-06 	 1.813073e+07 	
1.28463832e+06 	 4.050983e-06 	 1.812569e+07 	
1.28473837e+06 	 4.009965e-06 	 1.812067e+07 	
1.28483842e+06 	 3.969091e-06 	 1.811566e+07 	
1.28493847e+06 	 3.928364e-06 	 1.811067e+07 	
1.28503852e+06 	 3.887785e-06 	 1.810569e+07 	
1.28513857e+06 	 3.847356e-06 	 1.810073e+07 	
1.28523862e+06 	 3.807079e-06 	 1.809578e+07 	
1.28533867e+06 	 3.766956e-06 	 1.809085e+07 	
1.28543872e+06 	 3.726989e-06 	 1.808594e+07 	
1.28553877e+06 	 3.687179e-06 	 1.808104e+07 	
1.28563882e+06 	 3.647530e-06 	 1.807615e+07 	
1.28573887e+06 	 3.608041e-06 	 1.807128e+07 	
1.28583892e+06 	 3.568716e-06 	 1.806643e+07 	
1.28593897e+06 	 3.529556e-06 	 1.806159e+07 	
1.28603902e+06 	 3.490563e-06 	 1.805677e+07 	
1.28613907e+06 	 3.451739e-06 	 1.805196e+07 	
1.28623912e+06 	 3.413086e-06 	 1.804717e+07 	
1.28633917e+06 	 3.374606e-06 	 1.804240e+07 	
1.28643922e+06 	 3.336301e-06 	 1.803764e+07 	
1.28653927e+06 	 3.298172e-06 	 1.803290e+07 	
1.28663932e+06 	 3.260222e-06 	 1.802817e+07 	
1.28673937e+06 	 3.222614e-06 	 1.802344e+07 	
1.28683942e+06 	 3.185027e-06 	 1.801875e+07 	
1.28693947e+06 	 3.147625e-06 	 1.801407e+07 	
1.28703952e+06 	 3.110408e-06 	 1.800941e+07 	
1.28713957e+06 	 3.073379e-06 	 1.800477e+07 	
1.28723962e+06 	 3.036539e-06 	 1.800014e+07 	
1.28733967e+06 	 2.999891e-06 	 1.799553e+07 	
1.28743972e+06 	 2.963436e-06 	 1.799094e+07 	
1.28753977e+06 	 2.927176e-06 	 1.798637e+07 	
1.28763982e+06 	 2.891114e-06 	 1.798181e+07 	
1.28773987e+06 	 2.855249e-06 	 1.797727e+07 	
1.28783992e+06 	 2.819586e-06 	 1.797275e+07 	
1.28793997e+06 	 2.784124e-06 	 1.796824e+07 	
1.28804002e+06 	 2.748867e-06 	 1.796375e+07 	
1.28814007e+06 	 2.713815e-06 	 1.795928e+07 	
1.28824012e+06 	 2.678971e-06 	 1.795483e+07 	
1.28834017e+06 	 2.644336e-06 	 1.795040e+07 	
1.28844022e+06 	 2.609912e-06 	 1.794598e+07 	
1.28854027e+06 	 2.575700e-06 	 1.794158e+07 	
1.28864032e+06 	 2.541703e-06 	 1.793720e+07 	
1.28874037e+06 	 2.507922e-06 	 1.793284e+07 	
1.28884042e+06 	 2.474358e-06 	 1.792849e+07 	
1.28894047e+06 	 2.441013e-06 	 1.792417e+07 	
1.28904052e+06 	 2.407889e-06 	 1.791986e+07 	
1.28914057e+06 	 2.374988e-06 	 1.791557e+07 	
1.28924062e+06 	 2.342310e-06 	 1.791130e+07 	
1.28934067e+06 	 2.309858e-06 	 1.790704e+07 	
1.28944072e+06 	 2.277632e-06 	 1.790281e+07 	
1.28954077e+06 	 2.245635e-06 	 1.789860e+07 	
1.28964082e+06 	 2.213868e-06 	 1.789440e+07 	
1.28974087e+06 	 2.182332e-06 	 1.789022e+07 	
1.28984092e+06 	 2.151028e-06 	 1.788606e+07 	
1.28994097e+06 	 2.119959e-06 	 1.788192e+07 	
1.29004102e+06 	 2.089125e-06 	 1.787780e+07 	
1.29014107e+06 	 2.058527e-06 	 1.787370e+07 	
1.29024112e+06 	 2.028168e-06 	 1.786961e+07 	
1.29034117e+06 	 1.998047e-06 	 1.786555e+07 	
1.29044122e+06 	 1.968068e-06 	 1.786153e+07 	
1.29054127e+06 	 1.938430e-06 	 1.785750e+07 	
1.29064132e+06 	 1.909034e-06 	 1.785350e+07 	
1.29074137e+06 	 1.879882e-06 	 1.784951e+07 	
1.29084142e+06 	 1.850975e-06 	 1.784555e+07 	
1.29094147e+06 	 1.822314e-06 	 1.784160e+07 	
1.29104152e+06 	 1.793900e-06 	 1.783767e+07 	
1.29114157e+06 	 1.765735e-06 	 1.783376e+07 	
1.29124162e+06 	 1.737818e-06 	 1.782988e+07 	
1.29134167e+06 	 1.710152e-06 	 1.782601e+07 	
1.29144172e+06 	 1.682736e-06 	 1.782216e+07 	
1.29154177e+06 	 1.655572e-06 	 1.781833e+07 	
1.29164182e+06 	 1.628660e-06 	 1.781452e+07 	
1.29174187e+06 	 1.602002e-06 	 1.781074e+07 	
1.29184192e+06 	 1.575597e-06 	 1.780697e+07 	
1.29194197e+06 	 1.549447e-06 	 1.780322e+07 	
1.29204202e+06 	 1.523553e-06 	 1.779949e+07 	
1.29214207e+06 	 1.497914e-06 	 1.779578e+07 	
1.29224212e+06 	 1.472532e-06 	 1.779209e+07 	
1.29234217e+06 	 1.447406e-06 	 1.778843e+07 	
1.29244222e+06 	 1.422538e-06 	 1.778478e+07 	
1.29254227e+06 	 1.397928e-06 	 1.778115e+07 	
1.29264232e+06 	 1.373576e-06 	 1.777754e+07 	
1.29274237e+06 	 1.349482e-06 	 1.777396e+07 	
1.29284242e+06 	 1.325648e-06 	 1.777039e+07 	
1.29294247e+06 	 1.302072e-06 	 1.776685e+07 	
1.29304252e+06 	 1.278755e-06 	 1.776332e+07 	
1.29314257e+06 	 1.255698e-06 	 1.775982e+07 	
1.29324262e+06 	 1.232901e-06 	 1.775633e+07 	
1.29334267e+06 	 1.210363e-06 	 1.775287e+07 	
1.29344272e+06 	 1.188084e-06 	 1.774942e+07 	
1.29354277e+06 	 1.166066e-06 	 1.774600e+07 	
1.29364282e+06 	 1.144306e-06 	 1.774260e+07 	
1.29374287e+06 	 1.122806e-06 	 1.773922e+07 	
1.29384292e+06 	 1.101565e-06 	 1.773586e+07 	
1.29394297e+06 	 1.080583e-06 	 1.773252e+07 	
1.29404302e+06 	 1.059913e-06 	 1.772917e+07 	
1.29414307e+06 	 1.039448e-06 	 1.772587e+07 	
1.29424312e+06 	 1.019241e-06 	 1.772260e+07 	
1.29434317e+06 	 9.992917e-07 	 1.771934e+07 	
1.29444322e+06 	 9.795993e-07 	 1.771610e+07 	
1.29454327e+06 	 9.601633e-07 	 1.771288e+07 	
1.29464332e+06 	 9.409833e-07 	 1.770969e+07 	
1.29474337e+06 	 9.220588e-07 	 1.770651e+07 	
1.29484342e+06 	 9.033889e-07 	 1.770336e+07 	
1.29494347e+06 	 8.849730e-07 	 1.770022e+07 	
1.29504352e+06 	 8.668104e-07 	 1.769711e+07 	
1.29514357e+06 	 8.489003e-07 	 1.769402e+07 	
1.29524362e+06 	 8.312418e-07 	 1.769094e+07 	
1.29534367e+06 	 8.138340e-07 	 1.768789e+07 	
1.29544372e+06 	 7.966760e-07 	 1.768486e+07 	
1.29554377e+06 	 7.797667e-07 	 1.768185e+07 	
1.29564382e+06 	 7.631053e-07 	 1.767886e+07 	
1.29574387e+06 	 7.466905e-07 	 1.767589e+07 	
1.29584392e+06 	 7.305213e-07 	 1.767294e+07 	
1.29594397e+06 	 7.145965e-07 	 1.767001e+07 	
1.29604402e+06 	 6.989149e-07 	 1.766711e+07 	
1.29614407e+06 	 6.834752e-07 	 1.766422e+07 	
1.29624412e+06 	 6.682761e-07 	 1.766135e+07 	
1.29634417e+06 	 6.533164e-07 	 1.765850e+07 	
1.29644422e+06 	 6.385946e-07 	 1.765568e+07 	
1.29654427e+06 	 6.241093e-07 	 1.765287e+07 	
1.29664432e+06 	 6.098590e-07 	 1.765009e+07 	
1.29674437e+06 	 5.958423e-07 	 1.764732e+07 	
1.29684442e+06 	 5.820575e-07 	 1.764458e+07 	
1.29694447e+06 	 5.685032e-07 	 1.764185e+07 	
1.29704452e+06 	 5.551777e-07 	 1.763914e+07 	
1.29714457e+06 	 5.420794e-07 	 1.763646e+07 	
1.29724462e+06 	 5.292065e-07 	 1.763379e+07 	
1.29734467e+06 	 5.165574e-07 	 1.763115e+07 	
1.29744472e+06 	 5.041558e-07 	 1.762850e+07 	
1.29754477e+06 	 4.919488e-07 	 1.762589e+07 	
1.29764482e+06 	 4.799601e-07 	 1.762331e+07 	
1.29774487e+06 	 4.681879e-07 	 1.762074e+07 	
1.29784492e+06 	 4.566303e-07 	 1.761819e+07 	
1.29794497e+06 	 4.452855e-07 	 1.761567e+07 	
1.29804502e+06 	 4.341513e-07 	 1.761316e+07 	
1.29814507e+06 	 4.232260e-07 	 1.761067e+07 	
1.29824512e+06 	 4.125074e-07 	 1.760820e+07 	
1.29834517e+06 	 4.019936e-07 	 1.760575e+07 	
1.29844522e+06 	 3.916825e-07 	 1.760332e+07 	
1.29854527e+06 	 3.815719e-07 	 1.760091e+07 	
1.29864532e+06 	 3.716599e-07 	 1.759852e+07 	
1.29874537e+06 	 3.619443e-07 	 1.759615e+07 	
1.29884542e+06 	 3.524229e-07 	 1.759380e+07 	
1.29894547e+06 	 3.430937e-07 	 1.759146e+07 	
1.29904552e+06 	 3.339543e-07 	 1.758915e+07 	
1.29914557e+06 	 3.250026e-07 	 1.758685e+07 	
1.29924562e+06 	 3.162364e-07 	 1.758457e+07 	
1.29934567e+06 	 3.076534e-07 	 1.758231e+07 	
1.29944572e+06 	 2.992514e-07 	 1.758007e+07 	
1.29954577e+06 	 2.910282e-07 	 1.757785e+07 	
1.29964582e+06 	 2.829814e-07 	 1.757564e+07 	
1.29974587e+06 	 2.751088e-07 	 1.757345e+07 	
1.29984592e+06 	 2.674081e-07 	 1.757129e+07 	
1.29994597e+06 	 2.598770e-07 	 1.756914e+07 	
1.30004602e+06 	 2.525131e-07 	 1.756700e+07 	
1.30014607e+06 	 2.453142e-07 	 1.756489e+07 	
1.30024612e+06 	 2.382779e-07 	 1.756279e+07 	
1.30034617e+06 	 2.314018e-07 	 1.756071e+07 	
1.30044622e+06 	 2.246725e-07 	 1.755868e+07 	
1.30054627e+06 	 2.181101e-07 	 1.755664e+07 	
1.30064632e+06 	 2.117009e-07 	 1.755461e+07 	
1.30074637e+06 	 2.054427e-07 	 1.755260e+07 	
1.30084642e+06 	 1.993332e-07 	 1.755061e+07 	
1.30094647e+06 	 1.933698e-07 	 1.754864e+07 	
1.30104652e+06 	 1.875504e-07 	 1.754668e+07 	
1.30114657e+06 	 1.818726e-07 	 1.754474e+07 	
1.30124662e+06 	 1.763340e-07 	 1.754282e+07 	
1.30134667e+06 	 1.709324e-07 	 1.754091e+07 	
1.30144672e+06 	 1.656654e-07 	 1.753902e+07 	
1.30154677e+06 	 1.605306e-07 	 1.753714e+07 	
1.30164682e+06 	 1.555260e-07 	 1.753529e+07 	
1.30174687e+06 	 1.506490e-07 	 1.753344e+07 	
1.30184692e+06 	 1.458974e-07 	 1.753162e+07 	
1.30194697e+06 	 1.412690e-07 	 1.752981e+07 	
1.30204702e+06 	 1.367615e-07 	 1.752801e+07 	
1.30214707e+06 	 1.323727e-07 	 1.752624e+07 	
1.30224712e+06 	 1.281003e-07 	 1.752447e+07 	
1.30234717e+06 	 1.239421e-07 	 1.752273e+07 	
1.30244722e+06 	 1.198958e-07 	 1.752099e+07 	
1.30254727e+06 	 1.159594e-07 	 1.751928e+07 	
1.30264732e+06 	 1.121306e-07 	 1.751757e+07 	
1.30274737e+06 	 1.084072e-07 	 1.751589e+07 	
1.30284742e+06 	 1.047872e-07 	 1.751422e+07 	
1.30294747e+06 	 1.012684e-07 	 1.751256e+07 	
1.30304752e+06 	 9.785365e-08 	 1.751088e+07 	
1.30314757e+06 	 9.453093e-08 	 1.750925e+07 	
1.30324762e+06 	 9.130317e-08 	 1.750763e+07 	
1.30334767e+06 	 8.816833e-08 	 1.750603e+07 	
1.30344772e+06 	 8.512437e-08 	 1.750444e+07 	
1.30354777e+06 	 8.216931e-08 	 1.750287e+07 	
1.30364782e+06 	 7.930116e-08 	 1.750131e+07 	
1.30374787e+06 	 7.651797e-08 	 1.749977e+07 	
1.30384792e+06 	 7.381781e-08 	 1.749823e+07 	
1.30394797e+06 	 7.119877e-08 	 1.749671e+07 	
1.30404802e+06 	 6.865897e-08 	 1.749521e+07 	
1.30414807e+06 	 6.619653e-08 	 1.749372e+07 	
1.30424812e+06 	 6.380963e-08 	 1.749224e+07 	
1.30434817e+06 	 6.149646e-08 	 1.749077e+07 	
1.30444822e+06 	 5.925523e-08 	 1.748932e+07 	
1.30454827e+06 	 5.708418e-08 	 1.748788e+07 	
1.30464832e+06 	 5.498157e-08 	 1.748645e+07 	
1.30474837e+06 	 5.294570e-08 	 1.748503e+07 	
1.30484842e+06 	 5.097488e-08 	 1.748363e+07 	
1.30494847e+06 	 4.906746e-08 	 1.748224e+07 	
1.30504852e+06 	 4.722419e-08 	 1.748081e+07 	
1.30514857e+06 	 4.543869e-08 	 1.747944e+07 	
1.30524862e+06 	 4.371178e-08 	 1.747808e+07 	
1.30534867e+06 	 4.204191e-08 	 1.747673e+07 	
1.30544872e+06 	 4.042756e-08 	 1.747540e+07 	
1.30554877e+06 	 3.886721e-08 	 1.747407e+07 	
1.30564882e+06 	 3.735941e-08 	 1.747276e+07 	
1.30574887e+06 	 3.590272e-08 	 1.747146e+07 	
1.30584892e+06 	 3.449571e-08 	 1.747017e+07 	
1.30594897e+06 	 3.313699e-08 	 1.746889e+07 	
1.30604902e+06 	 3.182521e-08 	 1.746762e+07 	
1.30614907e+06 	 3.055903e-08 	 1.746636e+07 	
1.30624912e+06 	 2.933713e-08 	 1.746511e+07 	
1.30634917e+06 	 2.815824e-08 	 1.746388e+07 	
1.30644922e+06 	 2.702110e-08 	 1.746265e+07 	
1.30654927e+06 	 2.592448e-08 	 1.746143e+07 	
1.30664932e+06 	 2.486846e-08 	 1.746016e+07 	
1.30674937e+06 	 2.384930e-08 	 1.745896e+07 	
1.30684942e+06 	 2.286712e-08 	 1.745777e+07 	
1.30694947e+06 	 2.192081e-08 	 1.745659e+07 	
1.30704952e+06 	 2.100925e-08 	 1.745542e+07 	
1.30714957e+06 	 2.013137e-08 	 1.745426e+07 	
1.30724962e+06 	 1.928612e-08 	 1.745310e+07 	
1.30734967e+06 	 1.847247e-08 	 1.745196e+07 	
1.30744972e+06 	 1.768941e-08 	 1.745083e+07 	
1.30754977e+06 	 1.693598e-08 	 1.744970e+07 	
1.30764982e+06 	 1.621121e-08 	 1.744859e+07 	
1.30774987e+06 	 1.551417e-08 	 1.744749e+07 	
1.30784992e+06 	 1.484475e-08 	 1.744630e+07 	
1.30794997e+06 	 1.420050e-08 	 1.744521e+07 	
1.30805003e+06 	 1.358133e-08 	 1.744412e+07 	
1.30815008e+06 	 1.298640e-08 	 1.744305e+07 	
1.30825013e+06 	 1.241490e-08 	 1.744198e+07 	
1.30835018e+06 	 1.186601e-08 	 1.744092e+07 	
1.30845023e+06 	 1.133898e-08 	 1.743987e+07 	
1.30855028e+06 	 1.083305e-08 	 1.743883e+07 	
1.30865033e+06 	 1.034748e-08 	 1.743780e+07 	
1.30875038e+06 	 9.882103e-09 	 1.743666e+07 	
1.30885043e+06 	 9.435168e-09 	 1.743564e+07 	
1.30895048e+06 	 9.006521e-09 	 1.743463e+07 	
1.30905053e+06 	 8.595508e-09 	 1.743362e+07 	
1.30915058e+06 	 8.201493e-09 	 1.743262e+07 	
1.30925063e+06 	 7.823860e-09 	 1.743164e+07 	
1.30935068e+06 	 7.462011e-09 	 1.743066e+07 	
1.30945073e+06 	 7.115757e-09 	 1.742955e+07 	
1.30955078e+06 	 6.783779e-09 	 1.742858e+07 	
1.30965083e+06 	 6.465897e-09 	 1.742762e+07 	
1.30975088e+06 	 6.161584e-09 	 1.742666e+07 	
1.30985093e+06 	 5.870326e-09 	 1.742572e+07 	
1.30995098e+06 	 5.591915e-09 	 1.742463e+07 	
1.31005103e+06 	 5.325321e-09 	 1.742369e+07 	
1.31015108e+06 	 5.070341e-09 	 1.742276e+07 	
1.31025113e+06 	 4.826527e-09 	 1.742185e+07 	
1.31035118e+06 	 4.593441e-09 	 1.742094e+07 	
1.31045123e+06 	 4.370901e-09 	 1.741985e+07 	
1.31055128e+06 	 4.158049e-09 	 1.741894e+07 	
1.31065133e+06 	 3.954706e-09 	 1.741805e+07 	
1.31075138e+06 	 3.760491e-09 	 1.741717e+07 	
1.31085143e+06 	 3.575236e-09 	 1.741606e+07 	
1.31095148e+06 	 3.398214e-09 	 1.741516e+07 	
1.31105153e+06 	 3.229257e-09 	 1.741428e+07 	
1.31115158e+06 	 3.068199e-09 	 1.741314e+07 	
1.31125163e+06 	 2.914423e-09 	 1.741221e+07 	
1.31135168e+06 	 2.767759e-09 	 1.741128e+07 	
1.31145173e+06 	 2.627768e-09 	 1.741067e+07 	
1.31155178e+06 	 2.494421e-09 	 1.740984e+07 	
1.31165183e+06 	 2.367321e-09 	 1.740903e+07 	
1.31175188e+06 	 2.246341e-09 	 1.740789e+07 	
1.31185193e+06 	 2.130979e-09 	 1.740706e+07 	
1.31195198e+06 	 2.021221e-09 	 1.740582e+07 	
1.31205203e+06 	 1.916626e-09 	 1.740486e+07 	
1.31215208e+06 	 1.816950e-09 	 1.740434e+07 	
1.31225213e+06 	 1.722155e-09 	 1.740353e+07 	
1.31235218e+06 	 1.632008e-09 	 1.740240e+07 	
1.31245223e+06 	 1.546211e-09 	 1.740151e+07 	
1.31255228e+06 	 1.464609e-09 	 1.740063e+07 	
1.31265233e+06 	 1.386931e-09 	 1.740026e+07 	
1.31275238e+06 	 1.313135e-09 	 1.739959e+07 	
1.31285243e+06 	 1.243108e-09 	 1.739818e+07 	
1.31295248e+06 	 1.176479e-09 	 1.739740e+07 	
1.31305253e+06 	 1.113218e-09 	 1.739622e+07 	
1.31315258e+06 	 1.053115e-09 	 1.739524e+07 	
1.31325263e+06 	 9.960270e-10 	 1.739445e+07 	
1.31335268e+06 	 9.418537e-10 	 1.739324e+07 	
1.31345273e+06 	 8.903900e-10 	 1.739284e+07 	
1.31355278e+06 	 8.415899e-10 	 1.739190e+07 	
1.31365283e+06 	 7.952851e-10 	 1.739113e+07 	
1.31375288e+06 	 7.513758e-10 	 1.739014e+07 	
1.31385293e+06 	 7.097241e-10 	 1.738946e+07 	
1.31395298e+06 	 6.702483e-10 	 1.738855e+07 	
1.31405303e+06 	 6.328260e-10 	 1.738780e+07 	
1.31415308e+06 	 5.973690e-10 	 1.738694e+07 	
1.31425313e+06 	 5.637786e-10 	 1.738605e+07 	
1.31435318e+06 	 5.319587e-10 	 1.738527e+07 	
1.31445323e+06 	 5.018310e-10 	 1.738437e+07 	
1.31455328e+06 	 4.733047e-10 	 1.738360e+07 	
1.31465333e+06 	 4.463068e-10 	 1.738273e+07 	
1.31475338e+06 	 4.207575e-10 	 1.738192e+07 	
1.31485343e+06 	 3.965884e-10 	 1.738093e+07 	
1.31495348e+06 	 3.737233e-10 	 1.738026e+07 	
1.31505353e+06 	 3.521048e-10 	 1.737929e+07 	
1.31515358e+06 	 3.316625e-10 	 1.737860e+07 	
1.31525363e+06 	 3.123431e-10 	 1.737766e+07 	
1.31535368e+06 	 2.940837e-10 	 1.737695e+07 	
1.31545373e+06 	 2.768341e-10 	 1.737609e+07 	
1.31555378e+06 	 2.605395e-10 	 1.737530e+07 	
1.31565383e+06 	 2.451523e-10 	 1.737447e+07 	
1.31575388e+06 	 2.306249e-10 	 1.737360e+07 	
1.31585393e+06 	 2.169113e-10 	 1.737282e+07 	
1.31595398e+06 	 2.039703e-10 	 1.737195e+07 	
1.31605403e+06 	 1.917598e-10 	 1.737118e+07 	
1.31615408e+06 	 1.802424e-10 	 1.737029e+07 	
1.31625413e+06 	 1.693801e-10 	 1.736954e+07 	
1.31635418e+06 	 1.591389e-10 	 1.736870e+07 	
1.31645423e+06 	 1.494848e-10 	 1.736790e+07 	
1.31655428e+06 	 1.403866e-10 	 1.736707e+07 	
1.31665433e+06 	 1.318141e-10 	 1.736626e+07 	
1.31675438e+06 	 1.237389e-10 	 1.736539e+07 	
1.31685443e+06 	 1.161334e-10 	 1.736462e+07 	
1.31695448e+06 	 1.089723e-10 	 1.736378e+07 	
1.31705453e+06 	 1.022310e-10 	 1.736298e+07 	
1.31715458e+06 	 9.588655e-11 	 1.736213e+07 	
1.31725463e+06 	 8.991655e-11 	 1.736135e+07 	
1.31735468e+06 	 8.430046e-11 	 1.736053e+07 	
1.31745473e+06 	 7.901833e-11 	 1.735972e+07 	
1.31755478e+06 	 7.405153e-11 	 1.735888e+07 	
1.31765483e+06 	 6.938215e-11 	 1.735809e+07 	
1.31775488e+06 	 6.499350e-11 	 1.735725e+07 	
1.31785493e+06 	 6.086948e-11 	 1.735646e+07 	
1.31795498e+06 	 5.699514e-11 	 1.735564e+07 	
1.31805503e+06 	 5.335608e-11 	 1.735483e+07 	
1.31815508e+06 	 4.993884e-11 	 1.735400e+07 	
1.31825513e+06 	 4.673055e-11 	 1.735321e+07 	
1.31835518e+06 	 4.371916e-11 	 1.735239e+07 	
1.50941019e+06 	 1.000000e-20 	 1.598889e+07 	
1.72815275e+06 	 1.000000e-20 	 1.476823e+07 	
1.97859531e+06 	 1.000000e-20 	 1.366697e+07 	
2.26533181e+06 	 1.000000e-20 	 1.266745e+07 	
2.59362194e+06 	 1.000000e-20 	 1.175589e+07 	
2.96948762e+06 	 1.000000e-20 	 1.092134e+07 	
3.39982347e+06 	 1.000000e-20 	 1.015486e+07 	
3.89252326e+06 	 1.000000e-20 	 9.449055e+06 	
4.45662472e+06 	 1.000000e-20 	 8.797714e+06 	
5.10247532e+06 	 1.000000e-20 	 8.195540e+06 	
5.84192210e+06 	 1.000000e-20 	 7.637968e+06 	
6.68852893e+06 	 1.000000e-20 	 7.121024e+06 	
7.65782537e+06 	 1.000000e-20 	 6.641222e+06 	
8.76759149e+06 	 1.000000e-20 	 6.195473e+06 	
1.00381841e+07 	 1.000000e-20 	 5.781028e+06 	
1.14929099e+07 	 1.000000e-20 	 5.395422e+06 	
1.31584535e+07 	 1.000000e-20 	 5.036437e+06 	
1.50653665e+07 	 1.000000e-20 	 4.702064e+06 	
1.72486277e+07 	 1.000000e-20 	 4.390478e+06 	
1.97482855e+07 	 1.000000e-20 	 4.100015e+06 	
2.26101917e+07 	 1.000000e-20 	 3.829155e+06 	
2.58868432e+07 	 1.000000e-20 	 3.576501e+06 	
2.96383445e+07 	 1.000000e-20 	 3.340772e+06 	
3.39335105e+07 	 1.000000e-20 	 3.120786e+06 	
3.88511286e+07 	 1.000000e-20 	 2.915455e+06 	
4.44814040e+07 	 1.000000e-20 	 2.723769e+06 	
5.09276147e+07 	 1.000000e-20 	 2.544798e+06 	
5.83080052e+07 	 1.000000e-20 	 2.377677e+06 	
6.67579562e+07 	 1.000000e-20 	 2.221605e+06 	
7.64324676e+07 	 1.000000e-20 	 2.075837e+06 	
8.75090016e+07 	 1.000000e-20 	 1.939683e+06 	
1.00190738e+08 	 1.000000e-20 	 1.812499e+06 	
1.14710303e+08 	 1.000000e-20 	 1.693686e+06 	
1.31334031e+08 	 1.000000e-20 	 1.582689e+06 	
1.50366857e+08 	 1.000000e-20 	 1.478988e+06 	
1.72157906e+08 	 1.000000e-20 	 1.382099e+06 	
1.97106896e+08 	 1.000000e-20 	 1.291571e+06 	
2.25671475e+08 	 1.000000e-20 	 1.206985e+06 	
2.58375611e+08 	 1.000000e-20 	 1.127948e+06 	
2.95819204e+08 	 1.000000e-20 	 1.054094e+06 	
3.38689094e+08 	 1.000000e-20 	 9.850828e+05 	
3.87771656e+08 	 1.000000e-20 	 9.205946e+05 	
4.43967224e+08 	 1.000000e-20 	 8.603323e+05 	
5.08306611e+08 	 1.000000e-20 	 8.040183e+05 	
5.81970012e+08 	 1.000000e-20 	 7.513932e+05 	
6.66308655e+08 	 1.000000e-20 	 7.022149e+05 	
7.62869590e+08 	 1.000000e-20 	 6.562571e+05 	
8.73424061e+08 	 1.000000e-20 	 6.133086e+05 	
1.00000000e+09 	 1.000000e-20 	 5.731722e+05 	
