r (cm)        	 rho (g/cm3) 	 T (K)       		 Linf = 1.890405e+38
1.19999922e+06 	 1.776709e+05 	 1.109697e+09 	
1.20003609e+06 	 1.661880e+05 	 1.089958e+09 	
1.20013148e+06 	 1.391396e+05 	 1.039123e+09 	
1.20021086e+06 	 1.193547e+05 	 9.970926e+08 	
1.20029024e+06 	 1.018297e+05 	 9.553192e+08 	
1.20036961e+06 	 8.637536e+04 	 9.138148e+08 	
1.20044826e+06 	 7.292773e+04 	 8.729681e+08 	
1.20052691e+06 	 6.117059e+04 	 8.324122e+08 	
1.20059035e+06 	 5.281200e+04 	 7.999231e+08 	
1.20065379e+06 	 4.537266e+04 	 7.676410e+08 	
1.20071722e+06 	 3.877803e+04 	 7.355749e+08 	
1.20078066e+06 	 3.295725e+04 	 7.037340e+08 	
1.20084365e+06 	 2.787658e+04 	 6.723489e+08 	
1.20090664e+06 	 2.343027e+04 	 6.412063e+08 	
1.20095766e+06 	 2.025364e+04 	 6.161700e+08 	
1.20100868e+06 	 1.742467e+04 	 5.913063e+08 	
1.20105969e+06 	 1.491511e+04 	 5.666219e+08 	
1.20111071e+06 	 1.269813e+04 	 5.421236e+08 	
1.20116147e+06 	 1.075725e+04 	 5.179381e+08 	
1.20121224e+06 	 9.057173e+03 	 4.939521e+08 	
1.20125351e+06 	 7.836997e+03 	 4.746044e+08 	
1.20129478e+06 	 6.749779e+03 	 4.553986e+08 	
1.20133605e+06 	 5.784697e+03 	 4.363396e+08 	
1.20137733e+06 	 4.931482e+03 	 4.174325e+08 	
1.20141847e+06 	 4.182541e+03 	 3.987391e+08 	
1.20145962e+06 	 3.526023e+03 	 3.802075e+08 	
1.20149318e+06 	 3.052982e+03 	 3.652159e+08 	
1.20152674e+06 	 2.631305e+03 	 3.503392e+08 	
1.20156030e+06 	 2.256809e+03 	 3.355809e+08 	
1.20159387e+06 	 1.925527e+03 	 3.209445e+08 	
1.20162738e+06 	 1.634114e+03 	 3.064555e+08 	
1.20166089e+06 	 1.378522e+03 	 2.920958e+08 	
1.20168829e+06 	 1.193824e+03 	 2.804531e+08 	
1.20171569e+06 	 1.029134e+03 	 2.689020e+08 	
1.20174310e+06 	 8.828247e+02 	 2.574449e+08 	
1.20177050e+06 	 7.533528e+02 	 2.460843e+08 	
1.20179789e+06 	 6.393045e+02 	 2.348276e+08 	
1.20182528e+06 	 5.392476e+02 	 2.236727e+08 	
1.20184771e+06 	 4.668273e+02 	 2.146162e+08 	
1.20187014e+06 	 4.022480e+02 	 2.056316e+08 	
1.20189256e+06 	 3.448726e+02 	 1.967203e+08 	
1.20191499e+06 	 2.940983e+02 	 1.878842e+08 	
1.20193742e+06 	 2.493515e+02 	 1.791244e+08 	
1.20195985e+06 	 2.100986e+02 	 1.704433e+08 	
1.20197823e+06 	 1.816842e+02 	 1.633928e+08 	
1.20199660e+06 	 1.563523e+02 	 1.563975e+08 	
1.20201497e+06 	 1.338534e+02 	 1.494586e+08 	
1.20203334e+06 	 1.139512e+02 	 1.425774e+08 	
1.20205237e+06 	 9.583994e+01 	 1.355134e+08 	
1.20206795e+06 	 8.274333e+01 	 1.297784e+08 	
1.20208352e+06 	 7.107408e+01 	 1.240874e+08 	
1.20209910e+06 	 6.071701e+01 	 1.184413e+08 	
1.20211467e+06 	 5.156297e+01 	 1.128411e+08 	
1.20213080e+06 	 4.324210e+01 	 1.070917e+08 	
1.20214400e+06 	 3.723647e+01 	 1.024266e+08 	
1.20215719e+06 	 3.189137e+01 	 9.779668e+07 	
1.20217038e+06 	 2.715359e+01 	 9.320251e+07 	
1.20218358e+06 	 2.297267e+01 	 8.864496e+07 	
1.20219724e+06 	 1.917931e+01 	 8.396529e+07 	
1.20220841e+06 	 1.644764e+01 	 8.016883e+07 	
1.20221958e+06 	 1.402153e+01 	 7.640083e+07 	
1.20223076e+06 	 1.187632e+01 	 7.266216e+07 	
1.20224193e+06 	 9.988551e+00 	 6.895388e+07 	
1.20225351e+06 	 8.280505e+00 	 6.514516e+07 	
1.20226297e+06 	 7.054824e+00 	 6.205637e+07 	
1.20227244e+06 	 5.970321e+00 	 5.899275e+07 	
1.20228191e+06 	 5.015460e+00 	 5.595586e+07 	
1.20229138e+06 	 4.179276e+00 	 5.294770e+07 	
1.20230120e+06 	 3.426488e+00 	 4.986188e+07 	
1.20230913e+06 	 2.895609e+00 	 4.739517e+07 	
1.20231707e+06 	 2.428076e+00 	 4.495570e+07 	
1.20232500e+06 	 2.018644e+00 	 4.254697e+07 	
1.20233293e+06 	 1.662326e+00 	 4.017356e+07 	
1.20234113e+06 	 1.345000e+00 	 3.776539e+07 	
1.20234792e+06 	 1.117704e+00 	 3.581029e+07 	
1.20235471e+06 	 9.197483e-01 	 3.389779e+07 	
1.20236150e+06 	 7.485913e-01 	 3.203586e+07 	
1.20236828e+06 	 6.018190e-01 	 3.023435e+07 	
1.20237562e+06 	 4.679398e-01 	 2.836855e+07 	
1.20238296e+06 	 3.571579e-01 	 2.660483e+07 	
1.20238959e+06 	 2.747603e-01 	 2.511483e+07 	
1.20239623e+06 	 2.073453e-01 	 2.373915e+07 	
1.20239963e+06 	 1.780564e-01 	 2.308324e+07 	
1.20239997e+06 	 1.753104e-01 	 2.301957e+07 	
1.20240000e+06 	 1.750376e-01 	 2.301322e+07 	
1.20246669e+06 	 3.123307e-03 	 1.692933e+07 	
1.20253338e+06 	 2.625289e-05 	 1.632541e+07 	
1.20260007e+06 	 2.055964e-07 	 1.627564e+07 	
1.20266676e+06 	 1.601234e-09 	 1.627072e+07 	
1.37953962e+06 	 1.000000e-20 	 1.494482e+07 	
1.58242468e+06 	 1.000000e-20 	 1.376738e+07 	
1.81514749e+06 	 1.000000e-20 	 1.271178e+07 	
2.08209620e+06 	 1.000000e-20 	 1.175853e+07 	
2.38830431e+06 	 1.000000e-20 	 1.089280e+07 	
2.73954560e+06 	 1.000000e-20 	 1.010299e+07 	
3.14244297e+06 	 1.000000e-20 	 9.379792e+06 	
3.60459335e+06 	 1.000000e-20 	 8.715588e+06 	
4.13471089e+06 	 1.000000e-20 	 8.104054e+06 	
4.74279135e+06 	 1.000000e-20 	 7.539850e+06 	
5.44030052e+06 	 1.000000e-20 	 7.018413e+06 	
6.24039043e+06 	 1.000000e-20 	 6.535800e+06 	
7.15814734e+06 	 1.000000e-20 	 6.088568e+06 	
8.21087621e+06 	 1.000000e-20 	 5.673692e+06 	
9.41842699e+06 	 1.000000e-20 	 5.288486e+06 	
1.08035689e+07 	 1.000000e-20 	 4.930557e+06 	
1.23924198e+07 	 1.000000e-20 	 4.597755e+06 	
1.42149387e+07 	 1.000000e-20 	 4.288143e+06 	
1.63054902e+07 	 1.000000e-20 	 3.999965e+06 	
1.87034935e+07 	 1.000000e-20 	 3.731626e+06 	
2.14541644e+07 	 1.000000e-20 	 3.481671e+06 	
2.46093688e+07 	 1.000000e-20 	 3.248766e+06 	
2.82286004e+07 	 1.000000e-20 	 3.031692e+06 	
3.23801024e+07 	 1.000000e-20 	 2.829325e+06 	
3.71421542e+07 	 1.000000e-20 	 2.640629e+06 	
4.26045478e+07 	 1.000000e-20 	 2.464652e+06 	
4.88702805e+07 	 1.000000e-20 	 2.300509e+06 	
5.60574970e+07 	 1.000000e-20 	 2.147386e+06 	
6.43017176e+07 	 1.000000e-20 	 2.004526e+06 	
7.37583929e+07 	 1.000000e-20 	 1.871228e+06 	
8.46058351e+07 	 1.000000e-20 	 1.746841e+06 	
9.70485806e+07 	 1.000000e-20 	 1.630761e+06 	
1.11321246e+08 	 1.000000e-20 	 1.522425e+06 	
1.27692953e+08 	 1.000000e-20 	 1.421312e+06 	
1.46472401e+08 	 1.000000e-20 	 1.326935e+06 	
1.68013691e+08 	 1.000000e-20 	 1.238841e+06 	
1.92722999e+08 	 1.000000e-20 	 1.156609e+06 	
2.21066235e+08 	 1.000000e-20 	 1.079846e+06 	
2.53577833e+08 	 1.000000e-20 	 1.008187e+06 	
2.90870822e+08 	 1.000000e-20 	 9.412912e+05 	
3.33648387e+08 	 1.000000e-20 	 8.788396e+05 	
3.82717130e+08 	 1.000000e-20 	 8.205364e+05 	
4.39002276e+08 	 1.000000e-20 	 7.661049e+05 	
5.03565123e+08 	 1.000000e-20 	 7.152875e+05 	
5.77623049e+08 	 1.000000e-20 	 6.678435e+05 	
6.62572469e+08 	 1.000000e-20 	 6.235485e+05 	
7.60015164e+08 	 1.000000e-20 	 5.821931e+05 	
8.71788486e+08 	 1.000000e-20 	 5.435819e+05 	
1.00000000e+09 	 1.000000e-20 	 5.075326e+05 	
