r (cm)        	 rho (g/cm3) 	 T (K)       		 Linf = 3.063362e+38
1.20000076e+06 	 1.334714e+05 	 1.233596e+09 	
1.20010151e+06 	 1.156053e+05 	 1.188908e+09 	
1.20019475e+06 	 1.008646e+05 	 1.148000e+09 	
1.20028798e+06 	 8.770237e+04 	 1.107538e+09 	
1.20038121e+06 	 7.598608e+04 	 1.067536e+09 	
1.20047445e+06 	 6.559074e+04 	 1.028012e+09 	
1.20056839e+06 	 5.633291e+04 	 9.886868e+08 	
1.20066234e+06 	 4.818392e+04 	 9.498823e+08 	
1.20073876e+06 	 4.229917e+04 	 9.187117e+08 	
1.20081519e+06 	 3.702468e+04 	 8.879094e+08 	
1.20089162e+06 	 3.230997e+04 	 8.574863e+08 	
1.20096804e+06 	 2.810750e+04 	 8.274540e+08 	
1.20104447e+06 	 2.437257e+04 	 7.978244e+08 	
1.20111980e+06 	 2.110797e+04 	 7.690264e+08 	
1.20119513e+06 	 1.821923e+04 	 7.406433e+08 	
1.20127045e+06 	 1.567121e+04 	 7.126874e+08 	
1.20133259e+06 	 1.380259e+04 	 6.899578e+08 	
1.20139473e+06 	 1.212625e+04 	 6.675347e+08 	
1.20145686e+06 	 1.062604e+04 	 6.454252e+08 	
1.20151900e+06 	 9.286775e+03 	 6.236370e+08 	
1.20158113e+06 	 8.094245e+03 	 6.021774e+08 	
1.20164294e+06 	 7.040457e+03 	 5.811653e+08 	
1.20170474e+06 	 6.106530e+03 	 5.604936e+08 	
1.20176655e+06 	 5.281125e+03 	 5.401700e+08 	
1.20181727e+06 	 4.677414e+03 	 5.237570e+08 	
1.20186799e+06 	 4.134258e+03 	 5.075879e+08 	
1.20191871e+06 	 3.646572e+03 	 4.916670e+08 	
1.20196943e+06 	 3.209597e+03 	 4.759984e+08 	
1.20202015e+06 	 2.818890e+03 	 4.605865e+08 	
1.20207088e+06 	 2.470309e+03 	 4.454354e+08 	
1.20212292e+06 	 2.152406e+03 	 4.301656e+08 	
1.20217496e+06 	 1.870936e+03 	 4.151792e+08 	
1.20221767e+06 	 1.664637e+03 	 4.030946e+08 	
1.20226037e+06 	 1.478636e+03 	 3.912062e+08 	
1.20230308e+06 	 1.311221e+03 	 3.795163e+08 	
1.20234579e+06 	 1.160797e+03 	 3.680271e+08 	
1.20238850e+06 	 1.025875e+03 	 3.567408e+08 	
1.20243121e+06 	 9.050745e+02 	 3.456596e+08 	
1.20247392e+06 	 7.971127e+02 	 3.347853e+08 	
1.20251803e+06 	 6.978333e+02 	 3.237745e+08 	
1.20256214e+06 	 6.097732e+02 	 3.129885e+08 	
1.20259861e+06 	 5.446458e+02 	 3.042421e+08 	
1.20263507e+06 	 4.858455e+02 	 2.956517e+08 	
1.20267154e+06 	 4.328318e+02 	 2.872183e+08 	
1.20270801e+06 	 3.851025e+02 	 2.789427e+08 	
1.20274448e+06 	 3.421921e+02 	 2.708256e+08 	
1.20278094e+06 	 3.036690e+02 	 2.628679e+08 	
1.20281741e+06 	 2.691344e+02 	 2.550702e+08 	
1.20285388e+06 	 2.382200e+02 	 2.474329e+08 	
1.20289236e+06 	 2.091456e+02 	 2.395471e+08 	
1.20292427e+06 	 1.875532e+02 	 2.331468e+08 	
1.20295617e+06 	 1.680274e+02 	 2.268700e+08 	
1.20298807e+06 	 1.503901e+02 	 2.207169e+08 	
1.20301997e+06 	 1.344764e+02 	 2.146876e+08 	
1.20305187e+06 	 1.201338e+02 	 2.087819e+08 	
1.20308378e+06 	 1.072216e+02 	 2.029999e+08 	
1.20311568e+06 	 9.560986e+01 	 1.973413e+08 	
1.20314758e+06 	 8.517918e+01 	 1.918060e+08 	
1.20317948e+06 	 7.581964e+01 	 1.863936e+08 	
1.20321138e+06 	 6.743037e+01 	 1.811037e+08 	
1.20323971e+06 	 6.071878e+01 	 1.765084e+08 	
1.20326804e+06 	 5.463972e+01 	 1.720091e+08 	
1.20329638e+06 	 4.913818e+01 	 1.676053e+08 	
1.20332471e+06 	 4.416337e+01 	 1.632966e+08 	
1.20335304e+06 	 3.966851e+01 	 1.590826e+08 	
1.20338137e+06 	 3.561054e+01 	 1.549626e+08 	
1.20340970e+06 	 3.194987e+01 	 1.509362e+08 	
1.20343803e+06 	 2.865017e+01 	 1.470025e+08 	
1.20346636e+06 	 2.567807e+01 	 1.431611e+08 	
1.20349469e+06 	 2.300305e+01 	 1.394112e+08 	
1.20352302e+06 	 2.059715e+01 	 1.357519e+08 	
1.20355135e+06 	 1.843482e+01 	 1.321826e+08 	
1.20357968e+06 	 1.649274e+01 	 1.287022e+08 	
1.20360801e+06 	 1.474962e+01 	 1.253100e+08 	
1.20363634e+06 	 1.318611e+01 	 1.220051e+08 	
1.20366468e+06 	 1.178455e+01 	 1.187863e+08 	
1.20369288e+06 	 1.053401e+01 	 1.156660e+08 	
1.20372109e+06 	 9.413795e+00 	 1.126292e+08 	
1.20374930e+06 	 8.410847e+00 	 1.096747e+08 	
1.20377751e+06 	 7.513356e+00 	 1.068015e+08 	
1.20380572e+06 	 6.710620e+00 	 1.040084e+08 	
1.20383393e+06 	 5.992962e+00 	 1.012942e+08 	
1.20386214e+06 	 5.351638e+00 	 9.865772e+07 	
1.20389035e+06 	 4.778752e+00 	 9.609774e+07 	
1.20391856e+06 	 4.267187e+00 	 9.361299e+07 	
1.20394677e+06 	 3.810527e+00 	 9.120219e+07 	
1.20397498e+06 	 3.402999e+00 	 8.886402e+07 	
1.20400319e+06 	 3.039410e+00 	 8.659716e+07 	
1.20403139e+06 	 2.715096e+00 	 8.440026e+07 	
1.20405960e+06 	 2.425867e+00 	 8.227195e+07 	
1.20409124e+06 	 2.138576e+00 	 7.996474e+07 	
1.20412288e+06 	 1.885983e+00 	 7.774012e+07 	
1.20415452e+06 	 1.663917e+00 	 7.559611e+07 	
1.20418616e+06 	 1.468694e+00 	 7.353071e+07 	
1.20421780e+06 	 1.297064e+00 	 7.154191e+07 	
1.20424944e+06 	 1.146165e+00 	 6.962771e+07 	
1.20428108e+06 	 1.013473e+00 	 6.778608e+07 	
1.20431272e+06 	 8.967688e-01 	 6.601501e+07 	
1.20434436e+06 	 7.941013e-01 	 6.431250e+07 	
1.20437600e+06 	 7.037544e-01 	 6.267653e+07 	
1.20441273e+06 	 6.123298e-01 	 6.085790e+07 	
1.20444947e+06 	 5.334392e-01 	 5.912318e+07 	
1.20448621e+06 	 4.653201e-01 	 5.746931e+07 	
1.20452294e+06 	 4.064592e-01 	 5.589324e+07 	
1.20455968e+06 	 3.555569e-01 	 5.439199e+07 	
1.20459641e+06 	 3.114983e-01 	 5.296258e+07 	
1.20463871e+06 	 2.680042e-01 	 5.140186e+07 	
1.20468102e+06 	 2.310810e-01 	 4.992822e+07 	
1.20472332e+06 	 1.996895e-01 	 4.853742e+07 	
1.20476562e+06 	 1.729590e-01 	 4.722532e+07 	
1.20481386e+06 	 1.472379e-01 	 4.582000e+07 	
1.20486209e+06 	 1.257346e-01 	 4.450605e+07 	
1.20491033e+06 	 1.077142e-01 	 4.327792e+07 	
1.20496349e+06 	 9.117305e-02 	 4.201761e+07 	
1.20501664e+06 	 7.747798e-02 	 4.084825e+07 	
1.20507540e+06 	 6.502016e-02 	 3.965369e+07 	
1.20513416e+06 	 5.483128e-02 	 3.855416e+07 	
1.20520358e+06 	 4.511230e-02 	 3.736720e+07 	
1.20527299e+06 	 3.736463e-02 	 3.629031e+07 	
1.20534240e+06 	 3.115144e-02 	 3.531266e+07 	
1.20542472e+06 	 2.531765e-02 	 3.426837e+07 	
1.20550703e+06 	 2.075748e-02 	 3.333496e+07 	
1.20558935e+06 	 1.716316e-02 	 3.249927e+07 	
1.20568004e+06 	 1.405078e-02 	 3.167780e+07 	
1.20577072e+06 	 1.161131e-02 	 3.094716e+07 	
1.20587056e+06 	 9.509976e-03 	 3.023380e+07 	
1.20597039e+06 	 7.868542e-03 	 2.960267e+07 	
1.20608076e+06 	 6.452638e-03 	 2.898683e+07 	
1.20619113e+06 	 5.349336e-03 	 2.844443e+07 	
1.20631447e+06 	 4.390105e-03 	 2.791187e+07 	
1.20643780e+06 	 3.644972e-03 	 2.744486e+07 	
1.20657460e+06 	 3.002655e-03 	 2.699110e+07 	
1.20671141e+06 	 2.503392e-03 	 2.659393e+07 	
1.20687246e+06 	 2.049387e-03 	 2.618649e+07 	
1.20698726e+06 	 1.791985e-03 	 2.592945e+07 	
1.20699874e+06 	 1.768735e-03 	 2.590510e+07 	
1.20699989e+06 	 1.766433e-03 	 2.590268e+07 	
1.20700000e+06 	 1.766203e-03 	 2.590244e+07 	
1.20710005e+06 	 1.580492e-03 	 2.570002e+07 	
1.20720010e+06 	 1.420777e-03 	 2.551338e+07 	
1.20730015e+06 	 1.282670e-03 	 2.534082e+07 	
1.20740020e+06 	 1.162680e-03 	 2.518086e+07 	
1.20750025e+06 	 1.057899e-03 	 2.503220e+07 	
1.20760030e+06 	 9.660301e-04 	 2.489373e+07 	
1.20770035e+06 	 8.850931e-04 	 2.476442e+07 	
1.20780040e+06 	 8.135484e-04 	 2.464344e+07 	
1.20790045e+06 	 7.500212e-04 	 2.452998e+07 	
1.20800050e+06 	 6.934374e-04 	 2.442338e+07 	
1.20810055e+06 	 6.428574e-04 	 2.432302e+07 	
1.20820060e+06 	 5.974851e-04 	 2.422837e+07 	
1.20830065e+06 	 5.566782e-04 	 2.413893e+07 	
1.20840070e+06 	 5.198453e-04 	 2.405428e+07 	
1.20850075e+06 	 4.865192e-04 	 2.397404e+07 	
1.20860080e+06 	 4.562890e-04 	 2.389785e+07 	
1.20870085e+06 	 4.287809e-04 	 2.382539e+07 	
1.20880090e+06 	 4.037002e-04 	 2.375640e+07 	
1.20890095e+06 	 3.807808e-04 	 2.369061e+07 	
1.20900100e+06 	 3.597759e-04 	 2.362778e+07 	
1.20910105e+06 	 3.404946e-04 	 2.356770e+07 	
1.20920110e+06 	 3.227612e-04 	 2.351020e+07 	
1.20930115e+06 	 3.064130e-04 	 2.345509e+07 	
1.20940120e+06 	 2.913123e-04 	 2.340220e+07 	
1.20950125e+06 	 2.773448e-04 	 2.335141e+07 	
1.20960130e+06 	 2.644015e-04 	 2.330256e+07 	
1.20970135e+06 	 2.523799e-04 	 2.325554e+07 	
1.20980140e+06 	 2.412021e-04 	 2.321023e+07 	
1.20990145e+06 	 2.307954e-04 	 2.316654e+07 	
1.21000150e+06 	 2.210897e-04 	 2.312436e+07 	
1.21010155e+06 	 2.120208e-04 	 2.308360e+07 	
1.21020160e+06 	 2.035384e-04 	 2.304418e+07 	
1.21030165e+06 	 1.955957e-04 	 2.300604e+07 	
1.21040170e+06 	 1.881489e-04 	 2.296909e+07 	
1.21050175e+06 	 1.811535e-04 	 2.293328e+07 	
1.21060180e+06 	 1.745752e-04 	 2.289853e+07 	
1.21070185e+06 	 1.683850e-04 	 2.286479e+07 	
1.21080190e+06 	 1.625542e-04 	 2.283203e+07 	
1.21090195e+06 	 1.570546e-04 	 2.280017e+07 	
1.21100200e+06 	 1.518608e-04 	 2.276918e+07 	
1.21110205e+06 	 1.469491e-04 	 2.273901e+07 	
1.21120210e+06 	 1.423021e-04 	 2.270963e+07 	
1.21130215e+06 	 1.379022e-04 	 2.268099e+07 	
1.21140220e+06 	 1.337320e-04 	 2.265306e+07 	
1.21150225e+06 	 1.297754e-04 	 2.262581e+07 	
1.21160230e+06 	 1.260167e-04 	 2.259921e+07 	
1.21170235e+06 	 1.224437e-04 	 2.257322e+07 	
1.21180240e+06 	 1.190455e-04 	 2.254782e+07 	
1.21190245e+06 	 1.158111e-04 	 2.252299e+07 	
1.21200250e+06 	 1.127299e-04 	 2.249870e+07 	
1.21210255e+06 	 1.097927e-04 	 2.247493e+07 	
1.21220260e+06 	 1.069882e-04 	 2.245164e+07 	
1.21230265e+06 	 1.043100e-04 	 2.242883e+07 	
1.21240270e+06 	 1.017513e-04 	 2.240647e+07 	
1.21250275e+06 	 9.930561e-05 	 2.238455e+07 	
1.21260280e+06 	 9.696616e-05 	 2.236306e+07 	
1.21270285e+06 	 9.472637e-05 	 2.234196e+07 	
1.21280290e+06 	 9.258123e-05 	 2.232125e+07 	
1.21290295e+06 	 9.052382e-05 	 2.230091e+07 	
1.21300300e+06 	 8.854995e-05 	 2.228092e+07 	
1.21310305e+06 	 8.665570e-05 	 2.226128e+07 	
1.21320310e+06 	 8.483715e-05 	 2.224197e+07 	
1.21330315e+06 	 8.309038e-05 	 2.222299e+07 	
1.21340320e+06 	 8.141147e-05 	 2.220431e+07 	
1.21350325e+06 	 7.979688e-05 	 2.218592e+07 	
1.21360330e+06 	 7.824346e-05 	 2.216782e+07 	
1.21370335e+06 	 7.674693e-05 	 2.215000e+07 	
1.21380340e+06 	 7.530499e-05 	 2.213244e+07 	
1.21390345e+06 	 7.391539e-05 	 2.211514e+07 	
1.21400350e+06 	 7.257583e-05 	 2.209809e+07 	
1.21410355e+06 	 7.128405e-05 	 2.208128e+07 	
1.21420360e+06 	 7.003777e-05 	 2.206470e+07 	
1.21430365e+06 	 6.883471e-05 	 2.204834e+07 	
1.21440370e+06 	 6.767259e-05 	 2.203221e+07 	
1.21450375e+06 	 6.655018e-05 	 2.201628e+07 	
1.21460380e+06 	 6.546455e-05 	 2.200056e+07 	
1.21470385e+06 	 6.441435e-05 	 2.198503e+07 	
1.21480390e+06 	 6.339826e-05 	 2.196969e+07 	
1.21490395e+06 	 6.241497e-05 	 2.195454e+07 	
1.21500400e+06 	 6.146316e-05 	 2.193957e+07 	
1.21510405e+06 	 6.054150e-05 	 2.192477e+07 	
1.21520410e+06 	 5.964868e-05 	 2.191015e+07 	
1.21530415e+06 	 5.878339e-05 	 2.189568e+07 	
1.21540420e+06 	 5.794449e-05 	 2.188138e+07 	
1.21550425e+06 	 5.713118e-05 	 2.186723e+07 	
1.21560430e+06 	 5.634157e-05 	 2.185323e+07 	
1.21570435e+06 	 5.557493e-05 	 2.183937e+07 	
1.21580440e+06 	 5.483049e-05 	 2.182566e+07 	
1.21590445e+06 	 5.410751e-05 	 2.181208e+07 	
1.21600450e+06 	 5.340523e-05 	 2.179863e+07 	
1.21610455e+06 	 5.272292e-05 	 2.178532e+07 	
1.21620460e+06 	 5.205981e-05 	 2.177213e+07 	
1.21630465e+06 	 5.141516e-05 	 2.175907e+07 	
1.21640470e+06 	 5.078822e-05 	 2.174612e+07 	
1.21650475e+06 	 5.017823e-05 	 2.173330e+07 	
1.21660480e+06 	 4.958465e-05 	 2.172058e+07 	
1.21670485e+06 	 4.900692e-05 	 2.170798e+07 	
1.21680490e+06 	 4.844646e-05 	 2.169545e+07 	
1.21690495e+06 	 4.789824e-05 	 2.168305e+07 	
1.21700500e+06 	 4.736414e-05 	 2.167076e+07 	
1.21710505e+06 	 4.684364e-05 	 2.165857e+07 	
1.21720510e+06 	 4.633629e-05 	 2.164647e+07 	
1.21730515e+06 	 4.584160e-05 	 2.163447e+07 	
1.21740520e+06 	 4.535916e-05 	 2.162256e+07 	
1.21750525e+06 	 4.488854e-05 	 2.161075e+07 	
1.21760530e+06 	 4.442933e-05 	 2.159901e+07 	
1.21770535e+06 	 4.398116e-05 	 2.158737e+07 	
1.21780540e+06 	 4.354366e-05 	 2.157580e+07 	
1.21790545e+06 	 4.311646e-05 	 2.156432e+07 	
1.21800550e+06 	 4.269923e-05 	 2.155292e+07 	
1.21810555e+06 	 4.229165e-05 	 2.154160e+07 	
1.21820560e+06 	 4.189341e-05 	 2.153035e+07 	
1.21830565e+06 	 4.150419e-05 	 2.151917e+07 	
1.21840570e+06 	 4.112372e-05 	 2.150807e+07 	
1.21850575e+06 	 4.075172e-05 	 2.149704e+07 	
1.21860580e+06 	 4.038792e-05 	 2.148607e+07 	
1.21870585e+06 	 4.003010e-05 	 2.147520e+07 	
1.21880590e+06 	 3.968192e-05 	 2.146437e+07 	
1.21890595e+06 	 3.934121e-05 	 2.145360e+07 	
1.21900600e+06 	 3.900772e-05 	 2.144290e+07 	
1.21910605e+06 	 3.868125e-05 	 2.143226e+07 	
1.21920610e+06 	 3.836158e-05 	 2.142168e+07 	
1.21930615e+06 	 3.804851e-05 	 2.141116e+07 	
1.21940620e+06 	 3.774184e-05 	 2.140069e+07 	
1.21950625e+06 	 3.744138e-05 	 2.139028e+07 	
1.21960630e+06 	 3.714696e-05 	 2.137993e+07 	
1.21970635e+06 	 3.685839e-05 	 2.136963e+07 	
1.21980640e+06 	 3.657551e-05 	 2.135939e+07 	
1.21990645e+06 	 3.629815e-05 	 2.134919e+07 	
1.22000650e+06 	 3.602615e-05 	 2.133905e+07 	
1.22010655e+06 	 3.575937e-05 	 2.132895e+07 	
1.22020660e+06 	 3.549765e-05 	 2.131890e+07 	
1.22030665e+06 	 3.524086e-05 	 2.130891e+07 	
1.22040670e+06 	 3.498885e-05 	 2.129895e+07 	
1.22050675e+06 	 3.474149e-05 	 2.128905e+07 	
1.22060680e+06 	 3.449866e-05 	 2.127918e+07 	
1.22070685e+06 	 3.426023e-05 	 2.126937e+07 	
1.22080690e+06 	 3.402609e-05 	 2.125959e+07 	
1.22090695e+06 	 3.379610e-05 	 2.124986e+07 	
1.22100700e+06 	 3.357018e-05 	 2.124016e+07 	
1.22110705e+06 	 3.334819e-05 	 2.123051e+07 	
1.22120710e+06 	 3.313005e-05 	 2.122090e+07 	
1.22130715e+06 	 3.291565e-05 	 2.121133e+07 	
1.22140720e+06 	 3.270488e-05 	 2.120179e+07 	
1.22150725e+06 	 3.249766e-05 	 2.119229e+07 	
1.22160730e+06 	 3.229390e-05 	 2.118283e+07 	
1.22170735e+06 	 3.209350e-05 	 2.117341e+07 	
1.22180740e+06 	 3.189637e-05 	 2.116402e+07 	
1.22190745e+06 	 3.170244e-05 	 2.115466e+07 	
1.22200750e+06 	 3.151162e-05 	 2.114534e+07 	
1.22210755e+06 	 3.132383e-05 	 2.113605e+07 	
1.22220760e+06 	 3.113900e-05 	 2.112679e+07 	
1.22230765e+06 	 3.095863e-05 	 2.111754e+07 	
1.22240770e+06 	 3.077951e-05 	 2.110835e+07 	
1.22250775e+06 	 3.060314e-05 	 2.109919e+07 	
1.22260780e+06 	 3.042944e-05 	 2.109005e+07 	
1.22270785e+06 	 3.025834e-05 	 2.108095e+07 	
1.22280790e+06 	 3.008979e-05 	 2.107188e+07 	
1.22290795e+06 	 2.992372e-05 	 2.106284e+07 	
1.22300800e+06 	 2.976008e-05 	 2.105382e+07 	
1.22310805e+06 	 2.959879e-05 	 2.104483e+07 	
1.22320810e+06 	 2.943981e-05 	 2.103587e+07 	
1.22330815e+06 	 2.928309e-05 	 2.102694e+07 	
1.22340820e+06 	 2.912856e-05 	 2.101803e+07 	
1.22350825e+06 	 2.897617e-05 	 2.100915e+07 	
1.22360830e+06 	 2.882588e-05 	 2.100029e+07 	
1.22370835e+06 	 2.867763e-05 	 2.099146e+07 	
1.22380840e+06 	 2.853139e-05 	 2.098265e+07 	
1.22390845e+06 	 2.838709e-05 	 2.097387e+07 	
1.22400850e+06 	 2.824470e-05 	 2.096511e+07 	
1.22410855e+06 	 2.810417e-05 	 2.095637e+07 	
1.22420860e+06 	 2.796545e-05 	 2.094766e+07 	
1.22430865e+06 	 2.782852e-05 	 2.093897e+07 	
1.22440870e+06 	 2.769332e-05 	 2.093030e+07 	
1.22450875e+06 	 2.755982e-05 	 2.092165e+07 	
1.22460880e+06 	 2.742797e-05 	 2.091302e+07 	
1.22470885e+06 	 2.729775e-05 	 2.090442e+07 	
1.22480890e+06 	 2.716911e-05 	 2.089584e+07 	
1.22490895e+06 	 2.704202e-05 	 2.088727e+07 	
1.22500900e+06 	 2.691644e-05 	 2.087873e+07 	
1.22510905e+06 	 2.679235e-05 	 2.087020e+07 	
1.22520910e+06 	 2.666970e-05 	 2.086170e+07 	
1.22530915e+06 	 2.654847e-05 	 2.085322e+07 	
1.22540920e+06 	 2.642862e-05 	 2.084475e+07 	
1.22550925e+06 	 2.631013e-05 	 2.083630e+07 	
1.22560930e+06 	 2.619296e-05 	 2.082787e+07 	
1.22570935e+06 	 2.607840e-05 	 2.081944e+07 	
1.22580940e+06 	 2.596381e-05 	 2.081104e+07 	
1.22590945e+06 	 2.585047e-05 	 2.080266e+07 	
1.22600950e+06 	 2.573833e-05 	 2.079430e+07 	
1.22610955e+06 	 2.562739e-05 	 2.078596e+07 	
1.22620960e+06 	 2.551761e-05 	 2.077763e+07 	
1.22630965e+06 	 2.540896e-05 	 2.076932e+07 	
1.22640970e+06 	 2.530143e-05 	 2.076103e+07 	
1.22650975e+06 	 2.519498e-05 	 2.075275e+07 	
1.22660980e+06 	 2.508961e-05 	 2.074449e+07 	
1.22670985e+06 	 2.498527e-05 	 2.073624e+07 	
1.22680990e+06 	 2.488196e-05 	 2.072801e+07 	
1.22690995e+06 	 2.477965e-05 	 2.071980e+07 	
1.22701001e+06 	 2.467832e-05 	 2.071159e+07 	
1.22711006e+06 	 2.457794e-05 	 2.070341e+07 	
1.22721011e+06 	 2.447851e-05 	 2.069523e+07 	
1.22731016e+06 	 2.437999e-05 	 2.068707e+07 	
1.22741021e+06 	 2.428238e-05 	 2.067893e+07 	
1.22751026e+06 	 2.418565e-05 	 2.067080e+07 	
1.22761031e+06 	 2.408978e-05 	 2.066268e+07 	
1.22771036e+06 	 2.399476e-05 	 2.065458e+07 	
1.22781041e+06 	 2.390056e-05 	 2.064649e+07 	
1.22791046e+06 	 2.380718e-05 	 2.063841e+07 	
1.22801051e+06 	 2.371459e-05 	 2.063034e+07 	
1.22811056e+06 	 2.362278e-05 	 2.062229e+07 	
1.22821061e+06 	 2.353174e-05 	 2.061425e+07 	
1.22831066e+06 	 2.344144e-05 	 2.060622e+07 	
1.22841071e+06 	 2.335188e-05 	 2.059821e+07 	
1.22851076e+06 	 2.326303e-05 	 2.059020e+07 	
1.22861081e+06 	 2.317489e-05 	 2.058221e+07 	
1.22871086e+06 	 2.308743e-05 	 2.057423e+07 	
1.22881091e+06 	 2.300065e-05 	 2.056626e+07 	
1.22891096e+06 	 2.291454e-05 	 2.055831e+07 	
1.22901101e+06 	 2.282907e-05 	 2.055036e+07 	
1.22911106e+06 	 2.274424e-05 	 2.054243e+07 	
1.22921111e+06 	 2.265890e-05 	 2.053453e+07 	
1.22931116e+06 	 2.257528e-05 	 2.052661e+07 	
1.22941121e+06 	 2.249227e-05 	 2.051871e+07 	
1.22951126e+06 	 2.240984e-05 	 2.051082e+07 	
1.22961131e+06 	 2.232799e-05 	 2.050294e+07 	
1.22971136e+06 	 2.224670e-05 	 2.049507e+07 	
1.22981141e+06 	 2.216596e-05 	 2.048721e+07 	
1.22991146e+06 	 2.208577e-05 	 2.047936e+07 	
1.23001151e+06 	 2.200610e-05 	 2.047152e+07 	
1.23011156e+06 	 2.192696e-05 	 2.046369e+07 	
1.23021161e+06 	 2.184833e-05 	 2.045587e+07 	
1.23031166e+06 	 2.177021e-05 	 2.044806e+07 	
1.23041171e+06 	 2.169257e-05 	 2.044026e+07 	
1.23051176e+06 	 2.161541e-05 	 2.043246e+07 	
1.23061181e+06 	 2.153873e-05 	 2.042468e+07 	
1.23071186e+06 	 2.146251e-05 	 2.041691e+07 	
1.23081191e+06 	 2.138675e-05 	 2.040914e+07 	
1.23091196e+06 	 2.131143e-05 	 2.040139e+07 	
1.23101201e+06 	 2.123655e-05 	 2.039364e+07 	
1.23111206e+06 	 2.116210e-05 	 2.038590e+07 	
1.23121211e+06 	 2.108807e-05 	 2.037817e+07 	
1.23131216e+06 	 2.101445e-05 	 2.037045e+07 	
1.23141221e+06 	 2.094123e-05 	 2.036274e+07 	
1.23151226e+06 	 2.086842e-05 	 2.035504e+07 	
1.23161231e+06 	 2.079599e-05 	 2.034734e+07 	
1.23171236e+06 	 2.072394e-05 	 2.033966e+07 	
1.23181241e+06 	 2.065227e-05 	 2.033198e+07 	
1.23191246e+06 	 2.058097e-05 	 2.032431e+07 	
1.23201251e+06 	 2.051003e-05 	 2.031665e+07 	
1.23211256e+06 	 2.043944e-05 	 2.030899e+07 	
1.23221261e+06 	 2.036920e-05 	 2.030134e+07 	
1.23231266e+06 	 2.029930e-05 	 2.029371e+07 	
1.23241271e+06 	 2.022973e-05 	 2.028607e+07 	
1.23251276e+06 	 2.016050e-05 	 2.027845e+07 	
1.23261281e+06 	 2.009158e-05 	 2.027084e+07 	
1.23271286e+06 	 2.002298e-05 	 2.026323e+07 	
1.23281291e+06 	 1.995469e-05 	 2.025563e+07 	
1.23291296e+06 	 1.988570e-05 	 2.024806e+07 	
1.23301301e+06 	 1.981799e-05 	 2.024047e+07 	
1.23311306e+06 	 1.975058e-05 	 2.023289e+07 	
1.23321311e+06 	 1.968346e-05 	 2.022532e+07 	
1.23331316e+06 	 1.961661e-05 	 2.021776e+07 	
1.23341321e+06 	 1.955005e-05 	 2.021020e+07 	
1.23351326e+06 	 1.948375e-05 	 2.020265e+07 	
1.23361331e+06 	 1.941773e-05 	 2.019511e+07 	
1.23371336e+06 	 1.935196e-05 	 2.018757e+07 	
1.23381341e+06 	 1.928645e-05 	 2.018004e+07 	
1.23391346e+06 	 1.922119e-05 	 2.017252e+07 	
1.23401351e+06 	 1.915618e-05 	 2.016500e+07 	
1.23411356e+06 	 1.909141e-05 	 2.015749e+07 	
1.23421361e+06 	 1.902687e-05 	 2.014999e+07 	
1.23431366e+06 	 1.896257e-05 	 2.014250e+07 	
1.23441371e+06 	 1.889850e-05 	 2.013501e+07 	
1.23451376e+06 	 1.883466e-05 	 2.012752e+07 	
1.23461381e+06 	 1.877103e-05 	 2.012005e+07 	
1.23471386e+06 	 1.870763e-05 	 2.011258e+07 	
1.23481391e+06 	 1.864443e-05 	 2.010511e+07 	
1.23491396e+06 	 1.858144e-05 	 2.009766e+07 	
1.23501401e+06 	 1.851866e-05 	 2.009021e+07 	
1.23511406e+06 	 1.845608e-05 	 2.008276e+07 	
1.23521411e+06 	 1.839370e-05 	 2.007532e+07 	
1.23531416e+06 	 1.833151e-05 	 2.006789e+07 	
1.23541421e+06 	 1.826951e-05 	 2.006046e+07 	
1.23551426e+06 	 1.820769e-05 	 2.005304e+07 	
1.23561431e+06 	 1.814606e-05 	 2.004563e+07 	
1.23571436e+06 	 1.808461e-05 	 2.003822e+07 	
1.23581441e+06 	 1.802334e-05 	 2.003082e+07 	
1.23591446e+06 	 1.796224e-05 	 2.002342e+07 	
1.23601451e+06 	 1.790130e-05 	 2.001603e+07 	
1.23611456e+06 	 1.784054e-05 	 2.000865e+07 	
1.23621461e+06 	 1.777994e-05 	 2.000127e+07 	
1.23631466e+06 	 1.771950e-05 	 1.999390e+07 	
1.23641471e+06 	 1.765921e-05 	 1.998653e+07 	
1.23651476e+06 	 1.759909e-05 	 1.997917e+07 	
1.23661481e+06 	 1.753822e-05 	 1.997184e+07 	
1.23671486e+06 	 1.747838e-05 	 1.996449e+07 	
1.23681491e+06 	 1.741868e-05 	 1.995715e+07 	
1.23691496e+06 	 1.735913e-05 	 1.994981e+07 	
1.23701501e+06 	 1.729972e-05 	 1.994248e+07 	
1.23711506e+06 	 1.724045e-05 	 1.993515e+07 	
1.23721511e+06 	 1.718131e-05 	 1.992783e+07 	
1.23731516e+06 	 1.712231e-05 	 1.992051e+07 	
1.23741521e+06 	 1.706343e-05 	 1.991320e+07 	
1.23751526e+06 	 1.700469e-05 	 1.990590e+07 	
1.23761531e+06 	 1.694607e-05 	 1.989860e+07 	
1.23771536e+06 	 1.688757e-05 	 1.989131e+07 	
1.23781541e+06 	 1.682920e-05 	 1.988402e+07 	
1.23791546e+06 	 1.677094e-05 	 1.987674e+07 	
1.23801551e+06 	 1.671281e-05 	 1.986946e+07 	
1.23811556e+06 	 1.665478e-05 	 1.986219e+07 	
1.23821561e+06 	 1.659687e-05 	 1.985493e+07 	
1.23831566e+06 	 1.653907e-05 	 1.984766e+07 	
1.23841571e+06 	 1.648137e-05 	 1.984041e+07 	
1.23851576e+06 	 1.642379e-05 	 1.983316e+07 	
1.23861581e+06 	 1.636630e-05 	 1.982592e+07 	
1.23871586e+06 	 1.630892e-05 	 1.981868e+07 	
1.23881591e+06 	 1.625164e-05 	 1.981144e+07 	
1.23891596e+06 	 1.619446e-05 	 1.980421e+07 	
1.23901601e+06 	 1.613738e-05 	 1.979699e+07 	
1.23911606e+06 	 1.608039e-05 	 1.978977e+07 	
1.23921611e+06 	 1.602349e-05 	 1.978256e+07 	
1.23931616e+06 	 1.596668e-05 	 1.977535e+07 	
1.23941621e+06 	 1.590997e-05 	 1.976815e+07 	
1.23951626e+06 	 1.585334e-05 	 1.976095e+07 	
1.23961631e+06 	 1.579680e-05 	 1.975376e+07 	
1.23971636e+06 	 1.574034e-05 	 1.974658e+07 	
1.23981641e+06 	 1.568397e-05 	 1.973940e+07 	
1.23991646e+06 	 1.562767e-05 	 1.973222e+07 	
1.24001651e+06 	 1.557146e-05 	 1.972505e+07 	
1.24011656e+06 	 1.551533e-05 	 1.971788e+07 	
1.24021661e+06 	 1.545927e-05 	 1.971072e+07 	
1.24031666e+06 	 1.540251e-05 	 1.970359e+07 	
1.24041671e+06 	 1.534659e-05 	 1.969644e+07 	
1.24051676e+06 	 1.529074e-05 	 1.968930e+07 	
1.24061681e+06 	 1.523497e-05 	 1.968216e+07 	
1.24071686e+06 	 1.517926e-05 	 1.967503e+07 	
1.24081691e+06 	 1.512362e-05 	 1.966790e+07 	
1.24091696e+06 	 1.506805e-05 	 1.966077e+07 	
1.24101701e+06 	 1.501255e-05 	 1.965366e+07 	
1.24111706e+06 	 1.495711e-05 	 1.964654e+07 	
1.24121711e+06 	 1.490173e-05 	 1.963944e+07 	
1.24131716e+06 	 1.484642e-05 	 1.963233e+07 	
1.24141721e+06 	 1.479116e-05 	 1.962524e+07 	
1.24151726e+06 	 1.473597e-05 	 1.961814e+07 	
1.24161731e+06 	 1.468083e-05 	 1.961106e+07 	
1.24171736e+06 	 1.462576e-05 	 1.960397e+07 	
1.24181741e+06 	 1.457074e-05 	 1.959690e+07 	
1.24191746e+06 	 1.451577e-05 	 1.958983e+07 	
1.24201751e+06 	 1.446086e-05 	 1.958276e+07 	
1.24211756e+06 	 1.440600e-05 	 1.957570e+07 	
1.24221761e+06 	 1.435120e-05 	 1.956864e+07 	
1.24231766e+06 	 1.429644e-05 	 1.956159e+07 	
1.24241771e+06 	 1.424174e-05 	 1.955455e+07 	
1.24251776e+06 	 1.418708e-05 	 1.954751e+07 	
1.24261781e+06 	 1.413248e-05 	 1.954048e+07 	
1.24271786e+06 	 1.407792e-05 	 1.953345e+07 	
1.24281791e+06 	 1.402340e-05 	 1.952642e+07 	
1.24291796e+06 	 1.396894e-05 	 1.951940e+07 	
1.24301801e+06 	 1.391451e-05 	 1.951239e+07 	
1.24311806e+06 	 1.386014e-05 	 1.950538e+07 	
1.24321811e+06 	 1.380580e-05 	 1.949838e+07 	
1.24331816e+06 	 1.375151e-05 	 1.949138e+07 	
1.24341821e+06 	 1.369726e-05 	 1.948439e+07 	
1.24351826e+06 	 1.364305e-05 	 1.947740e+07 	
1.24361831e+06 	 1.358888e-05 	 1.947042e+07 	
1.24371836e+06 	 1.353474e-05 	 1.946345e+07 	
1.24381841e+06 	 1.348065e-05 	 1.945648e+07 	
1.24391846e+06 	 1.342659e-05 	 1.944951e+07 	
1.24401851e+06 	 1.337325e-05 	 1.944253e+07 	
1.24411856e+06 	 1.331928e-05 	 1.943557e+07 	
1.24421861e+06 	 1.326534e-05 	 1.942862e+07 	
1.24431866e+06 	 1.321144e-05 	 1.942168e+07 	
1.24441871e+06 	 1.315757e-05 	 1.941474e+07 	
1.24451876e+06 	 1.310374e-05 	 1.940781e+07 	
1.24461881e+06 	 1.304994e-05 	 1.940088e+07 	
1.24471886e+06 	 1.299617e-05 	 1.939396e+07 	
1.24481891e+06 	 1.294244e-05 	 1.938704e+07 	
1.24491896e+06 	 1.288874e-05 	 1.938013e+07 	
1.24501901e+06 	 1.283506e-05 	 1.937323e+07 	
1.24511906e+06 	 1.278142e-05 	 1.936633e+07 	
1.24521911e+06 	 1.272781e-05 	 1.935943e+07 	
1.24531916e+06 	 1.267423e-05 	 1.935255e+07 	
1.24541921e+06 	 1.262067e-05 	 1.934566e+07 	
1.24551926e+06 	 1.256715e-05 	 1.933879e+07 	
1.24561931e+06 	 1.251365e-05 	 1.933191e+07 	
1.24571936e+06 	 1.246018e-05 	 1.932505e+07 	
1.24581941e+06 	 1.240674e-05 	 1.931819e+07 	
1.24591946e+06 	 1.235332e-05 	 1.931133e+07 	
1.24601951e+06 	 1.229993e-05 	 1.930449e+07 	
1.24611956e+06 	 1.224657e-05 	 1.929764e+07 	
1.24621961e+06 	 1.219323e-05 	 1.929081e+07 	
1.24631966e+06 	 1.213992e-05 	 1.928398e+07 	
1.24641971e+06 	 1.208663e-05 	 1.927715e+07 	
1.24651976e+06 	 1.203336e-05 	 1.927033e+07 	
1.24661981e+06 	 1.198012e-05 	 1.926352e+07 	
1.24671986e+06 	 1.192691e-05 	 1.925671e+07 	
1.24681991e+06 	 1.187372e-05 	 1.924991e+07 	
1.24691996e+06 	 1.182055e-05 	 1.924312e+07 	
1.24702001e+06 	 1.176740e-05 	 1.923633e+07 	
1.24712006e+06 	 1.171428e-05 	 1.922954e+07 	
1.24722011e+06 	 1.166117e-05 	 1.922277e+07 	
1.24732016e+06 	 1.160810e-05 	 1.921600e+07 	
1.24742021e+06 	 1.155504e-05 	 1.920923e+07 	
1.24752026e+06 	 1.150200e-05 	 1.920247e+07 	
1.24762031e+06 	 1.144899e-05 	 1.919572e+07 	
1.24772036e+06 	 1.139657e-05 	 1.918895e+07 	
1.24782041e+06 	 1.134360e-05 	 1.918221e+07 	
1.24792046e+06 	 1.129066e-05 	 1.917548e+07 	
1.24802051e+06 	 1.123774e-05 	 1.916875e+07 	
1.24812056e+06 	 1.118484e-05 	 1.916203e+07 	
1.24822061e+06 	 1.113196e-05 	 1.915531e+07 	
1.24832066e+06 	 1.107910e-05 	 1.914860e+07 	
1.24842071e+06 	 1.102626e-05 	 1.914190e+07 	
1.24852076e+06 	 1.097344e-05 	 1.913521e+07 	
1.24862081e+06 	 1.092065e-05 	 1.912852e+07 	
1.24872086e+06 	 1.086787e-05 	 1.912183e+07 	
1.24882091e+06 	 1.081511e-05 	 1.911516e+07 	
1.24892096e+06 	 1.076237e-05 	 1.910849e+07 	
1.24902101e+06 	 1.070966e-05 	 1.910183e+07 	
1.24912106e+06 	 1.065696e-05 	 1.909517e+07 	
1.24922111e+06 	 1.060429e-05 	 1.908852e+07 	
1.24932116e+06 	 1.055163e-05 	 1.908188e+07 	
1.24942121e+06 	 1.049899e-05 	 1.907524e+07 	
1.24952126e+06 	 1.044638e-05 	 1.906862e+07 	
1.24962131e+06 	 1.039378e-05 	 1.906199e+07 	
1.24972136e+06 	 1.034121e-05 	 1.905538e+07 	
1.24982141e+06 	 1.028866e-05 	 1.904877e+07 	
1.24992146e+06 	 1.023612e-05 	 1.904217e+07 	
1.25002151e+06 	 1.018361e-05 	 1.903558e+07 	
1.25012156e+06 	 1.013112e-05 	 1.902899e+07 	
1.25022161e+06 	 1.007865e-05 	 1.902241e+07 	
1.25032166e+06 	 1.002620e-05 	 1.901584e+07 	
1.25042171e+06 	 9.973775e-06 	 1.900927e+07 	
1.25052176e+06 	 9.921369e-06 	 1.900271e+07 	
1.25062181e+06 	 9.868986e-06 	 1.899616e+07 	
1.25072186e+06 	 9.816624e-06 	 1.898962e+07 	
1.25082191e+06 	 9.764285e-06 	 1.898309e+07 	
1.25092196e+06 	 9.711969e-06 	 1.897656e+07 	
1.25102201e+06 	 9.659675e-06 	 1.897004e+07 	
1.25112206e+06 	 9.607404e-06 	 1.896352e+07 	
1.25122211e+06 	 9.555157e-06 	 1.895702e+07 	
1.25132216e+06 	 9.502933e-06 	 1.895052e+07 	
1.25142221e+06 	 9.451208e-06 	 1.894401e+07 	
1.25152226e+06 	 9.399040e-06 	 1.893752e+07 	
1.25162231e+06 	 9.346896e-06 	 1.893105e+07 	
1.25172236e+06 	 9.294777e-06 	 1.892458e+07 	
1.25182241e+06 	 9.242683e-06 	 1.891812e+07 	
1.25192246e+06 	 9.190616e-06 	 1.891167e+07 	
1.25202251e+06 	 9.138575e-06 	 1.890523e+07 	
1.25212256e+06 	 9.086560e-06 	 1.889879e+07 	
1.25222261e+06 	 9.034573e-06 	 1.889237e+07 	
1.25232266e+06 	 8.982614e-06 	 1.888595e+07 	
1.25242271e+06 	 8.930682e-06 	 1.887954e+07 	
1.25252276e+06 	 8.878780e-06 	 1.887313e+07 	
1.25262281e+06 	 8.826906e-06 	 1.886674e+07 	
1.25272286e+06 	 8.775062e-06 	 1.886035e+07 	
1.25282291e+06 	 8.723248e-06 	 1.885398e+07 	
1.25292296e+06 	 8.671465e-06 	 1.884761e+07 	
1.25302301e+06 	 8.619714e-06 	 1.884125e+07 	
1.25312306e+06 	 8.567994e-06 	 1.883489e+07 	
1.25322311e+06 	 8.516307e-06 	 1.882855e+07 	
1.25332316e+06 	 8.464652e-06 	 1.882222e+07 	
1.25342321e+06 	 8.413032e-06 	 1.881589e+07 	
1.25352326e+06 	 8.361446e-06 	 1.880958e+07 	
1.25362331e+06 	 8.309895e-06 	 1.880327e+07 	
1.25372336e+06 	 8.258380e-06 	 1.879697e+07 	
1.25382341e+06 	 8.206901e-06 	 1.879068e+07 	
1.25392346e+06 	 8.155460e-06 	 1.878440e+07 	
1.25402351e+06 	 8.104056e-06 	 1.877813e+07 	
1.25412356e+06 	 8.052692e-06 	 1.877186e+07 	
1.25422361e+06 	 8.001366e-06 	 1.876561e+07 	
1.25432366e+06 	 7.950081e-06 	 1.875937e+07 	
1.25442371e+06 	 7.898837e-06 	 1.875313e+07 	
1.25452376e+06 	 7.847635e-06 	 1.874691e+07 	
1.25462381e+06 	 7.796476e-06 	 1.874069e+07 	
1.25472386e+06 	 7.745360e-06 	 1.873449e+07 	
1.25482391e+06 	 7.694288e-06 	 1.872829e+07 	
1.25492396e+06 	 7.643263e-06 	 1.872211e+07 	
1.25502401e+06 	 7.592283e-06 	 1.871593e+07 	
1.25512406e+06 	 7.541730e-06 	 1.870974e+07 	
1.25522411e+06 	 7.490850e-06 	 1.870358e+07 	
1.25532416e+06 	 7.440020e-06 	 1.869744e+07 	
1.25542421e+06 	 7.389240e-06 	 1.869130e+07 	
1.25552426e+06 	 7.338511e-06 	 1.868517e+07 	
1.25562431e+06 	 7.287834e-06 	 1.867906e+07 	
1.25572436e+06 	 7.237211e-06 	 1.867295e+07 	
1.25582441e+06 	 7.186642e-06 	 1.866685e+07 	
1.25592446e+06 	 7.136128e-06 	 1.866077e+07 	
1.25602451e+06 	 7.085671e-06 	 1.865470e+07 	
1.25612456e+06 	 7.035272e-06 	 1.864863e+07 	
1.25622461e+06 	 6.984931e-06 	 1.864258e+07 	
1.25632466e+06 	 6.934650e-06 	 1.863653e+07 	
1.25642471e+06 	 6.884431e-06 	 1.863050e+07 	
1.25652476e+06 	 6.834274e-06 	 1.862448e+07 	
1.25662481e+06 	 6.784181e-06 	 1.861847e+07 	
1.25672486e+06 	 6.734152e-06 	 1.861247e+07 	
1.25682491e+06 	 6.684189e-06 	 1.860649e+07 	
1.25692496e+06 	 6.634294e-06 	 1.860051e+07 	
1.25702501e+06 	 6.584468e-06 	 1.859454e+07 	
1.25712506e+06 	 6.534711e-06 	 1.858859e+07 	
1.25722511e+06 	 6.485026e-06 	 1.858265e+07 	
1.25732516e+06 	 6.435413e-06 	 1.857672e+07 	
1.25742521e+06 	 6.385875e-06 	 1.857080e+07 	
1.25752526e+06 	 6.336411e-06 	 1.856489e+07 	
1.25762531e+06 	 6.287025e-06 	 1.855900e+07 	
1.25772536e+06 	 6.237717e-06 	 1.855311e+07 	
1.25782541e+06 	 6.188489e-06 	 1.854724e+07 	
1.25792546e+06 	 6.139342e-06 	 1.854138e+07 	
1.25802551e+06 	 6.090278e-06 	 1.853553e+07 	
1.25812556e+06 	 6.041298e-06 	 1.852970e+07 	
1.25822561e+06 	 5.992403e-06 	 1.852388e+07 	
1.25832566e+06 	 5.943596e-06 	 1.851806e+07 	
1.25842571e+06 	 5.894878e-06 	 1.851227e+07 	
1.25852576e+06 	 5.846250e-06 	 1.850648e+07 	
1.25862581e+06 	 5.797715e-06 	 1.850071e+07 	
1.25872586e+06 	 5.749273e-06 	 1.849495e+07 	
1.25882591e+06 	 5.700638e-06 	 1.848922e+07 	
1.25892596e+06 	 5.652385e-06 	 1.848349e+07 	
1.25902601e+06 	 5.604231e-06 	 1.847777e+07 	
1.25912606e+06 	 5.556177e-06 	 1.847206e+07 	
1.25922611e+06 	 5.508225e-06 	 1.846637e+07 	
1.25932616e+06 	 5.460377e-06 	 1.846068e+07 	
1.25942621e+06 	 5.412635e-06 	 1.845502e+07 	
1.25952626e+06 	 5.365000e-06 	 1.844936e+07 	
1.25962631e+06 	 5.317474e-06 	 1.844372e+07 	
1.25972636e+06 	 5.270059e-06 	 1.843809e+07 	
1.25982641e+06 	 5.222756e-06 	 1.843248e+07 	
1.25992646e+06 	 5.175569e-06 	 1.842688e+07 	
1.26002651e+06 	 5.128497e-06 	 1.842130e+07 	
1.26012656e+06 	 5.081544e-06 	 1.841572e+07 	
1.26022661e+06 	 5.034711e-06 	 1.841017e+07 	
1.26032666e+06 	 4.988000e-06 	 1.840462e+07 	
1.26042671e+06 	 4.941413e-06 	 1.839909e+07 	
1.26052676e+06 	 4.894952e-06 	 1.839358e+07 	
1.26062681e+06 	 4.848619e-06 	 1.838808e+07 	
1.26072686e+06 	 4.802416e-06 	 1.838259e+07 	
1.26082691e+06 	 4.756344e-06 	 1.837712e+07 	
1.26092696e+06 	 4.710406e-06 	 1.837167e+07 	
1.26102701e+06 	 4.664604e-06 	 1.836623e+07 	
1.26112706e+06 	 4.618940e-06 	 1.836080e+07 	
1.26122711e+06 	 4.573416e-06 	 1.835539e+07 	
1.26132716e+06 	 4.528033e-06 	 1.835000e+07 	
1.26142721e+06 	 4.482794e-06 	 1.834461e+07 	
1.26152726e+06 	 4.437702e-06 	 1.833925e+07 	
1.26162731e+06 	 4.392757e-06 	 1.833390e+07 	
1.26172736e+06 	 4.347962e-06 	 1.832857e+07 	
1.26182741e+06 	 4.303320e-06 	 1.832325e+07 	
1.26192746e+06 	 4.258832e-06 	 1.831795e+07 	
1.26202751e+06 	 4.214500e-06 	 1.831266e+07 	
1.26212756e+06 	 4.170327e-06 	 1.830739e+07 	
1.26222761e+06 	 4.126315e-06 	 1.830213e+07 	
1.26232766e+06 	 4.082465e-06 	 1.829690e+07 	
1.26242771e+06 	 4.038578e-06 	 1.829170e+07 	
1.26252776e+06 	 3.995059e-06 	 1.828649e+07 	
1.26262781e+06 	 3.951709e-06 	 1.828130e+07 	
1.26272786e+06 	 3.908531e-06 	 1.827613e+07 	
1.26282791e+06 	 3.865526e-06 	 1.827097e+07 	
1.26292796e+06 	 3.822697e-06 	 1.826584e+07 	
1.26302801e+06 	 3.780046e-06 	 1.826071e+07 	
1.26312806e+06 	 3.737575e-06 	 1.825561e+07 	
1.26322811e+06 	 3.695286e-06 	 1.825052e+07 	
1.26332816e+06 	 3.653182e-06 	 1.824545e+07 	
1.26342821e+06 	 3.611264e-06 	 1.824040e+07 	
1.26352826e+06 	 3.569535e-06 	 1.823536e+07 	
1.26362831e+06 	 3.527997e-06 	 1.823034e+07 	
1.26372836e+06 	 3.486653e-06 	 1.822534e+07 	
1.26382841e+06 	 3.445503e-06 	 1.822036e+07 	
1.26392846e+06 	 3.404552e-06 	 1.821539e+07 	
1.26402851e+06 	 3.363800e-06 	 1.821045e+07 	
1.26412856e+06 	 3.323249e-06 	 1.820552e+07 	
1.26422861e+06 	 3.282903e-06 	 1.820060e+07 	
1.26432866e+06 	 3.242763e-06 	 1.819571e+07 	
1.26442871e+06 	 3.202831e-06 	 1.819083e+07 	
1.26452876e+06 	 3.163110e-06 	 1.818598e+07 	
1.26462881e+06 	 3.123601e-06 	 1.818114e+07 	
1.26472886e+06 	 3.084307e-06 	 1.817632e+07 	
1.26482891e+06 	 3.045230e-06 	 1.817152e+07 	
1.26492896e+06 	 3.006372e-06 	 1.816674e+07 	
1.26502901e+06 	 2.967734e-06 	 1.816197e+07 	
1.26512906e+06 	 2.929320e-06 	 1.815723e+07 	
1.26522911e+06 	 2.891131e-06 	 1.815250e+07 	
1.26532916e+06 	 2.853169e-06 	 1.814779e+07 	
1.26542921e+06 	 2.815436e-06 	 1.814311e+07 	
1.26552926e+06 	 2.777934e-06 	 1.813844e+07 	
1.26562931e+06 	 2.740666e-06 	 1.813379e+07 	
1.26572936e+06 	 2.703633e-06 	 1.812916e+07 	
1.26582941e+06 	 2.666836e-06 	 1.812455e+07 	
1.26592946e+06 	 2.630279e-06 	 1.811996e+07 	
1.26602951e+06 	 2.593833e-06 	 1.811541e+07 	
1.26612956e+06 	 2.557759e-06 	 1.811086e+07 	
1.26622961e+06 	 2.521929e-06 	 1.810633e+07 	
1.26632966e+06 	 2.486347e-06 	 1.810182e+07 	
1.26642971e+06 	 2.451012e-06 	 1.809733e+07 	
1.26652976e+06 	 2.415928e-06 	 1.809286e+07 	
1.26662981e+06 	 2.381096e-06 	 1.808841e+07 	
1.26672986e+06 	 2.346517e-06 	 1.808398e+07 	
1.26682991e+06 	 2.312194e-06 	 1.807957e+07 	
1.26692996e+06 	 2.278128e-06 	 1.807518e+07 	
1.26703002e+06 	 2.244320e-06 	 1.807081e+07 	
1.26713007e+06 	 2.210773e-06 	 1.806646e+07 	
1.26723012e+06 	 2.177488e-06 	 1.806213e+07 	
1.26733017e+06 	 2.144466e-06 	 1.805783e+07 	
1.26743022e+06 	 2.111709e-06 	 1.805354e+07 	
1.26753027e+06 	 2.079219e-06 	 1.804928e+07 	
1.26763032e+06 	 2.046996e-06 	 1.804503e+07 	
1.26773037e+06 	 2.015043e-06 	 1.804081e+07 	
1.26783042e+06 	 1.983360e-06 	 1.803661e+07 	
1.26793047e+06 	 1.951949e-06 	 1.803243e+07 	
1.26803052e+06 	 1.920812e-06 	 1.802827e+07 	
1.26813057e+06 	 1.889949e-06 	 1.802413e+07 	
1.26823062e+06 	 1.859362e-06 	 1.802001e+07 	
1.26833067e+06 	 1.829051e-06 	 1.801592e+07 	
1.26843072e+06 	 1.799019e-06 	 1.801184e+07 	
1.26853077e+06 	 1.769265e-06 	 1.800779e+07 	
1.26863082e+06 	 1.739792e-06 	 1.800376e+07 	
1.26873087e+06 	 1.710600e-06 	 1.799975e+07 	
1.26883092e+06 	 1.681689e-06 	 1.799577e+07 	
1.26893097e+06 	 1.653062e-06 	 1.799180e+07 	
1.26903102e+06 	 1.624718e-06 	 1.798786e+07 	
1.26913107e+06 	 1.596659e-06 	 1.798394e+07 	
1.26923112e+06 	 1.568884e-06 	 1.798004e+07 	
1.26933117e+06 	 1.541396e-06 	 1.797616e+07 	
1.26943122e+06 	 1.514194e-06 	 1.797230e+07 	
1.26953127e+06 	 1.487354e-06 	 1.796845e+07 	
1.26963132e+06 	 1.460727e-06 	 1.796463e+07 	
1.26973137e+06 	 1.434388e-06 	 1.796084e+07 	
1.26983142e+06 	 1.408338e-06 	 1.795708e+07 	
1.26993147e+06 	 1.382577e-06 	 1.795333e+07 	
1.27003152e+06 	 1.357105e-06 	 1.794961e+07 	
1.27013157e+06 	 1.331922e-06 	 1.794591e+07 	
1.27023162e+06 	 1.307029e-06 	 1.794223e+07 	
1.27033167e+06 	 1.282426e-06 	 1.793857e+07 	
1.27043172e+06 	 1.258112e-06 	 1.793494e+07 	
1.27053177e+06 	 1.234089e-06 	 1.793133e+07 	
1.27063182e+06 	 1.210356e-06 	 1.792774e+07 	
1.27073187e+06 	 1.186912e-06 	 1.792417e+07 	
1.27083192e+06 	 1.163758e-06 	 1.792063e+07 	
1.27093197e+06 	 1.140894e-06 	 1.791710e+07 	
1.27103202e+06 	 1.118319e-06 	 1.791360e+07 	
1.27113207e+06 	 1.096032e-06 	 1.791013e+07 	
1.27123212e+06 	 1.074035e-06 	 1.790667e+07 	
1.27133217e+06 	 1.052325e-06 	 1.790324e+07 	
1.27143222e+06 	 1.030904e-06 	 1.789983e+07 	
1.27153227e+06 	 1.009769e-06 	 1.789645e+07 	
1.27163232e+06 	 9.889211e-07 	 1.789308e+07 	
1.27173237e+06 	 9.683590e-07 	 1.788974e+07 	
1.27183242e+06 	 9.480820e-07 	 1.788642e+07 	
1.27193247e+06 	 9.280894e-07 	 1.788312e+07 	
1.27203252e+06 	 9.083804e-07 	 1.787985e+07 	
1.27213257e+06 	 8.889541e-07 	 1.787660e+07 	
1.27223262e+06 	 8.698095e-07 	 1.787337e+07 	
1.27233267e+06 	 8.509456e-07 	 1.787016e+07 	
1.27243272e+06 	 8.323614e-07 	 1.786698e+07 	
1.27253277e+06 	 8.140558e-07 	 1.786381e+07 	
1.27263282e+06 	 7.960276e-07 	 1.786068e+07 	
1.27273287e+06 	 7.782756e-07 	 1.785756e+07 	
1.27283292e+06 	 7.607985e-07 	 1.785446e+07 	
1.27293297e+06 	 7.435575e-07 	 1.785142e+07 	
1.27303302e+06 	 7.266262e-07 	 1.784837e+07 	
1.27313307e+06 	 7.099656e-07 	 1.784534e+07 	
1.27323312e+06 	 6.935743e-07 	 1.784234e+07 	
1.27333317e+06 	 6.774508e-07 	 1.783935e+07 	
1.27343322e+06 	 6.615934e-07 	 1.783639e+07 	
1.27353327e+06 	 6.460004e-07 	 1.783345e+07 	
1.27363332e+06 	 6.306703e-07 	 1.783054e+07 	
1.27373337e+06 	 6.156012e-07 	 1.782764e+07 	
1.27383342e+06 	 6.007914e-07 	 1.782477e+07 	
1.27393347e+06 	 5.862391e-07 	 1.782192e+07 	
1.27403352e+06 	 5.719423e-07 	 1.781909e+07 	
1.27413357e+06 	 5.578992e-07 	 1.781629e+07 	
1.27423362e+06 	 5.441077e-07 	 1.781350e+07 	
1.27433367e+06 	 5.305659e-07 	 1.781074e+07 	
1.27443372e+06 	 5.172718e-07 	 1.780800e+07 	
1.27453377e+06 	 5.042232e-07 	 1.780528e+07 	
1.27463382e+06 	 4.914179e-07 	 1.780259e+07 	
1.27473387e+06 	 4.788540e-07 	 1.779991e+07 	
1.27483392e+06 	 4.665290e-07 	 1.779725e+07 	
1.27493397e+06 	 4.544408e-07 	 1.779462e+07 	
1.27503402e+06 	 4.425872e-07 	 1.779201e+07 	
1.27513407e+06 	 4.309657e-07 	 1.778942e+07 	
1.27523412e+06 	 4.195742e-07 	 1.778685e+07 	
1.27533417e+06 	 4.084101e-07 	 1.778430e+07 	
1.27543422e+06 	 3.974711e-07 	 1.778177e+07 	
1.27553427e+06 	 3.867547e-07 	 1.777927e+07 	
1.27563432e+06 	 3.762585e-07 	 1.777678e+07 	
1.27573437e+06 	 3.659801e-07 	 1.777432e+07 	
1.27583442e+06 	 3.559169e-07 	 1.777187e+07 	
1.27593447e+06 	 3.460663e-07 	 1.776945e+07 	
1.27603452e+06 	 3.364428e-07 	 1.776702e+07 	
1.27613457e+06 	 3.270098e-07 	 1.776464e+07 	
1.27623462e+06 	 3.177818e-07 	 1.776227e+07 	
1.27633467e+06 	 3.087561e-07 	 1.775993e+07 	
1.27643472e+06 	 2.999301e-07 	 1.775761e+07 	
1.27653477e+06 	 2.913011e-07 	 1.775530e+07 	
1.27663482e+06 	 2.828666e-07 	 1.775302e+07 	
1.27673487e+06 	 2.746239e-07 	 1.775076e+07 	
1.27683492e+06 	 2.665701e-07 	 1.774851e+07 	
1.27693497e+06 	 2.587028e-07 	 1.774629e+07 	
1.27703502e+06 	 2.510191e-07 	 1.774409e+07 	
1.27713507e+06 	 2.435164e-07 	 1.774190e+07 	
1.27723512e+06 	 2.361920e-07 	 1.773973e+07 	
1.27733517e+06 	 2.290431e-07 	 1.773759e+07 	
1.27743522e+06 	 2.220670e-07 	 1.773546e+07 	
1.27753527e+06 	 2.152610e-07 	 1.773335e+07 	
1.27763532e+06 	 2.086224e-07 	 1.773126e+07 	
1.27773537e+06 	 2.021485e-07 	 1.772919e+07 	
1.27783542e+06 	 1.958365e-07 	 1.772713e+07 	
1.27793547e+06 	 1.896837e-07 	 1.772510e+07 	
1.27803552e+06 	 1.836875e-07 	 1.772308e+07 	
1.27813557e+06 	 1.778450e-07 	 1.772108e+07 	
1.27823562e+06 	 1.721537e-07 	 1.771910e+07 	
1.27833567e+06 	 1.666109e-07 	 1.771714e+07 	
1.27843572e+06 	 1.612138e-07 	 1.771519e+07 	
1.27853577e+06 	 1.559598e-07 	 1.771327e+07 	
1.27863582e+06 	 1.508462e-07 	 1.771135e+07 	
1.27873587e+06 	 1.458631e-07 	 1.770949e+07 	
1.27883592e+06 	 1.410225e-07 	 1.770762e+07 	
1.27893597e+06 	 1.363145e-07 	 1.770576e+07 	
1.27903602e+06 	 1.317365e-07 	 1.770392e+07 	
1.27913607e+06 	 1.272858e-07 	 1.770210e+07 	
1.27923612e+06 	 1.229599e-07 	 1.770029e+07 	
1.27933617e+06 	 1.187563e-07 	 1.769850e+07 	
1.27943622e+06 	 1.146724e-07 	 1.769672e+07 	
1.27953627e+06 	 1.107057e-07 	 1.769497e+07 	
1.27963632e+06 	 1.068538e-07 	 1.769322e+07 	
1.27973637e+06 	 1.031143e-07 	 1.769150e+07 	
1.27983642e+06 	 9.948452e-08 	 1.768979e+07 	
1.27993647e+06 	 9.596222e-08 	 1.768809e+07 	
1.28003652e+06 	 9.254499e-08 	 1.768641e+07 	
1.28013657e+06 	 8.923045e-08 	 1.768475e+07 	
1.28023662e+06 	 8.601625e-08 	 1.768310e+07 	
1.28033667e+06 	 8.290010e-08 	 1.768146e+07 	
1.28043672e+06 	 7.987971e-08 	 1.767984e+07 	
1.28053677e+06 	 7.695282e-08 	 1.767824e+07 	
1.28063682e+06 	 7.411721e-08 	 1.767665e+07 	
1.28073687e+06 	 7.137067e-08 	 1.767508e+07 	
1.28083692e+06 	 6.871104e-08 	 1.767351e+07 	
1.28093697e+06 	 6.613950e-08 	 1.767192e+07 	
1.28103702e+06 	 6.364727e-08 	 1.767039e+07 	
1.28113707e+06 	 6.123562e-08 	 1.766887e+07 	
1.28123712e+06 	 5.890250e-08 	 1.766736e+07 	
1.28133717e+06 	 5.664589e-08 	 1.766587e+07 	
1.28143722e+06 	 5.446379e-08 	 1.766438e+07 	
1.28153727e+06 	 5.235426e-08 	 1.766292e+07 	
1.28163732e+06 	 5.031537e-08 	 1.766146e+07 	
1.28173737e+06 	 4.834522e-08 	 1.766002e+07 	
1.28183742e+06 	 4.644197e-08 	 1.765859e+07 	
1.28193747e+06 	 4.460378e-08 	 1.765717e+07 	
1.28203752e+06 	 4.282885e-08 	 1.765576e+07 	
1.28213757e+06 	 4.111543e-08 	 1.765437e+07 	
1.28223762e+06 	 3.946179e-08 	 1.765299e+07 	
1.28233767e+06 	 3.786621e-08 	 1.765162e+07 	
1.28243772e+06 	 3.632705e-08 	 1.765026e+07 	
1.28253777e+06 	 3.484267e-08 	 1.764891e+07 	
1.28263782e+06 	 3.340979e-08 	 1.764763e+07 	
1.28273787e+06 	 3.203019e-08 	 1.764631e+07 	
1.28283792e+06 	 3.070066e-08 	 1.764500e+07 	
1.28293797e+06 	 2.941969e-08 	 1.764370e+07 	
1.28303802e+06 	 2.818583e-08 	 1.764241e+07 	
1.28313807e+06 	 2.699762e-08 	 1.764114e+07 	
1.28323812e+06 	 2.585366e-08 	 1.763987e+07 	
1.28333817e+06 	 2.475258e-08 	 1.763861e+07 	
1.28343822e+06 	 2.369302e-08 	 1.763737e+07 	
1.28353827e+06 	 2.267368e-08 	 1.763613e+07 	
1.28363832e+06 	 2.169326e-08 	 1.763490e+07 	
1.28373837e+06 	 2.075052e-08 	 1.763368e+07 	
1.28383842e+06 	 1.984423e-08 	 1.763248e+07 	
1.28393847e+06 	 1.897415e-08 	 1.763120e+07 	
1.28403852e+06 	 1.813723e-08 	 1.763001e+07 	
1.28413857e+06 	 1.733327e-08 	 1.762882e+07 	
1.28423862e+06 	 1.656117e-08 	 1.762764e+07 	
1.28433867e+06 	 1.581984e-08 	 1.762647e+07 	
1.28443872e+06 	 1.510824e-08 	 1.762530e+07 	
1.28453877e+06 	 1.442535e-08 	 1.762415e+07 	
1.28463882e+06 	 1.377017e-08 	 1.762299e+07 	
1.28473887e+06 	 1.314174e-08 	 1.762185e+07 	
1.28483892e+06 	 1.253911e-08 	 1.762071e+07 	
1.28493897e+06 	 1.196075e-08 	 1.761968e+07 	
1.28503902e+06 	 1.140699e-08 	 1.761856e+07 	
1.28513907e+06 	 1.087637e-08 	 1.761745e+07 	
1.28523912e+06 	 1.036804e-08 	 1.761634e+07 	
1.28533917e+06 	 9.881198e-09 	 1.761524e+07 	
1.28543922e+06 	 9.415047e-09 	 1.761414e+07 	
1.28553927e+06 	 8.968822e-09 	 1.761304e+07 	
1.28563932e+06 	 8.541345e-09 	 1.761208e+07 	
1.28573937e+06 	 8.132738e-09 	 1.761100e+07 	
1.28583942e+06 	 7.741890e-09 	 1.760993e+07 	
1.28593947e+06 	 7.368126e-09 	 1.760886e+07 	
1.28603952e+06 	 7.010789e-09 	 1.760779e+07 	
1.28613957e+06 	 6.669245e-09 	 1.760672e+07 	
1.28623962e+06 	 6.342544e-09 	 1.760581e+07 	
1.28633967e+06 	 6.030731e-09 	 1.760476e+07 	
1.28643972e+06 	 5.732924e-09 	 1.760371e+07 	
1.28653977e+06 	 5.448566e-09 	 1.760265e+07 	
1.28663982e+06 	 5.177121e-09 	 1.760159e+07 	
1.28673987e+06 	 4.917789e-09 	 1.760074e+07 	
1.28683992e+06 	 4.670594e-09 	 1.759969e+07 	
1.28693997e+06 	 4.434804e-09 	 1.759864e+07 	
1.28704002e+06 	 4.209740e-09 	 1.759780e+07 	
1.28714007e+06 	 3.995339e-09 	 1.759677e+07 	
1.28724012e+06 	 3.790985e-09 	 1.759572e+07 	
1.28734017e+06 	 3.596260e-09 	 1.759465e+07 	
1.28744022e+06 	 3.410553e-09 	 1.759387e+07 	
1.28754027e+06 	 3.233848e-09 	 1.759282e+07 	
1.28764032e+06 	 3.065441e-09 	 1.759204e+07 	
1.28774037e+06 	 2.905247e-09 	 1.759103e+07 	
1.28784042e+06 	 2.752792e-09 	 1.758998e+07 	
1.28794047e+06 	 2.607589e-09 	 1.758929e+07 	
1.28804052e+06 	 2.469580e-09 	 1.758831e+07 	
1.28814057e+06 	 2.338211e-09 	 1.758767e+07 	
1.28824062e+06 	 2.213394e-09 	 1.758680e+07 	
1.28834067e+06 	 2.094851e-09 	 1.758559e+07 	
1.28844072e+06 	 1.982124e-09 	 1.758463e+07 	
1.28854077e+06 	 1.875030e-09 	 1.758364e+07 	
1.28864082e+06 	 1.773253e-09 	 1.758288e+07 	
1.28874087e+06 	 1.676651e-09 	 1.758194e+07 	
1.28884092e+06 	 1.584944e-09 	 1.758100e+07 	
1.28894097e+06 	 1.497822e-09 	 1.758050e+07 	
1.28904102e+06 	 1.415204e-09 	 1.757975e+07 	
1.28914107e+06 	 1.336955e-09 	 1.757814e+07 	
1.28924112e+06 	 1.262671e-09 	 1.757686e+07 	
1.28934117e+06 	 1.192156e-09 	 1.757645e+07 	
1.28944122e+06 	 1.125380e-09 	 1.757538e+07 	
1.28954127e+06 	 1.062061e-09 	 1.757474e+07 	
1.28964132e+06 	 1.002097e-09 	 1.757377e+07 	
1.28974137e+06 	 9.453091e-10 	 1.757253e+07 	
1.28984142e+06 	 8.914628e-10 	 1.757243e+07 	
1.28994147e+06 	 8.405222e-10 	 1.757174e+07 	
1.29004152e+06 	 7.923486e-10 	 1.757037e+07 	
1.29014157e+06 	 7.467381e-10 	 1.756946e+07 	
1.29024162e+06 	 7.035922e-10 	 1.756845e+07 	
1.29034167e+06 	 6.627723e-10 	 1.756774e+07 	
1.29044172e+06 	 6.241839e-10 	 1.756683e+07 	
1.29054177e+06 	 5.877093e-10 	 1.756574e+07 	
1.29064182e+06 	 5.532196e-10 	 1.756514e+07 	
1.29074187e+06 	 5.206453e-10 	 1.756424e+07 	
1.29084192e+06 	 4.898729e-10 	 1.756341e+07 	
1.29094197e+06 	 4.608136e-10 	 1.756252e+07 	
1.29104202e+06 	 4.333794e-10 	 1.756150e+07 	
1.29114207e+06 	 4.074772e-10 	 1.756081e+07 	
1.29124212e+06 	 3.830386e-10 	 1.755989e+07 	
1.29134217e+06 	 3.599800e-10 	 1.755909e+07 	
1.29144222e+06 	 3.382341e-10 	 1.755803e+07 	
1.29154227e+06 	 3.177239e-10 	 1.755737e+07 	
1.29164232e+06 	 2.983917e-10 	 1.755632e+07 	
1.29174237e+06 	 2.801676e-10 	 1.755567e+07 	
1.29184242e+06 	 2.629976e-10 	 1.755474e+07 	
1.29194247e+06 	 2.468212e-10 	 1.755396e+07 	
1.29204252e+06 	 2.315869e-10 	 1.755310e+07 	
1.29214257e+06 	 2.172424e-10 	 1.755226e+07 	
1.29224262e+06 	 2.037396e-10 	 1.755134e+07 	
1.29234267e+06 	 1.910310e-10 	 1.755055e+07 	
1.29244272e+06 	 1.790742e-10 	 1.754970e+07 	
1.29254277e+06 	 1.678268e-10 	 1.754885e+07 	
1.29264282e+06 	 1.572495e-10 	 1.754799e+07 	
1.29274287e+06 	 1.473047e-10 	 1.754716e+07 	
1.29284292e+06 	 1.379570e-10 	 1.754629e+07 	
1.29294297e+06 	 1.291726e-10 	 1.754546e+07 	
1.29304302e+06 	 1.209198e-10 	 1.754453e+07 	
1.29314307e+06 	 1.131678e-10 	 1.754377e+07 	
1.29324312e+06 	 1.058885e-10 	 1.754292e+07 	
1.29334317e+06 	 9.905456e-11 	 1.754208e+07 	
1.29344322e+06 	 9.264036e-11 	 1.754123e+07 	
1.29354327e+06 	 8.662149e-11 	 1.754039e+07 	
1.29364332e+06 	 8.097507e-11 	 1.753953e+07 	
1.29374337e+06 	 7.567923e-11 	 1.753871e+07 	
1.29384342e+06 	 7.071352e-11 	 1.753785e+07 	
1.29394347e+06 	 6.605839e-11 	 1.753702e+07 	
1.29404352e+06 	 6.169556e-11 	 1.753617e+07 	
1.29414357e+06 	 5.760762e-11 	 1.753534e+07 	
1.29424362e+06 	 5.377821e-11 	 1.753449e+07 	
1.29434367e+06 	 5.019181e-11 	 1.753365e+07 	
1.29444372e+06 	 4.683385e-11 	 1.753280e+07 	
1.48258722e+06 	 1.000000e-20 	 1.614548e+07 	
1.69807680e+06 	 1.000000e-20 	 1.490532e+07 	
1.94488715e+06 	 1.000000e-20 	 1.378780e+07 	
2.22757064e+06 	 1.000000e-20 	 1.277449e+07 	
2.55134133e+06 	 1.000000e-20 	 1.185109e+07 	
2.92217110e+06 	 1.000000e-20 	 1.100627e+07 	
3.34689987e+06 	 1.000000e-20 	 1.023081e+07 	
3.83336169e+06 	 1.000000e-20 	 9.517093e+06 	
4.39052927e+06 	 1.000000e-20 	 8.858750e+06 	
5.02867947e+06 	 1.000000e-20 	 8.250347e+06 	
5.75958289e+06 	 1.000000e-20 	 7.687212e+06 	
6.59672091e+06 	 1.000000e-20 	 7.165288e+06 	
7.55553443e+06 	 1.000000e-20 	 6.681012e+06 	
8.65370860e+06 	 1.000000e-20 	 6.231238e+06 	
9.91149908e+06 	 1.000000e-20 	 5.813165e+06 	
1.13521056e+07 	 1.000000e-20 	 5.424285e+06 	
1.30021000e+07 	 1.000000e-20 	 5.062341e+06 	
1.48919160e+07 	 1.000000e-20 	 4.725293e+06 	
1.70564112e+07 	 1.000000e-20 	 4.411286e+06 	
1.95355092e+07 	 1.000000e-20 	 4.118631e+06 	
2.23749366e+07 	 1.000000e-20 	 3.845787e+06 	
2.56270662e+07 	 1.000000e-20 	 3.591337e+06 	
2.93518831e+07 	 1.000000e-20 	 3.353981e+06 	
3.36180909e+07 	 1.000000e-20 	 3.132523e+06 	
3.85043792e+07 	 1.000000e-20 	 2.925859e+06 	
4.41008748e+07 	 1.000000e-20 	 2.732968e+06 	
5.05108041e+07 	 1.000000e-20 	 2.552906e+06 	
5.78523973e+07 	 1.000000e-20 	 2.384801e+06 	
6.62610690e+07 	 1.000000e-20 	 2.227839e+06 	
7.58919158e+07 	 1.000000e-20 	 2.081270e+06 	
8.69225772e+07 	 1.000000e-20 	 1.944392e+06 	
9.95565120e+07 	 1.000000e-20 	 1.816558e+06 	
1.14026751e+08 	 1.000000e-20 	 1.697160e+06 	
1.30600196e+08 	 1.000000e-20 	 1.585638e+06 	
1.49582541e+08 	 1.000000e-20 	 1.481465e+06 	
1.71323913e+08 	 1.000000e-20 	 1.384154e+06 	
1.96225328e+08 	 1.000000e-20 	 1.293250e+06 	
2.24746088e+08 	 1.000000e-20 	 1.208327e+06 	
2.57412255e+08 	 1.000000e-20 	 1.128991e+06 	
2.94826351e+08 	 1.000000e-20 	 1.054872e+06 	
3.37678473e+08 	 1.000000e-20 	 9.856251e+05 	
3.86759022e+08 	 1.000000e-20 	 9.209292e+05 	
4.42973281e+08 	 1.000000e-20 	 8.604841e+05 	
5.07358113e+08 	 1.000000e-20 	 8.040099e+05 	
5.81101087e+08 	 1.000000e-20 	 7.512449e+05 	
6.65562379e+08 	 1.000000e-20 	 7.019451e+05 	
7.62299867e+08 	 1.000000e-20 	 6.558824e+05 	
8.73097856e+08 	 1.000000e-20 	 6.128440e+05 	
1.00000000e+09 	 1.000000e-20 	 5.726310e+05 	
