r (cm)        	 rho (g/cm3) 	 T (K)       		 Linf = 3.085117e+38
1.19999927e+06 	 1.327912e+05 	 1.235508e+09 	
1.20005945e+06 	 1.219696e+05 	 1.208856e+09 	
1.20017003e+06 	 1.039656e+05 	 1.160340e+09 	
1.20026165e+06 	 9.075611e+04 	 1.120612e+09 	
1.20035328e+06 	 7.895922e+04 	 1.081326e+09 	
1.20044490e+06 	 6.845612e+04 	 1.042497e+09 	
1.20053652e+06 	 5.913478e+04 	 1.004141e+09 	
1.20062625e+06 	 5.105012e+04 	 9.670537e+08 	
1.20071598e+06 	 4.390487e+04 	 9.304524e+08 	
1.20080570e+06 	 3.761192e+04 	 8.943545e+08 	
1.20087897e+06 	 3.304858e+04 	 8.652641e+08 	
1.20095224e+06 	 2.895749e+04 	 8.365310e+08 	
1.20102551e+06 	 2.529942e+04 	 8.081656e+08 	
1.20109878e+06 	 2.203744e+04 	 7.801783e+08 	
1.20117205e+06 	 1.913685e+04 	 7.525799e+08 	
1.20124444e+06 	 1.659410e+04 	 7.257041e+08 	
1.20131683e+06 	 1.434312e+04 	 6.992297e+08 	
1.20138922e+06 	 1.235654e+04 	 6.731679e+08 	
1.20144917e+06 	 1.089327e+04 	 6.519051e+08 	
1.20150913e+06 	 9.580284e+03 	 6.309396e+08 	
1.20156908e+06 	 8.404889e+03 	 6.102781e+08 	
1.20162903e+06 	 7.355174e+03 	 5.899271e+08 	
1.20168898e+06 	 6.420004e+03 	 5.698935e+08 	
1.20174877e+06 	 5.591136e+03 	 5.502380e+08 	
1.20180855e+06 	 4.856242e+03 	 5.309118e+08 	
1.20186834e+06 	 4.206398e+03 	 5.119216e+08 	
1.20191764e+06 	 3.728614e+03 	 4.965192e+08 	
1.20196695e+06 	 3.298706e+03 	 4.813537e+08 	
1.20201625e+06 	 2.912628e+03 	 4.664291e+08 	
1.20206555e+06 	 2.566601e+03 	 4.517490e+08 	
1.20211485e+06 	 2.257097e+03 	 4.373172e+08 	
1.20216416e+06 	 1.980834e+03 	 4.231374e+08 	
1.20221483e+06 	 1.728319e+03 	 4.088293e+08 	
1.20226550e+06 	 1.504631e+03 	 3.947951e+08 	
1.20230733e+06 	 1.339702e+03 	 3.834203e+08 	
1.20234916e+06 	 1.190999e+03 	 3.722367e+08 	
1.20239098e+06 	 1.057145e+03 	 3.612460e+08 	
1.20243281e+06 	 9.368557e+02 	 3.504504e+08 	
1.20247463e+06 	 8.289361e+02 	 3.398515e+08 	
1.20251646e+06 	 7.322782e+02 	 3.294511e+08 	
1.20255828e+06 	 6.458548e+02 	 3.192510e+08 	
1.20260156e+06 	 5.661993e+02 	 3.089099e+08 	
1.20264483e+06 	 4.955124e+02 	 2.987863e+08 	
1.20268042e+06 	 4.434682e+02 	 2.906245e+08 	
1.20271601e+06 	 3.964274e+02 	 2.826116e+08 	
1.20275160e+06 	 3.539641e+02 	 2.747483e+08 	
1.20278719e+06 	 3.156825e+02 	 2.670351e+08 	
1.20282278e+06 	 2.812159e+02 	 2.594726e+08 	
1.20285837e+06 	 2.502246e+02 	 2.520612e+08 	
1.20289396e+06 	 2.223947e+02 	 2.448014e+08 	
1.20292955e+06 	 1.974365e+02 	 2.376933e+08 	
1.20296514e+06 	 1.750832e+02 	 2.307372e+08 	
1.20300275e+06 	 1.540220e+02 	 2.235523e+08 	
1.20303403e+06 	 1.383162e+02 	 2.177043e+08 	
1.20306532e+06 	 1.241088e+02 	 2.119737e+08 	
1.20309660e+06 	 1.112699e+02 	 2.063606e+08 	
1.20312789e+06 	 9.967910e+01 	 2.008645e+08 	
1.20315918e+06 	 8.922550e+01 	 1.954854e+08 	
1.20319046e+06 	 7.980678e+01 	 1.902229e+08 	
1.20322175e+06 	 7.132873e+01 	 1.850767e+08 	
1.20325303e+06 	 6.370477e+01 	 1.800463e+08 	
1.20328432e+06 	 5.685536e+01 	 1.751311e+08 	
1.20331561e+06 	 5.070759e+01 	 1.703307e+08 	
1.20334689e+06 	 4.519468e+01 	 1.656445e+08 	
1.20337554e+06 	 4.065162e+01 	 1.614531e+08 	
1.20340418e+06 	 3.654654e+01 	 1.573563e+08 	
1.20343283e+06 	 3.283993e+01 	 1.533533e+08 	
1.20346147e+06 	 2.949551e+01 	 1.494436e+08 	
1.20349012e+06 	 2.647999e+01 	 1.456262e+08 	
1.20351877e+06 	 2.376289e+01 	 1.419006e+08 	
1.20354741e+06 	 2.131630e+01 	 1.382658e+08 	
1.20357606e+06 	 1.911469e+01 	 1.347211e+08 	
1.20360470e+06 	 1.713478e+01 	 1.312655e+08 	
1.20363335e+06 	 1.535529e+01 	 1.278981e+08 	
1.20366199e+06 	 1.375687e+01 	 1.246179e+08 	
1.20369064e+06 	 1.232188e+01 	 1.214239e+08 	
1.20371928e+06 	 1.103429e+01 	 1.183151e+08 	
1.20374793e+06 	 9.879526e+00 	 1.152902e+08 	
1.20377658e+06 	 8.844383e+00 	 1.123483e+08 	
1.20380522e+06 	 7.916877e+00 	 1.094881e+08 	
1.20383483e+06 	 7.059893e+00 	 1.066167e+08 	
1.20386443e+06 	 6.295477e+00 	 1.038300e+08 	
1.20389404e+06 	 5.613884e+00 	 1.011266e+08 	
1.20392364e+06 	 5.006344e+00 	 9.850503e+07 	
1.20395325e+06 	 4.464975e+00 	 9.596387e+07 	
1.20398285e+06 	 3.982695e+00 	 9.350165e+07 	
1.20401246e+06 	 3.553151e+00 	 9.111685e+07 	
1.20404206e+06 	 3.170647e+00 	 8.880797e+07 	
1.20407167e+06 	 2.830080e+00 	 8.657345e+07 	
1.20410127e+06 	 2.526884e+00 	 8.441173e+07 	
1.20413088e+06 	 2.256975e+00 	 8.232125e+07 	
1.20416048e+06 	 2.016703e+00 	 8.030042e+07 	
1.20419009e+06 	 1.802809e+00 	 7.834764e+07 	
1.20422406e+06 	 1.586086e+00 	 7.618821e+07 	
1.20425804e+06 	 1.396401e+00 	 7.411387e+07 	
1.20429202e+06 	 1.230346e+00 	 7.212219e+07 	
1.20432600e+06 	 1.084938e+00 	 7.021073e+07 	
1.20435998e+06 	 9.575668e-01 	 6.837706e+07 	
1.20439395e+06 	 8.459512e-01 	 6.661876e+07 	
1.20442793e+06 	 7.480973e-01 	 6.493342e+07 	
1.20446191e+06 	 6.622636e-01 	 6.331865e+07 	
1.20449589e+06 	 5.869298e-01 	 6.177208e+07 	
1.20453636e+06 	 5.090614e-01 	 6.001547e+07 	
1.20457684e+06 	 4.422860e-01 	 5.834840e+07 	
1.20461732e+06 	 3.849610e-01 	 5.676703e+07 	
1.20465779e+06 	 3.356911e-01 	 5.526758e+07 	
1.20469827e+06 	 2.932909e-01 	 5.384636e+07 	
1.20473875e+06 	 2.567536e-01 	 5.249977e+07 	
1.20478628e+06 	 2.201869e-01 	 5.100907e+07 	
1.20483381e+06 	 1.893686e-01 	 4.961090e+07 	
1.20488133e+06 	 1.633389e-01 	 4.829991e+07 	
1.20492886e+06 	 1.413040e-01 	 4.707097e+07 	
1.20498393e+06 	 1.199103e-01 	 4.574321e+07 	
1.20503900e+06 	 1.021671e-01 	 4.451167e+07 	
1.20509407e+06 	 8.740242e-02 	 4.336945e+07 	
1.20515536e+06 	 7.381433e-02 	 4.219524e+07 	
1.20521665e+06 	 6.264934e-02 	 4.111510e+07 	
1.20528486e+06 	 5.249985e-02 	 4.001400e+07 	
1.20535308e+06 	 4.425881e-02 	 3.900964e+07 	
1.20543522e+06 	 3.631323e-02 	 3.791553e+07 	
1.20551737e+06 	 3.004070e-02 	 3.693392e+07 	
1.20559952e+06 	 2.505016e-02 	 3.605188e+07 	
1.20569128e+06 	 2.063464e-02 	 3.517024e+07 	
1.20578304e+06 	 1.715268e-02 	 3.438446e+07 	
1.20588511e+06 	 1.410756e-02 	 3.360821e+07 	
1.20598717e+06 	 1.172026e-02 	 3.292095e+07 	
1.20610078e+06 	 9.641095e-03 	 3.224567e+07 	
1.20621438e+06 	 8.017447e-03 	 3.165110e+07 	
1.20634150e+06 	 6.600819e-03 	 3.106677e+07 	
1.20646862e+06 	 5.498007e-03 	 3.055467e+07 	
1.20661239e+06 	 4.528802e-03 	 3.004837e+07 	
1.20675616e+06 	 3.777063e-03 	 2.960664e+07 	
1.20691809e+06 	 3.120490e-03 	 2.917317e+07 	
1.20708001e+06 	 2.611552e-03 	 2.879584e+07 	
1.20728198e+06 	 2.125638e-03 	 2.838939e+07 	
1.20748394e+06 	 1.758066e-03 	 2.804072e+07 	
1.20768591e+06 	 1.474847e-03 	 2.773869e+07 	
1.20795307e+06 	 1.191706e-03 	 2.739645e+07 	
1.20822023e+06 	 9.814965e-04 	 2.710593e+07 	
1.20848738e+06 	 8.219008e-04 	 2.685616e+07 	
1.20878369e+06 	 6.865750e-04 	 2.661692e+07 	
1.20907999e+06 	 5.825084e-04 	 2.640941e+07 	
1.20937630e+06 	 5.009781e-04 	 2.622740e+07 	
1.20981297e+06 	 4.098419e-04 	 2.599589e+07 	
1.20998131e+06 	 3.816084e-04 	 2.591624e+07 	
1.20999815e+06 	 3.789587e-04 	 2.590853e+07 	
1.20999983e+06 	 3.786954e-04 	 2.590776e+07 	
1.21000000e+06 	 3.786691e-04 	 2.590768e+07 	
1.21010005e+06 	 3.635390e-04 	 2.586282e+07 	
1.21020010e+06 	 3.493726e-04 	 2.581945e+07 	
1.21030015e+06 	 3.360905e-04 	 2.577749e+07 	
1.21040020e+06 	 3.236152e-04 	 2.573686e+07 	
1.21050025e+06 	 3.118906e-04 	 2.569750e+07 	
1.21060030e+06 	 3.008608e-04 	 2.565933e+07 	
1.21070035e+06 	 2.904703e-04 	 2.562229e+07 	
1.21080040e+06 	 2.806700e-04 	 2.558631e+07 	
1.21090045e+06 	 2.714133e-04 	 2.555136e+07 	
1.21100050e+06 	 2.626655e-04 	 2.551736e+07 	
1.21110055e+06 	 2.543916e-04 	 2.548429e+07 	
1.21120060e+06 	 2.465573e-04 	 2.545209e+07 	
1.21130065e+06 	 2.391322e-04 	 2.542072e+07 	
1.21140070e+06 	 2.320844e-04 	 2.539014e+07 	
1.21150075e+06 	 2.253921e-04 	 2.536032e+07 	
1.21160080e+06 	 2.190337e-04 	 2.533121e+07 	
1.21170085e+06 	 2.129874e-04 	 2.530279e+07 	
1.21180090e+06 	 2.072323e-04 	 2.527504e+07 	
1.21190095e+06 	 2.017493e-04 	 2.524790e+07 	
1.21200100e+06 	 1.965204e-04 	 2.522137e+07 	
1.21210105e+06 	 1.915320e-04 	 2.519541e+07 	
1.21220110e+06 	 1.867704e-04 	 2.517000e+07 	
1.21230115e+06 	 1.822219e-04 	 2.514513e+07 	
1.21240120e+06 	 1.778745e-04 	 2.512075e+07 	
1.21250125e+06 	 1.737149e-04 	 2.509687e+07 	
1.21260130e+06 	 1.697310e-04 	 2.507344e+07 	
1.21270135e+06 	 1.659145e-04 	 2.505047e+07 	
1.21280140e+06 	 1.622572e-04 	 2.502792e+07 	
1.21290145e+06 	 1.587508e-04 	 2.500579e+07 	
1.21300150e+06 	 1.553869e-04 	 2.498406e+07 	
1.21310155e+06 	 1.521575e-04 	 2.496271e+07 	
1.21320160e+06 	 1.490558e-04 	 2.494173e+07 	
1.21330165e+06 	 1.460736e-04 	 2.492111e+07 	
1.21340170e+06 	 1.432048e-04 	 2.490082e+07 	
1.21350175e+06 	 1.404445e-04 	 2.488087e+07 	
1.21360180e+06 	 1.377878e-04 	 2.486123e+07 	
1.21370185e+06 	 1.352299e-04 	 2.484191e+07 	
1.21380190e+06 	 1.327658e-04 	 2.482288e+07 	
1.21390195e+06 	 1.303906e-04 	 2.480413e+07 	
1.21400200e+06 	 1.281007e-04 	 2.478567e+07 	
1.21410205e+06 	 1.258909e-04 	 2.476747e+07 	
1.21420210e+06 	 1.237568e-04 	 2.474952e+07 	
1.21430215e+06 	 1.216955e-04 	 2.473183e+07 	
1.21440220e+06 	 1.197044e-04 	 2.471438e+07 	
1.21450225e+06 	 1.177803e-04 	 2.469716e+07 	
1.21460230e+06 	 1.159206e-04 	 2.468017e+07 	
1.21470235e+06 	 1.141224e-04 	 2.466340e+07 	
1.21480240e+06 	 1.123828e-04 	 2.464685e+07 	
1.21490245e+06 	 1.106989e-04 	 2.463050e+07 	
1.21500250e+06 	 1.090690e-04 	 2.461435e+07 	
1.21510255e+06 	 1.074897e-04 	 2.459839e+07 	
1.21520260e+06 	 1.059589e-04 	 2.458262e+07 	
1.21530265e+06 	 1.044749e-04 	 2.456703e+07 	
1.21540270e+06 	 1.030361e-04 	 2.455162e+07 	
1.21550275e+06 	 1.016407e-04 	 2.453638e+07 	
1.21560280e+06 	 1.002872e-04 	 2.452131e+07 	
1.21570285e+06 	 9.897385e-05 	 2.450640e+07 	
1.21580290e+06 	 9.769900e-05 	 2.449165e+07 	
1.21590295e+06 	 9.646101e-05 	 2.447706e+07 	
1.21600300e+06 	 9.525863e-05 	 2.446261e+07 	
1.21610305e+06 	 9.409061e-05 	 2.444830e+07 	
1.21620310e+06 	 9.295467e-05 	 2.443414e+07 	
1.21630315e+06 	 9.184988e-05 	 2.442011e+07 	
1.21640320e+06 	 9.077528e-05 	 2.440622e+07 	
1.21650325e+06 	 8.972992e-05 	 2.439245e+07 	
1.21660330e+06 	 8.871286e-05 	 2.437881e+07 	
1.21670335e+06 	 8.772316e-05 	 2.436530e+07 	
1.21680340e+06 	 8.675986e-05 	 2.435190e+07 	
1.21690345e+06 	 8.582202e-05 	 2.433862e+07 	
1.21700350e+06 	 8.490868e-05 	 2.432546e+07 	
1.21710355e+06 	 8.401892e-05 	 2.431240e+07 	
1.21720360e+06 	 8.315177e-05 	 2.429946e+07 	
1.21730365e+06 	 8.230686e-05 	 2.428662e+07 	
1.21740370e+06 	 8.148296e-05 	 2.427388e+07 	
1.21750375e+06 	 8.067918e-05 	 2.426124e+07 	
1.21760380e+06 	 7.989497e-05 	 2.424870e+07 	
1.21770385e+06 	 7.912980e-05 	 2.423625e+07 	
1.21780390e+06 	 7.838312e-05 	 2.422390e+07 	
1.21790395e+06 	 7.765440e-05 	 2.421164e+07 	
1.21800400e+06 	 7.694310e-05 	 2.419946e+07 	
1.21810405e+06 	 7.624867e-05 	 2.418737e+07 	
1.21820410e+06 	 7.557058e-05 	 2.417537e+07 	
1.21830415e+06 	 7.490829e-05 	 2.416345e+07 	
1.21840420e+06 	 7.426125e-05 	 2.415161e+07 	
1.21850425e+06 	 7.362893e-05 	 2.413985e+07 	
1.21860430e+06 	 7.301093e-05 	 2.412817e+07 	
1.21870435e+06 	 7.240716e-05 	 2.411656e+07 	
1.21880440e+06 	 7.181646e-05 	 2.410502e+07 	
1.21890445e+06 	 7.123853e-05 	 2.409356e+07 	
1.21900450e+06 	 7.067306e-05 	 2.408216e+07 	
1.21910455e+06 	 7.011975e-05 	 2.407084e+07 	
1.21920460e+06 	 6.957831e-05 	 2.405958e+07 	
1.21930465e+06 	 6.904843e-05 	 2.404838e+07 	
1.21940470e+06 	 6.852980e-05 	 2.403725e+07 	
1.21950475e+06 	 6.802213e-05 	 2.402619e+07 	
1.21960480e+06 	 6.752510e-05 	 2.401518e+07 	
1.21970485e+06 	 6.703843e-05 	 2.400424e+07 	
1.21980490e+06 	 6.656181e-05 	 2.399335e+07 	
1.21990495e+06 	 6.609493e-05 	 2.398253e+07 	
1.22000500e+06 	 6.563749e-05 	 2.397175e+07 	
1.22010505e+06 	 6.518919e-05 	 2.396104e+07 	
1.22020510e+06 	 6.474973e-05 	 2.395038e+07 	
1.22030515e+06 	 6.431914e-05 	 2.393977e+07 	
1.22040520e+06 	 6.389691e-05 	 2.392921e+07 	
1.22050525e+06 	 6.348270e-05 	 2.391871e+07 	
1.22060530e+06 	 6.307633e-05 	 2.390825e+07 	
1.22070535e+06 	 6.267764e-05 	 2.389784e+07 	
1.22080540e+06 	 6.228646e-05 	 2.388748e+07 	
1.22090545e+06 	 6.190263e-05 	 2.387716e+07 	
1.22100550e+06 	 6.152596e-05 	 2.386690e+07 	
1.22110555e+06 	 6.115629e-05 	 2.385667e+07 	
1.22120560e+06 	 6.079346e-05 	 2.384649e+07 	
1.22130565e+06 	 6.043729e-05 	 2.383636e+07 	
1.22140570e+06 	 6.008761e-05 	 2.382627e+07 	
1.22150575e+06 	 5.974426e-05 	 2.381622e+07 	
1.22160580e+06 	 5.940707e-05 	 2.380621e+07 	
1.22170585e+06 	 5.907586e-05 	 2.379624e+07 	
1.22180590e+06 	 5.875047e-05 	 2.378631e+07 	
1.22190595e+06 	 5.843073e-05 	 2.377641e+07 	
1.22200600e+06 	 5.811649e-05 	 2.376656e+07 	
1.22210605e+06 	 5.780796e-05 	 2.375674e+07 	
1.22220610e+06 	 5.750453e-05 	 2.374696e+07 	
1.22230615e+06 	 5.720610e-05 	 2.373722e+07 	
1.22240620e+06 	 5.691257e-05 	 2.372751e+07 	
1.22250625e+06 	 5.662386e-05 	 2.371783e+07 	
1.22260630e+06 	 5.633988e-05 	 2.370819e+07 	
1.22270635e+06 	 5.606052e-05 	 2.369858e+07 	
1.22280640e+06 	 5.578570e-05 	 2.368900e+07 	
1.22290645e+06 	 5.551532e-05 	 2.367945e+07 	
1.22300650e+06 	 5.524929e-05 	 2.366994e+07 	
1.22310655e+06 	 5.498752e-05 	 2.366046e+07 	
1.22320660e+06 	 5.472991e-05 	 2.365101e+07 	
1.22330665e+06 	 5.447638e-05 	 2.364158e+07 	
1.22340670e+06 	 5.422682e-05 	 2.363219e+07 	
1.22350675e+06 	 5.398115e-05 	 2.362283e+07 	
1.22360680e+06 	 5.373927e-05 	 2.361349e+07 	
1.22370685e+06 	 5.350110e-05 	 2.360418e+07 	
1.22380690e+06 	 5.326653e-05 	 2.359490e+07 	
1.22390695e+06 	 5.303547e-05 	 2.358565e+07 	
1.22400700e+06 	 5.280783e-05 	 2.357642e+07 	
1.22410705e+06 	 5.258353e-05 	 2.356722e+07 	
1.22420710e+06 	 5.236256e-05 	 2.355804e+07 	
1.22430715e+06 	 5.214488e-05 	 2.354889e+07 	
1.22440720e+06 	 5.193026e-05 	 2.353976e+07 	
1.22450725e+06 	 5.171864e-05 	 2.353066e+07 	
1.22460730e+06 	 5.150996e-05 	 2.352158e+07 	
1.22470735e+06 	 5.130418e-05 	 2.351252e+07 	
1.22480740e+06 	 5.110125e-05 	 2.350349e+07 	
1.22490745e+06 	 5.090111e-05 	 2.349448e+07 	
1.22500750e+06 	 5.070372e-05 	 2.348549e+07 	
1.22510755e+06 	 5.050902e-05 	 2.347652e+07 	
1.22520760e+06 	 5.031696e-05 	 2.346757e+07 	
1.22530765e+06 	 5.012749e-05 	 2.345865e+07 	
1.22540770e+06 	 4.994057e-05 	 2.344975e+07 	
1.22550775e+06 	 4.975613e-05 	 2.344086e+07 	
1.22560780e+06 	 4.957414e-05 	 2.343200e+07 	
1.22570785e+06 	 4.939453e-05 	 2.342316e+07 	
1.22580790e+06 	 4.921726e-05 	 2.341433e+07 	
1.22590795e+06 	 4.904227e-05 	 2.340553e+07 	
1.22600800e+06 	 4.886953e-05 	 2.339675e+07 	
1.22610805e+06 	 4.869896e-05 	 2.338798e+07 	
1.22620810e+06 	 4.853053e-05 	 2.337923e+07 	
1.22630815e+06 	 4.836419e-05 	 2.337050e+07 	
1.22640820e+06 	 4.819988e-05 	 2.336179e+07 	
1.22650825e+06 	 4.803754e-05 	 2.335309e+07 	
1.22660830e+06 	 4.787738e-05 	 2.334442e+07 	
1.22670835e+06 	 4.771907e-05 	 2.333576e+07 	
1.22680840e+06 	 4.756258e-05 	 2.332711e+07 	
1.22690845e+06 	 4.740789e-05 	 2.331848e+07 	
1.22700850e+06 	 4.725497e-05 	 2.330987e+07 	
1.22710855e+06 	 4.710380e-05 	 2.330128e+07 	
1.22720860e+06 	 4.695434e-05 	 2.329270e+07 	
1.22730865e+06 	 4.680657e-05 	 2.328413e+07 	
1.22740870e+06 	 4.666046e-05 	 2.327558e+07 	
1.22750875e+06 	 4.651598e-05 	 2.326705e+07 	
1.22760880e+06 	 4.637312e-05 	 2.325852e+07 	
1.22770885e+06 	 4.623183e-05 	 2.325002e+07 	
1.22780890e+06 	 4.609210e-05 	 2.324153e+07 	
1.22790895e+06 	 4.595389e-05 	 2.323305e+07 	
1.22800900e+06 	 4.581718e-05 	 2.322459e+07 	
1.22810905e+06 	 4.568194e-05 	 2.321614e+07 	
1.22820910e+06 	 4.554815e-05 	 2.320770e+07 	
1.22830915e+06 	 4.541577e-05 	 2.319928e+07 	
1.22840920e+06 	 4.528479e-05 	 2.319087e+07 	
1.22850925e+06 	 4.515745e-05 	 2.318245e+07 	
1.22860930e+06 	 4.502917e-05 	 2.317407e+07 	
1.22870935e+06 	 4.490219e-05 	 2.316569e+07 	
1.22880940e+06 	 4.477649e-05 	 2.315734e+07 	
1.22890945e+06 	 4.465204e-05 	 2.314899e+07 	
1.22900950e+06 	 4.452881e-05 	 2.314066e+07 	
1.22910955e+06 	 4.440679e-05 	 2.313233e+07 	
1.22920960e+06 	 4.428595e-05 	 2.312402e+07 	
1.22930965e+06 	 4.416628e-05 	 2.311572e+07 	
1.22940970e+06 	 4.404773e-05 	 2.310744e+07 	
1.22950975e+06 	 4.393031e-05 	 2.309916e+07 	
1.22960980e+06 	 4.381398e-05 	 2.309089e+07 	
1.22970985e+06 	 4.369873e-05 	 2.308264e+07 	
1.22980990e+06 	 4.358454e-05 	 2.307440e+07 	
1.22990995e+06 	 4.347138e-05 	 2.306616e+07 	
1.23001001e+06 	 4.335925e-05 	 2.305794e+07 	
1.23011006e+06 	 4.324811e-05 	 2.304973e+07 	
1.23021011e+06 	 4.313796e-05 	 2.304153e+07 	
1.23031016e+06 	 4.302877e-05 	 2.303334e+07 	
1.23041021e+06 	 4.292052e-05 	 2.302515e+07 	
1.23051026e+06 	 4.281321e-05 	 2.301698e+07 	
1.23061031e+06 	 4.270681e-05 	 2.300882e+07 	
1.23071036e+06 	 4.260131e-05 	 2.300067e+07 	
1.23081041e+06 	 4.249669e-05 	 2.299253e+07 	
1.23091046e+06 	 4.239293e-05 	 2.298439e+07 	
1.23101051e+06 	 4.229003e-05 	 2.297627e+07 	
1.23111056e+06 	 4.218796e-05 	 2.296815e+07 	
1.23121061e+06 	 4.208670e-05 	 2.296005e+07 	
1.23131066e+06 	 4.198626e-05 	 2.295195e+07 	
1.23141071e+06 	 4.188661e-05 	 2.294386e+07 	
1.23151076e+06 	 4.178773e-05 	 2.293578e+07 	
1.23161081e+06 	 4.168962e-05 	 2.292771e+07 	
1.23171086e+06 	 4.159226e-05 	 2.291965e+07 	
1.23181091e+06 	 4.149564e-05 	 2.291159e+07 	
1.23191096e+06 	 4.139974e-05 	 2.290355e+07 	
1.23201101e+06 	 4.130456e-05 	 2.289551e+07 	
1.23211106e+06 	 4.121008e-05 	 2.288748e+07 	
1.23221111e+06 	 4.111628e-05 	 2.287946e+07 	
1.23231116e+06 	 4.102316e-05 	 2.287144e+07 	
1.23241121e+06 	 4.093071e-05 	 2.286344e+07 	
1.23251126e+06 	 4.083891e-05 	 2.285544e+07 	
1.23261131e+06 	 4.074775e-05 	 2.284745e+07 	
1.23271136e+06 	 4.065723e-05 	 2.283947e+07 	
1.23281141e+06 	 4.056732e-05 	 2.283149e+07 	
1.23291146e+06 	 4.047803e-05 	 2.282352e+07 	
1.23301151e+06 	 4.038933e-05 	 2.281556e+07 	
1.23311156e+06 	 4.029920e-05 	 2.280763e+07 	
1.23321161e+06 	 4.021164e-05 	 2.279969e+07 	
1.23331166e+06 	 4.012465e-05 	 2.279175e+07 	
1.23341171e+06 	 4.003821e-05 	 2.278382e+07 	
1.23351176e+06 	 3.995233e-05 	 2.277589e+07 	
1.23361181e+06 	 3.986699e-05 	 2.276797e+07 	
1.23371186e+06 	 3.978219e-05 	 2.276006e+07 	
1.23381191e+06 	 3.969790e-05 	 2.275215e+07 	
1.23391196e+06 	 3.961414e-05 	 2.274425e+07 	
1.23401201e+06 	 3.953088e-05 	 2.273636e+07 	
1.23411206e+06 	 3.944811e-05 	 2.272848e+07 	
1.23421211e+06 	 3.936584e-05 	 2.272060e+07 	
1.23431216e+06 	 3.928405e-05 	 2.271272e+07 	
1.23441221e+06 	 3.920274e-05 	 2.270486e+07 	
1.23451226e+06 	 3.912189e-05 	 2.269699e+07 	
1.23461231e+06 	 3.904150e-05 	 2.268914e+07 	
1.23471236e+06 	 3.896156e-05 	 2.268129e+07 	
1.23481241e+06 	 3.888207e-05 	 2.267345e+07 	
1.23491246e+06 	 3.880301e-05 	 2.266561e+07 	
1.23501251e+06 	 3.872438e-05 	 2.265778e+07 	
1.23511256e+06 	 3.864618e-05 	 2.264995e+07 	
1.23521261e+06 	 3.856839e-05 	 2.264214e+07 	
1.23531266e+06 	 3.849101e-05 	 2.263432e+07 	
1.23541271e+06 	 3.841404e-05 	 2.262651e+07 	
1.23551276e+06 	 3.833746e-05 	 2.261871e+07 	
1.23561281e+06 	 3.826127e-05 	 2.261091e+07 	
1.23571286e+06 	 3.818547e-05 	 2.260312e+07 	
1.23581291e+06 	 3.811004e-05 	 2.259533e+07 	
1.23591296e+06 	 3.803499e-05 	 2.258755e+07 	
1.23601301e+06 	 3.796030e-05 	 2.257978e+07 	
1.23611306e+06 	 3.788598e-05 	 2.257201e+07 	
1.23621311e+06 	 3.781200e-05 	 2.256424e+07 	
1.23631316e+06 	 3.773838e-05 	 2.255648e+07 	
1.23641321e+06 	 3.766510e-05 	 2.254873e+07 	
1.23651326e+06 	 3.759216e-05 	 2.254098e+07 	
1.23661331e+06 	 3.751956e-05 	 2.253323e+07 	
1.23671336e+06 	 3.744916e-05 	 2.252547e+07 	
1.23681341e+06 	 3.737724e-05 	 2.251773e+07 	
1.23691346e+06 	 3.730563e-05 	 2.251000e+07 	
1.23701351e+06 	 3.723434e-05 	 2.250228e+07 	
1.23711356e+06 	 3.716335e-05 	 2.249456e+07 	
1.23721361e+06 	 3.709267e-05 	 2.248684e+07 	
1.23731366e+06 	 3.702229e-05 	 2.247913e+07 	
1.23741371e+06 	 3.695220e-05 	 2.247142e+07 	
1.23751376e+06 	 3.688241e-05 	 2.246372e+07 	
1.23761381e+06 	 3.681290e-05 	 2.245602e+07 	
1.23771386e+06 	 3.674367e-05 	 2.244833e+07 	
1.23781391e+06 	 3.667472e-05 	 2.244064e+07 	
1.23791396e+06 	 3.660604e-05 	 2.243296e+07 	
1.23801401e+06 	 3.653764e-05 	 2.242528e+07 	
1.23811406e+06 	 3.646949e-05 	 2.241760e+07 	
1.23821411e+06 	 3.640161e-05 	 2.240993e+07 	
1.23831416e+06 	 3.633399e-05 	 2.240226e+07 	
1.23841421e+06 	 3.626662e-05 	 2.239460e+07 	
1.23851426e+06 	 3.619950e-05 	 2.238694e+07 	
1.23861431e+06 	 3.613262e-05 	 2.237929e+07 	
1.23871436e+06 	 3.606599e-05 	 2.237164e+07 	
1.23881441e+06 	 3.599960e-05 	 2.236400e+07 	
1.23891446e+06 	 3.593344e-05 	 2.235635e+07 	
1.23901451e+06 	 3.586751e-05 	 2.234872e+07 	
1.23911456e+06 	 3.580182e-05 	 2.234108e+07 	
1.23921461e+06 	 3.573634e-05 	 2.233346e+07 	
1.23931466e+06 	 3.567109e-05 	 2.232583e+07 	
1.23941471e+06 	 3.560606e-05 	 2.231821e+07 	
1.23951476e+06 	 3.554125e-05 	 2.231059e+07 	
1.23961481e+06 	 3.547665e-05 	 2.230298e+07 	
1.23971486e+06 	 3.541225e-05 	 2.229537e+07 	
1.23981491e+06 	 3.534807e-05 	 2.228776e+07 	
1.23991496e+06 	 3.528409e-05 	 2.228016e+07 	
1.24001501e+06 	 3.522031e-05 	 2.227257e+07 	
1.24011506e+06 	 3.515672e-05 	 2.226497e+07 	
1.24021511e+06 	 3.509333e-05 	 2.225738e+07 	
1.24031516e+06 	 3.503014e-05 	 2.224979e+07 	
1.24041521e+06 	 3.496713e-05 	 2.224221e+07 	
1.24051526e+06 	 3.490431e-05 	 2.223463e+07 	
1.24061531e+06 	 3.483993e-05 	 2.222708e+07 	
1.24071536e+06 	 3.477745e-05 	 2.221951e+07 	
1.24081541e+06 	 3.471515e-05 	 2.221194e+07 	
1.24091546e+06 	 3.465303e-05 	 2.220438e+07 	
1.24101551e+06 	 3.459108e-05 	 2.219682e+07 	
1.24111556e+06 	 3.452930e-05 	 2.218926e+07 	
1.24121561e+06 	 3.446769e-05 	 2.218171e+07 	
1.24131566e+06 	 3.440625e-05 	 2.217416e+07 	
1.24141571e+06 	 3.434498e-05 	 2.216661e+07 	
1.24151576e+06 	 3.428386e-05 	 2.215907e+07 	
1.24161581e+06 	 3.422291e-05 	 2.215153e+07 	
1.24171586e+06 	 3.416211e-05 	 2.214399e+07 	
1.24181591e+06 	 3.410147e-05 	 2.213646e+07 	
1.24191596e+06 	 3.404099e-05 	 2.212893e+07 	
1.24201601e+06 	 3.398066e-05 	 2.212140e+07 	
1.24211606e+06 	 3.392047e-05 	 2.211388e+07 	
1.24221611e+06 	 3.386044e-05 	 2.210636e+07 	
1.24231616e+06 	 3.380055e-05 	 2.209885e+07 	
1.24241621e+06 	 3.374080e-05 	 2.209133e+07 	
1.24251626e+06 	 3.368120e-05 	 2.208382e+07 	
1.24261631e+06 	 3.362174e-05 	 2.207632e+07 	
1.24271636e+06 	 3.356241e-05 	 2.206881e+07 	
1.24281641e+06 	 3.350322e-05 	 2.206131e+07 	
1.24291646e+06 	 3.344417e-05 	 2.205382e+07 	
1.24301651e+06 	 3.338525e-05 	 2.204632e+07 	
1.24311656e+06 	 3.332646e-05 	 2.203883e+07 	
1.24321661e+06 	 3.326780e-05 	 2.203135e+07 	
1.24331666e+06 	 3.320927e-05 	 2.202386e+07 	
1.24341671e+06 	 3.315087e-05 	 2.201638e+07 	
1.24351676e+06 	 3.309259e-05 	 2.200890e+07 	
1.24361681e+06 	 3.303443e-05 	 2.200143e+07 	
1.24371686e+06 	 3.297640e-05 	 2.199396e+07 	
1.24381691e+06 	 3.291848e-05 	 2.198649e+07 	
1.24391696e+06 	 3.286069e-05 	 2.197902e+07 	
1.24401701e+06 	 3.280301e-05 	 2.197156e+07 	
1.24411706e+06 	 3.274545e-05 	 2.196410e+07 	
1.24421711e+06 	 3.268800e-05 	 2.195665e+07 	
1.24431716e+06 	 3.263067e-05 	 2.194919e+07 	
1.24441721e+06 	 3.257344e-05 	 2.194174e+07 	
1.24451726e+06 	 3.251633e-05 	 2.193429e+07 	
1.24461731e+06 	 3.245932e-05 	 2.192685e+07 	
1.24471736e+06 	 3.240079e-05 	 2.191943e+07 	
1.24481741e+06 	 3.234397e-05 	 2.191199e+07 	
1.24491746e+06 	 3.228726e-05 	 2.190456e+07 	
1.24501751e+06 	 3.223065e-05 	 2.189713e+07 	
1.24511756e+06 	 3.217414e-05 	 2.188970e+07 	
1.24521761e+06 	 3.211774e-05 	 2.188227e+07 	
1.24531766e+06 	 3.206143e-05 	 2.187485e+07 	
1.24541771e+06 	 3.200523e-05 	 2.186742e+07 	
1.24551776e+06 	 3.194912e-05 	 2.186001e+07 	
1.24561781e+06 	 3.189310e-05 	 2.185259e+07 	
1.24571786e+06 	 3.183718e-05 	 2.184518e+07 	
1.24581791e+06 	 3.178136e-05 	 2.183777e+07 	
1.24591796e+06 	 3.172563e-05 	 2.183036e+07 	
1.24601801e+06 	 3.166999e-05 	 2.182296e+07 	
1.24611806e+06 	 3.161444e-05 	 2.181556e+07 	
1.24621811e+06 	 3.155898e-05 	 2.180816e+07 	
1.24631816e+06 	 3.150361e-05 	 2.180076e+07 	
1.24641821e+06 	 3.144832e-05 	 2.179337e+07 	
1.24651826e+06 	 3.139313e-05 	 2.178598e+07 	
1.24661831e+06 	 3.133801e-05 	 2.177859e+07 	
1.24671836e+06 	 3.128299e-05 	 2.177121e+07 	
1.24681841e+06 	 3.122804e-05 	 2.176383e+07 	
1.24691846e+06 	 3.117318e-05 	 2.175645e+07 	
1.24701851e+06 	 3.111841e-05 	 2.174907e+07 	
1.24711856e+06 	 3.106371e-05 	 2.174170e+07 	
1.24721861e+06 	 3.100909e-05 	 2.173432e+07 	
1.24731866e+06 	 3.095455e-05 	 2.172696e+07 	
1.24741871e+06 	 3.090009e-05 	 2.171959e+07 	
1.24751876e+06 	 3.084571e-05 	 2.171223e+07 	
1.24761881e+06 	 3.079141e-05 	 2.170487e+07 	
1.24771886e+06 	 3.073718e-05 	 2.169751e+07 	
1.24781891e+06 	 3.068302e-05 	 2.169015e+07 	
1.24791896e+06 	 3.062894e-05 	 2.168280e+07 	
1.24801901e+06 	 3.057494e-05 	 2.167545e+07 	
1.24811906e+06 	 3.052100e-05 	 2.166810e+07 	
1.24821911e+06 	 3.046714e-05 	 2.166076e+07 	
1.24831916e+06 	 3.041335e-05 	 2.165342e+07 	
1.24841921e+06 	 3.035963e-05 	 2.164608e+07 	
1.24851926e+06 	 3.030598e-05 	 2.163874e+07 	
1.24861931e+06 	 3.025239e-05 	 2.163140e+07 	
1.24871936e+06 	 3.019888e-05 	 2.162407e+07 	
1.24881941e+06 	 3.014696e-05 	 2.161672e+07 	
1.24891946e+06 	 3.009361e-05 	 2.160939e+07 	
1.24901951e+06 	 3.004032e-05 	 2.160207e+07 	
1.24911956e+06 	 2.998709e-05 	 2.159475e+07 	
1.24921961e+06 	 2.993394e-05 	 2.158743e+07 	
1.24931966e+06 	 2.988084e-05 	 2.158011e+07 	
1.24941971e+06 	 2.982781e-05 	 2.157280e+07 	
1.24951976e+06 	 2.977484e-05 	 2.156548e+07 	
1.24961981e+06 	 2.972194e-05 	 2.155817e+07 	
1.24971986e+06 	 2.966910e-05 	 2.155087e+07 	
1.24981991e+06 	 2.961632e-05 	 2.154356e+07 	
1.24991996e+06 	 2.956360e-05 	 2.153626e+07 	
1.25002001e+06 	 2.951094e-05 	 2.152896e+07 	
1.25012006e+06 	 2.945834e-05 	 2.152166e+07 	
1.25022011e+06 	 2.940580e-05 	 2.151437e+07 	
1.25032016e+06 	 2.935332e-05 	 2.150708e+07 	
1.25042021e+06 	 2.930089e-05 	 2.149979e+07 	
1.25052026e+06 	 2.924853e-05 	 2.149250e+07 	
1.25062031e+06 	 2.919622e-05 	 2.148522e+07 	
1.25072036e+06 	 2.914396e-05 	 2.147793e+07 	
1.25082041e+06 	 2.909177e-05 	 2.147066e+07 	
1.25092046e+06 	 2.903963e-05 	 2.146338e+07 	
1.25102051e+06 	 2.898754e-05 	 2.145610e+07 	
1.25112056e+06 	 2.893551e-05 	 2.144883e+07 	
1.25122061e+06 	 2.888353e-05 	 2.144156e+07 	
1.25132066e+06 	 2.883161e-05 	 2.143429e+07 	
1.25142071e+06 	 2.877973e-05 	 2.142703e+07 	
1.25152076e+06 	 2.872792e-05 	 2.141977e+07 	
1.25162081e+06 	 2.867615e-05 	 2.141251e+07 	
1.25172086e+06 	 2.862444e-05 	 2.140525e+07 	
1.25182091e+06 	 2.857277e-05 	 2.139799e+07 	
1.25192096e+06 	 2.852116e-05 	 2.139074e+07 	
1.25202101e+06 	 2.846960e-05 	 2.138349e+07 	
1.25212106e+06 	 2.841808e-05 	 2.137624e+07 	
1.25222111e+06 	 2.836662e-05 	 2.136899e+07 	
1.25232116e+06 	 2.831521e-05 	 2.136175e+07 	
1.25242121e+06 	 2.826384e-05 	 2.135451e+07 	
1.25252126e+06 	 2.821253e-05 	 2.134727e+07 	
1.25262131e+06 	 2.816126e-05 	 2.134004e+07 	
1.25272136e+06 	 2.811004e-05 	 2.133280e+07 	
1.25282141e+06 	 2.805886e-05 	 2.132557e+07 	
1.25292146e+06 	 2.800631e-05 	 2.131836e+07 	
1.25302151e+06 	 2.795521e-05 	 2.131114e+07 	
1.25312156e+06 	 2.790415e-05 	 2.130391e+07 	
1.25322161e+06 	 2.785314e-05 	 2.129669e+07 	
1.25332166e+06 	 2.780217e-05 	 2.128947e+07 	
1.25342171e+06 	 2.775125e-05 	 2.128226e+07 	
1.25352176e+06 	 2.770037e-05 	 2.127504e+07 	
1.25362181e+06 	 2.764954e-05 	 2.126783e+07 	
1.25372186e+06 	 2.759875e-05 	 2.126062e+07 	
1.25382191e+06 	 2.754800e-05 	 2.125341e+07 	
1.25392196e+06 	 2.749729e-05 	 2.124621e+07 	
1.25402201e+06 	 2.744663e-05 	 2.123900e+07 	
1.25412206e+06 	 2.739601e-05 	 2.123180e+07 	
1.25422211e+06 	 2.734543e-05 	 2.122460e+07 	
1.25432216e+06 	 2.729490e-05 	 2.121741e+07 	
1.25442221e+06 	 2.724440e-05 	 2.121021e+07 	
1.25452226e+06 	 2.719395e-05 	 2.120302e+07 	
1.25462231e+06 	 2.714353e-05 	 2.119583e+07 	
1.25472236e+06 	 2.709316e-05 	 2.118865e+07 	
1.25482241e+06 	 2.704283e-05 	 2.118146e+07 	
1.25492246e+06 	 2.699253e-05 	 2.117428e+07 	
1.25502251e+06 	 2.694228e-05 	 2.116710e+07 	
1.25512256e+06 	 2.689206e-05 	 2.115993e+07 	
1.25522261e+06 	 2.684189e-05 	 2.115275e+07 	
1.25532266e+06 	 2.679175e-05 	 2.114558e+07 	
1.25542271e+06 	 2.674165e-05 	 2.113841e+07 	
1.25552276e+06 	 2.669159e-05 	 2.113124e+07 	
1.25562281e+06 	 2.664156e-05 	 2.112407e+07 	
1.25572286e+06 	 2.659158e-05 	 2.111691e+07 	
1.25582291e+06 	 2.654163e-05 	 2.110975e+07 	
1.25592296e+06 	 2.649172e-05 	 2.110259e+07 	
1.25602301e+06 	 2.644184e-05 	 2.109543e+07 	
1.25612306e+06 	 2.639200e-05 	 2.108828e+07 	
1.25622311e+06 	 2.634220e-05 	 2.108113e+07 	
1.25632316e+06 	 2.629243e-05 	 2.107398e+07 	
1.25642321e+06 	 2.624270e-05 	 2.106683e+07 	
1.25652326e+06 	 2.619300e-05 	 2.105969e+07 	
1.25662331e+06 	 2.614334e-05 	 2.105254e+07 	
1.25672336e+06 	 2.609372e-05 	 2.104540e+07 	
1.25682341e+06 	 2.604413e-05 	 2.103827e+07 	
1.25692346e+06 	 2.599457e-05 	 2.103113e+07 	
1.25702351e+06 	 2.594373e-05 	 2.102402e+07 	
1.25712356e+06 	 2.589422e-05 	 2.101689e+07 	
1.25722361e+06 	 2.584474e-05 	 2.100976e+07 	
1.25732366e+06 	 2.579530e-05 	 2.100263e+07 	
1.25742371e+06 	 2.574589e-05 	 2.099551e+07 	
1.25752376e+06 	 2.569652e-05 	 2.098839e+07 	
1.25762381e+06 	 2.564717e-05 	 2.098127e+07 	
1.25772386e+06 	 2.559786e-05 	 2.097415e+07 	
1.25782391e+06 	 2.554858e-05 	 2.096704e+07 	
1.25792396e+06 	 2.549934e-05 	 2.095993e+07 	
1.25802401e+06 	 2.545012e-05 	 2.095282e+07 	
1.25812406e+06 	 2.540094e-05 	 2.094571e+07 	
1.25822411e+06 	 2.535179e-05 	 2.093860e+07 	
1.25832416e+06 	 2.530267e-05 	 2.093150e+07 	
1.25842421e+06 	 2.525358e-05 	 2.092440e+07 	
1.25852426e+06 	 2.520452e-05 	 2.091730e+07 	
1.25862431e+06 	 2.515549e-05 	 2.091020e+07 	
1.25872436e+06 	 2.510649e-05 	 2.090311e+07 	
1.25882441e+06 	 2.505752e-05 	 2.089602e+07 	
1.25892446e+06 	 2.500858e-05 	 2.088893e+07 	
1.25902451e+06 	 2.495967e-05 	 2.088184e+07 	
1.25912456e+06 	 2.491080e-05 	 2.087475e+07 	
1.25922461e+06 	 2.486195e-05 	 2.086767e+07 	
1.25932466e+06 	 2.481313e-05 	 2.086059e+07 	
1.25942471e+06 	 2.476433e-05 	 2.085351e+07 	
1.25952476e+06 	 2.471557e-05 	 2.084644e+07 	
1.25962481e+06 	 2.466684e-05 	 2.083936e+07 	
1.25972486e+06 	 2.461813e-05 	 2.083229e+07 	
1.25982491e+06 	 2.456945e-05 	 2.082522e+07 	
1.25992496e+06 	 2.452081e-05 	 2.081816e+07 	
1.26002501e+06 	 2.447218e-05 	 2.081109e+07 	
1.26012506e+06 	 2.442359e-05 	 2.080403e+07 	
1.26022511e+06 	 2.437503e-05 	 2.079697e+07 	
1.26032516e+06 	 2.432649e-05 	 2.078991e+07 	
1.26042521e+06 	 2.427798e-05 	 2.078286e+07 	
1.26052526e+06 	 2.422949e-05 	 2.077580e+07 	
1.26062531e+06 	 2.418103e-05 	 2.076875e+07 	
1.26072536e+06 	 2.413260e-05 	 2.076171e+07 	
1.26082541e+06 	 2.408420e-05 	 2.075466e+07 	
1.26092546e+06 	 2.403582e-05 	 2.074762e+07 	
1.26102551e+06 	 2.398627e-05 	 2.074060e+07 	
1.26112556e+06 	 2.393793e-05 	 2.073356e+07 	
1.26122561e+06 	 2.388961e-05 	 2.072652e+07 	
1.26132566e+06 	 2.384132e-05 	 2.071949e+07 	
1.26142571e+06 	 2.379306e-05 	 2.071245e+07 	
1.26152576e+06 	 2.374481e-05 	 2.070543e+07 	
1.26162581e+06 	 2.369660e-05 	 2.069840e+07 	
1.26172586e+06 	 2.364841e-05 	 2.069137e+07 	
1.26182591e+06 	 2.360024e-05 	 2.068435e+07 	
1.26192596e+06 	 2.355210e-05 	 2.067733e+07 	
1.26202601e+06 	 2.350398e-05 	 2.067031e+07 	
1.26212606e+06 	 2.345589e-05 	 2.066329e+07 	
1.26222611e+06 	 2.340782e-05 	 2.065628e+07 	
1.26232616e+06 	 2.335978e-05 	 2.064927e+07 	
1.26242621e+06 	 2.331175e-05 	 2.064226e+07 	
1.26252626e+06 	 2.326376e-05 	 2.063525e+07 	
1.26262631e+06 	 2.321578e-05 	 2.062825e+07 	
1.26272636e+06 	 2.316783e-05 	 2.062125e+07 	
1.26282641e+06 	 2.311991e-05 	 2.061425e+07 	
1.26292646e+06 	 2.307200e-05 	 2.060725e+07 	
1.26302651e+06 	 2.302412e-05 	 2.060026e+07 	
1.26312656e+06 	 2.297626e-05 	 2.059326e+07 	
1.26322661e+06 	 2.292843e-05 	 2.058627e+07 	
1.26332666e+06 	 2.288062e-05 	 2.057928e+07 	
1.26342671e+06 	 2.283283e-05 	 2.057230e+07 	
1.26352676e+06 	 2.278506e-05 	 2.056531e+07 	
1.26362681e+06 	 2.273731e-05 	 2.055833e+07 	
1.26372686e+06 	 2.268959e-05 	 2.055135e+07 	
1.26382691e+06 	 2.264189e-05 	 2.054438e+07 	
1.26392696e+06 	 2.259421e-05 	 2.053740e+07 	
1.26402701e+06 	 2.254655e-05 	 2.053043e+07 	
1.26412706e+06 	 2.249891e-05 	 2.052346e+07 	
1.26422711e+06 	 2.245129e-05 	 2.051649e+07 	
1.26432716e+06 	 2.240370e-05 	 2.050953e+07 	
1.26442721e+06 	 2.235613e-05 	 2.050257e+07 	
1.26452726e+06 	 2.230857e-05 	 2.049561e+07 	
1.26462731e+06 	 2.226104e-05 	 2.048865e+07 	
1.26472736e+06 	 2.221353e-05 	 2.048169e+07 	
1.26482741e+06 	 2.216604e-05 	 2.047474e+07 	
1.26492746e+06 	 2.211857e-05 	 2.046779e+07 	
1.26502751e+06 	 2.207112e-05 	 2.046084e+07 	
1.26512756e+06 	 2.202259e-05 	 2.045391e+07 	
1.26522761e+06 	 2.197516e-05 	 2.044697e+07 	
1.26532766e+06 	 2.192775e-05 	 2.044003e+07 	
1.26542771e+06 	 2.188037e-05 	 2.043309e+07 	
1.26552776e+06 	 2.183300e-05 	 2.042615e+07 	
1.26562781e+06 	 2.178565e-05 	 2.041922e+07 	
1.26572786e+06 	 2.173832e-05 	 2.041229e+07 	
1.26582791e+06 	 2.169101e-05 	 2.040536e+07 	
1.26592796e+06 	 2.164372e-05 	 2.039843e+07 	
1.26602801e+06 	 2.159645e-05 	 2.039151e+07 	
1.26612806e+06 	 2.154919e-05 	 2.038458e+07 	
1.26622811e+06 	 2.150196e-05 	 2.037766e+07 	
1.26632816e+06 	 2.145474e-05 	 2.037075e+07 	
1.26642821e+06 	 2.140754e-05 	 2.036383e+07 	
1.26652826e+06 	 2.136036e-05 	 2.035692e+07 	
1.26662831e+06 	 2.131319e-05 	 2.035001e+07 	
1.26672836e+06 	 2.126605e-05 	 2.034310e+07 	
1.26682841e+06 	 2.121892e-05 	 2.033619e+07 	
1.26692846e+06 	 2.117181e-05 	 2.032929e+07 	
1.26702851e+06 	 2.112472e-05 	 2.032239e+07 	
1.26712856e+06 	 2.107765e-05 	 2.031549e+07 	
1.26722861e+06 	 2.103059e-05 	 2.030860e+07 	
1.26732866e+06 	 2.098355e-05 	 2.030170e+07 	
1.26742871e+06 	 2.093652e-05 	 2.029481e+07 	
1.26752876e+06 	 2.088952e-05 	 2.028792e+07 	
1.26762881e+06 	 2.084253e-05 	 2.028103e+07 	
1.26772886e+06 	 2.079555e-05 	 2.027415e+07 	
1.26782891e+06 	 2.074860e-05 	 2.026727e+07 	
1.26792896e+06 	 2.070166e-05 	 2.026039e+07 	
1.26802901e+06 	 2.065473e-05 	 2.025351e+07 	
1.26812906e+06 	 2.060782e-05 	 2.024664e+07 	
1.26822911e+06 	 2.056093e-05 	 2.023977e+07 	
1.26832916e+06 	 2.051406e-05 	 2.023290e+07 	
1.26842921e+06 	 2.046719e-05 	 2.022603e+07 	
1.26852926e+06 	 2.042035e-05 	 2.021916e+07 	
1.26862931e+06 	 2.037352e-05 	 2.021230e+07 	
1.26872936e+06 	 2.032671e-05 	 2.020544e+07 	
1.26882941e+06 	 2.027991e-05 	 2.019858e+07 	
1.26892946e+06 	 2.023312e-05 	 2.019173e+07 	
1.26902951e+06 	 2.018636e-05 	 2.018488e+07 	
1.26912956e+06 	 2.013960e-05 	 2.017803e+07 	
1.26922961e+06 	 2.009387e-05 	 2.017116e+07 	
1.26932966e+06 	 2.004716e-05 	 2.016431e+07 	
1.26942971e+06 	 2.000047e-05 	 2.015747e+07 	
1.26952976e+06 	 1.995379e-05 	 2.015063e+07 	
1.26962981e+06 	 1.990712e-05 	 2.014379e+07 	
1.26972986e+06 	 1.986047e-05 	 2.013695e+07 	
1.26982991e+06 	 1.981384e-05 	 2.013012e+07 	
1.26992996e+06 	 1.976722e-05 	 2.012329e+07 	
1.27003002e+06 	 1.972061e-05 	 2.011646e+07 	
1.27013007e+06 	 1.967401e-05 	 2.010964e+07 	
1.27023012e+06 	 1.962743e-05 	 2.010281e+07 	
1.27033017e+06 	 1.958087e-05 	 2.009599e+07 	
1.27043022e+06 	 1.953431e-05 	 2.008917e+07 	
1.27053027e+06 	 1.948777e-05 	 2.008236e+07 	
1.27063032e+06 	 1.944125e-05 	 2.007555e+07 	
1.27073037e+06 	 1.939474e-05 	 2.006873e+07 	
1.27083042e+06 	 1.934824e-05 	 2.006193e+07 	
1.27093047e+06 	 1.930175e-05 	 2.005512e+07 	
1.27103052e+06 	 1.925528e-05 	 2.004832e+07 	
1.27113057e+06 	 1.920882e-05 	 2.004152e+07 	
1.27123062e+06 	 1.916237e-05 	 2.003472e+07 	
1.27133067e+06 	 1.911593e-05 	 2.002792e+07 	
1.27143072e+06 	 1.906951e-05 	 2.002113e+07 	
1.27153077e+06 	 1.902310e-05 	 2.001434e+07 	
1.27163082e+06 	 1.897670e-05 	 2.000755e+07 	
1.27173087e+06 	 1.893032e-05 	 2.000077e+07 	
1.27183092e+06 	 1.888394e-05 	 1.999398e+07 	
1.27193097e+06 	 1.883758e-05 	 1.998720e+07 	
1.27203102e+06 	 1.879123e-05 	 1.998043e+07 	
1.27213107e+06 	 1.874489e-05 	 1.997365e+07 	
1.27223112e+06 	 1.869856e-05 	 1.996688e+07 	
1.27233117e+06 	 1.865225e-05 	 1.996011e+07 	
1.27243122e+06 	 1.860594e-05 	 1.995334e+07 	
1.27253127e+06 	 1.855965e-05 	 1.994658e+07 	
1.27263132e+06 	 1.851337e-05 	 1.993981e+07 	
1.27273137e+06 	 1.846710e-05 	 1.993305e+07 	
1.27283142e+06 	 1.842084e-05 	 1.992630e+07 	
1.27293147e+06 	 1.837459e-05 	 1.991954e+07 	
1.27303152e+06 	 1.832835e-05 	 1.991279e+07 	
1.27313157e+06 	 1.828212e-05 	 1.990604e+07 	
1.27323162e+06 	 1.823591e-05 	 1.989930e+07 	
1.27333167e+06 	 1.819062e-05 	 1.989253e+07 	
1.27343172e+06 	 1.814443e-05 	 1.988579e+07 	
1.27353177e+06 	 1.809826e-05 	 1.987905e+07 	
1.27363182e+06 	 1.805210e-05 	 1.987231e+07 	
1.27373187e+06 	 1.800595e-05 	 1.986558e+07 	
1.27383192e+06 	 1.795980e-05 	 1.985885e+07 	
1.27393197e+06 	 1.791367e-05 	 1.985212e+07 	
1.27403202e+06 	 1.786755e-05 	 1.984539e+07 	
1.27413207e+06 	 1.782143e-05 	 1.983867e+07 	
1.27423212e+06 	 1.777533e-05 	 1.983195e+07 	
1.27433217e+06 	 1.772924e-05 	 1.982523e+07 	
1.27443222e+06 	 1.768315e-05 	 1.981852e+07 	
1.27453227e+06 	 1.763708e-05 	 1.981181e+07 	
1.27463232e+06 	 1.759101e-05 	 1.980510e+07 	
1.27473237e+06 	 1.754495e-05 	 1.979839e+07 	
1.27483242e+06 	 1.749890e-05 	 1.979169e+07 	
1.27493247e+06 	 1.745287e-05 	 1.978498e+07 	
1.27503252e+06 	 1.740683e-05 	 1.977829e+07 	
1.27513257e+06 	 1.736081e-05 	 1.977159e+07 	
1.27523262e+06 	 1.731480e-05 	 1.976490e+07 	
1.27533267e+06 	 1.726879e-05 	 1.975821e+07 	
1.27543272e+06 	 1.722280e-05 	 1.975152e+07 	
1.27553277e+06 	 1.717681e-05 	 1.974483e+07 	
1.27563282e+06 	 1.713083e-05 	 1.973815e+07 	
1.27573287e+06 	 1.708485e-05 	 1.973147e+07 	
1.27583292e+06 	 1.703889e-05 	 1.972480e+07 	
1.27593297e+06 	 1.699293e-05 	 1.971812e+07 	
1.27603302e+06 	 1.694698e-05 	 1.971145e+07 	
1.27613307e+06 	 1.690104e-05 	 1.970478e+07 	
1.27623312e+06 	 1.685511e-05 	 1.969812e+07 	
1.27633317e+06 	 1.680918e-05 	 1.969146e+07 	
1.27643322e+06 	 1.676326e-05 	 1.968480e+07 	
1.27653327e+06 	 1.671735e-05 	 1.967814e+07 	
1.27663332e+06 	 1.667144e-05 	 1.967149e+07 	
1.27673337e+06 	 1.662555e-05 	 1.966484e+07 	
1.27683342e+06 	 1.657965e-05 	 1.965819e+07 	
1.27693347e+06 	 1.653377e-05 	 1.965154e+07 	
1.27703352e+06 	 1.648789e-05 	 1.964490e+07 	
1.27713357e+06 	 1.644202e-05 	 1.963826e+07 	
1.27723362e+06 	 1.639615e-05 	 1.963162e+07 	
1.27733367e+06 	 1.635030e-05 	 1.962499e+07 	
1.27743372e+06 	 1.630362e-05 	 1.961838e+07 	
1.27753377e+06 	 1.625776e-05 	 1.961175e+07 	
1.27763382e+06 	 1.621191e-05 	 1.960513e+07 	
1.27773387e+06 	 1.616606e-05 	 1.959851e+07 	
1.27783392e+06 	 1.612022e-05 	 1.959189e+07 	
1.27793397e+06 	 1.607439e-05 	 1.958527e+07 	
1.27803402e+06 	 1.602856e-05 	 1.957866e+07 	
1.27813407e+06 	 1.598273e-05 	 1.957205e+07 	
1.27823412e+06 	 1.593691e-05 	 1.956544e+07 	
1.27833417e+06 	 1.589110e-05 	 1.955884e+07 	
1.27843422e+06 	 1.584529e-05 	 1.955224e+07 	
1.27853427e+06 	 1.579949e-05 	 1.954564e+07 	
1.27863432e+06 	 1.575369e-05 	 1.953905e+07 	
1.27873437e+06 	 1.570790e-05 	 1.953246e+07 	
1.27883442e+06 	 1.566211e-05 	 1.952587e+07 	
1.27893447e+06 	 1.561632e-05 	 1.951928e+07 	
1.27903452e+06 	 1.557054e-05 	 1.951270e+07 	
1.27913457e+06 	 1.552477e-05 	 1.950612e+07 	
1.27923462e+06 	 1.547900e-05 	 1.949954e+07 	
1.27933467e+06 	 1.543323e-05 	 1.949297e+07 	
1.27943472e+06 	 1.538747e-05 	 1.948640e+07 	
1.27953477e+06 	 1.534171e-05 	 1.947983e+07 	
1.27963482e+06 	 1.529596e-05 	 1.947327e+07 	
1.27973487e+06 	 1.525021e-05 	 1.946671e+07 	
1.27983492e+06 	 1.520446e-05 	 1.946015e+07 	
1.27993497e+06 	 1.515872e-05 	 1.945360e+07 	
1.28003502e+06 	 1.511298e-05 	 1.944705e+07 	
1.28013507e+06 	 1.506724e-05 	 1.944050e+07 	
1.28023512e+06 	 1.502151e-05 	 1.943395e+07 	
1.28033517e+06 	 1.497578e-05 	 1.942741e+07 	
1.28043522e+06 	 1.493006e-05 	 1.942087e+07 	
1.28053527e+06 	 1.488433e-05 	 1.941434e+07 	
1.28063532e+06 	 1.483862e-05 	 1.940781e+07 	
1.28073537e+06 	 1.479290e-05 	 1.940128e+07 	
1.28083542e+06 	 1.474719e-05 	 1.939475e+07 	
1.28093547e+06 	 1.470148e-05 	 1.938823e+07 	
1.28103552e+06 	 1.465577e-05 	 1.938171e+07 	
1.28113557e+06 	 1.461006e-05 	 1.937520e+07 	
1.28123562e+06 	 1.456436e-05 	 1.936868e+07 	
1.28133567e+06 	 1.451866e-05 	 1.936218e+07 	
1.28143572e+06 	 1.447224e-05 	 1.935569e+07 	
1.28153577e+06 	 1.442654e-05 	 1.934919e+07 	
1.28163582e+06 	 1.438083e-05 	 1.934269e+07 	
1.28173587e+06 	 1.433513e-05 	 1.933620e+07 	
1.28183592e+06 	 1.428943e-05 	 1.932971e+07 	
1.28193597e+06 	 1.424374e-05 	 1.932322e+07 	
1.28203602e+06 	 1.419804e-05 	 1.931673e+07 	
1.28213607e+06 	 1.415235e-05 	 1.931025e+07 	
1.28223612e+06 	 1.410666e-05 	 1.930377e+07 	
1.28233617e+06 	 1.406097e-05 	 1.929730e+07 	
1.28243622e+06 	 1.401529e-05 	 1.929083e+07 	
1.28253627e+06 	 1.396960e-05 	 1.928436e+07 	
1.28263632e+06 	 1.392392e-05 	 1.927790e+07 	
1.28273637e+06 	 1.387823e-05 	 1.927144e+07 	
1.28283642e+06 	 1.383255e-05 	 1.926498e+07 	
1.28293647e+06 	 1.378687e-05 	 1.925853e+07 	
1.28303652e+06 	 1.374119e-05 	 1.925208e+07 	
1.28313657e+06 	 1.369552e-05 	 1.924563e+07 	
1.28323662e+06 	 1.364984e-05 	 1.923919e+07 	
1.28333667e+06 	 1.360417e-05 	 1.923275e+07 	
1.28343672e+06 	 1.355849e-05 	 1.922632e+07 	
1.28353677e+06 	 1.351282e-05 	 1.921988e+07 	
1.28363682e+06 	 1.346715e-05 	 1.921346e+07 	
1.28373687e+06 	 1.342148e-05 	 1.920703e+07 	
1.28383692e+06 	 1.337581e-05 	 1.920061e+07 	
1.28393697e+06 	 1.333014e-05 	 1.919420e+07 	
1.28403702e+06 	 1.328447e-05 	 1.918778e+07 	
1.28413707e+06 	 1.323880e-05 	 1.918137e+07 	
1.28423712e+06 	 1.319313e-05 	 1.917497e+07 	
1.28433717e+06 	 1.314747e-05 	 1.916857e+07 	
1.28443722e+06 	 1.310180e-05 	 1.916217e+07 	
1.28453727e+06 	 1.305613e-05 	 1.915578e+07 	
1.28463732e+06 	 1.301047e-05 	 1.914939e+07 	
1.28473737e+06 	 1.296480e-05 	 1.914300e+07 	
1.28483742e+06 	 1.291914e-05 	 1.913662e+07 	
1.28493747e+06 	 1.287348e-05 	 1.913024e+07 	
1.28503752e+06 	 1.282781e-05 	 1.912386e+07 	
1.28513757e+06 	 1.278215e-05 	 1.911749e+07 	
1.28523762e+06 	 1.273649e-05 	 1.911113e+07 	
1.28533767e+06 	 1.269083e-05 	 1.910476e+07 	
1.28543772e+06 	 1.264517e-05 	 1.909841e+07 	
1.28553777e+06 	 1.260015e-05 	 1.909203e+07 	
1.28563782e+06 	 1.255449e-05 	 1.908568e+07 	
1.28573787e+06 	 1.250884e-05 	 1.907933e+07 	
1.28583792e+06 	 1.246319e-05 	 1.907299e+07 	
1.28593797e+06 	 1.241754e-05 	 1.906665e+07 	
1.28603802e+06 	 1.237189e-05 	 1.906031e+07 	
1.28613807e+06 	 1.232624e-05 	 1.905398e+07 	
1.28623812e+06 	 1.228059e-05 	 1.904766e+07 	
1.28633817e+06 	 1.223494e-05 	 1.904134e+07 	
1.28643822e+06 	 1.218929e-05 	 1.903502e+07 	
1.28653827e+06 	 1.214364e-05 	 1.902870e+07 	
1.28663832e+06 	 1.209800e-05 	 1.902239e+07 	
1.28673837e+06 	 1.205235e-05 	 1.901609e+07 	
1.28683842e+06 	 1.200670e-05 	 1.900979e+07 	
1.28693847e+06 	 1.196106e-05 	 1.900349e+07 	
1.28703852e+06 	 1.191541e-05 	 1.899720e+07 	
1.28713857e+06 	 1.186976e-05 	 1.899091e+07 	
1.28723862e+06 	 1.182412e-05 	 1.898463e+07 	
1.28733867e+06 	 1.177848e-05 	 1.897835e+07 	
1.28743872e+06 	 1.173283e-05 	 1.897207e+07 	
1.28753877e+06 	 1.168719e-05 	 1.896580e+07 	
1.28763882e+06 	 1.164155e-05 	 1.895954e+07 	
1.28773887e+06 	 1.159591e-05 	 1.895328e+07 	
1.28783892e+06 	 1.155027e-05 	 1.894702e+07 	
1.28793897e+06 	 1.150463e-05 	 1.894077e+07 	
1.28803902e+06 	 1.145899e-05 	 1.893452e+07 	
1.28813907e+06 	 1.141335e-05 	 1.892827e+07 	
1.28823912e+06 	 1.136772e-05 	 1.892204e+07 	
1.28833917e+06 	 1.132208e-05 	 1.891580e+07 	
1.28843922e+06 	 1.127645e-05 	 1.890957e+07 	
1.28853927e+06 	 1.123082e-05 	 1.890335e+07 	
1.28863932e+06 	 1.118519e-05 	 1.889713e+07 	
1.28873937e+06 	 1.113956e-05 	 1.889091e+07 	
1.28883942e+06 	 1.109393e-05 	 1.888470e+07 	
1.28893947e+06 	 1.104830e-05 	 1.887850e+07 	
1.28903952e+06 	 1.100268e-05 	 1.887230e+07 	
1.28913957e+06 	 1.095706e-05 	 1.886610e+07 	
1.28923962e+06 	 1.091144e-05 	 1.885991e+07 	
1.28933967e+06 	 1.086582e-05 	 1.885372e+07 	
1.28943972e+06 	 1.082020e-05 	 1.884754e+07 	
1.28953977e+06 	 1.077513e-05 	 1.884134e+07 	
1.28963982e+06 	 1.072953e-05 	 1.883517e+07 	
1.28973987e+06 	 1.068393e-05 	 1.882901e+07 	
1.28983992e+06 	 1.063833e-05 	 1.882284e+07 	
1.28993997e+06 	 1.059273e-05 	 1.881669e+07 	
1.29004002e+06 	 1.054714e-05 	 1.881054e+07 	
1.29014007e+06 	 1.050155e-05 	 1.880439e+07 	
1.29024012e+06 	 1.045597e-05 	 1.879825e+07 	
1.29034017e+06 	 1.041038e-05 	 1.879211e+07 	
1.29044022e+06 	 1.036481e-05 	 1.878598e+07 	
1.29054027e+06 	 1.031923e-05 	 1.877986e+07 	
1.29064032e+06 	 1.027366e-05 	 1.877374e+07 	
1.29074037e+06 	 1.022810e-05 	 1.876762e+07 	
1.29084042e+06 	 1.018253e-05 	 1.876151e+07 	
1.29094047e+06 	 1.013698e-05 	 1.875541e+07 	
1.29104052e+06 	 1.009142e-05 	 1.874931e+07 	
1.29114057e+06 	 1.004588e-05 	 1.874322e+07 	
1.29124062e+06 	 1.000033e-05 	 1.873713e+07 	
1.29134067e+06 	 9.954798e-06 	 1.873105e+07 	
1.29144072e+06 	 9.909268e-06 	 1.872497e+07 	
1.29154077e+06 	 9.863743e-06 	 1.871890e+07 	
1.29164082e+06 	 9.818224e-06 	 1.871283e+07 	
1.29174087e+06 	 9.772712e-06 	 1.870678e+07 	
1.29184092e+06 	 9.727206e-06 	 1.870072e+07 	
1.29194097e+06 	 9.681707e-06 	 1.869467e+07 	
1.29204102e+06 	 9.636215e-06 	 1.868863e+07 	
1.29214107e+06 	 9.590731e-06 	 1.868259e+07 	
1.29224112e+06 	 9.545255e-06 	 1.867656e+07 	
1.29234117e+06 	 9.499786e-06 	 1.867054e+07 	
1.29244122e+06 	 9.454326e-06 	 1.866452e+07 	
1.29254127e+06 	 9.408874e-06 	 1.865851e+07 	
1.29264132e+06 	 9.363431e-06 	 1.865250e+07 	
1.29274137e+06 	 9.317997e-06 	 1.864650e+07 	
1.29284142e+06 	 9.272573e-06 	 1.864050e+07 	
1.29294147e+06 	 9.227158e-06 	 1.863451e+07 	
1.29304152e+06 	 9.181754e-06 	 1.862853e+07 	
1.29314157e+06 	 9.136360e-06 	 1.862255e+07 	
1.29324162e+06 	 9.090977e-06 	 1.861658e+07 	
1.29334167e+06 	 9.045605e-06 	 1.861062e+07 	
1.29344172e+06 	 9.000245e-06 	 1.860466e+07 	
1.29354177e+06 	 8.954443e-06 	 1.859873e+07 	
1.29364182e+06 	 8.909101e-06 	 1.859279e+07 	
1.29374187e+06 	 8.863772e-06 	 1.858685e+07 	
1.29384192e+06 	 8.818455e-06 	 1.858092e+07 	
1.29394197e+06 	 8.773152e-06 	 1.857499e+07 	
1.29404202e+06 	 8.727863e-06 	 1.856907e+07 	
1.29414207e+06 	 8.682589e-06 	 1.856316e+07 	
1.29424212e+06 	 8.637328e-06 	 1.855726e+07 	
1.29434217e+06 	 8.592083e-06 	 1.855136e+07 	
1.29444222e+06 	 8.546854e-06 	 1.854546e+07 	
1.29454227e+06 	 8.501640e-06 	 1.853958e+07 	
1.29464232e+06 	 8.456443e-06 	 1.853370e+07 	
1.29474237e+06 	 8.411263e-06 	 1.852783e+07 	
1.29484242e+06 	 8.366100e-06 	 1.852196e+07 	
1.29494247e+06 	 8.320955e-06 	 1.851611e+07 	
1.29504252e+06 	 8.275828e-06 	 1.851026e+07 	
1.29514257e+06 	 8.230720e-06 	 1.850441e+07 	
1.29524262e+06 	 8.185632e-06 	 1.849857e+07 	
1.29534267e+06 	 8.140564e-06 	 1.849275e+07 	
1.29544272e+06 	 8.095516e-06 	 1.848692e+07 	
1.29554277e+06 	 8.050489e-06 	 1.848111e+07 	
1.29564282e+06 	 8.005483e-06 	 1.847530e+07 	
1.29574287e+06 	 7.960500e-06 	 1.846950e+07 	
1.29584292e+06 	 7.915540e-06 	 1.846371e+07 	
1.29594297e+06 	 7.870603e-06 	 1.845792e+07 	
1.29604302e+06 	 7.825689e-06 	 1.845214e+07 	
1.29614307e+06 	 7.780801e-06 	 1.844637e+07 	
1.29624312e+06 	 7.735937e-06 	 1.844061e+07 	
1.29634317e+06 	 7.691099e-06 	 1.843485e+07 	
1.29644322e+06 	 7.646288e-06 	 1.842911e+07 	
1.29654327e+06 	 7.601504e-06 	 1.842337e+07 	
1.29664332e+06 	 7.556747e-06 	 1.841763e+07 	
1.29674337e+06 	 7.512019e-06 	 1.841191e+07 	
1.29684342e+06 	 7.467320e-06 	 1.840619e+07 	
1.29694347e+06 	 7.422650e-06 	 1.840049e+07 	
1.29704352e+06 	 7.378011e-06 	 1.839479e+07 	
1.29714357e+06 	 7.333404e-06 	 1.838909e+07 	
1.29724362e+06 	 7.288828e-06 	 1.838341e+07 	
1.29734367e+06 	 7.244285e-06 	 1.837773e+07 	
1.29744372e+06 	 7.199775e-06 	 1.837207e+07 	
1.29754377e+06 	 7.155663e-06 	 1.836638e+07 	
1.29764382e+06 	 7.111227e-06 	 1.836073e+07 	
1.29774387e+06 	 7.066826e-06 	 1.835509e+07 	
1.29784392e+06 	 7.022462e-06 	 1.834945e+07 	
1.29794397e+06 	 6.978135e-06 	 1.834383e+07 	
1.29804402e+06 	 6.933847e-06 	 1.833821e+07 	
1.29814407e+06 	 6.889597e-06 	 1.833260e+07 	
1.29824412e+06 	 6.845388e-06 	 1.832700e+07 	
1.29834417e+06 	 6.801219e-06 	 1.832141e+07 	
1.29844422e+06 	 6.757092e-06 	 1.831583e+07 	
1.29854427e+06 	 6.713007e-06 	 1.831025e+07 	
1.29864432e+06 	 6.668966e-06 	 1.830469e+07 	
1.29874437e+06 	 6.624969e-06 	 1.829913e+07 	
1.29884442e+06 	 6.581017e-06 	 1.829359e+07 	
1.29894447e+06 	 6.537112e-06 	 1.828805e+07 	
1.29904452e+06 	 6.493253e-06 	 1.828252e+07 	
1.29914457e+06 	 6.449443e-06 	 1.827700e+07 	
1.29924462e+06 	 6.405681e-06 	 1.827149e+07 	
1.29934467e+06 	 6.361970e-06 	 1.826599e+07 	
1.29944472e+06 	 6.318310e-06 	 1.826050e+07 	
1.29954477e+06 	 6.274701e-06 	 1.825501e+07 	
1.29964482e+06 	 6.231146e-06 	 1.824954e+07 	
1.29974487e+06 	 6.187645e-06 	 1.824408e+07 	
1.29984492e+06 	 6.144199e-06 	 1.823863e+07 	
1.29994497e+06 	 6.100809e-06 	 1.823318e+07 	
1.30004502e+06 	 6.057476e-06 	 1.822775e+07 	
1.30014507e+06 	 6.014202e-06 	 1.822233e+07 	
1.30024512e+06 	 5.970987e-06 	 1.821691e+07 	
1.30034517e+06 	 5.927833e-06 	 1.821151e+07 	
1.30044522e+06 	 5.884740e-06 	 1.820612e+07 	
1.30054527e+06 	 5.841710e-06 	 1.820073e+07 	
1.30064532e+06 	 5.798744e-06 	 1.819536e+07 	
1.30074537e+06 	 5.755844e-06 	 1.819000e+07 	
1.30084542e+06 	 5.713009e-06 	 1.818464e+07 	
1.30094547e+06 	 5.670242e-06 	 1.817930e+07 	
1.30104552e+06 	 5.627544e-06 	 1.817397e+07 	
1.30114557e+06 	 5.584916e-06 	 1.816865e+07 	
1.30124562e+06 	 5.542358e-06 	 1.816334e+07 	
1.30134567e+06 	 5.499873e-06 	 1.815804e+07 	
1.30144572e+06 	 5.457737e-06 	 1.815273e+07 	
1.30154577e+06 	 5.415404e-06 	 1.814745e+07 	
1.30164582e+06 	 5.373146e-06 	 1.814218e+07 	
1.30174587e+06 	 5.330966e-06 	 1.813692e+07 	
1.30184592e+06 	 5.288865e-06 	 1.813168e+07 	
1.30194597e+06 	 5.246843e-06 	 1.812644e+07 	
1.30204602e+06 	 5.204903e-06 	 1.812122e+07 	
1.30214607e+06 	 5.163046e-06 	 1.811600e+07 	
1.30224612e+06 	 5.121273e-06 	 1.811080e+07 	
1.30234617e+06 	 5.079585e-06 	 1.810561e+07 	
1.30244622e+06 	 5.037984e-06 	 1.810044e+07 	
1.30254627e+06 	 4.996471e-06 	 1.809527e+07 	
1.30264632e+06 	 4.955048e-06 	 1.809011e+07 	
1.30274637e+06 	 4.913716e-06 	 1.808497e+07 	
1.30284642e+06 	 4.872476e-06 	 1.807984e+07 	
1.30294647e+06 	 4.831330e-06 	 1.807472e+07 	
1.30304652e+06 	 4.790279e-06 	 1.806961e+07 	
1.30314657e+06 	 4.749324e-06 	 1.806452e+07 	
1.30324662e+06 	 4.708468e-06 	 1.805943e+07 	
1.30334667e+06 	 4.667712e-06 	 1.805436e+07 	
1.30344672e+06 	 4.627056e-06 	 1.804930e+07 	
1.30354677e+06 	 4.586503e-06 	 1.804426e+07 	
1.30364682e+06 	 4.546055e-06 	 1.803922e+07 	
1.30374687e+06 	 4.505711e-06 	 1.803420e+07 	
1.30384692e+06 	 4.465475e-06 	 1.802919e+07 	
1.30394697e+06 	 4.425348e-06 	 1.802419e+07 	
1.30404702e+06 	 4.385330e-06 	 1.801921e+07 	
1.30414707e+06 	 4.345425e-06 	 1.801424e+07 	
1.30424712e+06 	 4.305632e-06 	 1.800928e+07 	
1.30434717e+06 	 4.265955e-06 	 1.800433e+07 	
1.30444722e+06 	 4.226393e-06 	 1.799940e+07 	
1.30454727e+06 	 4.186950e-06 	 1.799448e+07 	
1.30464732e+06 	 4.147626e-06 	 1.798957e+07 	
1.30474737e+06 	 4.108424e-06 	 1.798468e+07 	
1.30484742e+06 	 4.069343e-06 	 1.797980e+07 	
1.30494747e+06 	 4.030388e-06 	 1.797493e+07 	
1.30504752e+06 	 3.991558e-06 	 1.797008e+07 	
1.30514757e+06 	 3.952856e-06 	 1.796524e+07 	
1.30524762e+06 	 3.914282e-06 	 1.796041e+07 	
1.30534767e+06 	 3.876035e-06 	 1.795558e+07 	
1.30544772e+06 	 3.837726e-06 	 1.795078e+07 	
1.30554777e+06 	 3.799552e-06 	 1.794599e+07 	
1.30564782e+06 	 3.761513e-06 	 1.794122e+07 	
1.30574787e+06 	 3.723612e-06 	 1.793646e+07 	
1.30584792e+06 	 3.685849e-06 	 1.793172e+07 	
1.30594797e+06 	 3.648227e-06 	 1.792699e+07 	
1.30604802e+06 	 3.610747e-06 	 1.792228e+07 	
1.30614807e+06 	 3.573411e-06 	 1.791757e+07 	
1.30624812e+06 	 3.536221e-06 	 1.791289e+07 	
1.30634817e+06 	 3.499178e-06 	 1.790822e+07 	
1.30644822e+06 	 3.462283e-06 	 1.790356e+07 	
1.30654827e+06 	 3.425539e-06 	 1.789892e+07 	
1.30664832e+06 	 3.388947e-06 	 1.789429e+07 	
1.30674837e+06 	 3.352509e-06 	 1.788968e+07 	
1.30684842e+06 	 3.316227e-06 	 1.788508e+07 	
1.30694847e+06 	 3.280101e-06 	 1.788049e+07 	
1.30704852e+06 	 3.244135e-06 	 1.787592e+07 	
1.30714857e+06 	 3.208328e-06 	 1.787137e+07 	
1.30724862e+06 	 3.172684e-06 	 1.786683e+07 	
1.30734867e+06 	 3.137203e-06 	 1.786231e+07 	
1.30744872e+06 	 3.101888e-06 	 1.785780e+07 	
1.30754877e+06 	 3.066739e-06 	 1.785331e+07 	
1.30764882e+06 	 3.031760e-06 	 1.784883e+07 	
1.30774887e+06 	 2.996950e-06 	 1.784437e+07 	
1.30784892e+06 	 2.962312e-06 	 1.783993e+07 	
1.30794897e+06 	 2.927847e-06 	 1.783550e+07 	
1.30804902e+06 	 2.893558e-06 	 1.783108e+07 	
1.30814907e+06 	 2.859445e-06 	 1.782668e+07 	
1.30824912e+06 	 2.825510e-06 	 1.782230e+07 	
1.30834917e+06 	 2.791755e-06 	 1.781793e+07 	
1.30844922e+06 	 2.758181e-06 	 1.781358e+07 	
1.30854927e+06 	 2.724790e-06 	 1.780925e+07 	
1.30864932e+06 	 2.691583e-06 	 1.780493e+07 	
1.30874937e+06 	 2.658563e-06 	 1.780063e+07 	
1.30884942e+06 	 2.625729e-06 	 1.779634e+07 	
1.30894947e+06 	 2.593085e-06 	 1.779207e+07 	
1.30904952e+06 	 2.560631e-06 	 1.778782e+07 	
1.30914957e+06 	 2.528369e-06 	 1.778359e+07 	
1.30924962e+06 	 2.496175e-06 	 1.777939e+07 	
1.30934967e+06 	 2.464300e-06 	 1.777519e+07 	
1.30944972e+06 	 2.432622e-06 	 1.777100e+07 	
1.30954977e+06 	 2.401142e-06 	 1.776683e+07 	
1.30964982e+06 	 2.369861e-06 	 1.776268e+07 	
1.30974987e+06 	 2.338780e-06 	 1.775855e+07 	
1.30984992e+06 	 2.307901e-06 	 1.775443e+07 	
1.30994997e+06 	 2.277225e-06 	 1.775033e+07 	
1.31005003e+06 	 2.246754e-06 	 1.774624e+07 	
1.31015008e+06 	 2.216489e-06 	 1.774218e+07 	
1.31025013e+06 	 2.186431e-06 	 1.773813e+07 	
1.31035018e+06 	 2.156581e-06 	 1.773409e+07 	
1.31045023e+06 	 2.126941e-06 	 1.773008e+07 	
1.31055028e+06 	 2.097512e-06 	 1.772608e+07 	
1.31065033e+06 	 2.068294e-06 	 1.772210e+07 	
1.31075038e+06 	 2.039291e-06 	 1.771814e+07 	
1.31085043e+06 	 2.010501e-06 	 1.771420e+07 	
1.31095048e+06 	 1.981927e-06 	 1.771027e+07 	
1.31105053e+06 	 1.953570e-06 	 1.770636e+07 	
1.31115058e+06 	 1.925430e-06 	 1.770247e+07 	
1.31125063e+06 	 1.897509e-06 	 1.769860e+07 	
1.31135068e+06 	 1.869808e-06 	 1.769474e+07 	
1.31145073e+06 	 1.842328e-06 	 1.769091e+07 	
1.31155078e+06 	 1.815070e-06 	 1.768709e+07 	
1.31165083e+06 	 1.788034e-06 	 1.768328e+07 	
1.31175088e+06 	 1.761221e-06 	 1.767950e+07 	
1.31185093e+06 	 1.734634e-06 	 1.767574e+07 	
1.31195098e+06 	 1.708271e-06 	 1.767199e+07 	
1.31205103e+06 	 1.682135e-06 	 1.766826e+07 	
1.31215108e+06 	 1.656226e-06 	 1.766455e+07 	
1.31225113e+06 	 1.630544e-06 	 1.766086e+07 	
1.31235118e+06 	 1.605091e-06 	 1.765719e+07 	
1.31245123e+06 	 1.579867e-06 	 1.765353e+07 	
1.31255128e+06 	 1.554872e-06 	 1.764989e+07 	
1.31265133e+06 	 1.530108e-06 	 1.764628e+07 	
1.31275138e+06 	 1.505575e-06 	 1.764268e+07 	
1.31285143e+06 	 1.481273e-06 	 1.763910e+07 	
1.31295148e+06 	 1.457204e-06 	 1.763553e+07 	
1.31305153e+06 	 1.433294e-06 	 1.763201e+07 	
1.31315158e+06 	 1.409690e-06 	 1.762849e+07 	
1.31325163e+06 	 1.386319e-06 	 1.762498e+07 	
1.31335168e+06 	 1.363181e-06 	 1.762150e+07 	
1.31345173e+06 	 1.340278e-06 	 1.761803e+07 	
1.31355178e+06 	 1.317609e-06 	 1.761458e+07 	
1.31365183e+06 	 1.295175e-06 	 1.761115e+07 	
1.31375188e+06 	 1.272976e-06 	 1.760774e+07 	
1.31385193e+06 	 1.251011e-06 	 1.760435e+07 	
1.31395198e+06 	 1.229282e-06 	 1.760097e+07 	
1.31405203e+06 	 1.207788e-06 	 1.759762e+07 	
1.31415208e+06 	 1.186529e-06 	 1.759428e+07 	
1.31425213e+06 	 1.165506e-06 	 1.759096e+07 	
1.31435218e+06 	 1.144718e-06 	 1.758767e+07 	
1.31445223e+06 	 1.124165e-06 	 1.758439e+07 	
1.31455228e+06 	 1.103848e-06 	 1.758113e+07 	
1.31465233e+06 	 1.083765e-06 	 1.757789e+07 	
1.31475238e+06 	 1.063917e-06 	 1.757467e+07 	
1.31485243e+06 	 1.044304e-06 	 1.757146e+07 	
1.31495248e+06 	 1.024925e-06 	 1.756828e+07 	
1.31505253e+06 	 1.005781e-06 	 1.756512e+07 	
1.31515258e+06 	 9.868696e-07 	 1.756197e+07 	
1.31525263e+06 	 9.681920e-07 	 1.755885e+07 	
1.31535268e+06 	 9.497474e-07 	 1.755574e+07 	
1.31545273e+06 	 9.315352e-07 	 1.755265e+07 	
1.31555278e+06 	 9.135550e-07 	 1.754958e+07 	
1.31565283e+06 	 8.958062e-07 	 1.754653e+07 	
1.31575288e+06 	 8.782882e-07 	 1.754350e+07 	
1.31585293e+06 	 8.610005e-07 	 1.754049e+07 	
1.31595298e+06 	 8.439424e-07 	 1.753750e+07 	
1.31605303e+06 	 8.271131e-07 	 1.753453e+07 	
1.31615308e+06 	 8.105119e-07 	 1.753157e+07 	
1.31625313e+06 	 7.941381e-07 	 1.752864e+07 	
1.31635318e+06 	 7.779909e-07 	 1.752572e+07 	
1.31645323e+06 	 7.620692e-07 	 1.752282e+07 	
1.31655328e+06 	 7.463724e-07 	 1.751995e+07 	
1.31665333e+06 	 7.309363e-07 	 1.751706e+07 	
1.31675338e+06 	 7.156861e-07 	 1.751422e+07 	
1.31685343e+06 	 7.006578e-07 	 1.751140e+07 	
1.31695348e+06 	 6.858502e-07 	 1.750860e+07 	
1.31705353e+06 	 6.712624e-07 	 1.750581e+07 	
1.31715358e+06 	 6.568932e-07 	 1.750305e+07 	
1.31725363e+06 	 6.427414e-07 	 1.750030e+07 	
1.31735368e+06 	 6.288058e-07 	 1.749758e+07 	
1.31745373e+06 	 6.150853e-07 	 1.749487e+07 	
1.31755378e+06 	 6.015785e-07 	 1.749218e+07 	
1.31765383e+06 	 5.882843e-07 	 1.748951e+07 	
1.31775388e+06 	 5.752011e-07 	 1.748685e+07 	
1.31785393e+06 	 5.623277e-07 	 1.748422e+07 	
1.31795398e+06 	 5.496627e-07 	 1.748161e+07 	
1.31805403e+06 	 5.372047e-07 	 1.747901e+07 	
1.31815408e+06 	 5.249521e-07 	 1.747643e+07 	
1.31825413e+06 	 5.129036e-07 	 1.747387e+07 	
1.31835418e+06 	 5.010576e-07 	 1.747133e+07 	
1.31845423e+06 	 4.894126e-07 	 1.746881e+07 	
1.31855428e+06 	 4.779669e-07 	 1.746631e+07 	
1.31865433e+06 	 4.667190e-07 	 1.746382e+07 	
1.31875438e+06 	 4.556673e-07 	 1.746135e+07 	
1.31885443e+06 	 4.448101e-07 	 1.745890e+07 	
1.31895448e+06 	 4.341457e-07 	 1.745647e+07 	
1.31905453e+06 	 4.236725e-07 	 1.745406e+07 	
1.31915458e+06 	 4.133886e-07 	 1.745166e+07 	
1.31925463e+06 	 4.032924e-07 	 1.744928e+07 	
1.31935468e+06 	 3.933821e-07 	 1.744693e+07 	
1.31945473e+06 	 3.836558e-07 	 1.744458e+07 	
1.31955478e+06 	 3.741119e-07 	 1.744226e+07 	
1.31965483e+06 	 3.647483e-07 	 1.743995e+07 	
1.31975488e+06 	 3.555634e-07 	 1.743767e+07 	
1.31985493e+06 	 3.465552e-07 	 1.743539e+07 	
1.31995498e+06 	 3.377048e-07 	 1.743317e+07 	
1.32005503e+06 	 3.290445e-07 	 1.743093e+07 	
1.32015508e+06 	 3.205551e-07 	 1.742871e+07 	
1.32025513e+06 	 3.122348e-07 	 1.742651e+07 	
1.32035518e+06 	 3.040816e-07 	 1.742433e+07 	
1.32045523e+06 	 2.960936e-07 	 1.742216e+07 	
1.32055528e+06 	 2.882687e-07 	 1.742001e+07 	
1.32065533e+06 	 2.806051e-07 	 1.741788e+07 	
1.32075538e+06 	 2.731007e-07 	 1.741577e+07 	
1.32085543e+06 	 2.657536e-07 	 1.741367e+07 	
1.32095548e+06 	 2.585616e-07 	 1.741159e+07 	
1.32105553e+06 	 2.515229e-07 	 1.740952e+07 	
1.32115558e+06 	 2.446353e-07 	 1.740747e+07 	
1.32125563e+06 	 2.378968e-07 	 1.740544e+07 	
1.32135568e+06 	 2.313054e-07 	 1.740342e+07 	
1.32145573e+06 	 2.248591e-07 	 1.740142e+07 	
1.32155578e+06 	 2.185559e-07 	 1.739944e+07 	
1.32165583e+06 	 2.123935e-07 	 1.739747e+07 	
1.32175588e+06 	 2.063702e-07 	 1.739552e+07 	
1.32185593e+06 	 2.004837e-07 	 1.739359e+07 	
1.32195598e+06 	 1.947320e-07 	 1.739167e+07 	
1.32205603e+06 	 1.891131e-07 	 1.738976e+07 	
1.32215608e+06 	 1.836250e-07 	 1.738787e+07 	
1.32225613e+06 	 1.782655e-07 	 1.738600e+07 	
1.32235618e+06 	 1.730328e-07 	 1.738414e+07 	
1.32245623e+06 	 1.679247e-07 	 1.738230e+07 	
1.32255628e+06 	 1.629391e-07 	 1.738047e+07 	
1.32265633e+06 	 1.580742e-07 	 1.737866e+07 	
1.32275638e+06 	 1.533278e-07 	 1.737686e+07 	
1.32285643e+06 	 1.486906e-07 	 1.737511e+07 	
1.32295648e+06 	 1.441753e-07 	 1.737335e+07 	
1.32305653e+06 	 1.397727e-07 	 1.737160e+07 	
1.32315658e+06 	 1.354806e-07 	 1.736986e+07 	
1.32325663e+06 	 1.312972e-07 	 1.736814e+07 	
1.32335668e+06 	 1.272204e-07 	 1.736643e+07 	
1.32345673e+06 	 1.232483e-07 	 1.736473e+07 	
1.32355678e+06 	 1.193790e-07 	 1.736305e+07 	
1.32365683e+06 	 1.156105e-07 	 1.736139e+07 	
1.32375688e+06 	 1.119410e-07 	 1.735974e+07 	
1.32385693e+06 	 1.083685e-07 	 1.735810e+07 	
1.32395698e+06 	 1.048911e-07 	 1.735647e+07 	
1.32405703e+06 	 1.015070e-07 	 1.735486e+07 	
1.32415708e+06 	 9.821437e-08 	 1.735326e+07 	
1.32425713e+06 	 9.501131e-08 	 1.735168e+07 	
1.32435718e+06 	 9.189603e-08 	 1.735011e+07 	
1.32445723e+06 	 8.886671e-08 	 1.734855e+07 	
1.32455728e+06 	 8.592158e-08 	 1.734701e+07 	
1.32465733e+06 	 8.305886e-08 	 1.734547e+07 	
1.32475738e+06 	 8.027682e-08 	 1.734395e+07 	
1.32485743e+06 	 7.757370e-08 	 1.734245e+07 	
1.32495748e+06 	 7.494781e-08 	 1.734095e+07 	
1.32505753e+06 	 7.239746e-08 	 1.733947e+07 	
1.32515758e+06 	 6.992096e-08 	 1.733800e+07 	
1.32525763e+06 	 6.751326e-08 	 1.733659e+07 	
1.32535768e+06 	 6.517955e-08 	 1.733514e+07 	
1.32545773e+06 	 6.291480e-08 	 1.733371e+07 	
1.32555778e+06 	 6.071741e-08 	 1.733229e+07 	
1.32565783e+06 	 5.858584e-08 	 1.733088e+07 	
1.32575788e+06 	 5.651851e-08 	 1.732948e+07 	
1.32585793e+06 	 5.451391e-08 	 1.732810e+07 	
1.32595798e+06 	 5.257053e-08 	 1.732673e+07 	
1.32605803e+06 	 5.068689e-08 	 1.732536e+07 	
1.32615808e+06 	 4.886153e-08 	 1.732401e+07 	
1.32625813e+06 	 4.709301e-08 	 1.732267e+07 	
1.32635818e+06 	 4.537991e-08 	 1.732134e+07 	
1.32645823e+06 	 4.372084e-08 	 1.732002e+07 	
1.32655828e+06 	 4.211443e-08 	 1.731871e+07 	
1.32665833e+06 	 4.055932e-08 	 1.731742e+07 	
1.32675838e+06 	 3.905420e-08 	 1.731613e+07 	
1.32685843e+06 	 3.759777e-08 	 1.731485e+07 	
1.32695848e+06 	 3.618872e-08 	 1.731358e+07 	
1.32705853e+06 	 3.482581e-08 	 1.731233e+07 	
1.32715858e+06 	 3.350955e-08 	 1.731102e+07 	
1.32725863e+06 	 3.223525e-08 	 1.730978e+07 	
1.32735868e+06 	 3.100345e-08 	 1.730855e+07 	
1.32745873e+06 	 2.981299e-08 	 1.730733e+07 	
1.32755878e+06 	 2.866272e-08 	 1.730611e+07 	
1.32765883e+06 	 2.755151e-08 	 1.730491e+07 	
1.32775888e+06 	 2.647827e-08 	 1.730371e+07 	
1.32785893e+06 	 2.544191e-08 	 1.730253e+07 	
1.32795898e+06 	 2.444139e-08 	 1.730135e+07 	
1.32805903e+06 	 2.347566e-08 	 1.730018e+07 	
1.32815908e+06 	 2.254372e-08 	 1.729902e+07 	
1.32825913e+06 	 2.164456e-08 	 1.729786e+07 	
1.32835918e+06 	 2.077723e-08 	 1.729672e+07 	
1.32845923e+06 	 1.994077e-08 	 1.729558e+07 	
1.32855928e+06 	 1.913325e-08 	 1.729452e+07 	
1.32865933e+06 	 1.835576e-08 	 1.729340e+07 	
1.32875938e+06 	 1.760642e-08 	 1.729229e+07 	
1.32885943e+06 	 1.688437e-08 	 1.729119e+07 	
1.32895948e+06 	 1.618876e-08 	 1.729010e+07 	
1.32905953e+06 	 1.551876e-08 	 1.728901e+07 	
1.32915958e+06 	 1.487358e-08 	 1.728793e+07 	
1.32925963e+06 	 1.425242e-08 	 1.728685e+07 	
1.32935968e+06 	 1.365452e-08 	 1.728578e+07 	
1.32945973e+06 	 1.307912e-08 	 1.728472e+07 	
1.32955978e+06 	 1.252487e-08 	 1.728377e+07 	
1.32965983e+06 	 1.199230e-08 	 1.728273e+07 	
1.32975988e+06 	 1.148012e-08 	 1.728170e+07 	
1.32985993e+06 	 1.098763e-08 	 1.728067e+07 	
1.32995998e+06 	 1.051420e-08 	 1.727966e+07 	
1.33006003e+06 	 1.005917e-08 	 1.727865e+07 	
1.33016008e+06 	 9.621925e-09 	 1.727764e+07 	
1.33026013e+06 	 9.201860e-09 	 1.727665e+07 	
1.33036018e+06 	 8.798843e-09 	 1.727553e+07 	
1.33046023e+06 	 8.411415e-09 	 1.727454e+07 	
1.33056028e+06 	 8.039453e-09 	 1.727354e+07 	
1.33066033e+06 	 7.682415e-09 	 1.727255e+07 	
1.33076038e+06 	 7.339779e-09 	 1.727157e+07 	
1.33086043e+06 	 7.011033e-09 	 1.727059e+07 	
1.33096048e+06 	 6.695683e-09 	 1.726961e+07 	
1.33106053e+06 	 6.392890e-09 	 1.726881e+07 	
1.33116058e+06 	 6.102876e-09 	 1.726786e+07 	
1.33126063e+06 	 5.824856e-09 	 1.726692e+07 	
1.33136068e+06 	 5.558390e-09 	 1.726599e+07 	
1.33146073e+06 	 5.303054e-09 	 1.726507e+07 	
1.33156078e+06 	 5.058719e-09 	 1.726395e+07 	
1.33166083e+06 	 4.824448e-09 	 1.726301e+07 	
1.33176088e+06 	 4.600112e-09 	 1.726206e+07 	
1.33186093e+06 	 4.385337e-09 	 1.726111e+07 	
1.33196098e+06 	 4.179532e-09 	 1.726039e+07 	
1.33206103e+06 	 3.982771e-09 	 1.725949e+07 	
1.33216108e+06 	 3.794512e-09 	 1.725860e+07 	
1.33226113e+06 	 3.614427e-09 	 1.725771e+07 	
1.33236118e+06 	 3.442407e-09 	 1.725652e+07 	
1.33246123e+06 	 3.277764e-09 	 1.725556e+07 	
1.33256128e+06 	 3.120383e-09 	 1.725458e+07 	
1.33266133e+06 	 2.969793e-09 	 1.725394e+07 	
1.33276138e+06 	 2.826045e-09 	 1.725302e+07 	
1.33286143e+06 	 2.688584e-09 	 1.725240e+07 	
1.33296148e+06 	 2.557395e-09 	 1.725157e+07 	
1.33306153e+06 	 2.432114e-09 	 1.725075e+07 	
1.33316158e+06 	 2.312641e-09 	 1.724955e+07 	
1.33326163e+06 	 2.198501e-09 	 1.724864e+07 	
1.33336168e+06 	 2.089465e-09 	 1.724810e+07 	
1.33346173e+06 	 1.985514e-09 	 1.724732e+07 	
1.33356178e+06 	 1.886451e-09 	 1.724615e+07 	
1.33366183e+06 	 1.791904e-09 	 1.724528e+07 	
1.33376188e+06 	 1.701667e-09 	 1.724481e+07 	
1.33386193e+06 	 1.615703e-09 	 1.724409e+07 	
1.33396198e+06 	 1.533842e-09 	 1.724304e+07 	
1.33406203e+06 	 1.455777e-09 	 1.724232e+07 	
1.33416208e+06 	 1.381506e-09 	 1.724091e+07 	
1.33426213e+06 	 1.310705e-09 	 1.723990e+07 	
1.33436218e+06 	 1.243256e-09 	 1.723919e+07 	
1.33446223e+06 	 1.179073e-09 	 1.723809e+07 	
1.33456228e+06 	 1.117934e-09 	 1.723757e+07 	
1.33466233e+06 	 1.059792e-09 	 1.723653e+07 	
1.33476238e+06 	 1.004435e-09 	 1.723598e+07 	
1.33486243e+06 	 9.518082e-10 	 1.723508e+07 	
1.33496248e+06 	 9.017666e-10 	 1.723398e+07 	
1.33506253e+06 	 8.541548e-10 	 1.723345e+07 	
1.33516258e+06 	 8.089218e-10 	 1.723241e+07 	
1.33526263e+06 	 7.659097e-10 	 1.723183e+07 	
1.33536268e+06 	 7.250588e-10 	 1.723081e+07 	
1.33546273e+06 	 6.862342e-10 	 1.723020e+07 	
1.33556278e+06 	 6.493720e-10 	 1.722924e+07 	
1.33566283e+06 	 6.143561e-10 	 1.722860e+07 	
1.33576288e+06 	 5.811206e-10 	 1.722772e+07 	
1.33586293e+06 	 5.495699e-10 	 1.722696e+07 	
1.33596298e+06 	 5.196327e-10 	 1.722603e+07 	
1.33606303e+06 	 4.912230e-10 	 1.722535e+07 	
1.33616308e+06 	 4.642779e-10 	 1.722448e+07 	
1.33626313e+06 	 4.387211e-10 	 1.722372e+07 	
1.33636318e+06 	 4.144914e-10 	 1.722281e+07 	
1.33646323e+06 	 3.915184e-10 	 1.722211e+07 	
1.33656328e+06 	 3.697483e-10 	 1.722118e+07 	
1.33666333e+06 	 3.491159e-10 	 1.722050e+07 	
1.33676338e+06 	 3.295722e-10 	 1.721958e+07 	
1.33686343e+06 	 3.110581e-10 	 1.721889e+07 	
1.33696348e+06 	 2.935284e-10 	 1.721793e+07 	
1.33706353e+06 	 2.769287e-10 	 1.721730e+07 	
1.33716358e+06 	 2.612173e-10 	 1.721649e+07 	
1.33726363e+06 	 2.463485e-10 	 1.721567e+07 	
1.33736368e+06 	 2.322795e-10 	 1.721489e+07 	
1.33746373e+06 	 2.189708e-10 	 1.721409e+07 	
1.33756378e+06 	 2.063838e-10 	 1.721328e+07 	
1.33766383e+06 	 1.944814e-10 	 1.721249e+07 	
1.33776388e+06 	 1.832295e-10 	 1.721166e+07 	
1.33786393e+06 	 1.725940e-10 	 1.721090e+07 	
1.33796398e+06 	 1.625440e-10 	 1.721005e+07 	
1.33806403e+06 	 1.530485e-10 	 1.720931e+07 	
1.33816408e+06 	 1.440795e-10 	 1.720847e+07 	
1.33826413e+06 	 1.356090e-10 	 1.720771e+07 	
1.33836418e+06 	 1.276115e-10 	 1.720692e+07 	
1.33846423e+06 	 1.200617e-10 	 1.720613e+07 	
1.33856428e+06 	 1.129364e-10 	 1.720533e+07 	
1.33866433e+06 	 1.062129e-10 	 1.720454e+07 	
1.33876438e+06 	 9.987013e-11 	 1.720371e+07 	
1.33886443e+06 	 9.388739e-11 	 1.720295e+07 	
1.33896448e+06 	 8.824573e-11 	 1.720216e+07 	
1.33906453e+06 	 8.292671e-11 	 1.720137e+07 	
1.33916458e+06 	 7.791300e-11 	 1.720055e+07 	
1.33926463e+06 	 7.318789e-11 	 1.719979e+07 	
1.33936468e+06 	 6.873589e-11 	 1.719898e+07 	
1.33946473e+06 	 6.454194e-11 	 1.719821e+07 	
1.33956478e+06 	 6.059202e-11 	 1.719739e+07 	
1.33966483e+06 	 5.687259e-11 	 1.719663e+07 	
1.33976488e+06 	 5.337102e-11 	 1.719583e+07 	
1.33986493e+06 	 5.007519e-11 	 1.719505e+07 	
1.33996498e+06 	 4.697367e-11 	 1.719425e+07 	
1.34006503e+06 	 4.405559e-11 	 1.719347e+07 	
1.34016508e+06 	 4.131069e-11 	 1.719268e+07 	
1.53386706e+06 	 1.000000e-20 	 1.585003e+07 	
1.75556593e+06 	 1.000000e-20 	 1.464648e+07 	
2.00930824e+06 	 1.000000e-20 	 1.355954e+07 	
2.29972543e+06 	 1.000000e-20 	 1.257218e+07 	
2.63211834e+06 	 1.000000e-20 	 1.167109e+07 	
3.01255395e+06 	 1.000000e-20 	 1.084563e+07 	
3.44797617e+06 	 1.000000e-20 	 1.008711e+07 	
3.94633254e+06 	 1.000000e-20 	 9.388328e+06 	
4.51671929e+06 	 1.000000e-20 	 8.743208e+06 	
5.16954742e+06 	 1.000000e-20 	 8.146572e+06 	
5.91673265e+06 	 1.000000e-20 	 7.593948e+06 	
6.77191297e+06 	 1.000000e-20 	 7.081440e+06 	
7.75069756e+06 	 1.000000e-20 	 6.605621e+06 	
8.87095167e+06 	 1.000000e-20 	 6.163460e+06 	
1.01531227e+07 	 1.000000e-20 	 5.752250e+06 	
1.16206135e+07 	 1.000000e-20 	 5.369566e+06 	
1.33002095e+07 	 1.000000e-20 	 5.013222e+06 	
1.52225673e+07 	 1.000000e-20 	 4.681237e+06 	
1.74227749e+07 	 1.000000e-20 	 4.371814e+06 	
1.99409915e+07 	 1.000000e-20 	 4.083309e+06 	
2.28231808e+07 	 1.000000e-20 	 3.814222e+06 	
2.61219499e+07 	 1.000000e-20 	 3.563175e+06 	
2.98975097e+07 	 1.000000e-20 	 3.328901e+06 	
3.42187734e+07 	 1.000000e-20 	 3.110234e+06 	
3.91646149e+07 	 1.000000e-20 	 2.906095e+06 	
4.48253081e+07 	 1.000000e-20 	 2.715489e+06 	
5.13041747e+07 	 1.000000e-20 	 2.537494e+06 	
5.87194701e+07 	 1.000000e-20 	 2.371256e+06 	
6.72065420e+07 	 1.000000e-20 	 2.215981e+06 	
7.69203006e+07 	 1.000000e-20 	 2.070933e+06 	
8.80380461e+07 	 1.000000e-20 	 1.935427e+06 	
1.00762705e+08 	 1.000000e-20 	 1.808827e+06 	
1.15326534e+08 	 1.000000e-20 	 1.690540e+06 	
1.31995359e+08 	 1.000000e-20 	 1.580015e+06 	
1.51073428e+08 	 1.000000e-20 	 1.476737e+06 	
1.72908964e+08 	 1.000000e-20 	 1.380227e+06 	
1.97900518e+08 	 1.000000e-20 	 1.290039e+06 	
2.26504249e+08 	 1.000000e-20 	 1.205756e+06 	
2.59242246e+08 	 1.000000e-20 	 1.126988e+06 	
2.96712059e+08 	 1.000000e-20 	 1.053374e+06 	
3.39597606e+08 	 1.000000e-20 	 9.845747e+05 	
3.88681654e+08 	 1.000000e-20 	 9.202740e+05 	
4.44860110e+08 	 1.000000e-20 	 8.601769e+05 	
5.09158370e+08 	 1.000000e-20 	 8.040078e+05 	
5.82750037e+08 	 1.000000e-20 	 7.515093e+05 	
6.66978343e+08 	 1.000000e-20 	 7.024410e+05 	
7.63380664e+08 	 1.000000e-20 	 6.565784e+05 	
8.73716581e+08 	 1.000000e-20 	 6.137117e+05 	
1.00000000e+09 	 1.000000e-20 	 5.736449e+05 	
