r (cm)        	 rho (g/cm3) 	 T (K)       		 Linf = 3.099976e+38
1.19999995e+06 	 1.323287e+05 	 1.236808e+09 	
1.20004829e+06 	 1.236313e+05 	 1.215437e+09 	
1.20015946e+06 	 1.053950e+05 	 1.166723e+09 	
1.20025158e+06 	 9.201253e+04 	 1.126828e+09 	
1.20034370e+06 	 8.006082e+04 	 1.087379e+09 	
1.20043582e+06 	 6.941948e+04 	 1.048391e+09 	
1.20052795e+06 	 5.997505e+04 	 1.009880e+09 	
1.20062086e+06 	 5.155372e+04 	 9.715393e+08 	
1.20071377e+06 	 4.413860e+04 	 9.337194e+08 	
1.20078952e+06 	 3.877038e+04 	 9.032810e+08 	
1.20086528e+06 	 3.395818e+04 	 8.732116e+08 	
1.20094103e+06 	 2.965589e+04 	 8.435219e+08 	
1.20101679e+06 	 2.582007e+04 	 8.142233e+08 	
1.20109255e+06 	 2.240993e+04 	 7.853270e+08 	
1.20116733e+06 	 1.942386e+04 	 7.572092e+08 	
1.20124210e+06 	 1.678087e+04 	 7.295066e+08 	
1.20131688e+06 	 1.444883e+04 	 7.022311e+08 	
1.20137872e+06 	 1.273388e+04 	 6.800071e+08 	
1.20144056e+06 	 1.119520e+04 	 6.580905e+08 	
1.20150240e+06 	 9.817924e+03 	 6.364883e+08 	
1.20156423e+06 	 8.588098e+03 	 6.152077e+08 	
1.20162607e+06 	 7.492671e+03 	 5.942560e+08 	
1.20168768e+06 	 6.522803e+03 	 5.737152e+08 	
1.20174930e+06 	 5.663025e+03 	 5.535154e+08 	
1.20181091e+06 	 4.902894e+03 	 5.336640e+08 	
1.20186163e+06 	 4.345000e+03 	 5.175869e+08 	
1.20191236e+06 	 3.843031e+03 	 5.017551e+08 	
1.20196309e+06 	 3.392271e+03 	 4.861726e+08 	
1.20201381e+06 	 2.988310e+03 	 4.708435e+08 	
1.20206454e+06 	 2.627033e+03 	 4.557718e+08 	
1.20211526e+06 	 2.304606e+03 	 4.409614e+08 	
1.20216633e+06 	 2.015660e+03 	 4.263201e+08 	
1.20221739e+06 	 1.759107e+03 	 4.119515e+08 	
1.20226846e+06 	 1.531827e+03 	 3.978595e+08 	
1.20231064e+06 	 1.364098e+03 	 3.864294e+08 	
1.20235282e+06 	 1.212874e+03 	 3.751927e+08 	
1.20239501e+06 	 1.076750e+03 	 3.641512e+08 	
1.20243719e+06 	 9.544175e+02 	 3.533070e+08 	
1.20247938e+06 	 8.446621e+02 	 3.426618e+08 	
1.20252156e+06 	 7.463554e+02 	 3.322173e+08 	
1.20256374e+06 	 6.584520e+02 	 3.219752e+08 	
1.20260740e+06 	 5.774031e+02 	 3.115900e+08 	
1.20265106e+06 	 5.054746e+02 	 3.014248e+08 	
1.20268701e+06 	 4.524440e+02 	 2.932198e+08 	
1.20272297e+06 	 4.045139e+02 	 2.851656e+08 	
1.20275892e+06 	 3.612490e+02 	 2.772630e+08 	
1.20279488e+06 	 3.222453e+02 	 2.695127e+08 	
1.20283083e+06 	 2.871284e+02 	 2.619149e+08 	
1.20286678e+06 	 2.555517e+02 	 2.544703e+08 	
1.20290274e+06 	 2.271951e+02 	 2.471792e+08 	
1.20293869e+06 	 2.017630e+02 	 2.400417e+08 	
1.20297464e+06 	 1.789833e+02 	 2.330581e+08 	
1.20301264e+06 	 1.575147e+02 	 2.258449e+08 	
1.20304407e+06 	 1.415896e+02 	 2.200078e+08 	
1.20307550e+06 	 1.271738e+02 	 2.142884e+08 	
1.20310694e+06 	 1.141371e+02 	 2.086863e+08 	
1.20313837e+06 	 1.023589e+02 	 2.032014e+08 	
1.20316980e+06 	 9.172775e+01 	 1.978334e+08 	
1.20320123e+06 	 8.214115e+01 	 1.925820e+08 	
1.20323267e+06 	 7.350453e+01 	 1.874469e+08 	
1.20326410e+06 	 6.573093e+01 	 1.824274e+08 	
1.20329553e+06 	 5.874051e+01 	 1.775232e+08 	
1.20332696e+06 	 5.246001e+01 	 1.727336e+08 	
1.20335839e+06 	 4.682230e+01 	 1.680579e+08 	
1.20338983e+06 	 4.176597e+01 	 1.634955e+08 	
1.20341891e+06 	 3.755611e+01 	 1.593739e+08 	
1.20344800e+06 	 3.375528e+01 	 1.553478e+08 	
1.20347708e+06 	 3.032609e+01 	 1.514167e+08 	
1.20350617e+06 	 2.723430e+01 	 1.475797e+08 	
1.20353526e+06 	 2.444852e+01 	 1.438360e+08 	
1.20356434e+06 	 2.194007e+01 	 1.401848e+08 	
1.20359343e+06 	 1.968271e+01 	 1.366252e+08 	
1.20362251e+06 	 1.765251e+01 	 1.331562e+08 	
1.20365160e+06 	 1.582764e+01 	 1.297768e+08 	
1.20368069e+06 	 1.418822e+01 	 1.264860e+08 	
1.20370977e+06 	 1.271617e+01 	 1.232827e+08 	
1.20373886e+06 	 1.139504e+01 	 1.201658e+08 	
1.20376794e+06 	 1.020990e+01 	 1.171342e+08 	
1.20379703e+06 	 9.147220e+00 	 1.141866e+08 	
1.20382612e+06 	 8.194723e+00 	 1.113219e+08 	
1.20385520e+06 	 7.341301e+00 	 1.085389e+08 	
1.20388567e+06 	 6.542787e+00 	 1.057102e+08 	
1.20391613e+06 	 5.831529e+00 	 1.029681e+08 	
1.20394659e+06 	 5.198180e+00 	 1.003110e+08 	
1.20397705e+06 	 4.634350e+00 	 9.773746e+07 	
1.20400751e+06 	 4.132517e+00 	 9.524577e+07 	
1.20403798e+06 	 3.685942e+00 	 9.283434e+07 	
1.20406844e+06 	 3.288593e+00 	 9.050152e+07 	
1.20409890e+06 	 2.935076e+00 	 8.824565e+07 	
1.20412936e+06 	 2.620570e+00 	 8.606504e+07 	
1.20415983e+06 	 2.340773e+00 	 8.395801e+07 	
1.20419029e+06 	 2.091842e+00 	 8.192283e+07 	
1.20422075e+06 	 1.870356e+00 	 7.995780e+07 	
1.20425121e+06 	 1.673263e+00 	 7.806119e+07 	
1.20428672e+06 	 1.470701e+00 	 7.593436e+07 	
1.20432223e+06 	 1.293811e+00 	 7.389543e+07 	
1.20435774e+06 	 1.139284e+00 	 7.194167e+07 	
1.20439325e+06 	 1.004235e+00 	 7.007035e+07 	
1.20442876e+06 	 8.861490e-01 	 6.827876e+07 	
1.20446427e+06 	 7.828370e-01 	 6.656421e+07 	
1.20449979e+06 	 6.923937e-01 	 6.492405e+07 	
1.20453530e+06 	 6.131611e-01 	 6.335563e+07 	
1.20457081e+06 	 5.436973e-01 	 6.185635e+07 	
1.20461368e+06 	 4.710783e-01 	 6.013480e+07 	
1.20465655e+06 	 4.089855e-01 	 5.850584e+07 	
1.20469942e+06 	 3.558201e-01 	 5.696514e+07 	
1.20474229e+06 	 3.102321e-01 	 5.550845e+07 	
1.20478515e+06 	 2.710810e-01 	 5.413166e+07 	
1.20482802e+06 	 2.374034e-01 	 5.283075e+07 	
1.20487887e+06 	 2.034453e-01 	 5.138096e+07 	
1.20492971e+06 	 1.749135e-01 	 5.002619e+07 	
1.20498055e+06 	 1.508791e-01 	 4.876047e+07 	
1.20503139e+06 	 1.305790e-01 	 4.757807e+07 	
1.20509077e+06 	 1.107668e-01 	 4.629541e+07 	
1.20515014e+06 	 9.438639e-02 	 4.511080e+07 	
1.20520952e+06 	 8.079064e-02 	 4.401652e+07 	
1.20527589e+06 	 6.825632e-02 	 4.289147e+07 	
1.20534226e+06 	 5.798307e-02 	 4.186101e+07 	
1.20541696e+06 	 4.856735e-02 	 4.080360e+07 	
1.20549167e+06 	 4.095082e-02 	 3.984405e+07 	
1.20557595e+06 	 3.404365e-02 	 3.886649e+07 	
1.20566022e+06 	 2.852486e-02 	 3.798771e+07 	
1.20575501e+06 	 2.359031e-02 	 3.710313e+07 	
1.20584979e+06 	 1.968683e-02 	 3.631476e+07 	
1.20595598e+06 	 1.623975e-02 	 3.553056e+07 	
1.20606217e+06 	 1.353213e-02 	 3.483668e+07 	
1.20618111e+06 	 1.115574e-02 	 3.415117e+07 	
1.20630005e+06 	 9.298219e-03 	 3.354821e+07 	
1.20643384e+06 	 7.667932e-03 	 3.295321e+07 	
1.20656764e+06 	 6.398441e-03 	 3.243249e+07 	
1.20671966e+06 	 5.277535e-03 	 3.191602e+07 	
1.20687168e+06 	 4.408289e-03 	 3.146615e+07 	
1.20704368e+06 	 3.645948e-03 	 3.102341e+07 	
1.20721567e+06 	 3.055352e-03 	 3.063867e+07 	
1.20743168e+06 	 2.488167e-03 	 3.022219e+07 	
1.20764770e+06 	 2.059791e-03 	 2.986573e+07 	
1.20786372e+06 	 1.730048e-03 	 2.955747e+07 	
1.20815170e+06 	 1.398381e-03 	 2.920618e+07 	
1.20843969e+06 	 1.152707e-03 	 2.890868e+07 	
1.20872767e+06 	 9.664747e-04 	 2.865332e+07 	
1.20904897e+06 	 8.079081e-04 	 2.840768e+07 	
1.20937027e+06 	 6.862159e-04 	 2.819494e+07 	
1.20969156e+06 	 5.910138e-04 	 2.800851e+07 	
1.21016215e+06 	 4.852742e-04 	 2.777286e+07 	
1.21041667e+06 	 4.403046e-04 	 2.766038e+07 	
1.21095387e+06 	 3.653165e-04 	 2.745018e+07 	
1.21139377e+06 	 3.186847e-04 	 2.730025e+07 	
1.21214507e+06 	 2.596320e-04 	 2.707913e+07 	
1.21289637e+06 	 2.178511e-04 	 2.689116e+07 	
1.21364766e+06 	 1.872225e-04 	 2.672760e+07 	
1.21472642e+06 	 1.557667e-04 	 2.652399e+07 	
1.21580519e+06 	 1.337419e-04 	 2.634716e+07 	
1.21688395e+06 	 1.177097e-04 	 2.618969e+07 	
1.21796271e+06 	 1.056661e-04 	 2.604666e+07 	
1.21973438e+06 	 9.148864e-05 	 2.583454e+07 	
1.21997346e+06 	 8.996029e-05 	 2.580763e+07 	
1.21999737e+06 	 8.981154e-05 	 2.580495e+07 	
1.21999976e+06 	 8.979671e-05 	 2.580469e+07 	
1.22000000e+06 	 8.979523e-05 	 2.580466e+07 	
1.22025013e+06 	 8.828244e-05 	 2.577691e+07 	
1.22050025e+06 	 8.684465e-05 	 2.574951e+07 	
1.22075038e+06 	 8.547464e-05 	 2.572245e+07 	
1.22100050e+06 	 8.416874e-05 	 2.569571e+07 	
1.22125063e+06 	 8.292343e-05 	 2.566927e+07 	
1.22150075e+06 	 8.173520e-05 	 2.564312e+07 	
1.22175088e+06 	 8.060051e-05 	 2.561725e+07 	
1.22200100e+06 	 7.951584e-05 	 2.559165e+07 	
1.22225113e+06 	 7.847806e-05 	 2.556630e+07 	
1.22250125e+06 	 7.748409e-05 	 2.554119e+07 	
1.22275138e+06 	 7.653111e-05 	 2.551630e+07 	
1.22300150e+06 	 7.561712e-05 	 2.549164e+07 	
1.22325163e+06 	 7.474011e-05 	 2.546718e+07 	
1.22350175e+06 	 7.389806e-05 	 2.544293e+07 	
1.22375188e+06 	 7.308897e-05 	 2.541887e+07 	
1.22400200e+06 	 7.231084e-05 	 2.539499e+07 	
1.22425213e+06 	 7.156251e-05 	 2.537129e+07 	
1.22450225e+06 	 7.084130e-05 	 2.534775e+07 	
1.22475238e+06 	 7.014593e-05 	 2.532438e+07 	
1.22500250e+06 	 6.947528e-05 	 2.530116e+07 	
1.22525263e+06 	 6.882824e-05 	 2.527809e+07 	
1.22550275e+06 	 6.820370e-05 	 2.525516e+07 	
1.22575288e+06 	 6.760053e-05 	 2.523237e+07 	
1.22600300e+06 	 6.701763e-05 	 2.520972e+07 	
1.22625313e+06 	 6.645390e-05 	 2.518719e+07 	
1.22650325e+06 	 6.590820e-05 	 2.516478e+07 	
1.22675338e+06 	 6.538007e-05 	 2.514249e+07 	
1.22700350e+06 	 6.486796e-05 	 2.512031e+07 	
1.22725363e+06 	 6.437123e-05 	 2.509824e+07 	
1.22750375e+06 	 6.388929e-05 	 2.507627e+07 	
1.22775388e+06 	 6.342152e-05 	 2.505441e+07 	
1.22800400e+06 	 6.296733e-05 	 2.503264e+07 	
1.22825413e+06 	 6.252612e-05 	 2.501096e+07 	
1.22850425e+06 	 6.209727e-05 	 2.498938e+07 	
1.22875438e+06 	 6.168019e-05 	 2.496789e+07 	
1.22900450e+06 	 6.127427e-05 	 2.494648e+07 	
1.22925463e+06 	 6.087907e-05 	 2.492515e+07 	
1.22950475e+06 	 6.049420e-05 	 2.490390e+07 	
1.22975488e+06 	 6.011875e-05 	 2.488272e+07 	
1.23000500e+06 	 5.975242e-05 	 2.486162e+07 	
1.23025513e+06 	 5.939487e-05 	 2.484058e+07 	
1.23050525e+06 	 5.904580e-05 	 2.481962e+07 	
1.23075538e+06 	 5.870488e-05 	 2.479872e+07 	
1.23100550e+06 	 5.837180e-05 	 2.477789e+07 	
1.23125563e+06 	 5.804624e-05 	 2.475712e+07 	
1.23150575e+06 	 5.772789e-05 	 2.473641e+07 	
1.23175588e+06 	 5.741643e-05 	 2.471576e+07 	
1.23200600e+06 	 5.711153e-05 	 2.469516e+07 	
1.23225613e+06 	 5.681289e-05 	 2.467463e+07 	
1.23250625e+06 	 5.652018e-05 	 2.465414e+07 	
1.23275638e+06 	 5.623345e-05 	 2.463371e+07 	
1.23300650e+06 	 5.595205e-05 	 2.461332e+07 	
1.23325663e+06 	 5.567581e-05 	 2.459299e+07 	
1.23350675e+06 	 5.540457e-05 	 2.457270e+07 	
1.23375688e+06 	 5.513818e-05 	 2.455246e+07 	
1.23400700e+06 	 5.487646e-05 	 2.453226e+07 	
1.23425713e+06 	 5.461925e-05 	 2.451211e+07 	
1.23450725e+06 	 5.436639e-05 	 2.449200e+07 	
1.23475738e+06 	 5.411773e-05 	 2.447193e+07 	
1.23500750e+06 	 5.387309e-05 	 2.445190e+07 	
1.23525763e+06 	 5.363231e-05 	 2.443191e+07 	
1.23550775e+06 	 5.339524e-05 	 2.441196e+07 	
1.23575788e+06 	 5.316170e-05 	 2.439204e+07 	
1.23600800e+06 	 5.293155e-05 	 2.437216e+07 	
1.23625813e+06 	 5.270476e-05 	 2.435232e+07 	
1.23650825e+06 	 5.248116e-05 	 2.433252e+07 	
1.23675838e+06 	 5.226046e-05 	 2.431274e+07 	
1.23700850e+06 	 5.204259e-05 	 2.429300e+07 	
1.23725863e+06 	 5.182747e-05 	 2.427329e+07 	
1.23750875e+06 	 5.161501e-05 	 2.425361e+07 	
1.23775888e+06 	 5.140515e-05 	 2.423396e+07 	
1.23800900e+06 	 5.119780e-05 	 2.421435e+07 	
1.23825913e+06 	 5.099289e-05 	 2.419476e+07 	
1.23850925e+06 	 5.079034e-05 	 2.417520e+07 	
1.23875938e+06 	 5.059006e-05 	 2.415567e+07 	
1.23900950e+06 	 5.039199e-05 	 2.413616e+07 	
1.23925963e+06 	 5.019604e-05 	 2.411669e+07 	
1.23950975e+06 	 5.000213e-05 	 2.409724e+07 	
1.23975988e+06 	 4.981019e-05 	 2.407782e+07 	
1.24001001e+06 	 4.962015e-05 	 2.405842e+07 	
1.24026013e+06 	 4.943191e-05 	 2.403905e+07 	
1.24051026e+06 	 4.924541e-05 	 2.401970e+07 	
1.24076038e+06 	 4.906061e-05 	 2.400038e+07 	
1.24101051e+06 	 4.887752e-05 	 2.398108e+07 	
1.24126063e+06 	 4.869595e-05 	 2.396180e+07 	
1.24151076e+06 	 4.851585e-05 	 2.394255e+07 	
1.24176088e+06 	 4.833719e-05 	 2.392332e+07 	
1.24201101e+06 	 4.815993e-05 	 2.390411e+07 	
1.24226113e+06 	 4.798404e-05 	 2.388492e+07 	
1.24251126e+06 	 4.780948e-05 	 2.386575e+07 	
1.24276138e+06 	 4.763622e-05 	 2.384661e+07 	
1.24301151e+06 	 4.746423e-05 	 2.382748e+07 	
1.24326163e+06 	 4.729346e-05 	 2.380838e+07 	
1.24351176e+06 	 4.712389e-05 	 2.378930e+07 	
1.24376188e+06 	 4.695548e-05 	 2.377023e+07 	
1.24401201e+06 	 4.678819e-05 	 2.375119e+07 	
1.24426213e+06 	 4.662199e-05 	 2.373217e+07 	
1.24451226e+06 	 4.645684e-05 	 2.371316e+07 	
1.24476238e+06 	 4.629272e-05 	 2.369418e+07 	
1.24501251e+06 	 4.612958e-05 	 2.367521e+07 	
1.24526263e+06 	 4.596738e-05 	 2.365626e+07 	
1.24551276e+06 	 4.580611e-05 	 2.363733e+07 	
1.24576288e+06 	 4.564571e-05 	 2.361842e+07 	
1.24601301e+06 	 4.548627e-05 	 2.359953e+07 	
1.24626313e+06 	 4.532765e-05 	 2.358065e+07 	
1.24651326e+06 	 4.517208e-05 	 2.356177e+07 	
1.24676338e+06 	 4.501510e-05 	 2.354292e+07 	
1.24701351e+06 	 4.485889e-05 	 2.352410e+07 	
1.24726363e+06 	 4.470345e-05 	 2.350529e+07 	
1.24751376e+06 	 4.454875e-05 	 2.348650e+07 	
1.24776388e+06 	 4.439477e-05 	 2.346772e+07 	
1.24801401e+06 	 4.424149e-05 	 2.344896e+07 	
1.24826413e+06 	 4.408890e-05 	 2.343022e+07 	
1.24851426e+06 	 4.393699e-05 	 2.341149e+07 	
1.24876438e+06 	 4.378572e-05 	 2.339278e+07 	
1.24901451e+06 	 4.363509e-05 	 2.337409e+07 	
1.24926463e+06 	 4.348508e-05 	 2.335541e+07 	
1.24951476e+06 	 4.333568e-05 	 2.333674e+07 	
1.24976488e+06 	 4.318688e-05 	 2.331809e+07 	
1.25001501e+06 	 4.303865e-05 	 2.329946e+07 	
1.25026513e+06 	 4.288884e-05 	 2.328087e+07 	
1.25051526e+06 	 4.274166e-05 	 2.326226e+07 	
1.25076538e+06 	 4.259502e-05 	 2.324368e+07 	
1.25101551e+06 	 4.244890e-05 	 2.322511e+07 	
1.25126563e+06 	 4.230330e-05 	 2.320655e+07 	
1.25151576e+06 	 4.215821e-05 	 2.318801e+07 	
1.25176588e+06 	 4.201361e-05 	 2.316948e+07 	
1.25201601e+06 	 4.186949e-05 	 2.315097e+07 	
1.25226613e+06 	 4.172585e-05 	 2.313247e+07 	
1.25251626e+06 	 4.158267e-05 	 2.311399e+07 	
1.25276638e+06 	 4.143995e-05 	 2.309552e+07 	
1.25301651e+06 	 4.129767e-05 	 2.307706e+07 	
1.25326663e+06 	 4.115584e-05 	 2.305862e+07 	
1.25351676e+06 	 4.101443e-05 	 2.304020e+07 	
1.25376688e+06 	 4.087345e-05 	 2.302178e+07 	
1.25401701e+06 	 4.073288e-05 	 2.300339e+07 	
1.25426713e+06 	 4.059272e-05 	 2.298500e+07 	
1.25451726e+06 	 4.045296e-05 	 2.296663e+07 	
1.25476738e+06 	 4.031359e-05 	 2.294827e+07 	
1.25501751e+06 	 4.017260e-05 	 2.292996e+07 	
1.25526763e+06 	 4.003393e-05 	 2.291163e+07 	
1.25551776e+06 	 3.989563e-05 	 2.289331e+07 	
1.25576788e+06 	 3.975769e-05 	 2.287501e+07 	
1.25601801e+06 	 3.962012e-05 	 2.285672e+07 	
1.25626813e+06 	 3.948290e-05 	 2.283845e+07 	
1.25651826e+06 	 3.934602e-05 	 2.282019e+07 	
1.25676838e+06 	 3.920950e-05 	 2.280194e+07 	
1.25701851e+06 	 3.907331e-05 	 2.278371e+07 	
1.25726863e+06 	 3.893746e-05 	 2.276549e+07 	
1.25751876e+06 	 3.880193e-05 	 2.274728e+07 	
1.25776888e+06 	 3.866673e-05 	 2.272909e+07 	
1.25801901e+06 	 3.853185e-05 	 2.271091e+07 	
1.25826913e+06 	 3.839729e-05 	 2.269274e+07 	
1.25851926e+06 	 3.826304e-05 	 2.267459e+07 	
1.25876938e+06 	 3.812910e-05 	 2.265645e+07 	
1.25901951e+06 	 3.799546e-05 	 2.263832e+07 	
1.25926963e+06 	 3.786212e-05 	 2.262020e+07 	
1.25951976e+06 	 3.773103e-05 	 2.260208e+07 	
1.25976988e+06 	 3.759835e-05 	 2.258399e+07 	
1.26002001e+06 	 3.746597e-05 	 2.256591e+07 	
1.26027014e+06 	 3.733387e-05 	 2.254785e+07 	
1.26052026e+06 	 3.720206e-05 	 2.252980e+07 	
1.26077039e+06 	 3.707054e-05 	 2.251176e+07 	
1.26102051e+06 	 3.693929e-05 	 2.249373e+07 	
1.26127064e+06 	 3.680832e-05 	 2.247572e+07 	
1.26152076e+06 	 3.667763e-05 	 2.245772e+07 	
1.26177089e+06 	 3.654720e-05 	 2.243973e+07 	
1.26202101e+06 	 3.641704e-05 	 2.242176e+07 	
1.26227114e+06 	 3.628715e-05 	 2.240380e+07 	
1.26252126e+06 	 3.615753e-05 	 2.238585e+07 	
1.26277139e+06 	 3.602816e-05 	 2.236791e+07 	
1.26302151e+06 	 3.589906e-05 	 2.234999e+07 	
1.26327164e+06 	 3.577021e-05 	 2.233208e+07 	
1.26352176e+06 	 3.564161e-05 	 2.231418e+07 	
1.26377189e+06 	 3.551145e-05 	 2.229632e+07 	
1.26402201e+06 	 3.538329e-05 	 2.227844e+07 	
1.26427214e+06 	 3.525537e-05 	 2.226058e+07 	
1.26452226e+06 	 3.512770e-05 	 2.224274e+07 	
1.26477239e+06 	 3.500027e-05 	 2.222490e+07 	
1.26502251e+06 	 3.487309e-05 	 2.220708e+07 	
1.26527264e+06 	 3.474613e-05 	 2.218927e+07 	
1.26552276e+06 	 3.461942e-05 	 2.217147e+07 	
1.26577289e+06 	 3.449294e-05 	 2.215369e+07 	
1.26602301e+06 	 3.436669e-05 	 2.213591e+07 	
1.26627314e+06 	 3.424067e-05 	 2.211815e+07 	
1.26652326e+06 	 3.411488e-05 	 2.210040e+07 	
1.26677339e+06 	 3.398932e-05 	 2.208267e+07 	
1.26702351e+06 	 3.386398e-05 	 2.206495e+07 	
1.26727364e+06 	 3.373887e-05 	 2.204723e+07 	
1.26752376e+06 	 3.361398e-05 	 2.202954e+07 	
1.26777389e+06 	 3.348932e-05 	 2.201185e+07 	
1.26802401e+06 	 3.336318e-05 	 2.199420e+07 	
1.26827414e+06 	 3.323888e-05 	 2.197654e+07 	
1.26852426e+06 	 3.311481e-05 	 2.195889e+07 	
1.26877439e+06 	 3.299094e-05 	 2.194125e+07 	
1.26902451e+06 	 3.286729e-05 	 2.192363e+07 	
1.26927464e+06 	 3.274385e-05 	 2.190602e+07 	
1.26952476e+06 	 3.262061e-05 	 2.188842e+07 	
1.26977489e+06 	 3.249759e-05 	 2.187083e+07 	
1.27002501e+06 	 3.237477e-05 	 2.185326e+07 	
1.27027514e+06 	 3.225215e-05 	 2.183570e+07 	
1.27052526e+06 	 3.212974e-05 	 2.181815e+07 	
1.27077539e+06 	 3.200753e-05 	 2.180061e+07 	
1.27102551e+06 	 3.188553e-05 	 2.178308e+07 	
1.27127564e+06 	 3.176372e-05 	 2.176557e+07 	
1.27152576e+06 	 3.164211e-05 	 2.174807e+07 	
1.27177589e+06 	 3.152070e-05 	 2.173058e+07 	
1.27202601e+06 	 3.139949e-05 	 2.171310e+07 	
1.27227614e+06 	 3.127690e-05 	 2.169566e+07 	
1.27252626e+06 	 3.115602e-05 	 2.167821e+07 	
1.27277639e+06 	 3.103532e-05 	 2.166077e+07 	
1.27302651e+06 	 3.091482e-05 	 2.164334e+07 	
1.27327664e+06 	 3.079451e-05 	 2.162593e+07 	
1.27352676e+06 	 3.067438e-05 	 2.160852e+07 	
1.27377689e+06 	 3.055444e-05 	 2.159113e+07 	
1.27402701e+06 	 3.043469e-05 	 2.157376e+07 	
1.27427714e+06 	 3.031512e-05 	 2.155639e+07 	
1.27452726e+06 	 3.019573e-05 	 2.153904e+07 	
1.27477739e+06 	 3.007652e-05 	 2.152169e+07 	
1.27502751e+06 	 2.995750e-05 	 2.150436e+07 	
1.27527764e+06 	 2.983865e-05 	 2.148705e+07 	
1.27552776e+06 	 2.971998e-05 	 2.146974e+07 	
1.27577789e+06 	 2.960149e-05 	 2.145245e+07 	
1.27602801e+06 	 2.948318e-05 	 2.143517e+07 	
1.27627814e+06 	 2.936504e-05 	 2.141790e+07 	
1.27652826e+06 	 2.924707e-05 	 2.140064e+07 	
1.27677839e+06 	 2.912778e-05 	 2.138342e+07 	
1.27702851e+06 	 2.901011e-05 	 2.136619e+07 	
1.27727864e+06 	 2.889260e-05 	 2.134897e+07 	
1.27752876e+06 	 2.877526e-05 	 2.133177e+07 	
1.27777889e+06 	 2.865809e-05 	 2.131457e+07 	
1.27802901e+06 	 2.854109e-05 	 2.129739e+07 	
1.27827914e+06 	 2.842425e-05 	 2.128022e+07 	
1.27852926e+06 	 2.830757e-05 	 2.126306e+07 	
1.27877939e+06 	 2.819106e-05 	 2.124592e+07 	
1.27902951e+06 	 2.807471e-05 	 2.122878e+07 	
1.27927964e+06 	 2.795852e-05 	 2.121166e+07 	
1.27952976e+06 	 2.784248e-05 	 2.119455e+07 	
1.27977989e+06 	 2.772661e-05 	 2.117746e+07 	
1.28003002e+06 	 2.761089e-05 	 2.116037e+07 	
1.28028014e+06 	 2.749533e-05 	 2.114330e+07 	
1.28053027e+06 	 2.737992e-05 	 2.112624e+07 	
1.28078039e+06 	 2.726467e-05 	 2.110919e+07 	
1.28103052e+06 	 2.715096e-05 	 2.109213e+07 	
1.28128064e+06 	 2.703606e-05 	 2.107511e+07 	
1.28153077e+06 	 2.692131e-05 	 2.105810e+07 	
1.28178089e+06 	 2.680672e-05 	 2.104110e+07 	
1.28203102e+06 	 2.669227e-05 	 2.102411e+07 	
1.28228114e+06 	 2.657798e-05 	 2.100714e+07 	
1.28253127e+06 	 2.646383e-05 	 2.099017e+07 	
1.28278139e+06 	 2.634983e-05 	 2.097322e+07 	
1.28303152e+06 	 2.623598e-05 	 2.095629e+07 	
1.28328164e+06 	 2.612227e-05 	 2.093936e+07 	
1.28353177e+06 	 2.600871e-05 	 2.092245e+07 	
1.28378189e+06 	 2.589529e-05 	 2.090555e+07 	
1.28403202e+06 	 2.578201e-05 	 2.088866e+07 	
1.28428214e+06 	 2.566887e-05 	 2.087178e+07 	
1.28453227e+06 	 2.555587e-05 	 2.085492e+07 	
1.28478239e+06 	 2.544301e-05 	 2.083806e+07 	
1.28503252e+06 	 2.533029e-05 	 2.082123e+07 	
1.28528264e+06 	 2.521897e-05 	 2.080438e+07 	
1.28553277e+06 	 2.510657e-05 	 2.078756e+07 	
1.28578289e+06 	 2.499430e-05 	 2.077076e+07 	
1.28603302e+06 	 2.488217e-05 	 2.075397e+07 	
1.28628314e+06 	 2.477017e-05 	 2.073719e+07 	
1.28653327e+06 	 2.465830e-05 	 2.072042e+07 	
1.28678339e+06 	 2.454657e-05 	 2.070367e+07 	
1.28703352e+06 	 2.443497e-05 	 2.068693e+07 	
1.28728364e+06 	 2.432350e-05 	 2.067020e+07 	
1.28753377e+06 	 2.421215e-05 	 2.065348e+07 	
1.28778389e+06 	 2.410094e-05 	 2.063678e+07 	
1.28803402e+06 	 2.398985e-05 	 2.062009e+07 	
1.28828414e+06 	 2.387888e-05 	 2.060341e+07 	
1.28853427e+06 	 2.376805e-05 	 2.058674e+07 	
1.28878439e+06 	 2.365733e-05 	 2.057009e+07 	
1.28903452e+06 	 2.354674e-05 	 2.055345e+07 	
1.28928464e+06 	 2.343627e-05 	 2.053682e+07 	
1.28953477e+06 	 2.332592e-05 	 2.052020e+07 	
1.28978489e+06 	 2.321448e-05 	 2.050362e+07 	
1.29003502e+06 	 2.310433e-05 	 2.048703e+07 	
1.29028514e+06 	 2.299429e-05 	 2.047045e+07 	
1.29053527e+06 	 2.288436e-05 	 2.045389e+07 	
1.29078539e+06 	 2.277455e-05 	 2.043734e+07 	
1.29103552e+06 	 2.266485e-05 	 2.042080e+07 	
1.29128564e+06 	 2.255527e-05 	 2.040427e+07 	
1.29153577e+06 	 2.244579e-05 	 2.038776e+07 	
1.29178589e+06 	 2.233642e-05 	 2.037126e+07 	
1.29203602e+06 	 2.222716e-05 	 2.035477e+07 	
1.29228614e+06 	 2.211801e-05 	 2.033830e+07 	
1.29253627e+06 	 2.200896e-05 	 2.032183e+07 	
1.29278639e+06 	 2.190002e-05 	 2.030538e+07 	
1.29303652e+06 	 2.179118e-05 	 2.028895e+07 	
1.29328664e+06 	 2.168244e-05 	 2.027252e+07 	
1.29353677e+06 	 2.157380e-05 	 2.025611e+07 	
1.29378689e+06 	 2.146527e-05 	 2.023972e+07 	
1.29403702e+06 	 2.135793e-05 	 2.022331e+07 	
1.29428714e+06 	 2.124963e-05 	 2.020694e+07 	
1.29453727e+06 	 2.114142e-05 	 2.019058e+07 	
1.29478739e+06 	 2.103331e-05 	 2.017423e+07 	
1.29503752e+06 	 2.092530e-05 	 2.015790e+07 	
1.29528764e+06 	 2.081738e-05 	 2.014158e+07 	
1.29553777e+06 	 2.070955e-05 	 2.012528e+07 	
1.29578789e+06 	 2.060181e-05 	 2.010898e+07 	
1.29603802e+06 	 2.049416e-05 	 2.009270e+07 	
1.29628814e+06 	 2.038661e-05 	 2.007644e+07 	
1.29653827e+06 	 2.027914e-05 	 2.006018e+07 	
1.29678839e+06 	 2.017175e-05 	 2.004394e+07 	
1.29703852e+06 	 2.006445e-05 	 2.002772e+07 	
1.29728864e+06 	 1.995724e-05 	 2.001151e+07 	
1.29753877e+06 	 1.985011e-05 	 1.999531e+07 	
1.29778889e+06 	 1.974306e-05 	 1.997912e+07 	
1.29803902e+06 	 1.963609e-05 	 1.996295e+07 	
1.29828914e+06 	 1.953019e-05 	 1.994677e+07 	
1.29853927e+06 	 1.942342e-05 	 1.993063e+07 	
1.29878939e+06 	 1.931672e-05 	 1.991449e+07 	
1.29903952e+06 	 1.921009e-05 	 1.989838e+07 	
1.29928964e+06 	 1.910354e-05 	 1.988227e+07 	
1.29953977e+06 	 1.899706e-05 	 1.986618e+07 	
1.29978989e+06 	 1.889066e-05 	 1.985011e+07 	
1.30004002e+06 	 1.878433e-05 	 1.983405e+07 	
1.30029015e+06 	 1.867807e-05 	 1.981800e+07 	
1.30054027e+06 	 1.857187e-05 	 1.980197e+07 	
1.30079040e+06 	 1.846575e-05 	 1.978595e+07 	
1.30104052e+06 	 1.835969e-05 	 1.976994e+07 	
1.30129065e+06 	 1.825369e-05 	 1.975395e+07 	
1.30154077e+06 	 1.814776e-05 	 1.973797e+07 	
1.30179090e+06 	 1.804189e-05 	 1.972201e+07 	
1.30204102e+06 	 1.793608e-05 	 1.970607e+07 	
1.30229115e+06 	 1.783033e-05 	 1.969013e+07 	
1.30254127e+06 	 1.772554e-05 	 1.967419e+07 	
1.30279140e+06 	 1.761993e-05 	 1.965829e+07 	
1.30304152e+06 	 1.751439e-05 	 1.964240e+07 	
1.30329165e+06 	 1.740889e-05 	 1.962653e+07 	
1.30354177e+06 	 1.730346e-05 	 1.961067e+07 	
1.30379190e+06 	 1.719807e-05 	 1.959482e+07 	
1.30404202e+06 	 1.709274e-05 	 1.957899e+07 	
1.30429215e+06 	 1.698745e-05 	 1.956318e+07 	
1.30454227e+06 	 1.688222e-05 	 1.954738e+07 	
1.30479240e+06 	 1.677703e-05 	 1.953159e+07 	
1.30504252e+06 	 1.667189e-05 	 1.951583e+07 	
1.30529265e+06 	 1.656680e-05 	 1.950007e+07 	
1.30554277e+06 	 1.646174e-05 	 1.948434e+07 	
1.30579290e+06 	 1.635673e-05 	 1.946862e+07 	
1.30604302e+06 	 1.625176e-05 	 1.945291e+07 	
1.30629315e+06 	 1.614684e-05 	 1.943722e+07 	
1.30654327e+06 	 1.604194e-05 	 1.942155e+07 	
1.30679340e+06 	 1.593790e-05 	 1.940587e+07 	
1.30704352e+06 	 1.583311e-05 	 1.939023e+07 	
1.30729365e+06 	 1.572835e-05 	 1.937460e+07 	
1.30754377e+06 	 1.562363e-05 	 1.935899e+07 	
1.30779390e+06 	 1.551895e-05 	 1.934340e+07 	
1.30804402e+06 	 1.541429e-05 	 1.932782e+07 	
1.30829415e+06 	 1.530967e-05 	 1.931226e+07 	
1.30854427e+06 	 1.520507e-05 	 1.929672e+07 	
1.30879440e+06 	 1.510051e-05 	 1.928119e+07 	
1.30904452e+06 	 1.499597e-05 	 1.926569e+07 	
1.30929465e+06 	 1.489145e-05 	 1.925020e+07 	
1.30954477e+06 	 1.478697e-05 	 1.923472e+07 	
1.30979490e+06 	 1.468250e-05 	 1.921927e+07 	
1.31004502e+06 	 1.457806e-05 	 1.920383e+07 	
1.31029515e+06 	 1.447364e-05 	 1.918841e+07 	
1.31054527e+06 	 1.436924e-05 	 1.917300e+07 	
1.31079540e+06 	 1.426486e-05 	 1.915762e+07 	
1.31104552e+06 	 1.415978e-05 	 1.914228e+07 	
1.31129565e+06 	 1.405541e-05 	 1.912693e+07 	
1.31154577e+06 	 1.395106e-05 	 1.911160e+07 	
1.31179590e+06 	 1.384672e-05 	 1.909629e+07 	
1.31204602e+06 	 1.374239e-05 	 1.908100e+07 	
1.31229615e+06 	 1.363808e-05 	 1.906573e+07 	
1.31254627e+06 	 1.353378e-05 	 1.905048e+07 	
1.31279640e+06 	 1.342949e-05 	 1.903525e+07 	
1.31304652e+06 	 1.332521e-05 	 1.902004e+07 	
1.31329665e+06 	 1.322094e-05 	 1.900485e+07 	
1.31354677e+06 	 1.311668e-05 	 1.898968e+07 	
1.31379690e+06 	 1.301242e-05 	 1.897452e+07 	
1.31404702e+06 	 1.290818e-05 	 1.895939e+07 	
1.31429715e+06 	 1.280394e-05 	 1.894428e+07 	
1.31454727e+06 	 1.269971e-05 	 1.892919e+07 	
1.31479740e+06 	 1.259548e-05 	 1.891413e+07 	
1.31504752e+06 	 1.249126e-05 	 1.889908e+07 	
1.31529765e+06 	 1.238766e-05 	 1.888404e+07 	
1.31554777e+06 	 1.228347e-05 	 1.886903e+07 	
1.31579790e+06 	 1.217928e-05 	 1.885405e+07 	
1.31604802e+06 	 1.207510e-05 	 1.883909e+07 	
1.31629815e+06 	 1.197092e-05 	 1.882416e+07 	
1.31654827e+06 	 1.186675e-05 	 1.880924e+07 	
1.31679840e+06 	 1.176258e-05 	 1.879435e+07 	
1.31704852e+06 	 1.165841e-05 	 1.877949e+07 	
1.31729865e+06 	 1.155425e-05 	 1.876465e+07 	
1.31754877e+06 	 1.145009e-05 	 1.874983e+07 	
1.31779890e+06 	 1.134594e-05 	 1.873503e+07 	
1.31804902e+06 	 1.124180e-05 	 1.872027e+07 	
1.31829915e+06 	 1.113766e-05 	 1.870552e+07 	
1.31854927e+06 	 1.103353e-05 	 1.869080e+07 	
1.31879940e+06 	 1.092940e-05 	 1.867611e+07 	
1.31904952e+06 	 1.082529e-05 	 1.866144e+07 	
1.31929965e+06 	 1.072118e-05 	 1.864680e+07 	
1.31954977e+06 	 1.061762e-05 	 1.863217e+07 	
1.31979990e+06 	 1.051356e-05 	 1.861758e+07 	
1.32005003e+06 	 1.040950e-05 	 1.860302e+07 	
1.32030015e+06 	 1.030546e-05 	 1.858849e+07 	
1.32055028e+06 	 1.020144e-05 	 1.857398e+07 	
1.32080040e+06 	 1.009744e-05 	 1.855951e+07 	
1.32105053e+06 	 9.993458e-06 	 1.854506e+07 	
1.32130065e+06 	 9.889498e-06 	 1.853064e+07 	
1.32155078e+06 	 9.785563e-06 	 1.851625e+07 	
1.32180090e+06 	 9.681655e-06 	 1.850190e+07 	
1.32205103e+06 	 9.577776e-06 	 1.848757e+07 	
1.32230115e+06 	 9.473930e-06 	 1.847327e+07 	
1.32255128e+06 	 9.370120e-06 	 1.845901e+07 	
1.32280140e+06 	 9.266348e-06 	 1.844478e+07 	
1.32305153e+06 	 9.162618e-06 	 1.843058e+07 	
1.32330165e+06 	 9.058933e-06 	 1.841641e+07 	
1.32355178e+06 	 8.955298e-06 	 1.840228e+07 	
1.32380190e+06 	 8.852167e-06 	 1.838816e+07 	
1.32405203e+06 	 8.748655e-06 	 1.837409e+07 	
1.32430215e+06 	 8.645205e-06 	 1.836006e+07 	
1.32455228e+06 	 8.541822e-06 	 1.834607e+07 	
1.32480240e+06 	 8.438511e-06 	 1.833211e+07 	
1.32505253e+06 	 8.335276e-06 	 1.831818e+07 	
1.32530265e+06 	 8.232123e-06 	 1.830430e+07 	
1.32555278e+06 	 8.129058e-06 	 1.829045e+07 	
1.32580290e+06 	 8.026087e-06 	 1.827664e+07 	
1.32605303e+06 	 7.923216e-06 	 1.826287e+07 	
1.32630315e+06 	 7.820451e-06 	 1.824914e+07 	
1.32655328e+06 	 7.717799e-06 	 1.823545e+07 	
1.32680340e+06 	 7.615268e-06 	 1.822180e+07 	
1.32705353e+06 	 7.512864e-06 	 1.820819e+07 	
1.32730365e+06 	 7.410596e-06 	 1.819463e+07 	
1.32755378e+06 	 7.308471e-06 	 1.818110e+07 	
1.32780390e+06 	 7.206498e-06 	 1.816762e+07 	
1.32805403e+06 	 7.105052e-06 	 1.815417e+07 	
1.32830415e+06 	 7.003419e-06 	 1.814077e+07 	
1.32855428e+06 	 6.901965e-06 	 1.812743e+07 	
1.32880440e+06 	 6.800700e-06 	 1.811413e+07 	
1.32905453e+06 	 6.699633e-06 	 1.810088e+07 	
1.32930465e+06 	 6.598776e-06 	 1.808767e+07 	
1.32955478e+06 	 6.498139e-06 	 1.807452e+07 	
1.32980490e+06 	 6.397733e-06 	 1.806141e+07 	
1.33005503e+06 	 6.297570e-06 	 1.804835e+07 	
1.33030515e+06 	 6.197662e-06 	 1.803535e+07 	
1.33055528e+06 	 6.098020e-06 	 1.802239e+07 	
1.33080540e+06 	 5.998658e-06 	 1.800949e+07 	
1.33105553e+06 	 5.899589e-06 	 1.799665e+07 	
1.33130565e+06 	 5.800826e-06 	 1.798385e+07 	
1.33155578e+06 	 5.702383e-06 	 1.797112e+07 	
1.33180590e+06 	 5.604274e-06 	 1.795843e+07 	
1.33205603e+06 	 5.506790e-06 	 1.794579e+07 	
1.33230615e+06 	 5.409400e-06 	 1.793322e+07 	
1.33255628e+06 	 5.312390e-06 	 1.792071e+07 	
1.33280640e+06 	 5.215774e-06 	 1.790826e+07 	
1.33305653e+06 	 5.119569e-06 	 1.789587e+07 	
1.33330665e+06 	 5.023792e-06 	 1.788355e+07 	
1.33355678e+06 	 4.928459e-06 	 1.787128e+07 	
1.33380690e+06 	 4.833588e-06 	 1.785908e+07 	
1.33405703e+06 	 4.739196e-06 	 1.784694e+07 	
1.33430715e+06 	 4.645302e-06 	 1.783487e+07 	
1.33455728e+06 	 4.551922e-06 	 1.782287e+07 	
1.33480740e+06 	 4.459076e-06 	 1.781093e+07 	
1.33505753e+06 	 4.366783e-06 	 1.779906e+07 	
1.33530765e+06 	 4.275062e-06 	 1.778726e+07 	
1.33555778e+06 	 4.183933e-06 	 1.777553e+07 	
1.33580790e+06 	 4.093414e-06 	 1.776387e+07 	
1.33605803e+06 	 4.003526e-06 	 1.775229e+07 	
1.33630815e+06 	 3.914089e-06 	 1.774080e+07 	
1.33655828e+06 	 3.825520e-06 	 1.772936e+07 	
1.33680840e+06 	 3.737643e-06 	 1.771800e+07 	
1.33705853e+06 	 3.650479e-06 	 1.770671e+07 	
1.33730865e+06 	 3.564048e-06 	 1.769550e+07 	
1.33755878e+06 	 3.478372e-06 	 1.768438e+07 	
1.33780890e+06 	 3.393472e-06 	 1.767333e+07 	
1.33805903e+06 	 3.309368e-06 	 1.766236e+07 	
1.33830915e+06 	 3.226082e-06 	 1.765147e+07 	
1.33855928e+06 	 3.143635e-06 	 1.764067e+07 	
1.33880940e+06 	 3.062048e-06 	 1.762995e+07 	
1.33905953e+06 	 2.981342e-06 	 1.761931e+07 	
1.33930965e+06 	 2.901538e-06 	 1.760876e+07 	
1.33955978e+06 	 2.822656e-06 	 1.759830e+07 	
1.33980990e+06 	 2.744717e-06 	 1.758792e+07 	
1.34006003e+06 	 2.667742e-06 	 1.757763e+07 	
1.34031016e+06 	 2.591618e-06 	 1.756746e+07 	
1.34056028e+06 	 2.516627e-06 	 1.755735e+07 	
1.34081041e+06 	 2.442658e-06 	 1.754734e+07 	
1.34106053e+06 	 2.369731e-06 	 1.753742e+07 	
1.34131066e+06 	 2.297863e-06 	 1.752759e+07 	
1.34156078e+06 	 2.227073e-06 	 1.751785e+07 	
1.34181091e+06 	 2.157377e-06 	 1.750821e+07 	
1.34206103e+06 	 2.088794e-06 	 1.749867e+07 	
1.34231116e+06 	 2.021340e-06 	 1.748922e+07 	
1.34256128e+06 	 1.955029e-06 	 1.747988e+07 	
1.34281141e+06 	 1.889877e-06 	 1.747062e+07 	
1.34306153e+06 	 1.825897e-06 	 1.746147e+07 	
1.34331166e+06 	 1.763104e-06 	 1.745242e+07 	
1.34356178e+06 	 1.701510e-06 	 1.744347e+07 	
1.34381191e+06 	 1.641126e-06 	 1.743462e+07 	
1.34406203e+06 	 1.581963e-06 	 1.742587e+07 	
1.34431216e+06 	 1.524108e-06 	 1.741720e+07 	
1.34456228e+06 	 1.467415e-06 	 1.740866e+07 	
1.34481241e+06 	 1.411970e-06 	 1.740022e+07 	
1.34506253e+06 	 1.357779e-06 	 1.739188e+07 	
1.34531266e+06 	 1.304846e-06 	 1.738365e+07 	
1.34556278e+06 	 1.253178e-06 	 1.737552e+07 	
1.34581291e+06 	 1.202777e-06 	 1.736750e+07 	
1.34606303e+06 	 1.153645e-06 	 1.735958e+07 	
1.34631316e+06 	 1.105783e-06 	 1.735177e+07 	
1.34656328e+06 	 1.059191e-06 	 1.734406e+07 	
1.34681341e+06 	 1.013868e-06 	 1.733646e+07 	
1.34706353e+06 	 9.698098e-07 	 1.732897e+07 	
1.34731366e+06 	 9.270139e-07 	 1.732158e+07 	
1.34756378e+06 	 8.854748e-07 	 1.731430e+07 	
1.34781391e+06 	 8.451859e-07 	 1.730712e+07 	
1.34806403e+06 	 8.061399e-07 	 1.730005e+07 	
1.34831416e+06 	 7.682876e-07 	 1.729311e+07 	
1.34856428e+06 	 7.316996e-07 	 1.728626e+07 	
1.34881441e+06 	 6.963244e-07 	 1.727951e+07 	
1.34906453e+06 	 6.621498e-07 	 1.727287e+07 	
1.34931466e+06 	 6.291622e-07 	 1.726633e+07 	
1.34956478e+06 	 5.973471e-07 	 1.725989e+07 	
1.34981491e+06 	 5.666889e-07 	 1.725356e+07 	
1.35006503e+06 	 5.371709e-07 	 1.724734e+07 	
1.35031516e+06 	 5.087754e-07 	 1.724122e+07 	
1.35056528e+06 	 4.814840e-07 	 1.723520e+07 	
1.35081541e+06 	 4.552770e-07 	 1.722928e+07 	
1.35106553e+06 	 4.301341e-07 	 1.722347e+07 	
1.35131566e+06 	 4.060342e-07 	 1.721776e+07 	
1.35156578e+06 	 3.829553e-07 	 1.721214e+07 	
1.35181591e+06 	 3.608562e-07 	 1.720666e+07 	
1.35206603e+06 	 3.397511e-07 	 1.720124e+07 	
1.35231616e+06 	 3.195974e-07 	 1.719593e+07 	
1.35256628e+06 	 3.003708e-07 	 1.719071e+07 	
1.35281641e+06 	 2.820465e-07 	 1.718559e+07 	
1.35306653e+06 	 2.645993e-07 	 1.718056e+07 	
1.35331666e+06 	 2.480038e-07 	 1.717563e+07 	
1.35356678e+06 	 2.322341e-07 	 1.717079e+07 	
1.35381691e+06 	 2.172644e-07 	 1.716604e+07 	
1.35406703e+06 	 2.030686e-07 	 1.716138e+07 	
1.35431716e+06 	 1.896205e-07 	 1.715681e+07 	
1.35456728e+06 	 1.768939e-07 	 1.715233e+07 	
1.35481741e+06 	 1.648711e-07 	 1.714791e+07 	
1.35506753e+06 	 1.535093e-07 	 1.714360e+07 	
1.35531766e+06 	 1.427910e-07 	 1.713937e+07 	
1.35556778e+06 	 1.326906e-07 	 1.713522e+07 	
1.35581791e+06 	 1.231827e-07 	 1.713116e+07 	
1.35606803e+06 	 1.142423e-07 	 1.712718e+07 	
1.35631816e+06 	 1.058447e-07 	 1.712327e+07 	
1.35656828e+06 	 9.796551e-08 	 1.711944e+07 	
1.35681841e+06 	 9.058099e-08 	 1.711569e+07 	
1.35706853e+06 	 8.366772e-08 	 1.711201e+07 	
1.35731866e+06 	 7.720287e-08 	 1.710840e+07 	
1.35756878e+06 	 7.116792e-08 	 1.710483e+07 	
1.35781891e+06 	 6.553356e-08 	 1.710135e+07 	
1.35806903e+06 	 6.028248e-08 	 1.709795e+07 	
1.35831916e+06 	 5.539419e-08 	 1.709461e+07 	
1.35856928e+06 	 5.084883e-08 	 1.709134e+07 	
1.35881941e+06 	 4.662720e-08 	 1.708812e+07 	
1.35906953e+06 	 4.271076e-08 	 1.708497e+07 	
1.35931966e+06 	 3.908168e-08 	 1.708188e+07 	
1.35956978e+06 	 3.572470e-08 	 1.707879e+07 	
1.35981991e+06 	 3.261951e-08 	 1.707580e+07 	
1.36007004e+06 	 2.975222e-08 	 1.707286e+07 	
1.36032016e+06 	 2.710771e-08 	 1.706998e+07 	
1.36057029e+06 	 2.467156e-08 	 1.706714e+07 	
1.36082041e+06 	 2.243000e-08 	 1.706434e+07 	
1.36107054e+06 	 2.036882e-08 	 1.706167e+07 	
1.36132066e+06 	 1.847776e-08 	 1.705898e+07 	
1.36157079e+06 	 1.674395e-08 	 1.705632e+07 	
1.36182091e+06 	 1.515621e-08 	 1.705370e+07 	
1.36207104e+06 	 1.370329e-08 	 1.705120e+07 	
1.36232116e+06 	 1.237654e-08 	 1.704867e+07 	
1.36257129e+06 	 1.116593e-08 	 1.704616e+07 	
1.36282141e+06 	 1.006263e-08 	 1.704368e+07 	
1.36307154e+06 	 9.057824e-09 	 1.704135e+07 	
1.36332166e+06 	 8.144704e-09 	 1.703894e+07 	
1.36357179e+06 	 7.315533e-09 	 1.703653e+07 	
1.36382191e+06 	 6.563090e-09 	 1.703432e+07 	
1.36407204e+06 	 5.881793e-09 	 1.703198e+07 	
1.36432216e+06 	 5.265050e-09 	 1.702985e+07 	
1.36457229e+06 	 4.707941e-09 	 1.702758e+07 	
1.36482241e+06 	 4.204958e-09 	 1.702545e+07 	
1.36507254e+06 	 3.751612e-09 	 1.702322e+07 	
1.36532266e+06 	 3.343422e-09 	 1.702096e+07 	
1.36557279e+06 	 2.976240e-09 	 1.701882e+07 	
1.36582291e+06 	 2.646534e-09 	 1.701638e+07 	
1.36607304e+06 	 2.350474e-09 	 1.701471e+07 	
1.36632316e+06 	 2.085382e-09 	 1.701238e+07 	
1.36657329e+06 	 1.847944e-09 	 1.701086e+07 	
1.36682341e+06 	 1.635773e-09 	 1.700900e+07 	
1.36707354e+06 	 1.446427e-09 	 1.700662e+07 	
1.36732366e+06 	 1.277526e-09 	 1.700451e+07 	
1.36757379e+06 	 1.127062e-09 	 1.700261e+07 	
1.36782391e+06 	 9.932239e-10 	 1.700052e+07 	
1.36807404e+06 	 8.742843e-10 	 1.699866e+07 	
1.36832416e+06 	 7.687351e-10 	 1.699666e+07 	
1.36857429e+06 	 6.751695e-10 	 1.699472e+07 	
1.36882441e+06 	 5.923319e-10 	 1.699273e+07 	
1.36907454e+06 	 5.190730e-10 	 1.699082e+07 	
1.36932466e+06 	 4.543720e-10 	 1.698874e+07 	
1.36957479e+06 	 3.972874e-10 	 1.698695e+07 	
1.36982491e+06 	 3.469904e-10 	 1.698494e+07 	
1.37007504e+06 	 3.027215e-10 	 1.698310e+07 	
1.37032516e+06 	 2.638078e-10 	 1.698113e+07 	
1.37057529e+06 	 2.296396e-10 	 1.697926e+07 	
1.37082541e+06 	 1.996755e-10 	 1.697734e+07 	
1.37107554e+06 	 1.734282e-10 	 1.697545e+07 	
1.37132566e+06 	 1.504643e-10 	 1.697353e+07 	
1.37157579e+06 	 1.303963e-10 	 1.697164e+07 	
1.37182591e+06 	 1.128799e-10 	 1.696972e+07 	
1.56935600e+06 	 1.000000e-20 	 1.565582e+07 	
1.79532856e+06 	 1.000000e-20 	 1.447597e+07 	
2.05383907e+06 	 1.000000e-20 	 1.340894e+07 	
2.34957266e+06 	 1.000000e-20 	 1.243852e+07 	
2.68788912e+06 	 1.000000e-20 	 1.155204e+07 	
3.07491998e+06 	 1.000000e-20 	 1.073928e+07 	
3.51767966e+06 	 1.000000e-20 	 9.991896e+06 	
4.02419259e+06 	 1.000000e-20 	 9.302942e+06 	
4.60363864e+06 	 1.000000e-20 	 8.666541e+06 	
5.26651949e+06 	 1.000000e-20 	 8.077673e+06 	
6.02484898e+06 	 1.000000e-20 	 7.531995e+06 	
6.89237081e+06 	 1.000000e-20 	 7.025715e+06 	
7.88480766e+06 	 1.000000e-20 	 6.555496e+06 	
9.02014612e+06 	 1.000000e-20 	 6.118378e+06 	
1.03189627e+07 	 1.000000e-20 	 5.711718e+06 	
1.18047967e+07 	 1.000000e-20 	 5.333144e+06 	
1.35045769e+07 	 1.000000e-20 	 4.980516e+06 	
1.54491095e+07 	 1.000000e-20 	 4.651895e+06 	
1.76736366e+07 	 1.000000e-20 	 4.345516e+06 	
2.02184747e+07 	 1.000000e-20 	 4.059770e+06 	
2.31297457e+07 	 1.000000e-20 	 3.793181e+06 	
2.64602125e+07 	 1.000000e-20 	 3.544398e+06 	
3.02702353e+07 	 1.000000e-20 	 3.312176e+06 	
3.46288657e+07 	 1.000000e-20 	 3.095366e+06 	
3.96150981e+07 	 1.000000e-20 	 2.892909e+06 	
4.53193012e+07 	 1.000000e-20 	 2.703826e+06 	
5.18448562e+07 	 1.000000e-20 	 2.527208e+06 	
5.93100300e+07 	 1.000000e-20 	 2.362215e+06 	
6.78501189e+07 	 1.000000e-20 	 2.208064e+06 	
7.76199006e+07 	 1.000000e-20 	 2.064031e+06 	
8.87964394e+07 	 1.000000e-20 	 1.929441e+06 	
1.01582295e+08 	 1.000000e-20 	 1.803665e+06 	
1.16209194e+08 	 1.000000e-20 	 1.686120e+06 	
1.32942230e+08 	 1.000000e-20 	 1.576261e+06 	
1.52084666e+08 	 1.000000e-20 	 1.473582e+06 	
1.73983434e+08 	 1.000000e-20 	 1.377607e+06 	
1.99035419e+08 	 1.000000e-20 	 1.287898e+06 	
2.27694656e+08 	 1.000000e-20 	 1.204042e+06 	
2.60480554e+08 	 1.000000e-20 	 1.125655e+06 	
2.97987314e+08 	 1.000000e-20 	 1.052379e+06 	
3.40894697e+08 	 1.000000e-20 	 9.838798e+05 	
3.89980341e+08 	 1.000000e-20 	 9.198439e+05 	
4.46133858e+08 	 1.000000e-20 	 8.599799e+05 	
5.10372956e+08 	 1.000000e-20 	 8.040153e+05 	
5.83861882e+08 	 1.000000e-20 	 7.516955e+05 	
6.67932525e+08 	 1.000000e-20 	 7.027826e+05 	
7.64108554e+08 	 1.000000e-20 	 6.570542e+05 	
8.74133030e+08 	 1.000000e-20 	 6.143029e+05 	
1.00000000e+09 	 1.000000e-20 	 5.743344e+05 	
