r (cm)        	 rho (g/cm3) 	 T (K)       		 Linf = 3.106711e+38
1.19999912e+06 	 1.321196e+05 	 1.237396e+09 	
1.20006200e+06 	 1.209316e+05 	 1.209649e+09 	
1.20017277e+06 	 1.031134e+05 	 1.161241e+09 	
1.20026461e+06 	 9.003228e+04 	 1.121585e+09 	
1.20035644e+06 	 7.834921e+04 	 1.082375e+09 	
1.20044827e+06 	 6.794654e+04 	 1.043624e+09 	
1.20054010e+06 	 5.871333e+04 	 1.005351e+09 	
1.20063274e+06 	 5.047820e+04 	 9.672419e+08 	
1.20072537e+06 	 4.322652e+04 	 9.296532e+08 	
1.20080094e+06 	 3.797383e+04 	 8.993884e+08 	
1.20087651e+06 	 3.326508e+04 	 8.694924e+08 	
1.20095208e+06 	 2.905509e+04 	 8.399761e+08 	
1.20102764e+06 	 2.530137e+04 	 8.108504e+08 	
1.20110321e+06 	 2.196400e+04 	 7.821267e+08 	
1.20117783e+06 	 1.904054e+04 	 7.541700e+08 	
1.20125244e+06 	 1.645283e+04 	 7.266282e+08 	
1.20132706e+06 	 1.416940e+04 	 6.995130e+08 	
1.20138880e+06 	 1.248922e+04 	 6.774098e+08 	
1.20145053e+06 	 1.098170e+04 	 6.556138e+08 	
1.20151227e+06 	 9.632265e+03 	 6.341322e+08 	
1.20157401e+06 	 8.427234e+03 	 6.129719e+08 	
1.20163574e+06 	 7.353822e+03 	 5.921403e+08 	
1.20169728e+06 	 6.403060e+03 	 5.717117e+08 	
1.20175881e+06 	 5.560174e+03 	 5.516240e+08 	
1.20182034e+06 	 4.814923e+03 	 5.318845e+08 	
1.20187103e+06 	 4.267556e+03 	 5.158886e+08 	
1.20192173e+06 	 3.775053e+03 	 5.001380e+08 	
1.20197242e+06 	 3.332782e+03 	 4.846367e+08 	
1.20202312e+06 	 2.936414e+03 	 4.693888e+08 	
1.20207381e+06 	 2.581910e+03 	 4.543981e+08 	
1.20212450e+06 	 2.265507e+03 	 4.396688e+08 	
1.20217556e+06 	 1.981836e+03 	 4.251033e+08 	
1.20222661e+06 	 1.729953e+03 	 4.108106e+08 	
1.20227766e+06 	 1.506795e+03 	 3.967944e+08 	
1.20231987e+06 	 1.341961e+03 	 3.854171e+08 	
1.20236208e+06 	 1.193347e+03 	 3.742333e+08 	
1.20240429e+06 	 1.059572e+03 	 3.632449e+08 	
1.20244650e+06 	 9.393478e+02 	 3.524539e+08 	
1.20248871e+06 	 8.314805e+02 	 3.418620e+08 	
1.20253092e+06 	 7.348603e+02 	 3.314708e+08 	
1.20257313e+06 	 6.484594e+02 	 3.212821e+08 	
1.20261683e+06 	 5.687688e+02 	 3.109492e+08 	
1.20266052e+06 	 4.980409e+02 	 3.008364e+08 	
1.20269655e+06 	 4.458315e+02 	 2.926647e+08 	
1.20273258e+06 	 3.986453e+02 	 2.846441e+08 	
1.20276861e+06 	 3.560530e+02 	 2.767755e+08 	
1.20280464e+06 	 3.176563e+02 	 2.690593e+08 	
1.20284067e+06 	 2.830858e+02 	 2.614960e+08 	
1.20287670e+06 	 2.520002e+02 	 2.540860e+08 	
1.20291273e+06 	 2.240837e+02 	 2.468296e+08 	
1.20294876e+06 	 1.990453e+02 	 2.397271e+08 	
1.20298478e+06 	 1.766168e+02 	 2.327786e+08 	
1.20302287e+06 	 1.554745e+02 	 2.256014e+08 	
1.20305443e+06 	 1.397625e+02 	 2.197836e+08 	
1.20308599e+06 	 1.255412e+02 	 2.140838e+08 	
1.20311755e+06 	 1.126815e+02 	 2.085019e+08 	
1.20314911e+06 	 1.010639e+02 	 2.030376e+08 	
1.20318067e+06 	 9.057854e+01 	 1.976906e+08 	
1.20321223e+06 	 8.112378e+01 	 1.924606e+08 	
1.20324379e+06 	 7.260619e+01 	 1.873471e+08 	
1.20327536e+06 	 6.493986e+01 	 1.823496e+08 	
1.20330692e+06 	 5.804589e+01 	 1.774677e+08 	
1.20333848e+06 	 5.185191e+01 	 1.727006e+08 	
1.20337004e+06 	 4.629166e+01 	 1.680477e+08 	
1.20340160e+06 	 4.130452e+01 	 1.635082e+08 	
1.20343090e+06 	 3.713899e+01 	 1.593946e+08 	
1.20346020e+06 	 3.337910e+01 	 1.553774e+08 	
1.20348950e+06 	 2.998765e+01 	 1.514557e+08 	
1.20351881e+06 	 2.693054e+01 	 1.476289e+08 	
1.20354811e+06 	 2.417658e+01 	 1.438961e+08 	
1.20357741e+06 	 2.169722e+01 	 1.402563e+08 	
1.20360671e+06 	 1.946641e+01 	 1.367087e+08 	
1.20363601e+06 	 1.746038e+01 	 1.332522e+08 	
1.20366531e+06 	 1.565747e+01 	 1.298858e+08 	
1.20369461e+06 	 1.403795e+01 	 1.266085e+08 	
1.20372392e+06 	 1.258389e+01 	 1.234192e+08 	
1.20375322e+06 	 1.127898e+01 	 1.203167e+08 	
1.20378252e+06 	 1.010844e+01 	 1.172998e+08 	
1.20381182e+06 	 9.058867e+00 	 1.143674e+08 	
1.20384112e+06 	 8.118104e+00 	 1.115180e+08 	
1.20387042e+06 	 7.275164e+00 	 1.087506e+08 	
1.20390122e+06 	 6.483714e+00 	 1.059285e+08 	
1.20393202e+06 	 5.778975e+00 	 1.031939e+08 	
1.20396282e+06 	 5.151615e+00 	 1.005450e+08 	
1.20399362e+06 	 4.593264e+00 	 9.798043e+07 	
1.20402442e+06 	 4.096423e+00 	 9.549838e+07 	
1.20405522e+06 	 3.654378e+00 	 9.309720e+07 	
1.20408602e+06 	 3.261125e+00 	 9.077521e+07 	
1.20411681e+06 	 2.911298e+00 	 8.853067e+07 	
1.20414761e+06 	 2.600106e+00 	 8.636187e+07 	
1.20417841e+06 	 2.323272e+00 	 8.426705e+07 	
1.20420921e+06 	 2.076986e+00 	 8.224445e+07 	
1.20424001e+06 	 1.857849e+00 	 8.029231e+07 	
1.20427081e+06 	 1.662837e+00 	 7.840887e+07 	
1.20430684e+06 	 1.461729e+00 	 7.629033e+07 	
1.20434287e+06 	 1.286167e+00 	 7.426055e+07 	
1.20437890e+06 	 1.132841e+00 	 7.231668e+07 	
1.20441493e+06 	 9.988703e-01 	 7.045592e+07 	
1.20445096e+06 	 8.817456e-01 	 6.867547e+07 	
1.20448699e+06 	 7.792849e-01 	 6.697255e+07 	
1.20452302e+06 	 6.895907e-01 	 6.534443e+07 	
1.20455905e+06 	 6.110132e-01 	 6.378837e+07 	
1.20459508e+06 	 5.421189e-01 	 6.230172e+07 	
1.20463869e+06 	 4.699092e-01 	 6.059127e+07 	
1.20468231e+06 	 4.081772e-01 	 5.897407e+07 	
1.20472592e+06 	 3.553254e-01 	 5.744562e+07 	
1.20476953e+06 	 3.100065e-01 	 5.600156e+07 	
1.20481314e+06 	 2.710834e-01 	 5.463765e+07 	
1.20485676e+06 	 2.375964e-01 	 5.334978e+07 	
1.20490857e+06 	 2.037658e-01 	 5.191301e+07 	
1.20496039e+06 	 1.753389e-01 	 5.057155e+07 	
1.20501220e+06 	 1.513882e-01 	 4.931924e+07 	
1.20506402e+06 	 1.311529e-01 	 4.815024e+07 	
1.20512462e+06 	 1.113706e-01 	 4.688138e+07 	
1.20518521e+06 	 9.500967e-02 	 4.571049e+07 	
1.20524581e+06 	 8.142393e-02 	 4.462972e+07 	
1.20531361e+06 	 6.888023e-02 	 4.351833e+07 	
1.20538141e+06 	 5.859343e-02 	 4.250117e+07 	
1.20545782e+06 	 4.914803e-02 	 4.145692e+07 	
1.20553423e+06 	 4.150236e-02 	 4.051003e+07 	
1.20562058e+06 	 3.455229e-02 	 3.954446e+07 	
1.20570692e+06 	 2.899542e-02 	 3.867711e+07 	
1.20580426e+06 	 2.401199e-02 	 3.780265e+07 	
1.20590160e+06 	 2.006768e-02 	 3.702392e+07 	
1.20601097e+06 	 1.657302e-02 	 3.624773e+07 	
1.20612034e+06 	 1.382723e-02 	 3.556155e+07 	
1.20624322e+06 	 1.140950e-02 	 3.488217e+07 	
1.20636610e+06 	 9.519682e-03 	 3.428518e+07 	
1.20650476e+06 	 7.856079e-03 	 3.369483e+07 	
1.20664343e+06 	 6.561020e-03 	 3.317870e+07 	
1.20680147e+06 	 5.414464e-03 	 3.266576e+07 	
1.20695952e+06 	 4.525815e-03 	 3.221944e+07 	
1.20713888e+06 	 3.744538e-03 	 3.177931e+07 	
1.20731825e+06 	 3.139750e-03 	 3.139726e+07 	
1.20754457e+06 	 2.556918e-03 	 3.098229e+07 	
1.20777090e+06 	 2.117370e-03 	 3.062759e+07 	
1.20799722e+06 	 1.779376e-03 	 3.032117e+07 	
1.20830144e+06 	 1.437280e-03 	 2.996958e+07 	
1.20860565e+06 	 1.184583e-03 	 2.967235e+07 	
1.20890986e+06 	 9.934260e-04 	 2.941751e+07 	
1.20924099e+06 	 8.343906e-04 	 2.917810e+07 	
1.20957213e+06 	 7.117571e-04 	 2.897016e+07 	
1.20990326e+06 	 6.154081e-04 	 2.878745e+07 	
1.21043223e+06 	 4.996883e-04 	 2.853657e+07 	
1.21096120e+06 	 4.160044e-04 	 2.832442e+07 	
1.21149017e+06 	 3.536436e-04 	 2.814152e+07 	
1.21227029e+06 	 2.872080e-04 	 2.791159e+07 	
1.21305041e+06 	 2.404954e-04 	 2.771669e+07 	
1.21383054e+06 	 2.064205e-04 	 2.754744e+07 	
1.21461066e+06 	 1.808038e-04 	 2.739752e+07 	
1.21574253e+06 	 1.536029e-04 	 2.720564e+07 	
1.21643508e+06 	 1.409854e-04 	 2.709975e+07 	
1.21779584e+06 	 1.221327e-04 	 2.691069e+07 	
1.21892743e+06 	 1.106187e-04 	 2.676817e+07 	
1.22068131e+06 	 9.757464e-05 	 2.656634e+07 	
1.22204932e+06 	 9.011411e-05 	 2.642085e+07 	
1.22460491e+06 	 8.013186e-05 	 2.616856e+07 	
1.22716049e+06 	 7.332402e-05 	 2.593382e+07 	
1.22971607e+06 	 6.838305e-05 	 2.571078e+07 	
1.22997163e+06 	 6.796092e-05 	 2.568897e+07 	
1.22999719e+06 	 6.791930e-05 	 2.568679e+07 	
1.22999974e+06 	 6.791515e-05 	 2.568657e+07 	
1.23000000e+06 	 6.791473e-05 	 2.568655e+07 	
1.23025013e+06 	 6.751316e-05 	 2.566528e+07 	
1.23050025e+06 	 6.712159e-05 	 2.564409e+07 	
1.23075038e+06 	 6.673928e-05 	 2.562297e+07 	
1.23100050e+06 	 6.636589e-05 	 2.560191e+07 	
1.23125063e+06 	 6.600108e-05 	 2.558092e+07 	
1.23150075e+06 	 6.564453e-05 	 2.555999e+07 	
1.23175088e+06 	 6.529594e-05 	 2.553912e+07 	
1.23200100e+06 	 6.495497e-05 	 2.551831e+07 	
1.23225113e+06 	 6.462130e-05 	 2.549755e+07 	
1.23250125e+06 	 6.429462e-05 	 2.547686e+07 	
1.23275138e+06 	 6.397461e-05 	 2.545621e+07 	
1.23300150e+06 	 6.366124e-05 	 2.543562e+07 	
1.23325163e+06 	 6.335396e-05 	 2.541509e+07 	
1.23350175e+06 	 6.305238e-05 	 2.539460e+07 	
1.23375188e+06 	 6.275634e-05 	 2.537415e+07 	
1.23400200e+06 	 6.246567e-05 	 2.535376e+07 	
1.23425213e+06 	 6.218020e-05 	 2.533340e+07 	
1.23450225e+06 	 6.189975e-05 	 2.531310e+07 	
1.23475238e+06 	 6.162415e-05 	 2.529283e+07 	
1.23500250e+06 	 6.135324e-05 	 2.527261e+07 	
1.23525263e+06 	 6.108684e-05 	 2.525243e+07 	
1.23550275e+06 	 6.082478e-05 	 2.523229e+07 	
1.23575288e+06 	 6.056689e-05 	 2.521219e+07 	
1.23600300e+06 	 6.031299e-05 	 2.519212e+07 	
1.23625313e+06 	 6.006292e-05 	 2.517210e+07 	
1.23650325e+06 	 5.981651e-05 	 2.515210e+07 	
1.23675338e+06 	 5.957359e-05 	 2.513215e+07 	
1.23700350e+06 	 5.933423e-05 	 2.511223e+07 	
1.23725363e+06 	 5.909806e-05 	 2.509234e+07 	
1.23750375e+06 	 5.886493e-05 	 2.507248e+07 	
1.23775388e+06 	 5.863478e-05 	 2.505266e+07 	
1.23800400e+06 	 5.840752e-05 	 2.503286e+07 	
1.23825413e+06 	 5.818306e-05 	 2.501310e+07 	
1.23850425e+06 	 5.796133e-05 	 2.499336e+07 	
1.23875438e+06 	 5.774224e-05 	 2.497366e+07 	
1.23900450e+06 	 5.752570e-05 	 2.495398e+07 	
1.23925463e+06 	 5.731164e-05 	 2.493434e+07 	
1.23950475e+06 	 5.709997e-05 	 2.491472e+07 	
1.23975488e+06 	 5.689061e-05 	 2.489512e+07 	
1.24000500e+06 	 5.668347e-05 	 2.487556e+07 	
1.24025513e+06 	 5.647848e-05 	 2.485602e+07 	
1.24050525e+06 	 5.627555e-05 	 2.483650e+07 	
1.24075538e+06 	 5.607459e-05 	 2.481701e+07 	
1.24100550e+06 	 5.587552e-05 	 2.479754e+07 	
1.24125563e+06 	 5.567840e-05 	 2.477810e+07 	
1.24150575e+06 	 5.548310e-05 	 2.475869e+07 	
1.24175588e+06 	 5.528945e-05 	 2.473929e+07 	
1.24200600e+06 	 5.509741e-05 	 2.471992e+07 	
1.24225613e+06 	 5.490694e-05 	 2.470057e+07 	
1.24250625e+06 	 5.471800e-05 	 2.468124e+07 	
1.24275638e+06 	 5.453056e-05 	 2.466193e+07 	
1.24300650e+06 	 5.434458e-05 	 2.464265e+07 	
1.24325663e+06 	 5.416002e-05 	 2.462338e+07 	
1.24350675e+06 	 5.397685e-05 	 2.460414e+07 	
1.24375688e+06 	 5.379503e-05 	 2.458492e+07 	
1.24400700e+06 	 5.361453e-05 	 2.456572e+07 	
1.24425713e+06 	 5.343530e-05 	 2.454653e+07 	
1.24450725e+06 	 5.325732e-05 	 2.452737e+07 	
1.24475738e+06 	 5.308054e-05 	 2.450823e+07 	
1.24500750e+06 	 5.290492e-05 	 2.448910e+07 	
1.24525763e+06 	 5.273044e-05 	 2.447000e+07 	
1.24550775e+06 	 5.255705e-05 	 2.445091e+07 	
1.24575788e+06 	 5.238471e-05 	 2.443185e+07 	
1.24600800e+06 	 5.221340e-05 	 2.441280e+07 	
1.24625813e+06 	 5.204307e-05 	 2.439376e+07 	
1.24650825e+06 	 5.187369e-05 	 2.437475e+07 	
1.24675838e+06 	 5.170527e-05 	 2.435575e+07 	
1.24700850e+06 	 5.153781e-05 	 2.433678e+07 	
1.24725863e+06 	 5.137120e-05 	 2.431781e+07 	
1.24750875e+06 	 5.120541e-05 	 2.429887e+07 	
1.24775888e+06 	 5.104044e-05 	 2.427994e+07 	
1.24800900e+06 	 5.087626e-05 	 2.426103e+07 	
1.24825913e+06 	 5.071286e-05 	 2.424214e+07 	
1.24850925e+06 	 5.055023e-05 	 2.422326e+07 	
1.24875938e+06 	 5.038836e-05 	 2.420439e+07 	
1.24900950e+06 	 5.022722e-05 	 2.418555e+07 	
1.24925963e+06 	 5.006681e-05 	 2.416672e+07 	
1.24950975e+06 	 4.990711e-05 	 2.414790e+07 	
1.24975988e+06 	 4.974810e-05 	 2.412911e+07 	
1.25001001e+06 	 4.958977e-05 	 2.411032e+07 	
1.25026013e+06 	 4.943211e-05 	 2.409156e+07 	
1.25051026e+06 	 4.927510e-05 	 2.407280e+07 	
1.25076038e+06 	 4.911872e-05 	 2.405407e+07 	
1.25101051e+06 	 4.896297e-05 	 2.403535e+07 	
1.25126063e+06 	 4.880782e-05 	 2.401664e+07 	
1.25151076e+06 	 4.865327e-05 	 2.399795e+07 	
1.25176088e+06 	 4.849929e-05 	 2.397927e+07 	
1.25201101e+06 	 4.834588e-05 	 2.396061e+07 	
1.25226113e+06 	 4.819301e-05 	 2.394196e+07 	
1.25251126e+06 	 4.804068e-05 	 2.392333e+07 	
1.25276138e+06 	 4.788887e-05 	 2.390471e+07 	
1.25301151e+06 	 4.773756e-05 	 2.388611e+07 	
1.25326163e+06 	 4.758683e-05 	 2.386752e+07 	
1.25351176e+06 	 4.743658e-05 	 2.384895e+07 	
1.25376188e+06 	 4.728679e-05 	 2.383039e+07 	
1.25401201e+06 	 4.713747e-05 	 2.381184e+07 	
1.25426213e+06 	 4.698859e-05 	 2.379331e+07 	
1.25451226e+06 	 4.684017e-05 	 2.377479e+07 	
1.25476238e+06 	 4.669219e-05 	 2.375628e+07 	
1.25501251e+06 	 4.654465e-05 	 2.373779e+07 	
1.25526263e+06 	 4.639754e-05 	 2.371931e+07 	
1.25551276e+06 	 4.625086e-05 	 2.370085e+07 	
1.25576288e+06 	 4.610460e-05 	 2.368240e+07 	
1.25601301e+06 	 4.595876e-05 	 2.366396e+07 	
1.25626313e+06 	 4.581333e-05 	 2.364554e+07 	
1.25651326e+06 	 4.566830e-05 	 2.362713e+07 	
1.25676338e+06 	 4.552368e-05 	 2.360873e+07 	
1.25701351e+06 	 4.537946e-05 	 2.359035e+07 	
1.25726363e+06 	 4.523562e-05 	 2.357198e+07 	
1.25751376e+06 	 4.509218e-05 	 2.355363e+07 	
1.25776388e+06 	 4.494911e-05 	 2.353528e+07 	
1.25801401e+06 	 4.480642e-05 	 2.351695e+07 	
1.25826413e+06 	 4.466636e-05 	 2.349861e+07 	
1.25851426e+06 	 4.452448e-05 	 2.348031e+07 	
1.25876438e+06 	 4.438296e-05 	 2.346202e+07 	
1.25901451e+06 	 4.424180e-05 	 2.344374e+07 	
1.25926463e+06 	 4.410099e-05 	 2.342547e+07 	
1.25951476e+06 	 4.396052e-05 	 2.340722e+07 	
1.25976488e+06 	 4.382039e-05 	 2.338898e+07 	
1.26001501e+06 	 4.368060e-05 	 2.337076e+07 	
1.26026513e+06 	 4.354114e-05 	 2.335254e+07 	
1.26051526e+06 	 4.340202e-05 	 2.333434e+07 	
1.26076538e+06 	 4.326322e-05 	 2.331615e+07 	
1.26101551e+06 	 4.312474e-05 	 2.329798e+07 	
1.26126563e+06 	 4.298658e-05 	 2.327982e+07 	
1.26151576e+06 	 4.284874e-05 	 2.326167e+07 	
1.26176588e+06 	 4.271121e-05 	 2.324353e+07 	
1.26201601e+06 	 4.257400e-05 	 2.322540e+07 	
1.26226613e+06 	 4.243709e-05 	 2.320729e+07 	
1.26251626e+06 	 4.230048e-05 	 2.318919e+07 	
1.26276638e+06 	 4.216418e-05 	 2.317110e+07 	
1.26301651e+06 	 4.202606e-05 	 2.315305e+07 	
1.26326663e+06 	 4.189026e-05 	 2.313499e+07 	
1.26351676e+06 	 4.175477e-05 	 2.311694e+07 	
1.26376688e+06 	 4.161956e-05 	 2.309891e+07 	
1.26401701e+06 	 4.148463e-05 	 2.308088e+07 	
1.26426713e+06 	 4.134999e-05 	 2.306287e+07 	
1.26451726e+06 	 4.121564e-05 	 2.304487e+07 	
1.26476738e+06 	 4.108156e-05 	 2.302688e+07 	
1.26501751e+06 	 4.094776e-05 	 2.300891e+07 	
1.26526763e+06 	 4.081424e-05 	 2.299095e+07 	
1.26551776e+06 	 4.068099e-05 	 2.297300e+07 	
1.26576788e+06 	 4.054801e-05 	 2.295506e+07 	
1.26601801e+06 	 4.041530e-05 	 2.293713e+07 	
1.26626813e+06 	 4.028286e-05 	 2.291922e+07 	
1.26651826e+06 	 4.015069e-05 	 2.290132e+07 	
1.26676838e+06 	 4.001878e-05 	 2.288343e+07 	
1.26701851e+06 	 3.988509e-05 	 2.286557e+07 	
1.26726863e+06 	 3.975363e-05 	 2.284771e+07 	
1.26751876e+06 	 3.962244e-05 	 2.282986e+07 	
1.26776888e+06 	 3.949149e-05 	 2.281202e+07 	
1.26801901e+06 	 3.936080e-05 	 2.279419e+07 	
1.26826913e+06 	 3.923036e-05 	 2.277637e+07 	
1.26851926e+06 	 3.910017e-05 	 2.275857e+07 	
1.26876938e+06 	 3.897023e-05 	 2.274078e+07 	
1.26901951e+06 	 3.884054e-05 	 2.272300e+07 	
1.26926963e+06 	 3.871109e-05 	 2.270523e+07 	
1.26951976e+06 	 3.858189e-05 	 2.268748e+07 	
1.26976988e+06 	 3.845293e-05 	 2.266974e+07 	
1.27002001e+06 	 3.832421e-05 	 2.265200e+07 	
1.27027014e+06 	 3.819573e-05 	 2.263428e+07 	
1.27052026e+06 	 3.806750e-05 	 2.261658e+07 	
1.27077039e+06 	 3.793950e-05 	 2.259888e+07 	
1.27102051e+06 	 3.781173e-05 	 2.258120e+07 	
1.27127064e+06 	 3.768420e-05 	 2.256353e+07 	
1.27152076e+06 	 3.755691e-05 	 2.254587e+07 	
1.27177089e+06 	 3.742791e-05 	 2.252825e+07 	
1.27202101e+06 	 3.730101e-05 	 2.251061e+07 	
1.27227114e+06 	 3.717433e-05 	 2.249299e+07 	
1.27252126e+06 	 3.704789e-05 	 2.247538e+07 	
1.27277139e+06 	 3.692167e-05 	 2.245778e+07 	
1.27302151e+06 	 3.679568e-05 	 2.244019e+07 	
1.27327164e+06 	 3.666991e-05 	 2.242262e+07 	
1.27352176e+06 	 3.654436e-05 	 2.240505e+07 	
1.27377189e+06 	 3.641903e-05 	 2.238750e+07 	
1.27402201e+06 	 3.629393e-05 	 2.236996e+07 	
1.27427214e+06 	 3.616904e-05 	 2.235243e+07 	
1.27452226e+06 	 3.604437e-05 	 2.233492e+07 	
1.27477239e+06 	 3.591992e-05 	 2.231741e+07 	
1.27502251e+06 	 3.579569e-05 	 2.229992e+07 	
1.27527264e+06 	 3.567167e-05 	 2.228244e+07 	
1.27552276e+06 	 3.554787e-05 	 2.226497e+07 	
1.27577289e+06 	 3.542248e-05 	 2.224754e+07 	
1.27602301e+06 	 3.529904e-05 	 2.223009e+07 	
1.27627314e+06 	 3.517580e-05 	 2.221266e+07 	
1.27652326e+06 	 3.505278e-05 	 2.219524e+07 	
1.27677339e+06 	 3.492996e-05 	 2.217783e+07 	
1.27702351e+06 	 3.480735e-05 	 2.216043e+07 	
1.27727364e+06 	 3.468494e-05 	 2.214305e+07 	
1.27752376e+06 	 3.456274e-05 	 2.212567e+07 	
1.27777389e+06 	 3.444074e-05 	 2.210831e+07 	
1.27802401e+06 	 3.431894e-05 	 2.209096e+07 	
1.27827414e+06 	 3.419735e-05 	 2.207362e+07 	
1.27852426e+06 	 3.407596e-05 	 2.205630e+07 	
1.27877439e+06 	 3.395476e-05 	 2.203898e+07 	
1.27902451e+06 	 3.383377e-05 	 2.202168e+07 	
1.27927464e+06 	 3.371297e-05 	 2.200439e+07 	
1.27952476e+06 	 3.359238e-05 	 2.198711e+07 	
1.27977489e+06 	 3.347197e-05 	 2.196984e+07 	
1.28002501e+06 	 3.335177e-05 	 2.195258e+07 	
1.28027514e+06 	 3.323175e-05 	 2.193534e+07 	
1.28052526e+06 	 3.311022e-05 	 2.191813e+07 	
1.28077539e+06 	 3.299054e-05 	 2.190090e+07 	
1.28102551e+06 	 3.287105e-05 	 2.188370e+07 	
1.28127564e+06 	 3.275174e-05 	 2.186650e+07 	
1.28152576e+06 	 3.263262e-05 	 2.184931e+07 	
1.28177589e+06 	 3.251369e-05 	 2.183214e+07 	
1.28202601e+06 	 3.239495e-05 	 2.181498e+07 	
1.28227614e+06 	 3.227639e-05 	 2.179783e+07 	
1.28252626e+06 	 3.215802e-05 	 2.178069e+07 	
1.28277639e+06 	 3.203983e-05 	 2.176356e+07 	
1.28302651e+06 	 3.192182e-05 	 2.174645e+07 	
1.28327664e+06 	 3.180400e-05 	 2.172934e+07 	
1.28352676e+06 	 3.168635e-05 	 2.171225e+07 	
1.28377689e+06 	 3.156889e-05 	 2.169517e+07 	
1.28402701e+06 	 3.145160e-05 	 2.167810e+07 	
1.28427714e+06 	 3.133449e-05 	 2.166104e+07 	
1.28452726e+06 	 3.121756e-05 	 2.164400e+07 	
1.28477739e+06 	 3.110081e-05 	 2.162696e+07 	
1.28502751e+06 	 3.098582e-05 	 2.160992e+07 	
1.28527764e+06 	 3.086947e-05 	 2.159291e+07 	
1.28552776e+06 	 3.075330e-05 	 2.157591e+07 	
1.28577789e+06 	 3.063730e-05 	 2.155892e+07 	
1.28602801e+06 	 3.052148e-05 	 2.154194e+07 	
1.28627814e+06 	 3.040583e-05 	 2.152498e+07 	
1.28652826e+06 	 3.029035e-05 	 2.150803e+07 	
1.28677839e+06 	 3.017504e-05 	 2.149108e+07 	
1.28702851e+06 	 3.005991e-05 	 2.147415e+07 	
1.28727864e+06 	 2.994494e-05 	 2.145724e+07 	
1.28752876e+06 	 2.983015e-05 	 2.144033e+07 	
1.28777889e+06 	 2.971552e-05 	 2.142343e+07 	
1.28802901e+06 	 2.960106e-05 	 2.140655e+07 	
1.28827914e+06 	 2.948677e-05 	 2.138968e+07 	
1.28852926e+06 	 2.937264e-05 	 2.137282e+07 	
1.28877939e+06 	 2.925868e-05 	 2.135597e+07 	
1.28902951e+06 	 2.914488e-05 	 2.133913e+07 	
1.28927964e+06 	 2.903124e-05 	 2.132231e+07 	
1.28952976e+06 	 2.891628e-05 	 2.130552e+07 	
1.28977989e+06 	 2.880292e-05 	 2.128871e+07 	
1.29003002e+06 	 2.868971e-05 	 2.127192e+07 	
1.29028014e+06 	 2.857667e-05 	 2.125515e+07 	
1.29053027e+06 	 2.846378e-05 	 2.123838e+07 	
1.29078039e+06 	 2.835105e-05 	 2.122162e+07 	
1.29103052e+06 	 2.823847e-05 	 2.120488e+07 	
1.29128064e+06 	 2.812605e-05 	 2.118815e+07 	
1.29153077e+06 	 2.801378e-05 	 2.117143e+07 	
1.29178089e+06 	 2.790167e-05 	 2.115472e+07 	
1.29203102e+06 	 2.778970e-05 	 2.113803e+07 	
1.29228114e+06 	 2.767789e-05 	 2.112134e+07 	
1.29253127e+06 	 2.756623e-05 	 2.110467e+07 	
1.29278139e+06 	 2.745472e-05 	 2.108801e+07 	
1.29303152e+06 	 2.734336e-05 	 2.107136e+07 	
1.29328164e+06 	 2.723214e-05 	 2.105472e+07 	
1.29353177e+06 	 2.712108e-05 	 2.103809e+07 	
1.29378189e+06 	 2.701151e-05 	 2.102145e+07 	
1.29403202e+06 	 2.690078e-05 	 2.100485e+07 	
1.29428214e+06 	 2.679019e-05 	 2.098826e+07 	
1.29453227e+06 	 2.667976e-05 	 2.097168e+07 	
1.29478239e+06 	 2.656946e-05 	 2.095511e+07 	
1.29503252e+06 	 2.645931e-05 	 2.093855e+07 	
1.29528264e+06 	 2.634930e-05 	 2.092201e+07 	
1.29553277e+06 	 2.623944e-05 	 2.090547e+07 	
1.29578289e+06 	 2.612971e-05 	 2.088895e+07 	
1.29603302e+06 	 2.602012e-05 	 2.087244e+07 	
1.29628314e+06 	 2.591067e-05 	 2.085594e+07 	
1.29653327e+06 	 2.580136e-05 	 2.083945e+07 	
1.29678339e+06 	 2.569219e-05 	 2.082298e+07 	
1.29703352e+06 	 2.558316e-05 	 2.080651e+07 	
1.29728364e+06 	 2.547425e-05 	 2.079006e+07 	
1.29753377e+06 	 2.536549e-05 	 2.077362e+07 	
1.29778389e+06 	 2.525685e-05 	 2.075719e+07 	
1.29803402e+06 	 2.514835e-05 	 2.074078e+07 	
1.29828414e+06 	 2.504126e-05 	 2.072435e+07 	
1.29853427e+06 	 2.493306e-05 	 2.070796e+07 	
1.29878439e+06 	 2.482500e-05 	 2.069157e+07 	
1.29903452e+06 	 2.471707e-05 	 2.067520e+07 	
1.29928464e+06 	 2.460927e-05 	 2.065885e+07 	
1.29953477e+06 	 2.450160e-05 	 2.064250e+07 	
1.29978489e+06 	 2.439406e-05 	 2.062616e+07 	
1.30003502e+06 	 2.428664e-05 	 2.060984e+07 	
1.30028514e+06 	 2.417935e-05 	 2.059353e+07 	
1.30053527e+06 	 2.407219e-05 	 2.057723e+07 	
1.30078539e+06 	 2.396515e-05 	 2.056094e+07 	
1.30103552e+06 	 2.385823e-05 	 2.054467e+07 	
1.30128564e+06 	 2.375144e-05 	 2.052840e+07 	
1.30153577e+06 	 2.364477e-05 	 2.051215e+07 	
1.30178589e+06 	 2.353822e-05 	 2.049591e+07 	
1.30203602e+06 	 2.343180e-05 	 2.047968e+07 	
1.30228614e+06 	 2.332549e-05 	 2.046347e+07 	
1.30253627e+06 	 2.321930e-05 	 2.044726e+07 	
1.30278639e+06 	 2.311204e-05 	 2.043109e+07 	
1.30303652e+06 	 2.300604e-05 	 2.041491e+07 	
1.30328664e+06 	 2.290016e-05 	 2.039875e+07 	
1.30353677e+06 	 2.279439e-05 	 2.038259e+07 	
1.30378689e+06 	 2.268874e-05 	 2.036645e+07 	
1.30403702e+06 	 2.258319e-05 	 2.035031e+07 	
1.30428714e+06 	 2.247776e-05 	 2.033420e+07 	
1.30453727e+06 	 2.237244e-05 	 2.031809e+07 	
1.30478739e+06 	 2.226723e-05 	 2.030199e+07 	
1.30503752e+06 	 2.216212e-05 	 2.028591e+07 	
1.30528764e+06 	 2.205712e-05 	 2.026984e+07 	
1.30553777e+06 	 2.195223e-05 	 2.025378e+07 	
1.30578789e+06 	 2.184745e-05 	 2.023773e+07 	
1.30603802e+06 	 2.174277e-05 	 2.022170e+07 	
1.30628814e+06 	 2.163819e-05 	 2.020568e+07 	
1.30653827e+06 	 2.153371e-05 	 2.018967e+07 	
1.30678839e+06 	 2.142934e-05 	 2.017367e+07 	
1.30703852e+06 	 2.132400e-05 	 2.015771e+07 	
1.30728864e+06 	 2.121979e-05 	 2.014173e+07 	
1.30753877e+06 	 2.111567e-05 	 2.012577e+07 	
1.30778889e+06 	 2.101166e-05 	 2.010983e+07 	
1.30803902e+06 	 2.090773e-05 	 2.009389e+07 	
1.30828914e+06 	 2.080391e-05 	 2.007797e+07 	
1.30853927e+06 	 2.070017e-05 	 2.006206e+07 	
1.30878939e+06 	 2.059653e-05 	 2.004616e+07 	
1.30903952e+06 	 2.049298e-05 	 2.003028e+07 	
1.30928964e+06 	 2.038953e-05 	 2.001440e+07 	
1.30953977e+06 	 2.028616e-05 	 1.999854e+07 	
1.30978989e+06 	 2.018287e-05 	 1.998270e+07 	
1.31004002e+06 	 2.007968e-05 	 1.996686e+07 	
1.31029015e+06 	 1.997657e-05 	 1.995104e+07 	
1.31054027e+06 	 1.987355e-05 	 1.993523e+07 	
1.31079040e+06 	 1.977061e-05 	 1.991944e+07 	
1.31104052e+06 	 1.966775e-05 	 1.990365e+07 	
1.31129065e+06 	 1.956498e-05 	 1.988788e+07 	
1.31154077e+06 	 1.946130e-05 	 1.987215e+07 	
1.31179090e+06 	 1.935865e-05 	 1.985640e+07 	
1.31204102e+06 	 1.925608e-05 	 1.984067e+07 	
1.31229115e+06 	 1.915359e-05 	 1.982495e+07 	
1.31254127e+06 	 1.905117e-05 	 1.980925e+07 	
1.31279140e+06 	 1.894882e-05 	 1.979356e+07 	
1.31304152e+06 	 1.884655e-05 	 1.977788e+07 	
1.31329165e+06 	 1.874436e-05 	 1.976221e+07 	
1.31354177e+06 	 1.864223e-05 	 1.974656e+07 	
1.31379190e+06 	 1.854017e-05 	 1.973092e+07 	
1.31404202e+06 	 1.843818e-05 	 1.971530e+07 	
1.31429215e+06 	 1.833626e-05 	 1.969969e+07 	
1.31454227e+06 	 1.823441e-05 	 1.968409e+07 	
1.31479240e+06 	 1.813262e-05 	 1.966850e+07 	
1.31504252e+06 	 1.803089e-05 	 1.965293e+07 	
1.31529265e+06 	 1.792923e-05 	 1.963737e+07 	
1.31554277e+06 	 1.782763e-05 	 1.962183e+07 	
1.31579290e+06 	 1.772609e-05 	 1.960630e+07 	
1.31604302e+06 	 1.762553e-05 	 1.959076e+07 	
1.31629315e+06 	 1.752414e-05 	 1.957526e+07 	
1.31654327e+06 	 1.742280e-05 	 1.955977e+07 	
1.31679340e+06 	 1.732153e-05 	 1.954429e+07 	
1.31704352e+06 	 1.722031e-05 	 1.952883e+07 	
1.31729365e+06 	 1.711914e-05 	 1.951338e+07 	
1.31754377e+06 	 1.701803e-05 	 1.949795e+07 	
1.31779390e+06 	 1.691698e-05 	 1.948253e+07 	
1.31804402e+06 	 1.681597e-05 	 1.946713e+07 	
1.31829415e+06 	 1.671501e-05 	 1.945174e+07 	
1.31854427e+06 	 1.661411e-05 	 1.943636e+07 	
1.31879440e+06 	 1.651325e-05 	 1.942100e+07 	
1.31904452e+06 	 1.641244e-05 	 1.940565e+07 	
1.31929465e+06 	 1.631167e-05 	 1.939032e+07 	
1.31954477e+06 	 1.621095e-05 	 1.937500e+07 	
1.31979490e+06 	 1.611027e-05 	 1.935970e+07 	
1.32004502e+06 	 1.600963e-05 	 1.934442e+07 	
1.32029515e+06 	 1.590823e-05 	 1.932917e+07 	
1.32054527e+06 	 1.580765e-05 	 1.931391e+07 	
1.32079540e+06 	 1.570711e-05 	 1.929867e+07 	
1.32104552e+06 	 1.560660e-05 	 1.928344e+07 	
1.32129565e+06 	 1.550613e-05 	 1.926823e+07 	
1.32154577e+06 	 1.540570e-05 	 1.925304e+07 	
1.32179590e+06 	 1.530530e-05 	 1.923786e+07 	
1.32204602e+06 	 1.520493e-05 	 1.922270e+07 	
1.32229615e+06 	 1.510459e-05 	 1.920755e+07 	
1.32254627e+06 	 1.500429e-05 	 1.919242e+07 	
1.32279640e+06 	 1.490401e-05 	 1.917730e+07 	
1.32304652e+06 	 1.480376e-05 	 1.916220e+07 	
1.32329665e+06 	 1.470354e-05 	 1.914712e+07 	
1.32354677e+06 	 1.460335e-05 	 1.913206e+07 	
1.32379690e+06 	 1.450318e-05 	 1.911701e+07 	
1.32404702e+06 	 1.440304e-05 	 1.910197e+07 	
1.32429715e+06 	 1.430292e-05 	 1.908696e+07 	
1.32454727e+06 	 1.420282e-05 	 1.907196e+07 	
1.32479740e+06 	 1.410201e-05 	 1.905700e+07 	
1.32504752e+06 	 1.400193e-05 	 1.904204e+07 	
1.32529765e+06 	 1.390187e-05 	 1.902709e+07 	
1.32554777e+06 	 1.380183e-05 	 1.901216e+07 	
1.32579790e+06 	 1.370180e-05 	 1.899725e+07 	
1.32604802e+06 	 1.360179e-05 	 1.898236e+07 	
1.32629815e+06 	 1.350180e-05 	 1.896748e+07 	
1.32654827e+06 	 1.340182e-05 	 1.895263e+07 	
1.32679840e+06 	 1.330185e-05 	 1.893779e+07 	
1.32704852e+06 	 1.320190e-05 	 1.892297e+07 	
1.32729865e+06 	 1.310196e-05 	 1.890817e+07 	
1.32754877e+06 	 1.300203e-05 	 1.889339e+07 	
1.32779890e+06 	 1.290212e-05 	 1.887862e+07 	
1.32804902e+06 	 1.280221e-05 	 1.886388e+07 	
1.32829915e+06 	 1.270232e-05 	 1.884916e+07 	
1.32854927e+06 	 1.260243e-05 	 1.883445e+07 	
1.32879940e+06 	 1.250255e-05 	 1.881977e+07 	
1.32904952e+06 	 1.240205e-05 	 1.880513e+07 	
1.32929965e+06 	 1.230217e-05 	 1.879048e+07 	
1.32954977e+06 	 1.220230e-05 	 1.877586e+07 	
1.32979990e+06 	 1.210243e-05 	 1.876126e+07 	
1.33005003e+06 	 1.200257e-05 	 1.874668e+07 	
1.33030015e+06 	 1.190272e-05 	 1.873212e+07 	
1.33055028e+06 	 1.180287e-05 	 1.871758e+07 	
1.33080040e+06 	 1.170303e-05 	 1.870306e+07 	
1.33105053e+06 	 1.160320e-05 	 1.868857e+07 	
1.33130065e+06 	 1.150337e-05 	 1.867409e+07 	
1.33155078e+06 	 1.140355e-05 	 1.865964e+07 	
1.33180090e+06 	 1.130373e-05 	 1.864522e+07 	
1.33205103e+06 	 1.120393e-05 	 1.863081e+07 	
1.33230115e+06 	 1.110413e-05 	 1.861643e+07 	
1.33255128e+06 	 1.100433e-05 	 1.860207e+07 	
1.33280140e+06 	 1.090455e-05 	 1.858774e+07 	
1.33305153e+06 	 1.080478e-05 	 1.857343e+07 	
1.33330165e+06 	 1.070447e-05 	 1.855917e+07 	
1.33355178e+06 	 1.060470e-05 	 1.854491e+07 	
1.33380190e+06 	 1.050494e-05 	 1.853067e+07 	
1.33405203e+06 	 1.040519e-05 	 1.851646e+07 	
1.33430215e+06 	 1.030546e-05 	 1.850228e+07 	
1.33455228e+06 	 1.020574e-05 	 1.848812e+07 	
1.33480240e+06 	 1.010604e-05 	 1.847399e+07 	
1.33505253e+06 	 1.000635e-05 	 1.845989e+07 	
1.33530265e+06 	 9.906686e-06 	 1.844581e+07 	
1.33555278e+06 	 9.807040e-06 	 1.843176e+07 	
1.33580290e+06 	 9.707417e-06 	 1.841774e+07 	
1.33605303e+06 	 9.607819e-06 	 1.840375e+07 	
1.33630315e+06 	 9.508248e-06 	 1.838978e+07 	
1.33655328e+06 	 9.408707e-06 	 1.837585e+07 	
1.33680340e+06 	 9.309197e-06 	 1.836194e+07 	
1.33705353e+06 	 9.209722e-06 	 1.834806e+07 	
1.33730365e+06 	 9.110284e-06 	 1.833422e+07 	
1.33755378e+06 	 9.010887e-06 	 1.832040e+07 	
1.33780390e+06 	 8.911070e-06 	 1.830664e+07 	
1.33805403e+06 	 8.811750e-06 	 1.829289e+07 	
1.33830415e+06 	 8.712480e-06 	 1.827917e+07 	
1.33855428e+06 	 8.613264e-06 	 1.826548e+07 	
1.33880440e+06 	 8.514107e-06 	 1.825183e+07 	
1.33905453e+06 	 8.415011e-06 	 1.823821e+07 	
1.33930465e+06 	 8.315982e-06 	 1.822463e+07 	
1.33955478e+06 	 8.217024e-06 	 1.821107e+07 	
1.33980490e+06 	 8.118142e-06 	 1.819756e+07 	
1.34005503e+06 	 8.019342e-06 	 1.818408e+07 	
1.34030515e+06 	 7.920627e-06 	 1.817063e+07 	
1.34055528e+06 	 7.822005e-06 	 1.815723e+07 	
1.34080540e+06 	 7.723480e-06 	 1.814386e+07 	
1.34105553e+06 	 7.625060e-06 	 1.813053e+07 	
1.34130565e+06 	 7.526749e-06 	 1.811723e+07 	
1.34155578e+06 	 7.428555e-06 	 1.810398e+07 	
1.34180590e+06 	 7.330485e-06 	 1.809076e+07 	
1.34205603e+06 	 7.232920e-06 	 1.807757e+07 	
1.34230615e+06 	 7.135129e-06 	 1.806443e+07 	
1.34255628e+06 	 7.037484e-06 	 1.805134e+07 	
1.34280640e+06 	 6.939994e-06 	 1.803829e+07 	
1.34305653e+06 	 6.842666e-06 	 1.802528e+07 	
1.34330665e+06 	 6.745509e-06 	 1.801232e+07 	
1.34355678e+06 	 6.648533e-06 	 1.799940e+07 	
1.34380690e+06 	 6.551746e-06 	 1.798652e+07 	
1.34405703e+06 	 6.455158e-06 	 1.797369e+07 	
1.34430715e+06 	 6.358778e-06 	 1.796091e+07 	
1.34455728e+06 	 6.262618e-06 	 1.794817e+07 	
1.34480740e+06 	 6.166688e-06 	 1.793549e+07 	
1.34505753e+06 	 6.070998e-06 	 1.792285e+07 	
1.34530765e+06 	 5.975560e-06 	 1.791026e+07 	
1.34555778e+06 	 5.880386e-06 	 1.789772e+07 	
1.34580790e+06 	 5.785487e-06 	 1.788523e+07 	
1.34605803e+06 	 5.690875e-06 	 1.787279e+07 	
1.34630815e+06 	 5.596853e-06 	 1.786038e+07 	
1.34655828e+06 	 5.502862e-06 	 1.784805e+07 	
1.34680840e+06 	 5.409198e-06 	 1.783577e+07 	
1.34705853e+06 	 5.315874e-06 	 1.782355e+07 	
1.34730865e+06 	 5.222904e-06 	 1.781138e+07 	
1.34755878e+06 	 5.130303e-06 	 1.779927e+07 	
1.34780890e+06 	 5.038085e-06 	 1.778721e+07 	
1.34805903e+06 	 4.946265e-06 	 1.777522e+07 	
1.34830915e+06 	 4.854859e-06 	 1.776328e+07 	
1.34855928e+06 	 4.763882e-06 	 1.775141e+07 	
1.34880940e+06 	 4.673350e-06 	 1.773959e+07 	
1.34905953e+06 	 4.583279e-06 	 1.772784e+07 	
1.34930965e+06 	 4.493686e-06 	 1.771615e+07 	
1.34955978e+06 	 4.404588e-06 	 1.770452e+07 	
1.34980990e+06 	 4.316002e-06 	 1.769296e+07 	
1.35006003e+06 	 4.227945e-06 	 1.768146e+07 	
1.35031016e+06 	 4.140435e-06 	 1.767003e+07 	
1.35056028e+06 	 4.053699e-06 	 1.765864e+07 	
1.35081041e+06 	 3.967340e-06 	 1.764735e+07 	
1.35106053e+06 	 3.881583e-06 	 1.763612e+07 	
1.35131066e+06 	 3.796445e-06 	 1.762496e+07 	
1.35156078e+06 	 3.711945e-06 	 1.761388e+07 	
1.35181091e+06 	 3.628103e-06 	 1.760287e+07 	
1.35206103e+06 	 3.544936e-06 	 1.759193e+07 	
1.35231116e+06 	 3.462465e-06 	 1.758106e+07 	
1.35256128e+06 	 3.380707e-06 	 1.757027e+07 	
1.35281141e+06 	 3.299683e-06 	 1.755955e+07 	
1.35306153e+06 	 3.219412e-06 	 1.754892e+07 	
1.35331166e+06 	 3.139912e-06 	 1.753836e+07 	
1.35356178e+06 	 3.061203e-06 	 1.752787e+07 	
1.35381191e+06 	 2.983304e-06 	 1.751747e+07 	
1.35406203e+06 	 2.906235e-06 	 1.750715e+07 	
1.35431216e+06 	 2.830014e-06 	 1.749691e+07 	
1.35456228e+06 	 2.754521e-06 	 1.748677e+07 	
1.35481241e+06 	 2.680051e-06 	 1.747670e+07 	
1.35506253e+06 	 2.606484e-06 	 1.746671e+07 	
1.35531266e+06 	 2.533840e-06 	 1.745681e+07 	
1.35556278e+06 	 2.462136e-06 	 1.744699e+07 	
1.35581291e+06 	 2.391389e-06 	 1.743726e+07 	
1.35606303e+06 	 2.321618e-06 	 1.742762e+07 	
1.35631316e+06 	 2.252838e-06 	 1.741806e+07 	
1.35656328e+06 	 2.185066e-06 	 1.740860e+07 	
1.35681341e+06 	 2.118318e-06 	 1.739922e+07 	
1.35706353e+06 	 2.052610e-06 	 1.738994e+07 	
1.35731366e+06 	 1.987955e-06 	 1.738075e+07 	
1.35756378e+06 	 1.924369e-06 	 1.737165e+07 	
1.35781391e+06 	 1.861865e-06 	 1.736264e+07 	
1.35806403e+06 	 1.800456e-06 	 1.735373e+07 	
1.35831416e+06 	 1.740154e-06 	 1.734491e+07 	
1.35856428e+06 	 1.680970e-06 	 1.733619e+07 	
1.35881441e+06 	 1.622999e-06 	 1.732753e+07 	
1.35906453e+06 	 1.566085e-06 	 1.731900e+07 	
1.35931466e+06 	 1.510319e-06 	 1.731057e+07 	
1.35956478e+06 	 1.455709e-06 	 1.730223e+07 	
1.35981491e+06 	 1.402262e-06 	 1.729399e+07 	
1.36006503e+06 	 1.349986e-06 	 1.728585e+07 	
1.36031516e+06 	 1.298885e-06 	 1.727780e+07 	
1.36056528e+06 	 1.248964e-06 	 1.726986e+07 	
1.36081541e+06 	 1.200226e-06 	 1.726202e+07 	
1.36106553e+06 	 1.152673e-06 	 1.725427e+07 	
1.36131566e+06 	 1.106307e-06 	 1.724663e+07 	
1.36156578e+06 	 1.061127e-06 	 1.723908e+07 	
1.36181591e+06 	 1.017134e-06 	 1.723164e+07 	
1.36206603e+06 	 9.743255e-07 	 1.722429e+07 	
1.36231616e+06 	 9.326978e-07 	 1.721705e+07 	
1.36256628e+06 	 8.922472e-07 	 1.720991e+07 	
1.36281641e+06 	 8.529242e-07 	 1.720289e+07 	
1.36306653e+06 	 8.148111e-07 	 1.719595e+07 	
1.36331666e+06 	 7.778563e-07 	 1.718911e+07 	
1.36356678e+06 	 7.420513e-07 	 1.718238e+07 	
1.36381691e+06 	 7.073867e-07 	 1.717574e+07 	
1.36406703e+06 	 6.738519e-07 	 1.716920e+07 	
1.36431716e+06 	 6.414353e-07 	 1.716276e+07 	
1.36456728e+06 	 6.101245e-07 	 1.715643e+07 	
1.36481741e+06 	 5.799059e-07 	 1.715019e+07 	
1.36506753e+06 	 5.507650e-07 	 1.714405e+07 	
1.36531766e+06 	 5.226864e-07 	 1.713801e+07 	
1.36556778e+06 	 4.956540e-07 	 1.713207e+07 	
1.36581791e+06 	 4.696505e-07 	 1.712622e+07 	
1.36606803e+06 	 4.446582e-07 	 1.712047e+07 	
1.36631816e+06 	 4.206373e-07 	 1.711485e+07 	
1.36656828e+06 	 3.976108e-07 	 1.710929e+07 	
1.36681841e+06 	 3.755373e-07 	 1.710384e+07 	
1.36706853e+06 	 3.543964e-07 	 1.709847e+07 	
1.36731866e+06 	 3.341668e-07 	 1.709320e+07 	
1.36756878e+06 	 3.148268e-07 	 1.708802e+07 	
1.36781891e+06 	 2.963543e-07 	 1.708293e+07 	
1.36806903e+06 	 2.787267e-07 	 1.707794e+07 	
1.36831916e+06 	 2.619210e-07 	 1.707303e+07 	
1.36856928e+06 	 2.459141e-07 	 1.706822e+07 	
1.36881941e+06 	 2.306826e-07 	 1.706349e+07 	
1.36906953e+06 	 2.162028e-07 	 1.705885e+07 	
1.36931966e+06 	 2.024509e-07 	 1.705429e+07 	
1.36956978e+06 	 1.894032e-07 	 1.704982e+07 	
1.36981991e+06 	 1.770450e-07 	 1.704540e+07 	
1.37007004e+06 	 1.653339e-07 	 1.704110e+07 	
1.37032016e+06 	 1.542554e-07 	 1.703687e+07 	
1.37057029e+06 	 1.437860e-07 	 1.703272e+07 	
1.37082041e+06 	 1.339023e-07 	 1.702866e+07 	
1.37107054e+06 	 1.245809e-07 	 1.702467e+07 	
1.37132066e+06 	 1.157989e-07 	 1.702075e+07 	
1.37157079e+06 	 1.075338e-07 	 1.701691e+07 	
1.37182091e+06 	 9.976307e-08 	 1.701315e+07 	
1.37207104e+06 	 9.246493e-08 	 1.700945e+07 	
1.37232116e+06 	 8.561782e-08 	 1.700583e+07 	
1.37257129e+06 	 7.920494e-08 	 1.700223e+07 	
1.37282141e+06 	 7.319715e-08 	 1.699874e+07 	
1.37307154e+06 	 6.757865e-08 	 1.699531e+07 	
1.37332166e+06 	 6.232987e-08 	 1.699195e+07 	
1.37357179e+06 	 5.743178e-08 	 1.698865e+07 	
1.37382191e+06 	 5.286592e-08 	 1.698540e+07 	
1.37407204e+06 	 4.861439e-08 	 1.698222e+07 	
1.37432216e+06 	 4.465989e-08 	 1.697910e+07 	
1.37457229e+06 	 4.098360e-08 	 1.697608e+07 	
1.37482241e+06 	 3.757364e-08 	 1.697307e+07 	
1.37507254e+06 	 3.441241e-08 	 1.697011e+07 	
1.37532266e+06 	 3.148502e-08 	 1.696721e+07 	
1.37557279e+06 	 2.877720e-08 	 1.696435e+07 	
1.37582291e+06 	 2.627528e-08 	 1.696154e+07 	
1.37607304e+06 	 2.396621e-08 	 1.695877e+07 	
1.37632316e+06 	 2.183630e-08 	 1.695612e+07 	
1.37657329e+06 	 1.987607e-08 	 1.695345e+07 	
1.37682341e+06 	 1.807304e-08 	 1.695082e+07 	
1.37707354e+06 	 1.641649e-08 	 1.694823e+07 	
1.37732366e+06 	 1.489551e-08 	 1.694575e+07 	
1.37757379e+06 	 1.350191e-08 	 1.694324e+07 	
1.37782391e+06 	 1.222589e-08 	 1.694075e+07 	
1.37807404e+06 	 1.105887e-08 	 1.693830e+07 	
1.37832416e+06 	 9.992242e-09 	 1.693598e+07 	
1.37857429e+06 	 9.019388e-09 	 1.693359e+07 	
1.37882441e+06 	 8.132696e-09 	 1.693121e+07 	
1.37907454e+06 	 7.325064e-09 	 1.692900e+07 	
1.37932466e+06 	 6.590965e-09 	 1.692668e+07 	
1.37957479e+06 	 5.923894e-09 	 1.692453e+07 	
1.37982491e+06 	 5.318912e-09 	 1.692226e+07 	
1.38007504e+06 	 4.770434e-09 	 1.692018e+07 	
1.38032516e+06 	 4.274138e-09 	 1.691798e+07 	
1.38057529e+06 	 3.825314e-09 	 1.691589e+07 	
1.38082541e+06 	 3.420064e-09 	 1.691370e+07 	
1.38107554e+06 	 3.054528e-09 	 1.691143e+07 	
1.38132566e+06 	 2.724897e-09 	 1.690976e+07 	
1.38157579e+06 	 2.428399e-09 	 1.690776e+07 	
1.38182591e+06 	 2.161889e-09 	 1.690564e+07 	
1.38207604e+06 	 1.922554e-09 	 1.690366e+07 	
1.38232616e+06 	 1.707918e-09 	 1.690153e+07 	
1.38257629e+06 	 1.515631e-09 	 1.689940e+07 	
1.38282641e+06 	 1.343513e-09 	 1.689760e+07 	
1.38307654e+06 	 1.189705e-09 	 1.689555e+07 	
1.38332666e+06 	 1.052366e-09 	 1.689368e+07 	
1.38357679e+06 	 9.299073e-10 	 1.689160e+07 	
1.38382691e+06 	 8.208069e-10 	 1.688981e+07 	
1.38407704e+06 	 7.237468e-10 	 1.688784e+07 	
1.38432716e+06 	 6.374813e-10 	 1.688597e+07 	
1.38457729e+06 	 5.609070e-10 	 1.688392e+07 	
1.38482741e+06 	 4.929994e-10 	 1.688216e+07 	
1.38507754e+06 	 4.328572e-10 	 1.688025e+07 	
1.38532766e+06 	 3.796485e-10 	 1.687837e+07 	
1.38557779e+06 	 3.326279e-10 	 1.687647e+07 	
1.38582791e+06 	 2.911220e-10 	 1.687460e+07 	
1.38607804e+06 	 2.545269e-10 	 1.687261e+07 	
1.38632816e+06 	 2.222951e-10 	 1.687085e+07 	
1.38657829e+06 	 1.939410e-10 	 1.686892e+07 	
1.38682841e+06 	 1.690245e-10 	 1.686711e+07 	
1.38707854e+06 	 1.471544e-10 	 1.686519e+07 	
1.38732866e+06 	 1.279788e-10 	 1.686338e+07 	
1.38757879e+06 	 1.111851e-10 	 1.686151e+07 	
1.38782891e+06 	 9.649349e-11 	 1.685967e+07 	
1.38807904e+06 	 8.365534e-11 	 1.685781e+07 	
1.58756777e+06 	 1.000000e-20 	 1.555815e+07 	
1.81572616e+06 	 1.000000e-20 	 1.439008e+07 	
2.07667450e+06 	 1.000000e-20 	 1.333295e+07 	
2.37512520e+06 	 1.000000e-20 	 1.237100e+07 	
2.71646794e+06 	 1.000000e-20 	 1.149182e+07 	
3.10686700e+06 	 1.000000e-20 	 1.068543e+07 	
3.55337252e+06 	 1.000000e-20 	 9.943636e+06 	
4.06404789e+06 	 1.000000e-20 	 9.259622e+06 	
4.64811533e+06 	 1.000000e-20 	 8.627610e+06 	
5.31612241e+06 	 1.000000e-20 	 8.042655e+06 	
6.08013259e+06 	 1.000000e-20 	 7.500480e+06 	
6.95394302e+06 	 1.000000e-20 	 6.997344e+06 	
7.95333371e+06 	 1.000000e-20 	 6.529953e+06 	
9.09635253e+06 	 1.000000e-20 	 6.095384e+06 	
1.04036411e+07 	 1.000000e-20 	 5.691026e+06 	
1.18988075e+07 	 1.000000e-20 	 5.314533e+06 	
1.36088528e+07 	 1.000000e-20 	 4.963788e+06 	
1.55646584e+07 	 1.000000e-20 	 4.636872e+06 	
1.78015440e+07 	 1.000000e-20 	 4.332038e+06 	
2.03599051e+07 	 1.000000e-20 	 4.047692e+06 	
2.32859428e+07 	 1.000000e-20 	 3.782373e+06 	
2.66324981e+07 	 1.000000e-20 	 3.534741e+06 	
3.04600058e+07 	 1.000000e-20 	 3.303562e+06 	
3.48375864e+07 	 1.000000e-20 	 3.087698e+06 	
3.98442941e+07 	 1.000000e-20 	 2.886098e+06 	
4.55705442e+07 	 1.000000e-20 	 2.697791e+06 	
5.21197462e+07 	 1.000000e-20 	 2.521876e+06 	
5.96101713e+07 	 1.000000e-20 	 2.357518e+06 	
6.81770880e+07 	 1.000000e-20 	 2.203942e+06 	
7.79752050e+07 	 1.000000e-20 	 2.060428e+06 	
8.91814651e+07 	 1.000000e-20 	 1.926306e+06 	
1.01998241e+08 	 1.000000e-20 	 1.800953e+06 	
1.16656988e+08 	 1.000000e-20 	 1.683789e+06 	
1.33422427e+08 	 1.000000e-20 	 1.574272e+06 	
1.52597322e+08 	 1.000000e-20 	 1.471899e+06 	
1.74527951e+08 	 1.000000e-20 	 1.376201e+06 	
1.99610356e+08 	 1.000000e-20 	 1.286738e+06 	
2.28297495e+08 	 1.000000e-20 	 1.203102e+06 	
2.61107426e+08 	 1.000000e-20 	 1.124912e+06 	
2.98632659e+08 	 1.000000e-20 	 1.051811e+06 	
3.41550857e+08 	 1.000000e-20 	 9.834671e+05 	
3.90637072e+08 	 1.000000e-20 	 9.195687e+05 	
4.46777748e+08 	 1.000000e-20 	 8.598260e+05 	
5.10986718e+08 	 1.000000e-20 	 8.039682e+05 	
5.84423525e+08 	 1.000000e-20 	 7.517418e+05 	
6.68414353e+08 	 1.000000e-20 	 7.029104e+05 	
7.64475981e+08 	 1.000000e-20 	 6.572528e+05 	
8.74343171e+08 	 1.000000e-20 	 6.145624e+05 	
1.00000000e+09 	 1.000000e-20 	 5.746461e+05 	
