r (cm)        	 rho (g/cm3) 	 T (K)       		 Linf = 3.112391e+38
1.19999980e+06 	 1.319436e+05 	 1.237890e+09 	
1.20010576e+06 	 1.135927e+05 	 1.191291e+09 	
1.20021520e+06 	 9.689231e+04 	 1.143748e+09 	
1.20030599e+06 	 8.462099e+04 	 1.104775e+09 	
1.20039678e+06 	 7.366039e+04 	 1.066244e+09 	
1.20048758e+06 	 6.390007e+04 	 1.028170e+09 	
1.20057837e+06 	 5.523594e+04 	 9.905682e+08 	
1.20066738e+06 	 4.771179e+04 	 9.541807e+08 	
1.20075639e+06 	 4.106061e+04 	 9.182795e+08 	
1.20084540e+06 	 3.520133e+04 	 8.828812e+08 	
1.20091821e+06 	 3.094414e+04 	 8.543113e+08 	
1.20099102e+06 	 2.712713e+04 	 8.260992e+08 	
1.20106383e+06 	 2.371365e+04 	 7.982550e+08 	
1.20113664e+06 	 2.066920e+04 	 7.707890e+08 	
1.20120945e+06 	 1.796143e+04 	 7.437116e+08 	
1.20127970e+06 	 1.563958e+04 	 7.179649e+08 	
1.20134995e+06 	 1.357744e+04 	 6.926000e+08 	
1.20142020e+06 	 1.175119e+04 	 6.676268e+08 	
1.20149045e+06 	 1.013864e+04 	 6.430557e+08 	
1.20154884e+06 	 8.945929e+03 	 6.229437e+08 	
1.20160724e+06 	 7.875512e+03 	 6.031227e+08 	
1.20166564e+06 	 6.916998e+03 	 5.835989e+08 	
1.20172403e+06 	 6.060659e+03 	 5.643782e+08 	
1.20178243e+06 	 5.297411e+03 	 5.454670e+08 	
1.20184081e+06 	 4.618981e+03 	 5.268772e+08 	
1.20189919e+06 	 4.017241e+03 	 5.086088e+08 	
1.20195757e+06 	 3.484878e+03 	 4.906682e+08 	
1.20200593e+06 	 3.091522e+03 	 4.760572e+08 	
1.20205430e+06 	 2.737547e+03 	 4.616787e+08 	
1.20210266e+06 	 2.419607e+03 	 4.475361e+08 	
1.20215103e+06 	 2.134576e+03 	 4.336329e+08 	
1.20219939e+06 	 1.879542e+03 	 4.199722e+08 	
1.20224776e+06 	 1.651798e+03 	 4.065573e+08 	
1.20229661e+06 	 1.446905e+03 	 3.932599e+08 	
1.20234547e+06 	 1.264893e+03 	 3.802197e+08 	
1.20239432e+06 	 1.103549e+03 	 3.674396e+08 	
1.20243497e+06 	 9.835698e+02 	 3.570052e+08 	
1.20247562e+06 	 8.753975e+02 	 3.467545e+08 	
1.20251628e+06 	 7.780183e+02 	 3.366890e+08 	
1.20255693e+06 	 6.904897e+02 	 3.268103e+08 	
1.20259758e+06 	 6.119371e+02 	 3.171197e+08 	
1.20263824e+06 	 5.415498e+02 	 3.076183e+08 	
1.20267889e+06 	 4.785783e+02 	 2.983075e+08 	
1.20272106e+06 	 4.203555e+02 	 2.888521e+08 	
1.20276322e+06 	 3.686561e+02 	 2.796038e+08 	
1.20279827e+06 	 3.301781e+02 	 2.720750e+08 	
1.20283332e+06 	 2.954102e+02 	 2.646904e+08 	
1.20286837e+06 	 2.640323e+02 	 2.574503e+08 	
1.20290342e+06 	 2.357475e+02 	 2.503551e+08 	
1.20293847e+06 	 2.102813e+02 	 2.434050e+08 	
1.20297352e+06 	 1.873802e+02 	 2.366001e+08 	
1.20300857e+06 	 1.668101e+02 	 2.299405e+08 	
1.20304362e+06 	 1.483555e+02 	 2.234262e+08 	
1.20307867e+06 	 1.318185e+02 	 2.170570e+08 	
1.20311575e+06 	 1.162087e+02 	 2.104765e+08 	
1.20314646e+06 	 1.046112e+02 	 2.051495e+08 	
1.20317717e+06 	 9.410785e+01 	 1.999332e+08 	
1.20320788e+06 	 8.460361e+01 	 1.948274e+08 	
1.20323859e+06 	 7.601086e+01 	 1.898316e+08 	
1.20326929e+06 	 6.824876e+01 	 1.849454e+08 	
1.20330000e+06 	 6.124289e+01 	 1.801683e+08 	
1.20333071e+06 	 5.492475e+01 	 1.754997e+08 	
1.20336142e+06 	 4.923143e+01 	 1.709391e+08 	
1.20339212e+06 	 4.410519e+01 	 1.664857e+08 	
1.20342283e+06 	 3.949311e+01 	 1.621388e+08 	
1.20345354e+06 	 3.534676e+01 	 1.578977e+08 	
1.20348425e+06 	 3.162183e+01 	 1.537615e+08 	
1.20351496e+06 	 2.827787e+01 	 1.497292e+08 	
1.20354566e+06 	 2.527800e+01 	 1.458000e+08 	
1.20357521e+06 	 2.268513e+01 	 1.421159e+08 	
1.20360476e+06 	 2.035235e+01 	 1.385253e+08 	
1.20363430e+06 	 1.825477e+01 	 1.350272e+08 	
1.20366385e+06 	 1.636969e+01 	 1.316205e+08 	
1.20369339e+06 	 1.467647e+01 	 1.283042e+08 	
1.20372294e+06 	 1.315633e+01 	 1.250772e+08 	
1.20375248e+06 	 1.179220e+01 	 1.219382e+08 	
1.20378203e+06 	 1.056860e+01 	 1.188861e+08 	
1.20381157e+06 	 9.471497e+00 	 1.159197e+08 	
1.20384112e+06 	 8.488179e+00 	 1.130376e+08 	
1.20387066e+06 	 7.607144e+00 	 1.102386e+08 	
1.20390021e+06 	 6.817994e+00 	 1.075213e+08 	
1.20392975e+06 	 6.111339e+00 	 1.048844e+08 	
1.20395930e+06 	 5.478706e+00 	 1.023264e+08 	
1.20398884e+06 	 4.912455e+00 	 9.984593e+07 	
1.20401839e+06 	 4.405706e+00 	 9.744156e+07 	
1.20405094e+06 	 3.908834e+00 	 9.487857e+07 	
1.20408350e+06 	 3.469285e+00 	 9.240419e+07 	
1.20411606e+06 	 3.080471e+00 	 9.001642e+07 	
1.20414861e+06 	 2.736537e+00 	 8.771321e+07 	
1.20418117e+06 	 2.432291e+00 	 8.549252e+07 	
1.20421372e+06 	 2.163129e+00 	 8.335229e+07 	
1.20424628e+06 	 1.924969e+00 	 8.129045e+07 	
1.20427883e+06 	 1.714201e+00 	 7.930492e+07 	
1.20431139e+06 	 1.527627e+00 	 7.739362e+07 	
1.20434394e+06 	 1.362421e+00 	 7.555447e+07 	
1.20437650e+06 	 1.216085e+00 	 7.378541e+07 	
1.20440905e+06 	 1.086412e+00 	 7.208437e+07 	
1.20444824e+06 	 9.496780e-01 	 7.012407e+07 	
1.20448743e+06 	 8.313122e-01 	 6.825580e+07 	
1.20452662e+06 	 7.287644e-01 	 6.647605e+07 	
1.20456581e+06 	 6.398422e-01 	 6.478133e+07 	
1.20460499e+06 	 5.626610e-01 	 6.316823e+07 	
1.20464418e+06 	 4.956013e-01 	 6.163339e+07 	
1.20468337e+06 	 4.372714e-01 	 6.017352e+07 	
1.20472256e+06 	 3.864755e-01 	 5.878537e+07 	
1.20476954e+06 	 3.340782e-01 	 5.721140e+07 	
1.20481651e+06 	 2.895375e-01 	 5.573070e+07 	
1.20486349e+06 	 2.516015e-01 	 5.433814e+07 	
1.20491047e+06 	 2.192247e-01 	 5.302880e+07 	
1.20495745e+06 	 1.915340e-01 	 5.179790e+07 	
1.20501429e+06 	 1.632581e-01 	 5.040686e+07 	
1.20507113e+06 	 1.397174e-01 	 4.911632e+07 	
1.20512798e+06 	 1.200528e-01 	 4.791897e+07 	
1.20518482e+06 	 1.035696e-01 	 4.680795e+07 	
1.20525225e+06 	 8.737468e-02 	 4.559318e+07 	
1.20531968e+06 	 7.411913e-02 	 4.448077e+07 	
1.20538710e+06 	 6.321539e-02 	 4.346149e+07 	
1.20546307e+06 	 5.317452e-02 	 4.241402e+07 	
1.20553905e+06 	 4.502106e-02 	 4.146297e+07 	
1.20562500e+06 	 3.757772e-02 	 4.049073e+07 	
1.20571095e+06 	 3.160903e-02 	 3.961629e+07 	
1.20580811e+06 	 2.622848e-02 	 3.873141e+07 	
1.20590526e+06 	 2.196005e-02 	 3.794259e+07 	
1.20601473e+06 	 1.816003e-02 	 3.715342e+07 	
1.20612420e+06 	 1.516968e-02 	 3.645529e+07 	
1.20624743e+06 	 1.252812e-02 	 3.576237e+07 	
1.20637067e+06 	 1.046127e-02 	 3.515325e+07 	
1.20651018e+06 	 8.634976e-03 	 3.454889e+07 	
1.20664969e+06 	 7.213000e-03 	 3.402055e+07 	
1.20680656e+06 	 5.968663e-03 	 3.350209e+07 	
1.20696344e+06 	 5.000914e-03 	 3.305019e+07 	
1.20715879e+06 	 4.075423e-03 	 3.256373e+07 	
1.20735415e+06 	 3.373168e-03 	 3.214621e+07 	
1.20754951e+06 	 2.830742e-03 	 3.178453e+07 	
1.20779974e+06 	 2.302077e-03 	 3.138685e+07 	
1.20804997e+06 	 1.905390e-03 	 3.104804e+07 	
1.20830020e+06 	 1.601533e-03 	 3.075601e+07 	
1.20863130e+06 	 1.299085e-03 	 3.042628e+07 	
1.20896239e+06 	 1.075296e-03 	 3.014710e+07 	
1.20929349e+06 	 9.056786e-04 	 2.990727e+07 	
1.20974149e+06 	 7.351288e-04 	 2.963117e+07 	
1.21018949e+06 	 6.106226e-04 	 2.939781e+07 	
1.21063749e+06 	 5.171812e-04 	 2.919709e+07 	
1.21129167e+06 	 4.178334e-04 	 2.894822e+07 	
1.21194586e+06 	 3.473898e-04 	 2.873853e+07 	
1.21260005e+06 	 2.956931e-04 	 2.855783e+07 	
1.21325423e+06 	 2.566574e-04 	 2.839917e+07 	
1.21418526e+06 	 2.157189e-04 	 2.820200e+07 	
1.21511629e+06 	 1.861866e-04 	 2.802999e+07 	
1.21620024e+06 	 1.611036e-04 	 2.785299e+07 	
1.21728419e+06 	 1.426476e-04 	 2.769460e+07 	
1.21836814e+06 	 1.286629e-04 	 2.755021e+07 	
1.22001563e+06 	 1.130904e-04 	 2.735061e+07 	
1.22166312e+06 	 1.019998e-04 	 2.716846e+07 	
1.22331061e+06 	 9.379667e-05 	 2.699888e+07 	
1.22587624e+06 	 8.465331e-05 	 2.675241e+07 	
1.22725432e+06 	 8.095531e-05 	 2.662651e+07 	
1.23038602e+06 	 7.452774e-05 	 2.635218e+07 	
1.23284429e+06 	 7.074644e-05 	 2.614518e+07 	
1.23710756e+06 	 6.570835e-05 	 2.579784e+07 	
1.23971078e+06 	 6.321425e-05 	 2.559096e+07 	
1.23997110e+06 	 6.298161e-05 	 2.557045e+07 	
1.23999714e+06 	 6.295849e-05 	 2.556840e+07 	
1.23999974e+06 	 6.295618e-05 	 2.556819e+07 	
1.24000000e+06 	 6.295595e-05 	 2.556817e+07 	
1.24025013e+06 	 6.273516e-05 	 2.554849e+07 	
1.24050025e+06 	 6.251674e-05 	 2.552884e+07 	
1.24075038e+06 	 6.230054e-05 	 2.550921e+07 	
1.24100050e+06 	 6.208649e-05 	 2.548960e+07 	
1.24125063e+06 	 6.187455e-05 	 2.547002e+07 	
1.24150075e+06 	 6.166463e-05 	 2.545047e+07 	
1.24175088e+06 	 6.145669e-05 	 2.543094e+07 	
1.24200100e+06 	 6.125066e-05 	 2.541143e+07 	
1.24225113e+06 	 6.104647e-05 	 2.539195e+07 	
1.24250125e+06 	 6.084407e-05 	 2.537249e+07 	
1.24275138e+06 	 6.064340e-05 	 2.535305e+07 	
1.24300150e+06 	 6.044449e-05 	 2.533363e+07 	
1.24325163e+06 	 6.024727e-05 	 2.531424e+07 	
1.24350175e+06 	 6.005153e-05 	 2.529486e+07 	
1.24375188e+06 	 5.985724e-05 	 2.527551e+07 	
1.24400200e+06 	 5.966437e-05 	 2.525618e+07 	
1.24425213e+06 	 5.947290e-05 	 2.523686e+07 	
1.24450225e+06 	 5.928278e-05 	 2.521757e+07 	
1.24475238e+06 	 5.909399e-05 	 2.519830e+07 	
1.24500250e+06 	 5.890651e-05 	 2.517904e+07 	
1.24525263e+06 	 5.872029e-05 	 2.515981e+07 	
1.24550275e+06 	 5.853530e-05 	 2.514059e+07 	
1.24575288e+06 	 5.835152e-05 	 2.512140e+07 	
1.24600300e+06 	 5.816892e-05 	 2.510222e+07 	
1.24625313e+06 	 5.798746e-05 	 2.508306e+07 	
1.24650325e+06 	 5.780712e-05 	 2.506392e+07 	
1.24675338e+06 	 5.762786e-05 	 2.504480e+07 	
1.24700350e+06 	 5.744965e-05 	 2.502569e+07 	
1.24725363e+06 	 5.727246e-05 	 2.500661e+07 	
1.24750375e+06 	 5.709626e-05 	 2.498754e+07 	
1.24775388e+06 	 5.692102e-05 	 2.496848e+07 	
1.24800400e+06 	 5.674672e-05 	 2.494945e+07 	
1.24825413e+06 	 5.657331e-05 	 2.493043e+07 	
1.24850425e+06 	 5.640076e-05 	 2.491143e+07 	
1.24875438e+06 	 5.622906e-05 	 2.489244e+07 	
1.24900450e+06 	 5.605827e-05 	 2.487347e+07 	
1.24925463e+06 	 5.588829e-05 	 2.485452e+07 	
1.24950475e+06 	 5.571906e-05 	 2.483558e+07 	
1.24975488e+06 	 5.555057e-05 	 2.481666e+07 	
1.25000500e+06 	 5.538282e-05 	 2.479775e+07 	
1.25025513e+06 	 5.521579e-05 	 2.477886e+07 	
1.25050525e+06 	 5.504947e-05 	 2.475999e+07 	
1.25075538e+06 	 5.488384e-05 	 2.474113e+07 	
1.25100550e+06 	 5.471890e-05 	 2.472229e+07 	
1.25125563e+06 	 5.455464e-05 	 2.470346e+07 	
1.25150575e+06 	 5.439103e-05 	 2.468464e+07 	
1.25175588e+06 	 5.422808e-05 	 2.466585e+07 	
1.25200600e+06 	 5.406576e-05 	 2.464706e+07 	
1.25225613e+06 	 5.390407e-05 	 2.462829e+07 	
1.25250625e+06 	 5.374300e-05 	 2.460954e+07 	
1.25275638e+06 	 5.358253e-05 	 2.459080e+07 	
1.25300650e+06 	 5.342265e-05 	 2.457208e+07 	
1.25325663e+06 	 5.326334e-05 	 2.455336e+07 	
1.25350675e+06 	 5.310461e-05 	 2.453467e+07 	
1.25375688e+06 	 5.294643e-05 	 2.451599e+07 	
1.25400700e+06 	 5.278880e-05 	 2.449732e+07 	
1.25425713e+06 	 5.263169e-05 	 2.447867e+07 	
1.25450725e+06 	 5.247511e-05 	 2.446003e+07 	
1.25475738e+06 	 5.231903e-05 	 2.444140e+07 	
1.25500750e+06 	 5.216346e-05 	 2.442279e+07 	
1.25525763e+06 	 5.200836e-05 	 2.440419e+07 	
1.25550775e+06 	 5.185374e-05 	 2.438561e+07 	
1.25575788e+06 	 5.169962e-05 	 2.436704e+07 	
1.25600800e+06 	 5.154600e-05 	 2.434849e+07 	
1.25625813e+06 	 5.139281e-05 	 2.432994e+07 	
1.25650825e+06 	 5.124006e-05 	 2.431141e+07 	
1.25675838e+06 	 5.108773e-05 	 2.429290e+07 	
1.25700850e+06 	 5.093583e-05 	 2.427440e+07 	
1.25725863e+06 	 5.078435e-05 	 2.425591e+07 	
1.25750875e+06 	 5.063328e-05 	 2.423743e+07 	
1.25775888e+06 	 5.048263e-05 	 2.421897e+07 	
1.25800900e+06 	 5.033239e-05 	 2.420052e+07 	
1.25825913e+06 	 5.018255e-05 	 2.418208e+07 	
1.25850925e+06 	 5.003311e-05 	 2.416366e+07 	
1.25875938e+06 	 4.988406e-05 	 2.414525e+07 	
1.25900950e+06 	 4.973541e-05 	 2.412685e+07 	
1.25925963e+06 	 4.958715e-05 	 2.410847e+07 	
1.25950975e+06 	 4.943927e-05 	 2.409010e+07 	
1.25975988e+06 	 4.929176e-05 	 2.407174e+07 	
1.26001001e+06 	 4.914464e-05 	 2.405340e+07 	
1.26026013e+06 	 4.899788e-05 	 2.403507e+07 	
1.26051026e+06 	 4.885150e-05 	 2.401675e+07 	
1.26076038e+06 	 4.870547e-05 	 2.399844e+07 	
1.26101051e+06 	 4.855981e-05 	 2.398015e+07 	
1.26126063e+06 	 4.841450e-05 	 2.396187e+07 	
1.26151076e+06 	 4.826954e-05 	 2.394360e+07 	
1.26176088e+06 	 4.812493e-05 	 2.392534e+07 	
1.26201101e+06 	 4.798066e-05 	 2.390710e+07 	
1.26226113e+06 	 4.783673e-05 	 2.388887e+07 	
1.26251126e+06 	 4.769313e-05 	 2.387065e+07 	
1.26276138e+06 	 4.754987e-05 	 2.385245e+07 	
1.26301151e+06 	 4.740693e-05 	 2.383426e+07 	
1.26326163e+06 	 4.726431e-05 	 2.381608e+07 	
1.26351176e+06 	 4.712201e-05 	 2.379791e+07 	
1.26376188e+06 	 4.698003e-05 	 2.377975e+07 	
1.26401201e+06 	 4.683836e-05 	 2.376161e+07 	
1.26426213e+06 	 4.669699e-05 	 2.374348e+07 	
1.26451226e+06 	 4.655594e-05 	 2.372536e+07 	
1.26476238e+06 	 4.641522e-05 	 2.370726e+07 	
1.26501251e+06 	 4.627479e-05 	 2.368917e+07 	
1.26526263e+06 	 4.613465e-05 	 2.367109e+07 	
1.26551276e+06 	 4.599481e-05 	 2.365302e+07 	
1.26576288e+06 	 4.585525e-05 	 2.363496e+07 	
1.26601301e+06 	 4.571599e-05 	 2.361692e+07 	
1.26626313e+06 	 4.557701e-05 	 2.359889e+07 	
1.26651326e+06 	 4.543832e-05 	 2.358087e+07 	
1.26676338e+06 	 4.529991e-05 	 2.356286e+07 	
1.26701351e+06 	 4.516178e-05 	 2.354486e+07 	
1.26726363e+06 	 4.502394e-05 	 2.352688e+07 	
1.26751376e+06 	 4.488637e-05 	 2.350891e+07 	
1.26776388e+06 	 4.474908e-05 	 2.349095e+07 	
1.26801401e+06 	 4.461207e-05 	 2.347300e+07 	
1.26826413e+06 	 4.447534e-05 	 2.345507e+07 	
1.26851426e+06 	 4.433888e-05 	 2.343714e+07 	
1.26876438e+06 	 4.420269e-05 	 2.341923e+07 	
1.26901451e+06 	 4.406904e-05 	 2.340131e+07 	
1.26926463e+06 	 4.393349e-05 	 2.338342e+07 	
1.26951476e+06 	 4.379820e-05 	 2.336555e+07 	
1.26976488e+06 	 4.366319e-05 	 2.334768e+07 	
1.27001501e+06 	 4.352844e-05 	 2.332983e+07 	
1.27026513e+06 	 4.339396e-05 	 2.331199e+07 	
1.27051526e+06 	 4.325974e-05 	 2.329417e+07 	
1.27076538e+06 	 4.312578e-05 	 2.327635e+07 	
1.27101551e+06 	 4.299209e-05 	 2.325855e+07 	
1.27126563e+06 	 4.285865e-05 	 2.324075e+07 	
1.27151576e+06 	 4.272547e-05 	 2.322297e+07 	
1.27176588e+06 	 4.259255e-05 	 2.320520e+07 	
1.27201601e+06 	 4.245988e-05 	 2.318745e+07 	
1.27226613e+06 	 4.232747e-05 	 2.316970e+07 	
1.27251626e+06 	 4.219531e-05 	 2.315197e+07 	
1.27276638e+06 	 4.206341e-05 	 2.313425e+07 	
1.27301651e+06 	 4.193175e-05 	 2.311654e+07 	
1.27326663e+06 	 4.180035e-05 	 2.309884e+07 	
1.27351676e+06 	 4.166704e-05 	 2.308118e+07 	
1.27376688e+06 	 4.153605e-05 	 2.306351e+07 	
1.27401701e+06 	 4.140531e-05 	 2.304584e+07 	
1.27426713e+06 	 4.127481e-05 	 2.302819e+07 	
1.27451726e+06 	 4.114455e-05 	 2.301056e+07 	
1.27476738e+06 	 4.101454e-05 	 2.299293e+07 	
1.27501751e+06 	 4.088476e-05 	 2.297531e+07 	
1.27526763e+06 	 4.075522e-05 	 2.295771e+07 	
1.27551776e+06 	 4.062592e-05 	 2.294012e+07 	
1.27576788e+06 	 4.049685e-05 	 2.292254e+07 	
1.27601801e+06 	 4.036802e-05 	 2.290497e+07 	
1.27626813e+06 	 4.023943e-05 	 2.288742e+07 	
1.27651826e+06 	 4.011106e-05 	 2.286987e+07 	
1.27676838e+06 	 3.998293e-05 	 2.285234e+07 	
1.27701851e+06 	 3.985503e-05 	 2.283482e+07 	
1.27726863e+06 	 3.972736e-05 	 2.281731e+07 	
1.27751876e+06 	 3.959992e-05 	 2.279981e+07 	
1.27776888e+06 	 3.947270e-05 	 2.278232e+07 	
1.27801901e+06 	 3.934373e-05 	 2.276487e+07 	
1.27826913e+06 	 3.921690e-05 	 2.274741e+07 	
1.27851926e+06 	 3.909029e-05 	 2.272996e+07 	
1.27876938e+06 	 3.896390e-05 	 2.271252e+07 	
1.27901951e+06 	 3.883774e-05 	 2.269509e+07 	
1.27926963e+06 	 3.871179e-05 	 2.267767e+07 	
1.27951976e+06 	 3.858606e-05 	 2.266027e+07 	
1.27976988e+06 	 3.846056e-05 	 2.264287e+07 	
1.28002001e+06 	 3.833526e-05 	 2.262549e+07 	
1.28027014e+06 	 3.821019e-05 	 2.260812e+07 	
1.28052026e+06 	 3.808533e-05 	 2.259076e+07 	
1.28077039e+06 	 3.796068e-05 	 2.257342e+07 	
1.28102051e+06 	 3.783625e-05 	 2.255608e+07 	
1.28127064e+06 	 3.771203e-05 	 2.253876e+07 	
1.28152076e+06 	 3.758802e-05 	 2.252144e+07 	
1.28177089e+06 	 3.746422e-05 	 2.250414e+07 	
1.28202101e+06 	 3.734063e-05 	 2.248685e+07 	
1.28227114e+06 	 3.721725e-05 	 2.246957e+07 	
1.28252126e+06 	 3.709597e-05 	 2.245228e+07 	
1.28277139e+06 	 3.697307e-05 	 2.243503e+07 	
1.28302151e+06 	 3.685038e-05 	 2.241778e+07 	
1.28327164e+06 	 3.672790e-05 	 2.240055e+07 	
1.28352176e+06 	 3.660563e-05 	 2.238333e+07 	
1.28377189e+06 	 3.648356e-05 	 2.236612e+07 	
1.28402201e+06 	 3.636170e-05 	 2.234892e+07 	
1.28427214e+06 	 3.624004e-05 	 2.233173e+07 	
1.28452226e+06 	 3.611858e-05 	 2.231455e+07 	
1.28477239e+06 	 3.599733e-05 	 2.229739e+07 	
1.28502251e+06 	 3.587628e-05 	 2.228024e+07 	
1.28527264e+06 	 3.575543e-05 	 2.226309e+07 	
1.28552276e+06 	 3.563478e-05 	 2.224596e+07 	
1.28577289e+06 	 3.551434e-05 	 2.222884e+07 	
1.28602301e+06 	 3.539409e-05 	 2.221174e+07 	
1.28627314e+06 	 3.527403e-05 	 2.219464e+07 	
1.28652326e+06 	 3.515418e-05 	 2.217756e+07 	
1.28677339e+06 	 3.503452e-05 	 2.216048e+07 	
1.28702351e+06 	 3.491328e-05 	 2.214344e+07 	
1.28727364e+06 	 3.479395e-05 	 2.212639e+07 	
1.28752376e+06 	 3.467481e-05 	 2.210935e+07 	
1.28777389e+06 	 3.455587e-05 	 2.209233e+07 	
1.28802401e+06 	 3.443711e-05 	 2.207531e+07 	
1.28827414e+06 	 3.431854e-05 	 2.205830e+07 	
1.28852426e+06 	 3.420016e-05 	 2.204131e+07 	
1.28877439e+06 	 3.408197e-05 	 2.202433e+07 	
1.28902451e+06 	 3.396397e-05 	 2.200736e+07 	
1.28927464e+06 	 3.384615e-05 	 2.199040e+07 	
1.28952476e+06 	 3.372851e-05 	 2.197345e+07 	
1.28977489e+06 	 3.361106e-05 	 2.195651e+07 	
1.29002501e+06 	 3.349380e-05 	 2.193959e+07 	
1.29027514e+06 	 3.337672e-05 	 2.192267e+07 	
1.29052526e+06 	 3.325981e-05 	 2.190577e+07 	
1.29077539e+06 	 3.314309e-05 	 2.188888e+07 	
1.29102551e+06 	 3.302655e-05 	 2.187200e+07 	
1.29127564e+06 	 3.291019e-05 	 2.185513e+07 	
1.29152576e+06 	 3.279568e-05 	 2.183825e+07 	
1.29177589e+06 	 3.267973e-05 	 2.182140e+07 	
1.29202601e+06 	 3.256396e-05 	 2.180457e+07 	
1.29227614e+06 	 3.244837e-05 	 2.178774e+07 	
1.29252626e+06 	 3.233296e-05 	 2.177093e+07 	
1.29277639e+06 	 3.221772e-05 	 2.175413e+07 	
1.29302651e+06 	 3.210266e-05 	 2.173734e+07 	
1.29327664e+06 	 3.198777e-05 	 2.172056e+07 	
1.29352676e+06 	 3.187306e-05 	 2.170379e+07 	
1.29377689e+06 	 3.175852e-05 	 2.168703e+07 	
1.29402701e+06 	 3.164415e-05 	 2.167029e+07 	
1.29427714e+06 	 3.152995e-05 	 2.165355e+07 	
1.29452726e+06 	 3.141593e-05 	 2.163683e+07 	
1.29477739e+06 	 3.130207e-05 	 2.162012e+07 	
1.29502751e+06 	 3.118838e-05 	 2.160342e+07 	
1.29527764e+06 	 3.107486e-05 	 2.158673e+07 	
1.29552776e+06 	 3.096151e-05 	 2.157005e+07 	
1.29577789e+06 	 3.084832e-05 	 2.155338e+07 	
1.29602801e+06 	 3.073686e-05 	 2.153671e+07 	
1.29627814e+06 	 3.062405e-05 	 2.152006e+07 	
1.29652826e+06 	 3.051142e-05 	 2.150343e+07 	
1.29677839e+06 	 3.039895e-05 	 2.148680e+07 	
1.29702851e+06 	 3.028664e-05 	 2.147019e+07 	
1.29727864e+06 	 3.017449e-05 	 2.145359e+07 	
1.29752876e+06 	 3.006251e-05 	 2.143700e+07 	
1.29777889e+06 	 2.995069e-05 	 2.142043e+07 	
1.29802901e+06 	 2.983902e-05 	 2.140386e+07 	
1.29827914e+06 	 2.972752e-05 	 2.138730e+07 	
1.29852926e+06 	 2.961618e-05 	 2.137076e+07 	
1.29877939e+06 	 2.950500e-05 	 2.135423e+07 	
1.29902951e+06 	 2.939397e-05 	 2.133771e+07 	
1.29927964e+06 	 2.928310e-05 	 2.132120e+07 	
1.29952976e+06 	 2.917239e-05 	 2.130470e+07 	
1.29977989e+06 	 2.906183e-05 	 2.128821e+07 	
1.30003002e+06 	 2.895142e-05 	 2.127173e+07 	
1.30028014e+06 	 2.884117e-05 	 2.125527e+07 	
1.30053027e+06 	 2.873252e-05 	 2.123879e+07 	
1.30078039e+06 	 2.862263e-05 	 2.122235e+07 	
1.30103052e+06 	 2.851288e-05 	 2.120591e+07 	
1.30128064e+06 	 2.840329e-05 	 2.118949e+07 	
1.30153077e+06 	 2.829384e-05 	 2.117308e+07 	
1.30178089e+06 	 2.818455e-05 	 2.115668e+07 	
1.30203102e+06 	 2.807541e-05 	 2.114030e+07 	
1.30228114e+06 	 2.796641e-05 	 2.112392e+07 	
1.30253127e+06 	 2.785756e-05 	 2.110755e+07 	
1.30278139e+06 	 2.774886e-05 	 2.109120e+07 	
1.30303152e+06 	 2.764030e-05 	 2.107486e+07 	
1.30328164e+06 	 2.753189e-05 	 2.105853e+07 	
1.30353177e+06 	 2.742363e-05 	 2.104221e+07 	
1.30378189e+06 	 2.731550e-05 	 2.102590e+07 	
1.30403202e+06 	 2.720752e-05 	 2.100960e+07 	
1.30428214e+06 	 2.709968e-05 	 2.099331e+07 	
1.30453227e+06 	 2.699199e-05 	 2.097704e+07 	
1.30478239e+06 	 2.688443e-05 	 2.096078e+07 	
1.30503252e+06 	 2.677836e-05 	 2.094450e+07 	
1.30528264e+06 	 2.667113e-05 	 2.092826e+07 	
1.30553277e+06 	 2.656403e-05 	 2.091203e+07 	
1.30578289e+06 	 2.645708e-05 	 2.089581e+07 	
1.30603302e+06 	 2.635026e-05 	 2.087960e+07 	
1.30628314e+06 	 2.624357e-05 	 2.086340e+07 	
1.30653327e+06 	 2.613703e-05 	 2.084722e+07 	
1.30678339e+06 	 2.603061e-05 	 2.083104e+07 	
1.30703352e+06 	 2.592433e-05 	 2.081488e+07 	
1.30728364e+06 	 2.581819e-05 	 2.079873e+07 	
1.30753377e+06 	 2.571217e-05 	 2.078259e+07 	
1.30778389e+06 	 2.560629e-05 	 2.076646e+07 	
1.30803402e+06 	 2.550054e-05 	 2.075034e+07 	
1.30828414e+06 	 2.539492e-05 	 2.073423e+07 	
1.30853427e+06 	 2.528943e-05 	 2.071814e+07 	
1.30878439e+06 	 2.518406e-05 	 2.070205e+07 	
1.30903452e+06 	 2.507882e-05 	 2.068598e+07 	
1.30928464e+06 	 2.497371e-05 	 2.066992e+07 	
1.30953477e+06 	 2.486998e-05 	 2.065385e+07 	
1.30978489e+06 	 2.476517e-05 	 2.063781e+07 	
1.31003502e+06 	 2.466047e-05 	 2.062178e+07 	
1.31028514e+06 	 2.455590e-05 	 2.060576e+07 	
1.31053527e+06 	 2.445146e-05 	 2.058976e+07 	
1.31078539e+06 	 2.434714e-05 	 2.057376e+07 	
1.31103552e+06 	 2.424293e-05 	 2.055778e+07 	
1.31128564e+06 	 2.413885e-05 	 2.054181e+07 	
1.31153577e+06 	 2.403489e-05 	 2.052585e+07 	
1.31178589e+06 	 2.393105e-05 	 2.050990e+07 	
1.31203602e+06 	 2.382733e-05 	 2.049397e+07 	
1.31228614e+06 	 2.372372e-05 	 2.047804e+07 	
1.31253627e+06 	 2.362023e-05 	 2.046213e+07 	
1.31278639e+06 	 2.351686e-05 	 2.044622e+07 	
1.31303652e+06 	 2.341360e-05 	 2.043033e+07 	
1.31328664e+06 	 2.331046e-05 	 2.041445e+07 	
1.31353677e+06 	 2.320742e-05 	 2.039859e+07 	
1.31378689e+06 	 2.310450e-05 	 2.038273e+07 	
1.31403702e+06 	 2.300286e-05 	 2.036686e+07 	
1.31428714e+06 	 2.290020e-05 	 2.035103e+07 	
1.31453727e+06 	 2.279765e-05 	 2.033520e+07 	
1.31478739e+06 	 2.269521e-05 	 2.031939e+07 	
1.31503752e+06 	 2.259288e-05 	 2.030359e+07 	
1.31528764e+06 	 2.249066e-05 	 2.028781e+07 	
1.31553777e+06 	 2.238855e-05 	 2.027203e+07 	
1.31578789e+06 	 2.228654e-05 	 2.025627e+07 	
1.31603802e+06 	 2.218463e-05 	 2.024051e+07 	
1.31628814e+06 	 2.208284e-05 	 2.022477e+07 	
1.31653827e+06 	 2.198114e-05 	 2.020904e+07 	
1.31678839e+06 	 2.187955e-05 	 2.019332e+07 	
1.31703852e+06 	 2.177806e-05 	 2.017762e+07 	
1.31728864e+06 	 2.167667e-05 	 2.016192e+07 	
1.31753877e+06 	 2.157538e-05 	 2.014624e+07 	
1.31778889e+06 	 2.147419e-05 	 2.013057e+07 	
1.31803902e+06 	 2.137310e-05 	 2.011491e+07 	
1.31828914e+06 	 2.127210e-05 	 2.009926e+07 	
1.31853927e+06 	 2.117013e-05 	 2.008365e+07 	
1.31878939e+06 	 2.106929e-05 	 2.006803e+07 	
1.31903952e+06 	 2.096854e-05 	 2.005241e+07 	
1.31928964e+06 	 2.086789e-05 	 2.003682e+07 	
1.31953977e+06 	 2.076732e-05 	 2.002123e+07 	
1.31978989e+06 	 2.066685e-05 	 2.000565e+07 	
1.32004002e+06 	 2.056646e-05 	 1.999009e+07 	
1.32029015e+06 	 2.046617e-05 	 1.997454e+07 	
1.32054027e+06 	 2.036596e-05 	 1.995900e+07 	
1.32079040e+06 	 2.026583e-05 	 1.994347e+07 	
1.32104052e+06 	 2.016580e-05 	 1.992796e+07 	
1.32129065e+06 	 2.006584e-05 	 1.991246e+07 	
1.32154077e+06 	 1.996597e-05 	 1.989697e+07 	
1.32179090e+06 	 1.986618e-05 	 1.988149e+07 	
1.32204102e+06 	 1.976647e-05 	 1.986602e+07 	
1.32229115e+06 	 1.966685e-05 	 1.985057e+07 	
1.32254127e+06 	 1.956730e-05 	 1.983513e+07 	
1.32279140e+06 	 1.946783e-05 	 1.981970e+07 	
1.32304152e+06 	 1.936941e-05 	 1.980426e+07 	
1.32329165e+06 	 1.927013e-05 	 1.978885e+07 	
1.32354177e+06 	 1.917092e-05 	 1.977346e+07 	
1.32379190e+06 	 1.907178e-05 	 1.975808e+07 	
1.32404202e+06 	 1.897272e-05 	 1.974271e+07 	
1.32429215e+06 	 1.887373e-05 	 1.972736e+07 	
1.32454227e+06 	 1.877482e-05 	 1.971202e+07 	
1.32479240e+06 	 1.867597e-05 	 1.969669e+07 	
1.32504252e+06 	 1.857719e-05 	 1.968137e+07 	
1.32529265e+06 	 1.847848e-05 	 1.966607e+07 	
1.32554277e+06 	 1.837984e-05 	 1.965078e+07 	
1.32579290e+06 	 1.828126e-05 	 1.963550e+07 	
1.32604302e+06 	 1.818275e-05 	 1.962023e+07 	
1.32629315e+06 	 1.808431e-05 	 1.960498e+07 	
1.32654327e+06 	 1.798592e-05 	 1.958974e+07 	
1.32679340e+06 	 1.788760e-05 	 1.957451e+07 	
1.32704352e+06 	 1.778934e-05 	 1.955930e+07 	
1.32729365e+06 	 1.769114e-05 	 1.954410e+07 	
1.32754377e+06 	 1.759389e-05 	 1.952889e+07 	
1.32779390e+06 	 1.749584e-05 	 1.951371e+07 	
1.32804402e+06 	 1.739784e-05 	 1.949855e+07 	
1.32829415e+06 	 1.729989e-05 	 1.948340e+07 	
1.32854427e+06 	 1.720201e-05 	 1.946827e+07 	
1.32879440e+06 	 1.710417e-05 	 1.945315e+07 	
1.32904452e+06 	 1.700639e-05 	 1.943804e+07 	
1.32929465e+06 	 1.690866e-05 	 1.942295e+07 	
1.32954477e+06 	 1.681099e-05 	 1.940787e+07 	
1.32979490e+06 	 1.671336e-05 	 1.939280e+07 	
1.33004502e+06 	 1.661578e-05 	 1.937775e+07 	
1.33029515e+06 	 1.651824e-05 	 1.936271e+07 	
1.33054527e+06 	 1.642076e-05 	 1.934768e+07 	
1.33079540e+06 	 1.632332e-05 	 1.933267e+07 	
1.33104552e+06 	 1.622592e-05 	 1.931767e+07 	
1.33129565e+06 	 1.612856e-05 	 1.930269e+07 	
1.33154577e+06 	 1.603125e-05 	 1.928772e+07 	
1.33179590e+06 	 1.593398e-05 	 1.927277e+07 	
1.33204602e+06 	 1.583756e-05 	 1.925780e+07 	
1.33229615e+06 	 1.574039e-05 	 1.924288e+07 	
1.33254627e+06 	 1.564326e-05 	 1.922797e+07 	
1.33279640e+06 	 1.554617e-05 	 1.921307e+07 	
1.33304652e+06 	 1.544911e-05 	 1.919819e+07 	
1.33329665e+06 	 1.535209e-05 	 1.918332e+07 	
1.33354677e+06 	 1.525510e-05 	 1.916847e+07 	
1.33379690e+06 	 1.515815e-05 	 1.915363e+07 	
1.33404702e+06 	 1.506123e-05 	 1.913880e+07 	
1.33429715e+06 	 1.496434e-05 	 1.912400e+07 	
1.33454727e+06 	 1.486747e-05 	 1.910920e+07 	
1.33479740e+06 	 1.477064e-05 	 1.909443e+07 	
1.33504752e+06 	 1.467384e-05 	 1.907967e+07 	
1.33529765e+06 	 1.457706e-05 	 1.906492e+07 	
1.33554777e+06 	 1.448031e-05 	 1.905019e+07 	
1.33579790e+06 	 1.438358e-05 	 1.903548e+07 	
1.33604802e+06 	 1.428687e-05 	 1.902078e+07 	
1.33629815e+06 	 1.419019e-05 	 1.900610e+07 	
1.33654827e+06 	 1.409426e-05 	 1.899141e+07 	
1.33679840e+06 	 1.399764e-05 	 1.897676e+07 	
1.33704852e+06 	 1.390105e-05 	 1.896213e+07 	
1.33729865e+06 	 1.380448e-05 	 1.894751e+07 	
1.33754877e+06 	 1.370792e-05 	 1.893291e+07 	
1.33779890e+06 	 1.361139e-05 	 1.891832e+07 	
1.33804902e+06 	 1.351487e-05 	 1.890376e+07 	
1.33829915e+06 	 1.341836e-05 	 1.888921e+07 	
1.33854927e+06 	 1.332188e-05 	 1.887468e+07 	
1.33879940e+06 	 1.322540e-05 	 1.886016e+07 	
1.33904952e+06 	 1.312895e-05 	 1.884566e+07 	
1.33929965e+06 	 1.303250e-05 	 1.883118e+07 	
1.33954977e+06 	 1.293607e-05 	 1.881672e+07 	
1.33979990e+06 	 1.283965e-05 	 1.880228e+07 	
1.34005003e+06 	 1.274325e-05 	 1.878785e+07 	
1.34030015e+06 	 1.264685e-05 	 1.877345e+07 	
1.34055028e+06 	 1.255046e-05 	 1.875906e+07 	
1.34080040e+06 	 1.245409e-05 	 1.874469e+07 	
1.34105053e+06 	 1.235708e-05 	 1.873036e+07 	
1.34130065e+06 	 1.226070e-05 	 1.871603e+07 	
1.34155078e+06 	 1.216433e-05 	 1.870172e+07 	
1.34180090e+06 	 1.206797e-05 	 1.868743e+07 	
1.34205103e+06 	 1.197162e-05 	 1.867316e+07 	
1.34230115e+06 	 1.187527e-05 	 1.865891e+07 	
1.34255128e+06 	 1.177893e-05 	 1.864467e+07 	
1.34280140e+06 	 1.168260e-05 	 1.863046e+07 	
1.34305153e+06 	 1.158628e-05 	 1.861627e+07 	
1.34330165e+06 	 1.148996e-05 	 1.860210e+07 	
1.34355178e+06 	 1.139364e-05 	 1.858796e+07 	
1.34380190e+06 	 1.129734e-05 	 1.857383e+07 	
1.34405203e+06 	 1.120104e-05 	 1.855972e+07 	
1.34430215e+06 	 1.110475e-05 	 1.854564e+07 	
1.34455228e+06 	 1.100847e-05 	 1.853158e+07 	
1.34480240e+06 	 1.091219e-05 	 1.851754e+07 	
1.34505253e+06 	 1.081592e-05 	 1.850352e+07 	
1.34530265e+06 	 1.071912e-05 	 1.848955e+07 	
1.34555278e+06 	 1.062285e-05 	 1.847558e+07 	
1.34580290e+06 	 1.052660e-05 	 1.846164e+07 	
1.34605303e+06 	 1.043035e-05 	 1.844772e+07 	
1.34630315e+06 	 1.033412e-05 	 1.843382e+07 	
1.34655328e+06 	 1.023789e-05 	 1.841994e+07 	
1.34680340e+06 	 1.014168e-05 	 1.840610e+07 	
1.34705353e+06 	 1.004549e-05 	 1.839227e+07 	
1.34730365e+06 	 9.949306e-06 	 1.837847e+07 	
1.34755378e+06 	 9.853143e-06 	 1.836470e+07 	
1.34780390e+06 	 9.756998e-06 	 1.835095e+07 	
1.34805403e+06 	 9.660874e-06 	 1.833723e+07 	
1.34830415e+06 	 9.564771e-06 	 1.832354e+07 	
1.34855428e+06 	 9.468692e-06 	 1.830987e+07 	
1.34880440e+06 	 9.372639e-06 	 1.829623e+07 	
1.34905453e+06 	 9.276613e-06 	 1.828262e+07 	
1.34930465e+06 	 9.180618e-06 	 1.826904e+07 	
1.34955478e+06 	 9.084655e-06 	 1.825549e+07 	
1.34980490e+06 	 8.989189e-06 	 1.824194e+07 	
1.35005503e+06 	 8.893313e-06 	 1.822844e+07 	
1.35030515e+06 	 8.797478e-06 	 1.821498e+07 	
1.35055528e+06 	 8.701687e-06 	 1.820154e+07 	
1.35080540e+06 	 8.605944e-06 	 1.818813e+07 	
1.35105553e+06 	 8.510251e-06 	 1.817476e+07 	
1.35130565e+06 	 8.414613e-06 	 1.816141e+07 	
1.35155578e+06 	 8.319034e-06 	 1.814810e+07 	
1.35180590e+06 	 8.223516e-06 	 1.813482e+07 	
1.35205603e+06 	 8.128065e-06 	 1.812158e+07 	
1.35230615e+06 	 8.032685e-06 	 1.810836e+07 	
1.35255628e+06 	 7.937380e-06 	 1.809519e+07 	
1.35280640e+06 	 7.842156e-06 	 1.808204e+07 	
1.35305653e+06 	 7.747017e-06 	 1.806893e+07 	
1.35330665e+06 	 7.651968e-06 	 1.805586e+07 	
1.35355678e+06 	 7.557016e-06 	 1.804282e+07 	
1.35380690e+06 	 7.462165e-06 	 1.802982e+07 	
1.35405703e+06 	 7.367793e-06 	 1.801683e+07 	
1.35430715e+06 	 7.273173e-06 	 1.800391e+07 	
1.35455728e+06 	 7.178675e-06 	 1.799102e+07 	
1.35480740e+06 	 7.084304e-06 	 1.797817e+07 	
1.35505753e+06 	 6.990067e-06 	 1.796536e+07 	
1.35530765e+06 	 6.895971e-06 	 1.795258e+07 	
1.35555778e+06 	 6.802024e-06 	 1.793985e+07 	
1.35580790e+06 	 6.708235e-06 	 1.792717e+07 	
1.35605803e+06 	 6.614610e-06 	 1.791452e+07 	
1.35630815e+06 	 6.521158e-06 	 1.790191e+07 	
1.35655828e+06 	 6.427888e-06 	 1.788935e+07 	
1.35680840e+06 	 6.334809e-06 	 1.787683e+07 	
1.35705853e+06 	 6.241930e-06 	 1.786436e+07 	
1.35730865e+06 	 6.149261e-06 	 1.785193e+07 	
1.35755878e+06 	 6.056810e-06 	 1.783955e+07 	
1.35780890e+06 	 5.964590e-06 	 1.782721e+07 	
1.35805903e+06 	 5.872609e-06 	 1.781492e+07 	
1.35830915e+06 	 5.780878e-06 	 1.780268e+07 	
1.35855928e+06 	 5.689703e-06 	 1.779047e+07 	
1.35880940e+06 	 5.598514e-06 	 1.777832e+07 	
1.35905953e+06 	 5.507610e-06 	 1.776623e+07 	
1.35930965e+06 	 5.417003e-06 	 1.775419e+07 	
1.35955978e+06 	 5.326705e-06 	 1.774220e+07 	
1.35980990e+06 	 5.236729e-06 	 1.773026e+07 	
1.36006003e+06 	 5.147087e-06 	 1.771837e+07 	
1.36031016e+06 	 5.057792e-06 	 1.770654e+07 	
1.36056028e+06 	 4.968859e-06 	 1.769477e+07 	
1.36081041e+06 	 4.880301e-06 	 1.768304e+07 	
1.36106053e+06 	 4.792133e-06 	 1.767138e+07 	
1.36131066e+06 	 4.704367e-06 	 1.765977e+07 	
1.36156078e+06 	 4.617020e-06 	 1.764822e+07 	
1.36181091e+06 	 4.530107e-06 	 1.763673e+07 	
1.36206103e+06 	 4.443641e-06 	 1.762530e+07 	
1.36231116e+06 	 4.357640e-06 	 1.761394e+07 	
1.36256128e+06 	 4.272118e-06 	 1.760263e+07 	
1.36281141e+06 	 4.186878e-06 	 1.759140e+07 	
1.36306153e+06 	 4.102359e-06 	 1.758022e+07 	
1.36331166e+06 	 4.018369e-06 	 1.756911e+07 	
1.36356178e+06 	 3.934923e-06 	 1.755805e+07 	
1.36381191e+06 	 3.852039e-06 	 1.754707e+07 	
1.36406203e+06 	 3.769734e-06 	 1.753615e+07 	
1.36431216e+06 	 3.688024e-06 	 1.752530e+07 	
1.36456228e+06 	 3.606928e-06 	 1.751451e+07 	
1.36481241e+06 	 3.526463e-06 	 1.750380e+07 	
1.36506253e+06 	 3.446645e-06 	 1.749316e+07 	
1.36531266e+06 	 3.367494e-06 	 1.748258e+07 	
1.36556278e+06 	 3.289026e-06 	 1.747208e+07 	
1.36581291e+06 	 3.211259e-06 	 1.746166e+07 	
1.36606303e+06 	 3.134212e-06 	 1.745130e+07 	
1.36631316e+06 	 3.057901e-06 	 1.744103e+07 	
1.36656328e+06 	 2.982345e-06 	 1.743082e+07 	
1.36681341e+06 	 2.907561e-06 	 1.742070e+07 	
1.36706353e+06 	 2.833710e-06 	 1.741063e+07 	
1.36731366e+06 	 2.760525e-06 	 1.740066e+07 	
1.36756378e+06 	 2.688165e-06 	 1.739077e+07 	
1.36781391e+06 	 2.616646e-06 	 1.738095e+07 	
1.36806403e+06 	 2.545986e-06 	 1.737122e+07 	
1.36831416e+06 	 2.476202e-06 	 1.736157e+07 	
1.36856428e+06 	 2.407309e-06 	 1.735201e+07 	
1.36881441e+06 	 2.339324e-06 	 1.734252e+07 	
1.36906453e+06 	 2.272262e-06 	 1.733312e+07 	
1.36931466e+06 	 2.206140e-06 	 1.732381e+07 	
1.36956478e+06 	 2.140973e-06 	 1.731458e+07 	
1.36981491e+06 	 2.076774e-06 	 1.730544e+07 	
1.37006503e+06 	 2.013557e-06 	 1.729638e+07 	
1.37031516e+06 	 1.951338e-06 	 1.728741e+07 	
1.37056528e+06 	 1.890128e-06 	 1.727853e+07 	
1.37081541e+06 	 1.829940e-06 	 1.726974e+07 	
1.37106553e+06 	 1.770787e-06 	 1.726104e+07 	
1.37131566e+06 	 1.712766e-06 	 1.725241e+07 	
1.37156578e+06 	 1.655714e-06 	 1.724389e+07 	
1.37181591e+06 	 1.599728e-06 	 1.723546e+07 	
1.37206603e+06 	 1.544817e-06 	 1.722712e+07 	
1.37231616e+06 	 1.490989e-06 	 1.721888e+07 	
1.37256628e+06 	 1.438252e-06 	 1.721072e+07 	
1.37281641e+06 	 1.386613e-06 	 1.720267e+07 	
1.37306653e+06 	 1.336077e-06 	 1.719470e+07 	
1.37331666e+06 	 1.286650e-06 	 1.718683e+07 	
1.37356678e+06 	 1.238336e-06 	 1.717906e+07 	
1.37381691e+06 	 1.191138e-06 	 1.717138e+07 	
1.37406703e+06 	 1.145059e-06 	 1.716379e+07 	
1.37431716e+06 	 1.100099e-06 	 1.715630e+07 	
1.37456728e+06 	 1.056260e-06 	 1.714891e+07 	
1.37481741e+06 	 1.013540e-06 	 1.714161e+07 	
1.37506753e+06 	 9.719388e-07 	 1.713441e+07 	
1.37531766e+06 	 9.315006e-07 	 1.712728e+07 	
1.37556778e+06 	 8.921275e-07 	 1.712027e+07 	
1.37581791e+06 	 8.538623e-07 	 1.711336e+07 	
1.37606803e+06 	 8.166995e-07 	 1.710654e+07 	
1.37631816e+06 	 7.806326e-07 	 1.709982e+07 	
1.37656828e+06 	 7.456543e-07 	 1.709319e+07 	
1.37681841e+06 	 7.117562e-07 	 1.708666e+07 	
1.37706853e+06 	 6.789290e-07 	 1.708023e+07 	
1.37731866e+06 	 6.471624e-07 	 1.707389e+07 	
1.37756878e+06 	 6.164454e-07 	 1.706765e+07 	
1.37781891e+06 	 5.867658e-07 	 1.706150e+07 	
1.37806903e+06 	 5.581108e-07 	 1.705545e+07 	
1.37831916e+06 	 5.304665e-07 	 1.704949e+07 	
1.37856928e+06 	 5.038184e-07 	 1.704363e+07 	
1.37881941e+06 	 4.781513e-07 	 1.703786e+07 	
1.37906953e+06 	 4.534261e-07 	 1.703220e+07 	
1.37931966e+06 	 4.296718e-07 	 1.702662e+07 	
1.37956978e+06 	 4.068481e-07 	 1.702113e+07 	
1.37981991e+06 	 3.849369e-07 	 1.701573e+07 	
1.38007004e+06 	 3.639194e-07 	 1.701041e+07 	
1.38032016e+06 	 3.437766e-07 	 1.700519e+07 	
1.38057029e+06 	 3.244885e-07 	 1.700006e+07 	
1.38082041e+06 	 3.060352e-07 	 1.699502e+07 	
1.38107054e+06 	 2.883961e-07 	 1.699006e+07 	
1.38132066e+06 	 2.715501e-07 	 1.698519e+07 	
1.38157079e+06 	 2.554762e-07 	 1.698041e+07 	
1.38182091e+06 	 2.401528e-07 	 1.697571e+07 	
1.38207104e+06 	 2.255582e-07 	 1.697109e+07 	
1.38232116e+06 	 2.116706e-07 	 1.696656e+07 	
1.38257129e+06 	 1.984579e-07 	 1.696214e+07 	
1.38282141e+06 	 1.859184e-07 	 1.695777e+07 	
1.38307154e+06 	 1.740199e-07 	 1.695348e+07 	
1.38332166e+06 	 1.627403e-07 	 1.694927e+07 	
1.38357179e+06 	 1.520577e-07 	 1.694514e+07 	
1.38382191e+06 	 1.419503e-07 	 1.694108e+07 	
1.38407204e+06 	 1.323963e-07 	 1.693710e+07 	
1.38432216e+06 	 1.233744e-07 	 1.693319e+07 	
1.38457229e+06 	 1.148633e-07 	 1.692935e+07 	
1.38482241e+06 	 1.068421e-07 	 1.692559e+07 	
1.38507254e+06 	 9.929000e-08 	 1.692189e+07 	
1.38532266e+06 	 9.218217e-08 	 1.691830e+07 	
1.38557279e+06 	 8.550795e-08 	 1.691475e+07 	
1.38582291e+06 	 7.924313e-08 	 1.691126e+07 	
1.38607304e+06 	 7.336860e-08 	 1.690783e+07 	
1.38632316e+06 	 6.786568e-08 	 1.690447e+07 	
1.38657329e+06 	 6.271618e-08 	 1.690118e+07 	
1.38682341e+06 	 5.790240e-08 	 1.689794e+07 	
1.38707354e+06 	 5.340710e-08 	 1.689476e+07 	
1.38732366e+06 	 4.921362e-08 	 1.689164e+07 	
1.38757379e+06 	 4.530807e-08 	 1.688853e+07 	
1.38782391e+06 	 4.167027e-08 	 1.688551e+07 	
1.38807404e+06 	 3.828741e-08 	 1.688255e+07 	
1.38832416e+06 	 3.514496e-08 	 1.687965e+07 	
1.38857429e+06 	 3.222894e-08 	 1.687679e+07 	
1.38882441e+06 	 2.952593e-08 	 1.687398e+07 	
1.38907454e+06 	 2.702304e-08 	 1.687122e+07 	
1.38932466e+06 	 2.470668e-08 	 1.686857e+07 	
1.38957479e+06 	 2.256756e-08 	 1.686591e+07 	
1.38982491e+06 	 2.059320e-08 	 1.686329e+07 	
1.39007504e+06 	 1.877287e-08 	 1.686072e+07 	
1.39032516e+06 	 1.709638e-08 	 1.685820e+07 	
1.39057529e+06 	 1.555481e-08 	 1.685563e+07 	
1.39082541e+06 	 1.413746e-08 	 1.685317e+07 	
1.39107554e+06 	 1.283636e-08 	 1.685075e+07 	
1.39132566e+06 	 1.164328e-08 	 1.684837e+07 	
1.39157579e+06 	 1.055099e-08 	 1.684591e+07 	
1.39182591e+06 	 9.551142e-09 	 1.684356e+07 	
1.39207604e+06 	 8.637327e-09 	 1.684124e+07 	
1.39232616e+06 	 7.802670e-09 	 1.683907e+07 	
1.39257629e+06 	 7.041812e-09 	 1.683683e+07 	
1.39282641e+06 	 6.348709e-09 	 1.683460e+07 	
1.39307654e+06 	 5.717683e-09 	 1.683260e+07 	
1.39332666e+06 	 5.144342e-09 	 1.683051e+07 	
1.39357679e+06 	 4.624021e-09 	 1.682825e+07 	
1.39382691e+06 	 4.151910e-09 	 1.682619e+07 	
1.39407704e+06 	 3.724313e-09 	 1.682400e+07 	
1.39432716e+06 	 3.337269e-09 	 1.682195e+07 	
1.39457729e+06 	 2.987544e-09 	 1.681963e+07 	
1.39482741e+06 	 2.671716e-09 	 1.681729e+07 	
1.39507754e+06 	 2.386583e-09 	 1.681575e+07 	
1.39532766e+06 	 2.129876e-09 	 1.681366e+07 	
1.39557779e+06 	 1.898798e-09 	 1.681172e+07 	
1.39582791e+06 	 1.691124e-09 	 1.680946e+07 	
1.39607804e+06 	 1.504540e-09 	 1.680782e+07 	
1.39632816e+06 	 1.337252e-09 	 1.680553e+07 	
1.39657829e+06 	 1.187274e-09 	 1.680399e+07 	
1.39682841e+06 	 1.053103e-09 	 1.680178e+07 	
1.39707854e+06 	 9.331040e-10 	 1.680019e+07 	
1.39732866e+06 	 8.259591e-10 	 1.679819e+07 	
1.39757879e+06 	 7.303611e-10 	 1.679640e+07 	
1.39782891e+06 	 6.451837e-10 	 1.679424e+07 	
1.39807904e+06 	 5.693420e-10 	 1.679264e+07 	
1.39832916e+06 	 5.019178e-10 	 1.679060e+07 	
1.39857929e+06 	 4.420213e-10 	 1.678891e+07 	
1.39882941e+06 	 3.888808e-10 	 1.678705e+07 	
1.39907954e+06 	 3.417816e-10 	 1.678520e+07 	
1.39932966e+06 	 3.000840e-10 	 1.678315e+07 	
1.39957979e+06 	 2.632032e-10 	 1.678150e+07 	
1.39982991e+06 	 2.306232e-10 	 1.677963e+07 	
1.40008004e+06 	 2.018712e-10 	 1.677782e+07 	
1.40033017e+06 	 1.765256e-10 	 1.677595e+07 	
1.40058029e+06 	 1.542060e-10 	 1.677415e+07 	
1.40083042e+06 	 1.345728e-10 	 1.677230e+07 	
1.40108054e+06 	 1.173208e-10 	 1.677049e+07 	
1.40133067e+06 	 1.021778e-10 	 1.676862e+07 	
1.60241311e+06 	 1.000000e-20 	 1.548029e+07 	
1.83234967e+06 	 1.000000e-20 	 1.432156e+07 	
2.09528074e+06 	 1.000000e-20 	 1.327231e+07 	
2.39594081e+06 	 1.000000e-20 	 1.231710e+07 	
2.73974378e+06 	 1.000000e-20 	 1.144374e+07 	
3.13288039e+06 	 1.000000e-20 	 1.064242e+07 	
3.58242972e+06 	 1.000000e-20 	 9.905091e+06 	
4.09648665e+06 	 1.000000e-20 	 9.225020e+06 	
4.68430763e+06 	 1.000000e-20 	 8.596511e+06 	
5.35647736e+06 	 1.000000e-20 	 8.014682e+06 	
6.12509936e+06 	 1.000000e-20 	 7.475304e+06 	
7.00401396e+06 	 1.000000e-20 	 6.974680e+06 	
8.00904747e+06 	 1.000000e-20 	 6.509549e+06 	
9.15829720e+06 	 1.000000e-20 	 6.077018e+06 	
1.04724573e+07 	 1.000000e-20 	 5.674500e+06 	
1.19751914e+07 	 1.000000e-20 	 5.299671e+06 	
1.36935587e+07 	 1.000000e-20 	 4.950431e+06 	
1.56585013e+07 	 1.000000e-20 	 4.624878e+06 	
1.79054012e+07 	 1.000000e-20 	 4.321280e+06 	
2.04747176e+07 	 1.000000e-20 	 4.038053e+06 	
2.34127154e+07 	 1.000000e-20 	 3.773750e+06 	
2.67722980e+07 	 1.000000e-20 	 3.527038e+06 	
3.06139604e+07 	 1.000000e-20 	 3.296693e+06 	
3.50068780e+07 	 1.000000e-20 	 3.081585e+06 	
4.00301526e+07 	 1.000000e-20 	 2.880670e+06 	
4.57742366e+07 	 1.000000e-20 	 2.692984e+06 	
5.23425618e+07 	 1.000000e-20 	 2.517630e+06 	
5.98534019e+07 	 1.000000e-20 	 2.353781e+06 	
6.84420020e+07 	 1.000000e-20 	 2.200664e+06 	
7.82630140e+07 	 1.000000e-20 	 2.057565e+06 	
8.94932817e+07 	 1.000000e-20 	 1.923818e+06 	
1.02335025e+08 	 1.000000e-20 	 1.798802e+06 	
1.17019480e+08 	 1.000000e-20 	 1.681942e+06 	
1.33811065e+08 	 1.000000e-20 	 1.572699e+06 	
1.53012141e+08 	 1.000000e-20 	 1.470571e+06 	
1.74968455e+08 	 1.000000e-20 	 1.375093e+06 	
2.00075367e+08 	 1.000000e-20 	 1.285827e+06 	
2.28784969e+08 	 1.000000e-20 	 1.202368e+06 	
2.61614224e+08 	 1.000000e-20 	 1.124335e+06 	
2.99154277e+08 	 1.000000e-20 	 1.051373e+06 	
3.42081101e+08 	 1.000000e-20 	 9.831530e+05 	
3.91167664e+08 	 1.000000e-20 	 9.193642e+05 	
4.47297851e+08 	 1.000000e-20 	 8.597183e+05 	
5.11482379e+08 	 1.000000e-20 	 8.039454e+05 	
5.84876997e+08 	 1.000000e-20 	 7.517935e+05 	
6.68803297e+08 	 1.000000e-20 	 7.030269e+05 	
7.64772513e+08 	 1.000000e-20 	 6.574255e+05 	
8.74512729e+08 	 1.000000e-20 	 6.147835e+05 	
1.00000000e+09 	 1.000000e-20 	 5.749086e+05 	
