r (cm)        	 rho (g/cm3) 	 T (K)       		 Linf = 3.117767e+38
1.20000023e+06 	 1.317772e+05 	 1.238358e+09 	
1.20004018e+06 	 1.246092e+05 	 1.220740e+09 	
1.20015185e+06 	 1.062486e+05 	 1.171906e+09 	
1.20024443e+06 	 9.276907e+04 	 1.131900e+09 	
1.20033701e+06 	 8.073031e+04 	 1.092344e+09 	
1.20042959e+06 	 7.001105e+04 	 1.053252e+09 	
1.20052217e+06 	 6.049696e+04 	 1.014641e+09 	
1.20061288e+06 	 5.224060e+04 	 9.772946e+08 	
1.20070359e+06 	 4.494300e+04 	 9.404427e+08 	
1.20079430e+06 	 3.851517e+04 	 9.041027e+08 	
1.20086842e+06 	 3.384991e+04 	 8.747977e+08 	
1.20094255e+06 	 2.966727e+04 	 8.458565e+08 	
1.20101668e+06 	 2.592711e+04 	 8.172896e+08 	
1.20109080e+06 	 2.259164e+04 	 7.891075e+08 	
1.20116493e+06 	 1.962540e+04 	 7.613211e+08 	
1.20123821e+06 	 1.702337e+04 	 7.342514e+08 	
1.20131149e+06 	 1.471970e+04 	 7.075905e+08 	
1.20138478e+06 	 1.268637e+04 	 6.813494e+08 	
1.20144552e+06 	 1.118706e+04 	 6.599232e+08 	
1.20150627e+06 	 9.841688e+03 	 6.388000e+08 	
1.20156702e+06 	 8.637216e+03 	 6.179866e+08 	
1.20162777e+06 	 7.561435e+03 	 5.974898e+08 	
1.20168852e+06 	 6.602929e+03 	 5.773165e+08 	
1.20174914e+06 	 5.752705e+03 	 5.575142e+08 	
1.20180976e+06 	 4.998802e+03 	 5.380477e+08 	
1.20187038e+06 	 4.332059e+03 	 5.189239e+08 	
1.20192044e+06 	 3.841119e+03 	 5.033945e+08 	
1.20197051e+06 	 3.399365e+03 	 4.881074e+08 	
1.20202057e+06 	 3.002632e+03 	 4.730662e+08 	
1.20207063e+06 	 2.647028e+03 	 4.582748e+08 	
1.20212069e+06 	 2.328927e+03 	 4.437370e+08 	
1.20217075e+06 	 2.044951e+03 	 4.294563e+08 	
1.20222123e+06 	 1.789974e+03 	 4.153204e+08 	
1.20227171e+06 	 1.563528e+03 	 4.014532e+08 	
1.20232219e+06 	 1.362858e+03 	 3.878583e+08 	
1.20236405e+06 	 1.214198e+03 	 3.767950e+08 	
1.20240590e+06 	 1.080167e+03 	 3.659230e+08 	
1.20244776e+06 	 9.595148e+02 	 3.552441e+08 	
1.20248961e+06 	 8.510774e+02 	 3.447600e+08 	
1.20253147e+06 	 7.537742e+02 	 3.344724e+08 	
1.20257332e+06 	 6.666029e+02 	 3.243827e+08 	
1.20261518e+06 	 5.886355e+02 	 3.144925e+08 	
1.20265855e+06 	 5.166447e+02 	 3.044565e+08 	
1.20270192e+06 	 4.527368e+02 	 2.946373e+08 	
1.20273781e+06 	 4.053812e+02 	 2.866756e+08 	
1.20277370e+06 	 3.625868e+02 	 2.788639e+08 	
1.20280959e+06 	 3.239617e+02 	 2.712026e+08 	
1.20284548e+06 	 2.891428e+02 	 2.636922e+08 	
1.20288138e+06 	 2.577938e+02 	 2.563331e+08 	
1.20291727e+06 	 2.296037e+02 	 2.491256e+08 	
1.20295316e+06 	 2.042854e+02 	 2.420698e+08 	
1.20298905e+06 	 1.815744e+02 	 2.351660e+08 	
1.20302495e+06 	 1.612271e+02 	 2.284140e+08 	
1.20306290e+06 	 1.420338e+02 	 2.214391e+08 	
1.20309453e+06 	 1.276925e+02 	 2.157564e+08 	
1.20312616e+06 	 1.147156e+02 	 2.101912e+08 	
1.20315779e+06 	 1.029843e+02 	 2.047434e+08 	
1.20318942e+06 	 9.238872e+01 	 1.994125e+08 	
1.20322104e+06 	 8.282754e+01 	 1.941983e+08 	
1.20325267e+06 	 7.420748e+01 	 1.891003e+08 	
1.20328430e+06 	 6.644273e+01 	 1.841179e+08 	
1.20331593e+06 	 5.945449e+01 	 1.792507e+08 	
1.20334756e+06 	 5.317043e+01 	 1.744979e+08 	
1.20337919e+06 	 4.752430e+01 	 1.698589e+08 	
1.20341082e+06 	 4.245547e+01 	 1.653330e+08 	
1.20344244e+06 	 3.790851e+01 	 1.609192e+08 	
1.20347210e+06 	 3.407397e+01 	 1.568816e+08 	
1.20350176e+06 	 3.061565e+01 	 1.529411e+08 	
1.20353142e+06 	 2.749863e+01 	 1.490968e+08 	
1.20356107e+06 	 2.469096e+01 	 1.453478e+08 	
1.20359073e+06 	 2.216345e+01 	 1.416932e+08 	
1.20362039e+06 	 1.988944e+01 	 1.381321e+08 	
1.20365005e+06 	 1.784463e+01 	 1.346634e+08 	
1.20367970e+06 	 1.600687e+01 	 1.312860e+08 	
1.20370936e+06 	 1.435603e+01 	 1.279989e+08 	
1.20373902e+06 	 1.287377e+01 	 1.248008e+08 	
1.20376868e+06 	 1.154348e+01 	 1.216907e+08 	
1.20379833e+06 	 1.035006e+01 	 1.186672e+08 	
1.20382799e+06 	 9.279822e+00 	 1.157291e+08 	
1.20385765e+06 	 8.320395e+00 	 1.128751e+08 	
1.20388731e+06 	 7.460573e+00 	 1.101038e+08 	
1.20391696e+06 	 6.690230e+00 	 1.074140e+08 	
1.20394856e+06 	 5.957709e+00 	 1.046363e+08 	
1.20398016e+06 	 5.306443e+00 	 1.019477e+08 	
1.20401175e+06 	 4.727532e+00 	 9.934646e+07 	
1.20404335e+06 	 4.213015e+00 	 9.683081e+07 	
1.20407495e+06 	 3.755778e+00 	 9.439894e+07 	
1.20410654e+06 	 3.349469e+00 	 9.204903e+07 	
1.20413814e+06 	 2.988422e+00 	 8.977923e+07 	
1.20416973e+06 	 2.667584e+00 	 8.758771e+07 	
1.20420133e+06 	 2.382456e+00 	 8.547257e+07 	
1.20423293e+06 	 2.129032e+00 	 8.343196e+07 	
1.20426452e+06 	 1.903749e+00 	 8.146397e+07 	
1.20429612e+06 	 1.703439e+00 	 7.956673e+07 	
1.20432772e+06 	 1.525288e+00 	 7.773834e+07 	
1.20436529e+06 	 1.338844e+00 	 7.565116e+07 	
1.20440286e+06 	 1.176520e+00 	 7.365551e+07 	
1.20444043e+06 	 1.035115e+00 	 7.174825e+07 	
1.20447800e+06 	 9.118523e-01 	 6.992627e+07 	
1.20451558e+06 	 8.043272e-01 	 6.818646e+07 	
1.20455315e+06 	 7.104564e-01 	 6.652577e+07 	
1.20459072e+06 	 6.284358e-01 	 6.494120e+07 	
1.20462829e+06 	 5.567036e-01 	 6.342977e+07 	
1.20466587e+06 	 4.939077e-01 	 6.198856e+07 	
1.20471200e+06 	 4.273086e-01 	 6.031060e+07 	
1.20475814e+06 	 3.705826e-01 	 5.872907e+07 	
1.20480428e+06 	 3.221812e-01 	 5.723893e+07 	
1.20485042e+06 	 2.808066e-01 	 5.583531e+07 	
1.20489656e+06 	 2.453708e-01 	 5.451352e+07 	
1.20494270e+06 	 2.149607e-01 	 5.326900e+07 	
1.20499812e+06 	 1.840078e-01 	 5.187029e+07 	
1.20505353e+06 	 1.581067e-01 	 5.056954e+07 	
1.20510895e+06 	 1.363649e-01 	 4.935988e+07 	
1.20516436e+06 	 1.180560e-01 	 4.823484e+07 	
1.20522972e+06 	 1.000738e-01 	 4.700836e+07 	
1.20529508e+06 	 8.526708e-02 	 4.588177e+07 	
1.20536044e+06 	 7.301888e-02 	 4.484638e+07 	
1.20543392e+06 	 6.169987e-02 	 4.378134e+07 	
1.20550740e+06 	 5.245400e-02 	 4.281111e+07 	
1.20559053e+06 	 4.396476e-02 	 4.181596e+07 	
1.20567366e+06 	 3.711877e-02 	 4.091787e+07 	
1.20576785e+06 	 3.090036e-02 	 4.000393e+07 	
1.20586204e+06 	 2.594405e-02 	 3.918672e+07 	
1.20596852e+06 	 2.149933e-02 	 3.836423e+07 	
1.20607500e+06 	 1.798976e-02 	 3.763485e+07 	
1.20619512e+06 	 1.487408e-02 	 3.690781e+07 	
1.20631525e+06 	 1.243063e-02 	 3.626752e+07 	
1.20645127e+06 	 1.026677e-02 	 3.563106e+07 	
1.20658728e+06 	 8.579111e-03 	 3.507388e+07 	
1.20674018e+06 	 7.100594e-03 	 3.452662e+07 	
1.20689308e+06 	 5.949302e-03 	 3.404915e+07 	
1.20708222e+06 	 4.853545e-03 	 3.353791e+07 	
1.20727136e+06 	 4.020000e-03 	 3.309843e+07 	
1.20746050e+06 	 3.374868e-03 	 3.271730e+07 	
1.20770735e+06 	 2.734740e-03 	 3.229054e+07 	
1.20795421e+06 	 2.256086e-03 	 3.192774e+07 	
1.20820106e+06 	 1.890609e-03 	 3.161570e+07 	
1.20847510e+06 	 1.578994e-03 	 3.131673e+07 	
1.20874913e+06 	 1.338466e-03 	 3.105781e+07 	
1.20902317e+06 	 1.149483e-03 	 3.083119e+07 	
1.20941858e+06 	 9.414654e-04 	 3.054944e+07 	
1.20963052e+06 	 8.532272e-04 	 3.041637e+07 	
1.21007717e+06 	 7.053211e-04 	 3.016855e+07 	
1.21044368e+06 	 6.125310e-04 	 2.999212e+07 	
1.21107258e+06 	 4.939345e-04 	 2.973255e+07 	
1.21170147e+06 	 4.097467e-04 	 2.951430e+07 	
1.21233036e+06 	 3.479196e-04 	 2.932667e+07 	
1.21305350e+06 	 2.952133e-04 	 2.913940e+07 	
1.21377664e+06 	 2.558448e-04 	 2.897531e+07 	
1.21449977e+06 	 2.256674e-04 	 2.882904e+07 	
1.21558685e+06 	 1.920160e-04 	 2.863458e+07 	
1.21667394e+06 	 1.677539e-04 	 2.846296e+07 	
1.21776102e+06 	 1.496750e-04 	 2.830827e+07 	
1.21938041e+06 	 1.302078e-04 	 2.810077e+07 	
1.22034974e+06 	 1.214672e-04 	 2.798647e+07 	
1.22232311e+06 	 1.080746e-04 	 2.777048e+07 	
1.22394351e+06 	 1.000871e-04 	 2.760567e+07 	
1.22651621e+06 	 9.088324e-05 	 2.736020e+07 	
1.22854058e+06 	 8.558734e-05 	 2.717709e+07 	
1.23212537e+06 	 7.872136e-05 	 2.686746e+07 	
1.23357928e+06 	 7.653837e-05 	 2.674577e+07 	
1.23794154e+06 	 7.123996e-05 	 2.639003e+07 	
1.24082253e+06 	 6.840811e-05 	 2.616085e+07 	
1.24708530e+06 	 6.323909e-05 	 2.567370e+07 	
1.24970856e+06 	 6.132028e-05 	 2.547321e+07 	
1.24997088e+06 	 6.113398e-05 	 2.545326e+07 	
1.24999711e+06 	 6.111540e-05 	 2.545126e+07 	
1.24999974e+06 	 6.111354e-05 	 2.545106e+07 	
1.25000000e+06 	 6.111336e-05 	 2.545104e+07 	
1.25025013e+06 	 6.093667e-05 	 2.543204e+07 	
1.25050025e+06 	 6.076079e-05 	 2.541305e+07 	
1.25075038e+06 	 6.058570e-05 	 2.539408e+07 	
1.25100050e+06 	 6.041137e-05 	 2.537512e+07 	
1.25125063e+06 	 6.023779e-05 	 2.535618e+07 	
1.25150075e+06 	 6.006495e-05 	 2.533726e+07 	
1.25175088e+06 	 5.989283e-05 	 2.531835e+07 	
1.25200100e+06 	 5.972142e-05 	 2.529945e+07 	
1.25225113e+06 	 5.955069e-05 	 2.528057e+07 	
1.25250125e+06 	 5.938064e-05 	 2.526170e+07 	
1.25275138e+06 	 5.921126e-05 	 2.524285e+07 	
1.25300150e+06 	 5.904256e-05 	 2.522402e+07 	
1.25325163e+06 	 5.887457e-05 	 2.520520e+07 	
1.25350175e+06 	 5.870716e-05 	 2.518639e+07 	
1.25375188e+06 	 5.854032e-05 	 2.516760e+07 	
1.25400200e+06 	 5.837406e-05 	 2.514882e+07 	
1.25425213e+06 	 5.820836e-05 	 2.513005e+07 	
1.25450225e+06 	 5.804322e-05 	 2.511130e+07 	
1.25475238e+06 	 5.787863e-05 	 2.509257e+07 	
1.25500250e+06 	 5.771458e-05 	 2.507384e+07 	
1.25525263e+06 	 5.755107e-05 	 2.505514e+07 	
1.25550275e+06 	 5.738808e-05 	 2.503644e+07 	
1.25575288e+06 	 5.722563e-05 	 2.501776e+07 	
1.25600300e+06 	 5.706368e-05 	 2.499909e+07 	
1.25625313e+06 	 5.690225e-05 	 2.498044e+07 	
1.25650325e+06 	 5.674133e-05 	 2.496180e+07 	
1.25675338e+06 	 5.658089e-05 	 2.494318e+07 	
1.25700350e+06 	 5.642095e-05 	 2.492456e+07 	
1.25725363e+06 	 5.626149e-05 	 2.490596e+07 	
1.25750375e+06 	 5.610251e-05 	 2.488738e+07 	
1.25775388e+06 	 5.594400e-05 	 2.486881e+07 	
1.25800400e+06 	 5.578595e-05 	 2.485025e+07 	
1.25825413e+06 	 5.562836e-05 	 2.483170e+07 	
1.25850425e+06 	 5.547121e-05 	 2.481317e+07 	
1.25875438e+06 	 5.531451e-05 	 2.479465e+07 	
1.25900450e+06 	 5.515825e-05 	 2.477615e+07 	
1.25925463e+06 	 5.500242e-05 	 2.475765e+07 	
1.25950475e+06 	 5.484700e-05 	 2.473917e+07 	
1.25975488e+06 	 5.469201e-05 	 2.472071e+07 	
1.26000500e+06 	 5.453742e-05 	 2.470225e+07 	
1.26025513e+06 	 5.438324e-05 	 2.468381e+07 	
1.26050525e+06 	 5.422945e-05 	 2.466538e+07 	
1.26075538e+06 	 5.407605e-05 	 2.464697e+07 	
1.26100550e+06 	 5.392303e-05 	 2.462857e+07 	
1.26125563e+06 	 5.377039e-05 	 2.461018e+07 	
1.26150575e+06 	 5.361816e-05 	 2.459180e+07 	
1.26175588e+06 	 5.346632e-05 	 2.457344e+07 	
1.26200600e+06 	 5.331483e-05 	 2.455509e+07 	
1.26225613e+06 	 5.316371e-05 	 2.453675e+07 	
1.26250625e+06 	 5.301293e-05 	 2.451842e+07 	
1.26275638e+06 	 5.286251e-05 	 2.450011e+07 	
1.26300650e+06 	 5.271244e-05 	 2.448181e+07 	
1.26325663e+06 	 5.256271e-05 	 2.446352e+07 	
1.26350675e+06 	 5.241333e-05 	 2.444524e+07 	
1.26375688e+06 	 5.226429e-05 	 2.442698e+07 	
1.26400700e+06 	 5.211559e-05 	 2.440872e+07 	
1.26425713e+06 	 5.196723e-05 	 2.439049e+07 	
1.26450725e+06 	 5.181921e-05 	 2.437226e+07 	
1.26475738e+06 	 5.167152e-05 	 2.435404e+07 	
1.26500750e+06 	 5.152416e-05 	 2.433584e+07 	
1.26525763e+06 	 5.137713e-05 	 2.431765e+07 	
1.26550775e+06 	 5.123043e-05 	 2.429947e+07 	
1.26575788e+06 	 5.108405e-05 	 2.428131e+07 	
1.26600800e+06 	 5.093800e-05 	 2.426316e+07 	
1.26625813e+06 	 5.079227e-05 	 2.424501e+07 	
1.26650825e+06 	 5.064686e-05 	 2.422689e+07 	
1.26675838e+06 	 5.050176e-05 	 2.420877e+07 	
1.26700850e+06 	 5.035698e-05 	 2.419067e+07 	
1.26725863e+06 	 5.021251e-05 	 2.417257e+07 	
1.26750875e+06 	 5.006835e-05 	 2.415449e+07 	
1.26775888e+06 	 4.992450e-05 	 2.413643e+07 	
1.26800900e+06 	 4.978096e-05 	 2.411837e+07 	
1.26825913e+06 	 4.963771e-05 	 2.410033e+07 	
1.26850925e+06 	 4.949478e-05 	 2.408229e+07 	
1.26875938e+06 	 4.935214e-05 	 2.406427e+07 	
1.26900950e+06 	 4.920979e-05 	 2.404627e+07 	
1.26925963e+06 	 4.906774e-05 	 2.402827e+07 	
1.26950975e+06 	 4.892599e-05 	 2.401029e+07 	
1.26975988e+06 	 4.878453e-05 	 2.399232e+07 	
1.27001001e+06 	 4.864335e-05 	 2.397436e+07 	
1.27026013e+06 	 4.850246e-05 	 2.395641e+07 	
1.27051026e+06 	 4.836186e-05 	 2.393847e+07 	
1.27076038e+06 	 4.822154e-05 	 2.392055e+07 	
1.27101051e+06 	 4.808149e-05 	 2.390264e+07 	
1.27126063e+06 	 4.794173e-05 	 2.388474e+07 	
1.27151076e+06 	 4.780224e-05 	 2.386685e+07 	
1.27176088e+06 	 4.766303e-05 	 2.384897e+07 	
1.27201101e+06 	 4.752409e-05 	 2.383111e+07 	
1.27226113e+06 	 4.738544e-05 	 2.381325e+07 	
1.27251126e+06 	 4.724706e-05 	 2.379541e+07 	
1.27276138e+06 	 4.710894e-05 	 2.377758e+07 	
1.27301151e+06 	 4.697110e-05 	 2.375976e+07 	
1.27326163e+06 	 4.683351e-05 	 2.374196e+07 	
1.27351176e+06 	 4.669619e-05 	 2.372416e+07 	
1.27376188e+06 	 4.655914e-05 	 2.370638e+07 	
1.27401201e+06 	 4.642235e-05 	 2.368861e+07 	
1.27426213e+06 	 4.628581e-05 	 2.367085e+07 	
1.27451226e+06 	 4.614954e-05 	 2.365310e+07 	
1.27476238e+06 	 4.601353e-05 	 2.363537e+07 	
1.27501251e+06 	 4.587778e-05 	 2.361764e+07 	
1.27526263e+06 	 4.574228e-05 	 2.359993e+07 	
1.27551276e+06 	 4.560704e-05 	 2.358223e+07 	
1.27576288e+06 	 4.547206e-05 	 2.356454e+07 	
1.27601301e+06 	 4.533733e-05 	 2.354686e+07 	
1.27626313e+06 	 4.520286e-05 	 2.352919e+07 	
1.27651326e+06 	 4.506864e-05 	 2.351154e+07 	
1.27676338e+06 	 4.493467e-05 	 2.349390e+07 	
1.27701351e+06 	 4.480095e-05 	 2.347627e+07 	
1.27726363e+06 	 4.466748e-05 	 2.345865e+07 	
1.27751376e+06 	 4.453426e-05 	 2.344104e+07 	
1.27776388e+06 	 4.440129e-05 	 2.342344e+07 	
1.27801401e+06 	 4.426856e-05 	 2.340585e+07 	
1.27826413e+06 	 4.413608e-05 	 2.338828e+07 	
1.27851426e+06 	 4.400385e-05 	 2.337072e+07 	
1.27876438e+06 	 4.387186e-05 	 2.335317e+07 	
1.27901451e+06 	 4.374012e-05 	 2.333563e+07 	
1.27926463e+06 	 4.360862e-05 	 2.331810e+07 	
1.27951476e+06 	 4.347960e-05 	 2.330056e+07 	
1.27976488e+06 	 4.334866e-05 	 2.328305e+07 	
1.28001501e+06 	 4.321797e-05 	 2.326556e+07 	
1.28026513e+06 	 4.308752e-05 	 2.324808e+07 	
1.28051526e+06 	 4.295730e-05 	 2.323061e+07 	
1.28076538e+06 	 4.282733e-05 	 2.321314e+07 	
1.28101551e+06 	 4.269759e-05 	 2.319570e+07 	
1.28126563e+06 	 4.256809e-05 	 2.317826e+07 	
1.28151576e+06 	 4.243883e-05 	 2.316083e+07 	
1.28176588e+06 	 4.230980e-05 	 2.314342e+07 	
1.28201601e+06 	 4.218101e-05 	 2.312601e+07 	
1.28226613e+06 	 4.205245e-05 	 2.310862e+07 	
1.28251626e+06 	 4.192413e-05 	 2.309124e+07 	
1.28276638e+06 	 4.179604e-05 	 2.307387e+07 	
1.28301651e+06 	 4.166818e-05 	 2.305651e+07 	
1.28326663e+06 	 4.154055e-05 	 2.303917e+07 	
1.28351676e+06 	 4.141316e-05 	 2.302183e+07 	
1.28376688e+06 	 4.128599e-05 	 2.300451e+07 	
1.28401701e+06 	 4.115697e-05 	 2.298722e+07 	
1.28426713e+06 	 4.103019e-05 	 2.296992e+07 	
1.28451726e+06 	 4.090364e-05 	 2.295263e+07 	
1.28476738e+06 	 4.077730e-05 	 2.293535e+07 	
1.28501751e+06 	 4.065120e-05 	 2.291808e+07 	
1.28526763e+06 	 4.052531e-05 	 2.290083e+07 	
1.28551776e+06 	 4.039965e-05 	 2.288358e+07 	
1.28576788e+06 	 4.027421e-05 	 2.286635e+07 	
1.28601801e+06 	 4.014899e-05 	 2.284913e+07 	
1.28626813e+06 	 4.002399e-05 	 2.283191e+07 	
1.28651826e+06 	 3.989921e-05 	 2.281471e+07 	
1.28676838e+06 	 3.977465e-05 	 2.279753e+07 	
1.28701851e+06 	 3.965031e-05 	 2.278035e+07 	
1.28726863e+06 	 3.952618e-05 	 2.276318e+07 	
1.28751876e+06 	 3.940228e-05 	 2.274603e+07 	
1.28776888e+06 	 3.927858e-05 	 2.272888e+07 	
1.28801901e+06 	 3.915511e-05 	 2.271175e+07 	
1.28826913e+06 	 3.903185e-05 	 2.269463e+07 	
1.28851926e+06 	 3.890880e-05 	 2.267752e+07 	
1.28876938e+06 	 3.878397e-05 	 2.266044e+07 	
1.28901951e+06 	 3.866127e-05 	 2.264336e+07 	
1.28926963e+06 	 3.853879e-05 	 2.262628e+07 	
1.28951976e+06 	 3.841651e-05 	 2.260922e+07 	
1.28976988e+06 	 3.829445e-05 	 2.259216e+07 	
1.29002001e+06 	 3.817259e-05 	 2.257512e+07 	
1.29027014e+06 	 3.805094e-05 	 2.255809e+07 	
1.29052026e+06 	 3.792949e-05 	 2.254107e+07 	
1.29077039e+06 	 3.780825e-05 	 2.252406e+07 	
1.29102051e+06 	 3.768721e-05 	 2.250706e+07 	
1.29127064e+06 	 3.756638e-05 	 2.249007e+07 	
1.29152076e+06 	 3.744575e-05 	 2.247309e+07 	
1.29177089e+06 	 3.732532e-05 	 2.245613e+07 	
1.29202101e+06 	 3.720510e-05 	 2.243918e+07 	
1.29227114e+06 	 3.708507e-05 	 2.242223e+07 	
1.29252126e+06 	 3.696525e-05 	 2.240530e+07 	
1.29277139e+06 	 3.684562e-05 	 2.238838e+07 	
1.29302151e+06 	 3.672620e-05 	 2.237147e+07 	
1.29327164e+06 	 3.660885e-05 	 2.235455e+07 	
1.29352176e+06 	 3.648988e-05 	 2.233766e+07 	
1.29377189e+06 	 3.637112e-05 	 2.232078e+07 	
1.29402201e+06 	 3.625255e-05 	 2.230392e+07 	
1.29427214e+06 	 3.613418e-05 	 2.228706e+07 	
1.29452226e+06 	 3.601601e-05 	 2.227021e+07 	
1.29477239e+06 	 3.589803e-05 	 2.225338e+07 	
1.29502251e+06 	 3.578026e-05 	 2.223656e+07 	
1.29527264e+06 	 3.566267e-05 	 2.221975e+07 	
1.29552276e+06 	 3.554528e-05 	 2.220295e+07 	
1.29577289e+06 	 3.542809e-05 	 2.218616e+07 	
1.29602301e+06 	 3.531109e-05 	 2.216938e+07 	
1.29627314e+06 	 3.519428e-05 	 2.215261e+07 	
1.29652326e+06 	 3.507766e-05 	 2.213585e+07 	
1.29677339e+06 	 3.496124e-05 	 2.211911e+07 	
1.29702351e+06 	 3.484500e-05 	 2.210237e+07 	
1.29727364e+06 	 3.472896e-05 	 2.208565e+07 	
1.29752376e+06 	 3.461311e-05 	 2.206893e+07 	
1.29777389e+06 	 3.449569e-05 	 2.205225e+07 	
1.29802401e+06 	 3.438016e-05 	 2.203556e+07 	
1.29827414e+06 	 3.426481e-05 	 2.201888e+07 	
1.29852426e+06 	 3.414964e-05 	 2.200221e+07 	
1.29877439e+06 	 3.403466e-05 	 2.198556e+07 	
1.29902451e+06 	 3.391987e-05 	 2.196891e+07 	
1.29927464e+06 	 3.380526e-05 	 2.195227e+07 	
1.29952476e+06 	 3.369083e-05 	 2.193565e+07 	
1.29977489e+06 	 3.357658e-05 	 2.191903e+07 	
1.30002501e+06 	 3.346252e-05 	 2.190243e+07 	
1.30027514e+06 	 3.334863e-05 	 2.188584e+07 	
1.30052526e+06 	 3.323493e-05 	 2.186926e+07 	
1.30077539e+06 	 3.312141e-05 	 2.185268e+07 	
1.30102551e+06 	 3.300806e-05 	 2.183612e+07 	
1.30127564e+06 	 3.289490e-05 	 2.181958e+07 	
1.30152576e+06 	 3.278191e-05 	 2.180304e+07 	
1.30177589e+06 	 3.266910e-05 	 2.178651e+07 	
1.30202601e+06 	 3.255647e-05 	 2.176999e+07 	
1.30227614e+06 	 3.244401e-05 	 2.175349e+07 	
1.30252626e+06 	 3.233005e-05 	 2.173702e+07 	
1.30277639e+06 	 3.221789e-05 	 2.172053e+07 	
1.30302651e+06 	 3.210590e-05 	 2.170406e+07 	
1.30327664e+06 	 3.199408e-05 	 2.168760e+07 	
1.30352676e+06 	 3.188243e-05 	 2.167115e+07 	
1.30377689e+06 	 3.177095e-05 	 2.165471e+07 	
1.30402701e+06 	 3.165964e-05 	 2.163828e+07 	
1.30427714e+06 	 3.154850e-05 	 2.162186e+07 	
1.30452726e+06 	 3.143753e-05 	 2.160545e+07 	
1.30477739e+06 	 3.132673e-05 	 2.158906e+07 	
1.30502751e+06 	 3.121609e-05 	 2.157267e+07 	
1.30527764e+06 	 3.110562e-05 	 2.155629e+07 	
1.30552776e+06 	 3.099532e-05 	 2.153993e+07 	
1.30577789e+06 	 3.088518e-05 	 2.152358e+07 	
1.30602801e+06 	 3.077521e-05 	 2.150723e+07 	
1.30627814e+06 	 3.066540e-05 	 2.149090e+07 	
1.30652826e+06 	 3.055575e-05 	 2.147458e+07 	
1.30677839e+06 	 3.044627e-05 	 2.145827e+07 	
1.30702851e+06 	 3.033540e-05 	 2.144199e+07 	
1.30727864e+06 	 3.022618e-05 	 2.142571e+07 	
1.30752876e+06 	 3.011713e-05 	 2.140943e+07 	
1.30777889e+06 	 3.000823e-05 	 2.139316e+07 	
1.30802901e+06 	 2.989949e-05 	 2.137691e+07 	
1.30827914e+06 	 2.979091e-05 	 2.136066e+07 	
1.30852926e+06 	 2.968248e-05 	 2.134443e+07 	
1.30877939e+06 	 2.957421e-05 	 2.132821e+07 	
1.30902951e+06 	 2.946609e-05 	 2.131200e+07 	
1.30927964e+06 	 2.935813e-05 	 2.129580e+07 	
1.30952976e+06 	 2.925031e-05 	 2.127961e+07 	
1.30977989e+06 	 2.914266e-05 	 2.126343e+07 	
1.31003002e+06 	 2.903515e-05 	 2.124726e+07 	
1.31028014e+06 	 2.892779e-05 	 2.123110e+07 	
1.31053027e+06 	 2.882059e-05 	 2.121495e+07 	
1.31078039e+06 	 2.871353e-05 	 2.119882e+07 	
1.31103052e+06 	 2.860662e-05 	 2.118269e+07 	
1.31128064e+06 	 2.849986e-05 	 2.116658e+07 	
1.31153077e+06 	 2.839468e-05 	 2.115045e+07 	
1.31178089e+06 	 2.828826e-05 	 2.113436e+07 	
1.31203102e+06 	 2.818199e-05 	 2.111827e+07 	
1.31228114e+06 	 2.807587e-05 	 2.110220e+07 	
1.31253127e+06 	 2.796989e-05 	 2.108614e+07 	
1.31278139e+06 	 2.786406e-05 	 2.107009e+07 	
1.31303152e+06 	 2.775837e-05 	 2.105405e+07 	
1.31328164e+06 	 2.765283e-05 	 2.103802e+07 	
1.31353177e+06 	 2.754743e-05 	 2.102200e+07 	
1.31378189e+06 	 2.744217e-05 	 2.100600e+07 	
1.31403202e+06 	 2.733705e-05 	 2.099000e+07 	
1.31428214e+06 	 2.723208e-05 	 2.097401e+07 	
1.31453227e+06 	 2.712724e-05 	 2.095804e+07 	
1.31478239e+06 	 2.702254e-05 	 2.094208e+07 	
1.31503252e+06 	 2.691799e-05 	 2.092612e+07 	
1.31528264e+06 	 2.681357e-05 	 2.091018e+07 	
1.31553277e+06 	 2.670929e-05 	 2.089425e+07 	
1.31578289e+06 	 2.660514e-05 	 2.087833e+07 	
1.31603302e+06 	 2.650113e-05 	 2.086242e+07 	
1.31628314e+06 	 2.639862e-05 	 2.084650e+07 	
1.31653327e+06 	 2.629493e-05 	 2.083061e+07 	
1.31678339e+06 	 2.619137e-05 	 2.081473e+07 	
1.31703352e+06 	 2.608795e-05 	 2.079886e+07 	
1.31728364e+06 	 2.598466e-05 	 2.078300e+07 	
1.31753377e+06 	 2.588150e-05 	 2.076716e+07 	
1.31778389e+06 	 2.577848e-05 	 2.075132e+07 	
1.31803402e+06 	 2.567559e-05 	 2.073550e+07 	
1.31828414e+06 	 2.557283e-05 	 2.071969e+07 	
1.31853427e+06 	 2.547020e-05 	 2.070388e+07 	
1.31878439e+06 	 2.536770e-05 	 2.068809e+07 	
1.31903452e+06 	 2.526533e-05 	 2.067231e+07 	
1.31928464e+06 	 2.516308e-05 	 2.065654e+07 	
1.31953477e+06 	 2.506097e-05 	 2.064078e+07 	
1.31978489e+06 	 2.495898e-05 	 2.062503e+07 	
1.32003502e+06 	 2.485712e-05 	 2.060930e+07 	
1.32028514e+06 	 2.475539e-05 	 2.059357e+07 	
1.32053527e+06 	 2.465378e-05 	 2.057785e+07 	
1.32078539e+06 	 2.455104e-05 	 2.056217e+07 	
1.32103552e+06 	 2.444964e-05 	 2.054648e+07 	
1.32128564e+06 	 2.434835e-05 	 2.053080e+07 	
1.32153577e+06 	 2.424719e-05 	 2.051513e+07 	
1.32178589e+06 	 2.414615e-05 	 2.049947e+07 	
1.32203602e+06 	 2.404523e-05 	 2.048382e+07 	
1.32228614e+06 	 2.394442e-05 	 2.046818e+07 	
1.32253627e+06 	 2.384374e-05 	 2.045255e+07 	
1.32278639e+06 	 2.374317e-05 	 2.043693e+07 	
1.32303652e+06 	 2.364272e-05 	 2.042133e+07 	
1.32328664e+06 	 2.354238e-05 	 2.040573e+07 	
1.32353677e+06 	 2.344216e-05 	 2.039015e+07 	
1.32378689e+06 	 2.334205e-05 	 2.037458e+07 	
1.32403702e+06 	 2.324206e-05 	 2.035902e+07 	
1.32428714e+06 	 2.314218e-05 	 2.034346e+07 	
1.32453727e+06 	 2.304241e-05 	 2.032792e+07 	
1.32478739e+06 	 2.294275e-05 	 2.031240e+07 	
1.32503752e+06 	 2.284321e-05 	 2.029688e+07 	
1.32528764e+06 	 2.274262e-05 	 2.028139e+07 	
1.32553777e+06 	 2.264326e-05 	 2.026590e+07 	
1.32578789e+06 	 2.254400e-05 	 2.025042e+07 	
1.32603802e+06 	 2.244484e-05 	 2.023494e+07 	
1.32628814e+06 	 2.234579e-05 	 2.021948e+07 	
1.32653827e+06 	 2.224685e-05 	 2.020403e+07 	
1.32678839e+06 	 2.214801e-05 	 2.018859e+07 	
1.32703852e+06 	 2.204927e-05 	 2.017317e+07 	
1.32728864e+06 	 2.195064e-05 	 2.015775e+07 	
1.32753877e+06 	 2.185211e-05 	 2.014234e+07 	
1.32778889e+06 	 2.175367e-05 	 2.012695e+07 	
1.32803902e+06 	 2.165534e-05 	 2.011157e+07 	
1.32828914e+06 	 2.155710e-05 	 2.009620e+07 	
1.32853927e+06 	 2.145897e-05 	 2.008084e+07 	
1.32878939e+06 	 2.136093e-05 	 2.006549e+07 	
1.32903952e+06 	 2.126299e-05 	 2.005015e+07 	
1.32928964e+06 	 2.116514e-05 	 2.003482e+07 	
1.32953977e+06 	 2.106739e-05 	 2.001951e+07 	
1.32978989e+06 	 2.096973e-05 	 2.000420e+07 	
1.33004002e+06 	 2.087109e-05 	 1.998893e+07 	
1.33029015e+06 	 2.077358e-05 	 1.997365e+07 	
1.33054027e+06 	 2.067616e-05 	 1.995839e+07 	
1.33079040e+06 	 2.057883e-05 	 1.994313e+07 	
1.33104052e+06 	 2.048159e-05 	 1.992788e+07 	
1.33129065e+06 	 2.038443e-05 	 1.991265e+07 	
1.33154077e+06 	 2.028737e-05 	 1.989743e+07 	
1.33179090e+06 	 2.019038e-05 	 1.988222e+07 	
1.33204102e+06 	 2.009349e-05 	 1.986702e+07 	
1.33229115e+06 	 1.999668e-05 	 1.985183e+07 	
1.33254127e+06 	 1.989995e-05 	 1.983665e+07 	
1.33279140e+06 	 1.980330e-05 	 1.982149e+07 	
1.33304152e+06 	 1.970673e-05 	 1.980633e+07 	
1.33329165e+06 	 1.961025e-05 	 1.979119e+07 	
1.33354177e+06 	 1.951384e-05 	 1.977606e+07 	
1.33379190e+06 	 1.941751e-05 	 1.976095e+07 	
1.33404202e+06 	 1.932126e-05 	 1.974584e+07 	
1.33429215e+06 	 1.922509e-05 	 1.973075e+07 	
1.33454227e+06 	 1.912996e-05 	 1.971564e+07 	
1.33479240e+06 	 1.903397e-05 	 1.970057e+07 	
1.33504252e+06 	 1.893806e-05 	 1.968552e+07 	
1.33529265e+06 	 1.884221e-05 	 1.967047e+07 	
1.33554277e+06 	 1.874644e-05 	 1.965543e+07 	
1.33579290e+06 	 1.865074e-05 	 1.964041e+07 	
1.33604302e+06 	 1.855512e-05 	 1.962540e+07 	
1.33629315e+06 	 1.845956e-05 	 1.961040e+07 	
1.33654327e+06 	 1.836407e-05 	 1.959542e+07 	
1.33679340e+06 	 1.826865e-05 	 1.958044e+07 	
1.33704352e+06 	 1.817330e-05 	 1.956548e+07 	
1.33729365e+06 	 1.807801e-05 	 1.955053e+07 	
1.33754377e+06 	 1.798279e-05 	 1.953559e+07 	
1.33779390e+06 	 1.788764e-05 	 1.952067e+07 	
1.33804402e+06 	 1.779255e-05 	 1.950575e+07 	
1.33829415e+06 	 1.769752e-05 	 1.949085e+07 	
1.33854427e+06 	 1.760255e-05 	 1.947597e+07 	
1.33879440e+06 	 1.750764e-05 	 1.946109e+07 	
1.33904452e+06 	 1.741191e-05 	 1.944625e+07 	
1.33929465e+06 	 1.731709e-05 	 1.943140e+07 	
1.33954477e+06 	 1.722233e-05 	 1.941657e+07 	
1.33979490e+06 	 1.712762e-05 	 1.940174e+07 	
1.34004502e+06 	 1.703297e-05 	 1.938693e+07 	
1.34029515e+06 	 1.693838e-05 	 1.937213e+07 	
1.34054527e+06 	 1.684383e-05 	 1.935735e+07 	
1.34079540e+06 	 1.674934e-05 	 1.934258e+07 	
1.34104552e+06 	 1.665490e-05 	 1.932782e+07 	
1.34129565e+06 	 1.656051e-05 	 1.931307e+07 	
1.34154577e+06 	 1.646616e-05 	 1.929834e+07 	
1.34179590e+06 	 1.637187e-05 	 1.928362e+07 	
1.34204602e+06 	 1.627762e-05 	 1.926891e+07 	
1.34229615e+06 	 1.618342e-05 	 1.925422e+07 	
1.34254627e+06 	 1.608926e-05 	 1.923954e+07 	
1.34279640e+06 	 1.599515e-05 	 1.922488e+07 	
1.34304652e+06 	 1.590108e-05 	 1.921022e+07 	
1.34329665e+06 	 1.580705e-05 	 1.919558e+07 	
1.34354677e+06 	 1.571227e-05 	 1.918098e+07 	
1.34379690e+06 	 1.561830e-05 	 1.916637e+07 	
1.34404702e+06 	 1.552437e-05 	 1.915177e+07 	
1.34429715e+06 	 1.543047e-05 	 1.913719e+07 	
1.34454727e+06 	 1.533661e-05 	 1.912262e+07 	
1.34479740e+06 	 1.524278e-05 	 1.910807e+07 	
1.34504752e+06 	 1.514899e-05 	 1.909353e+07 	
1.34529765e+06 	 1.505523e-05 	 1.907900e+07 	
1.34554777e+06 	 1.496150e-05 	 1.906449e+07 	
1.34579790e+06 	 1.486780e-05 	 1.905000e+07 	
1.34604802e+06 	 1.477414e-05 	 1.903551e+07 	
1.34629815e+06 	 1.468050e-05 	 1.902105e+07 	
1.34654827e+06 	 1.458689e-05 	 1.900659e+07 	
1.34679840e+06 	 1.449331e-05 	 1.899216e+07 	
1.34704852e+06 	 1.439976e-05 	 1.897773e+07 	
1.34729865e+06 	 1.430623e-05 	 1.896333e+07 	
1.34754877e+06 	 1.421272e-05 	 1.894893e+07 	
1.34779890e+06 	 1.411924e-05 	 1.893456e+07 	
1.34804902e+06 	 1.402579e-05 	 1.892020e+07 	
1.34829915e+06 	 1.393307e-05 	 1.890583e+07 	
1.34854927e+06 	 1.383968e-05 	 1.889150e+07 	
1.34879940e+06 	 1.374631e-05 	 1.887718e+07 	
1.34904952e+06 	 1.365295e-05 	 1.886288e+07 	
1.34929965e+06 	 1.355962e-05 	 1.884860e+07 	
1.34954977e+06 	 1.346631e-05 	 1.883433e+07 	
1.34979990e+06 	 1.337301e-05 	 1.882008e+07 	
1.35005003e+06 	 1.327973e-05 	 1.880585e+07 	
1.35030015e+06 	 1.318646e-05 	 1.879163e+07 	
1.35055028e+06 	 1.309321e-05 	 1.877743e+07 	
1.35080040e+06 	 1.299998e-05 	 1.876324e+07 	
1.35105053e+06 	 1.290676e-05 	 1.874908e+07 	
1.35130065e+06 	 1.281355e-05 	 1.873492e+07 	
1.35155078e+06 	 1.272036e-05 	 1.872079e+07 	
1.35180090e+06 	 1.262717e-05 	 1.870668e+07 	
1.35205103e+06 	 1.253400e-05 	 1.869258e+07 	
1.35230115e+06 	 1.244084e-05 	 1.867850e+07 	
1.35255128e+06 	 1.234769e-05 	 1.866444e+07 	
1.35280140e+06 	 1.225392e-05 	 1.865041e+07 	
1.35305153e+06 	 1.216077e-05 	 1.863639e+07 	
1.35330165e+06 	 1.206762e-05 	 1.862238e+07 	
1.35355178e+06 	 1.197449e-05 	 1.860839e+07 	
1.35380190e+06 	 1.188136e-05 	 1.859442e+07 	
1.35405203e+06 	 1.178824e-05 	 1.858048e+07 	
1.35430215e+06 	 1.169513e-05 	 1.856654e+07 	
1.35455228e+06 	 1.160202e-05 	 1.855263e+07 	
1.35480240e+06 	 1.150892e-05 	 1.853874e+07 	
1.35505253e+06 	 1.141583e-05 	 1.852487e+07 	
1.35530265e+06 	 1.132275e-05 	 1.851102e+07 	
1.35555278e+06 	 1.122967e-05 	 1.849719e+07 	
1.35580290e+06 	 1.113660e-05 	 1.848338e+07 	
1.35605303e+06 	 1.104353e-05 	 1.846959e+07 	
1.35630315e+06 	 1.095047e-05 	 1.845582e+07 	
1.35655328e+06 	 1.085742e-05 	 1.844207e+07 	
1.35680340e+06 	 1.076437e-05 	 1.842834e+07 	
1.35705353e+06 	 1.067134e-05 	 1.841464e+07 	
1.35730365e+06 	 1.057885e-05 	 1.840094e+07 	
1.35755378e+06 	 1.048585e-05 	 1.838728e+07 	
1.35780390e+06 	 1.039286e-05 	 1.837364e+07 	
1.35805403e+06 	 1.029988e-05 	 1.836002e+07 	
1.35830415e+06 	 1.020690e-05 	 1.834643e+07 	
1.35855428e+06 	 1.011394e-05 	 1.833286e+07 	
1.35880440e+06 	 1.002100e-05 	 1.831931e+07 	
1.35905453e+06 	 9.928064e-06 	 1.830579e+07 	
1.35930465e+06 	 9.835147e-06 	 1.829229e+07 	
1.35955478e+06 	 9.742246e-06 	 1.827882e+07 	
1.35980490e+06 	 9.649363e-06 	 1.826537e+07 	
1.36005503e+06 	 9.556499e-06 	 1.825195e+07 	
1.36030515e+06 	 9.463656e-06 	 1.823855e+07 	
1.36055528e+06 	 9.370835e-06 	 1.822518e+07 	
1.36080540e+06 	 9.278039e-06 	 1.821184e+07 	
1.36105553e+06 	 9.185269e-06 	 1.819852e+07 	
1.36130565e+06 	 9.092527e-06 	 1.818523e+07 	
1.36155578e+06 	 8.999816e-06 	 1.817196e+07 	
1.36180590e+06 	 8.907597e-06 	 1.815870e+07 	
1.36205603e+06 	 8.814967e-06 	 1.814549e+07 	
1.36230615e+06 	 8.722374e-06 	 1.813231e+07 	
1.36255628e+06 	 8.629823e-06 	 1.811916e+07 	
1.36280640e+06 	 8.537316e-06 	 1.810604e+07 	
1.36305653e+06 	 8.444855e-06 	 1.809294e+07 	
1.36330665e+06 	 8.352445e-06 	 1.807988e+07 	
1.36355678e+06 	 8.260088e-06 	 1.806684e+07 	
1.36380690e+06 	 8.167788e-06 	 1.805384e+07 	
1.36405703e+06 	 8.075549e-06 	 1.804087e+07 	
1.36430715e+06 	 7.983375e-06 	 1.802793e+07 	
1.36455728e+06 	 7.891270e-06 	 1.801502e+07 	
1.36480740e+06 	 7.799238e-06 	 1.800215e+07 	
1.36505753e+06 	 7.707283e-06 	 1.798931e+07 	
1.36530765e+06 	 7.615411e-06 	 1.797650e+07 	
1.36555778e+06 	 7.523626e-06 	 1.796372e+07 	
1.36580790e+06 	 7.431934e-06 	 1.795098e+07 	
1.36605803e+06 	 7.340339e-06 	 1.793828e+07 	
1.36630815e+06 	 7.249224e-06 	 1.792559e+07 	
1.36655828e+06 	 7.157851e-06 	 1.791295e+07 	
1.36680840e+06 	 7.066594e-06 	 1.790036e+07 	
1.36705853e+06 	 6.975458e-06 	 1.788780e+07 	
1.36730865e+06 	 6.884451e-06 	 1.787528e+07 	
1.36755878e+06 	 6.793578e-06 	 1.786279e+07 	
1.36780890e+06 	 6.702846e-06 	 1.785035e+07 	
1.36805903e+06 	 6.612264e-06 	 1.783794e+07 	
1.36830915e+06 	 6.521837e-06 	 1.782558e+07 	
1.36855928e+06 	 6.431575e-06 	 1.781325e+07 	
1.36880940e+06 	 6.341485e-06 	 1.780097e+07 	
1.36905953e+06 	 6.251575e-06 	 1.778873e+07 	
1.36930965e+06 	 6.161853e-06 	 1.777653e+07 	
1.36955978e+06 	 6.072330e-06 	 1.776438e+07 	
1.36980990e+06 	 5.983012e-06 	 1.775226e+07 	
1.37006003e+06 	 5.893911e-06 	 1.774020e+07 	
1.37031016e+06 	 5.805035e-06 	 1.772818e+07 	
1.37056028e+06 	 5.716683e-06 	 1.771618e+07 	
1.37081041e+06 	 5.628295e-06 	 1.770425e+07 	
1.37106053e+06 	 5.540163e-06 	 1.769236e+07 	
1.37131066e+06 	 5.452298e-06 	 1.768053e+07 	
1.37156078e+06 	 5.364711e-06 	 1.766874e+07 	
1.37181091e+06 	 5.277414e-06 	 1.765700e+07 	
1.37206103e+06 	 5.190416e-06 	 1.764532e+07 	
1.37231116e+06 	 5.103732e-06 	 1.763368e+07 	
1.37256128e+06 	 5.017372e-06 	 1.762209e+07 	
1.37281141e+06 	 4.931349e-06 	 1.761056e+07 	
1.37306153e+06 	 4.845677e-06 	 1.759908e+07 	
1.37331166e+06 	 4.760366e-06 	 1.758766e+07 	
1.37356178e+06 	 4.675432e-06 	 1.757628e+07 	
1.37381191e+06 	 4.590888e-06 	 1.756497e+07 	
1.37406203e+06 	 4.506746e-06 	 1.755371e+07 	
1.37431216e+06 	 4.423022e-06 	 1.754250e+07 	
1.37456228e+06 	 4.339730e-06 	 1.753136e+07 	
1.37481241e+06 	 4.256883e-06 	 1.752027e+07 	
1.37506253e+06 	 4.174710e-06 	 1.750922e+07 	
1.37531266e+06 	 4.092804e-06 	 1.749825e+07 	
1.37556278e+06 	 4.011388e-06 	 1.748735e+07 	
1.37581291e+06 	 3.930478e-06 	 1.747650e+07 	
1.37606303e+06 	 3.850089e-06 	 1.746572e+07 	
1.37631316e+06 	 3.770237e-06 	 1.745500e+07 	
1.37656328e+06 	 3.690939e-06 	 1.744434e+07 	
1.37681341e+06 	 3.612209e-06 	 1.743375e+07 	
1.37706353e+06 	 3.534064e-06 	 1.742323e+07 	
1.37731366e+06 	 3.456520e-06 	 1.741277e+07 	
1.37756378e+06 	 3.379593e-06 	 1.740238e+07 	
1.37781391e+06 	 3.303301e-06 	 1.739206e+07 	
1.37806403e+06 	 3.227658e-06 	 1.738180e+07 	
1.37831416e+06 	 3.152682e-06 	 1.737162e+07 	
1.37856428e+06 	 3.078389e-06 	 1.736151e+07 	
1.37881441e+06 	 3.004795e-06 	 1.735147e+07 	
1.37906453e+06 	 2.931918e-06 	 1.734150e+07 	
1.37931466e+06 	 2.859916e-06 	 1.733158e+07 	
1.37956478e+06 	 2.788521e-06 	 1.732176e+07 	
1.37981491e+06 	 2.717892e-06 	 1.731202e+07 	
1.38006503e+06 	 2.648042e-06 	 1.730235e+07 	
1.38031516e+06 	 2.578990e-06 	 1.729275e+07 	
1.38056528e+06 	 2.510750e-06 	 1.728324e+07 	
1.38081541e+06 	 2.443337e-06 	 1.727380e+07 	
1.38106553e+06 	 2.376768e-06 	 1.726444e+07 	
1.38131566e+06 	 2.311057e-06 	 1.725516e+07 	
1.38156578e+06 	 2.246219e-06 	 1.724596e+07 	
1.38181591e+06 	 2.182267e-06 	 1.723684e+07 	
1.38206603e+06 	 2.119217e-06 	 1.722780e+07 	
1.38231616e+06 	 2.057082e-06 	 1.721885e+07 	
1.38256628e+06 	 1.995874e-06 	 1.720998e+07 	
1.38281641e+06 	 1.935606e-06 	 1.720119e+07 	
1.38306653e+06 	 1.876292e-06 	 1.719249e+07 	
1.38331666e+06 	 1.817942e-06 	 1.718387e+07 	
1.38356678e+06 	 1.760479e-06 	 1.717536e+07 	
1.38381691e+06 	 1.704090e-06 	 1.716692e+07 	
1.38406703e+06 	 1.648697e-06 	 1.715856e+07 	
1.38431716e+06 	 1.594310e-06 	 1.715029e+07 	
1.38456728e+06 	 1.540937e-06 	 1.714210e+07 	
1.38481741e+06 	 1.488586e-06 	 1.713401e+07 	
1.38506753e+06 	 1.437265e-06 	 1.712600e+07 	
1.38531766e+06 	 1.386981e-06 	 1.711809e+07 	
1.38556778e+06 	 1.337738e-06 	 1.711026e+07 	
1.38581791e+06 	 1.289542e-06 	 1.710253e+07 	
1.38606803e+06 	 1.242398e-06 	 1.709488e+07 	
1.38631816e+06 	 1.196308e-06 	 1.708733e+07 	
1.38656828e+06 	 1.151276e-06 	 1.707986e+07 	
1.38681841e+06 	 1.107303e-06 	 1.707249e+07 	
1.38706853e+06 	 1.064389e-06 	 1.706521e+07 	
1.38731866e+06 	 1.022536e-06 	 1.705802e+07 	
1.38756878e+06 	 9.817412e-07 	 1.705092e+07 	
1.38781891e+06 	 9.420520e-07 	 1.704389e+07 	
1.38806903e+06 	 9.033694e-07 	 1.703698e+07 	
1.38831916e+06 	 8.657379e-07 	 1.703016e+07 	
1.38856928e+06 	 8.291528e-07 	 1.702343e+07 	
1.38881941e+06 	 7.936089e-07 	 1.701679e+07 	
1.38906953e+06 	 7.591000e-07 	 1.701024e+07 	
1.38931966e+06 	 7.256188e-07 	 1.700379e+07 	
1.38956978e+06 	 6.931574e-07 	 1.699743e+07 	
1.38981991e+06 	 6.617069e-07 	 1.699116e+07 	
1.39007004e+06 	 6.312577e-07 	 1.698498e+07 	
1.39032016e+06 	 6.017992e-07 	 1.697889e+07 	
1.39057029e+06 	 5.733200e-07 	 1.697290e+07 	
1.39082041e+06 	 5.458081e-07 	 1.696699e+07 	
1.39107054e+06 	 5.192506e-07 	 1.696117e+07 	
1.39132066e+06 	 4.936339e-07 	 1.695545e+07 	
1.39157079e+06 	 4.689436e-07 	 1.694981e+07 	
1.39182091e+06 	 4.451416e-07 	 1.694429e+07 	
1.39207104e+06 	 4.222588e-07 	 1.693883e+07 	
1.39232116e+06 	 4.002556e-07 	 1.693346e+07 	
1.39257129e+06 	 3.791153e-07 	 1.692818e+07 	
1.39282141e+06 	 3.588206e-07 	 1.692298e+07 	
1.39307154e+06 	 3.393535e-07 	 1.691787e+07 	
1.39332166e+06 	 3.206959e-07 	 1.691285e+07 	
1.39357179e+06 	 3.028291e-07 	 1.690791e+07 	
1.39382191e+06 	 2.857341e-07 	 1.690305e+07 	
1.39407204e+06 	 2.693913e-07 	 1.689828e+07 	
1.39432216e+06 	 2.537813e-07 	 1.689359e+07 	
1.39457229e+06 	 2.388842e-07 	 1.688897e+07 	
1.39482241e+06 	 2.246797e-07 	 1.688444e+07 	
1.39507254e+06 	 2.111478e-07 	 1.687999e+07 	
1.39532266e+06 	 1.982576e-07 	 1.687565e+07 	
1.39557279e+06 	 1.860096e-07 	 1.687136e+07 	
1.39582291e+06 	 1.743730e-07 	 1.686714e+07 	
1.39607304e+06 	 1.633272e-07 	 1.686300e+07 	
1.39632316e+06 	 1.528519e-07 	 1.685893e+07 	
1.39657329e+06 	 1.429269e-07 	 1.685494e+07 	
1.39682341e+06 	 1.335319e-07 	 1.685101e+07 	
1.39707354e+06 	 1.246471e-07 	 1.684716e+07 	
1.39732366e+06 	 1.162526e-07 	 1.684338e+07 	
1.39757379e+06 	 1.083290e-07 	 1.683966e+07 	
1.39782391e+06 	 1.008570e-07 	 1.683602e+07 	
1.39807404e+06 	 9.381274e-08 	 1.683247e+07 	
1.39832416e+06 	 8.718730e-08 	 1.682896e+07 	
1.39857429e+06 	 8.095755e-08 	 1.682551e+07 	
1.39882441e+06 	 7.510558e-08 	 1.682213e+07 	
1.39907454e+06 	 6.961387e-08 	 1.681880e+07 	
1.39932466e+06 	 6.446535e-08 	 1.681554e+07 	
1.39957479e+06 	 5.964334e-08 	 1.681233e+07 	
1.39982491e+06 	 5.513163e-08 	 1.680918e+07 	
1.40007504e+06 	 5.091449e-08 	 1.680609e+07 	
1.40032516e+06 	 4.697662e-08 	 1.680305e+07 	
1.40057529e+06 	 4.330090e-08 	 1.680011e+07 	
1.40082541e+06 	 3.987772e-08 	 1.679719e+07 	
1.40107554e+06 	 3.669092e-08 	 1.679431e+07 	
1.40132566e+06 	 3.372722e-08 	 1.679148e+07 	
1.40157579e+06 	 3.097380e-08 	 1.678871e+07 	
1.40182591e+06 	 2.841837e-08 	 1.678598e+07 	
1.40207604e+06 	 2.604913e-08 	 1.678330e+07 	
1.40232616e+06 	 2.385611e-08 	 1.678059e+07 	
1.40257629e+06 	 2.182587e-08 	 1.677799e+07 	
1.40282641e+06 	 1.994939e-08 	 1.677544e+07 	
1.40307654e+06 	 1.821682e-08 	 1.677292e+07 	
1.40332666e+06 	 1.661879e-08 	 1.677044e+07 	
1.40357679e+06 	 1.514722e-08 	 1.676792e+07 	
1.40382691e+06 	 1.379205e-08 	 1.676550e+07 	
1.40407704e+06 	 1.254603e-08 	 1.676311e+07 	
1.40432716e+06 	 1.140158e-08 	 1.676075e+07 	
1.40457729e+06 	 1.035095e-08 	 1.675855e+07 	
1.40482741e+06 	 9.388457e-09 	 1.675628e+07 	
1.40507754e+06 	 8.507191e-09 	 1.675405e+07 	
1.40532766e+06 	 7.701566e-09 	 1.675171e+07 	
1.40557779e+06 	 6.965165e-09 	 1.674950e+07 	
1.40582791e+06 	 6.293058e-09 	 1.674730e+07 	
1.40607804e+06 	 5.679920e-09 	 1.674533e+07 	
1.40632816e+06 	 5.121748e-09 	 1.674325e+07 	
1.40657829e+06 	 4.614198e-09 	 1.674095e+07 	
1.40682841e+06 	 4.152715e-09 	 1.673881e+07 	
1.40707854e+06 	 3.733623e-09 	 1.673682e+07 	
1.40732866e+06 	 3.353641e-09 	 1.673472e+07 	
1.40757879e+06 	 3.009255e-09 	 1.673286e+07 	
1.40782891e+06 	 2.697674e-09 	 1.673086e+07 	
1.40807904e+06 	 2.415892e-09 	 1.672911e+07 	
1.40832916e+06 	 2.161440e-09 	 1.672735e+07 	
1.40857929e+06 	 1.932036e-09 	 1.672513e+07 	
1.40882941e+06 	 1.725171e-09 	 1.672339e+07 	
1.40907954e+06 	 1.539054e-09 	 1.672108e+07 	
1.40932966e+06 	 1.371616e-09 	 1.671910e+07 	
1.40957979e+06 	 1.221174e-09 	 1.671729e+07 	
1.40982991e+06 	 1.086185e-09 	 1.671536e+07 	
1.41008004e+06 	 9.651840e-10 	 1.671326e+07 	
1.41033017e+06 	 8.567916e-10 	 1.671163e+07 	
1.41058029e+06 	 7.598524e-10 	 1.670961e+07 	
1.41083042e+06 	 6.732089e-10 	 1.670793e+07 	
1.41108054e+06 	 5.958712e-10 	 1.670601e+07 	
1.41133067e+06 	 5.268994e-10 	 1.670423e+07 	
1.41158079e+06 	 4.654606e-10 	 1.670228e+07 	
1.41183092e+06 	 4.107804e-10 	 1.670057e+07 	
1.41208104e+06 	 3.621729e-10 	 1.669874e+07 	
1.41233117e+06 	 3.190061e-10 	 1.669692e+07 	
1.41258129e+06 	 2.807113e-10 	 1.669509e+07 	
1.41283142e+06 	 2.467731e-10 	 1.669329e+07 	
1.41308154e+06 	 2.167277e-10 	 1.669147e+07 	
1.41333167e+06 	 1.901556e-10 	 1.668968e+07 	
1.41358179e+06 	 1.666799e-10 	 1.668785e+07 	
1.41383192e+06 	 1.459608e-10 	 1.668607e+07 	
1.41408204e+06 	 1.276936e-10 	 1.668426e+07 	
1.41433217e+06 	 1.116045e-10 	 1.668248e+07 	
1.41458229e+06 	 9.744870e-11 	 1.668062e+07 	
1.41483242e+06 	 8.500605e-11 	 1.667889e+07 	
1.41508254e+06 	 7.408081e-11 	 1.667710e+07 	
1.41533267e+06 	 6.449757e-11 	 1.667532e+07 	
1.41558279e+06 	 5.610005e-11 	 1.667353e+07 	
1.41583292e+06 	 4.874851e-11 	 1.667190e+07 	
1.41608304e+06 	 4.231683e-11 	 1.667121e+07 	
1.41633317e+06 	 3.670427e-11 	 1.666833e+07 	
1.41658329e+06 	 3.180061e-11 	 1.666766e+07 	
1.41683342e+06 	 2.753013e-11 	 1.666478e+07 	
1.41708354e+06 	 2.380653e-11 	 1.666412e+07 	
1.41733367e+06 	 2.057026e-11 	 1.666122e+07 	
1.41758379e+06 	 1.775410e-11 	 1.666058e+07 	
1.41783392e+06 	 1.531140e-11 	 1.665767e+07 	
1.41808404e+06 	 1.319006e-11 	 1.665703e+07 	
1.41833417e+06 	 1.135371e-11 	 1.665412e+07 	
1.41858429e+06 	 9.762130e-12 	 1.665349e+07 	
1.41883442e+06 	 8.387092e-12 	 1.665057e+07 	
1.41908454e+06 	 7.197722e-12 	 1.664995e+07 	
1.41933467e+06 	 6.172213e-12 	 1.664703e+07 	
1.41958479e+06 	 5.286927e-12 	 1.664641e+07 	
1.41983492e+06 	 4.525081e-12 	 1.664363e+07 	
1.42008504e+06 	 3.868693e-12 	 1.664302e+07 	
1.42033517e+06 	 3.305043e-12 	 1.663993e+07 	
1.42058529e+06 	 2.820351e-12 	 1.663932e+07 	
1.42083542e+06 	 2.404874e-12 	 1.663641e+07 	
1.42108554e+06 	 2.048341e-12 	 1.663580e+07 	
1.42133567e+06 	 1.743321e-12 	 1.663288e+07 	
1.42158579e+06 	 1.482087e-12 	 1.663227e+07 	
1.42183592e+06 	 1.259027e-12 	 1.662935e+07 	
1.42208604e+06 	 1.068364e-12 	 1.662874e+07 	
1.42233617e+06 	 9.058789e-13 	 1.662582e+07 	
1.42258629e+06 	 7.672635e-13 	 1.662521e+07 	
1.62621909e+06 	 1.000000e-20 	 1.535354e+07 	
1.85900044e+06 	 1.000000e-20 	 1.420975e+07 	
2.12510273e+06 	 1.000000e-20 	 1.317312e+07 	
2.42929561e+06 	 1.000000e-20 	 1.222872e+07 	
2.77703147e+06 	 1.000000e-20 	 1.136473e+07 	
3.17454317e+06 	 1.000000e-20 	 1.057161e+07 	
3.62895576e+06 	 1.000000e-20 	 9.841499e+06 	
4.14841418e+06 	 1.000000e-20 	 9.167818e+06 	
4.74222927e+06 	 1.000000e-20 	 8.544997e+06 	
5.42104464e+06 	 1.000000e-20 	 7.968251e+06 	
6.19702744e+06 	 1.000000e-20 	 7.433432e+06 	
7.08408651e+06 	 1.000000e-20 	 6.936906e+06 	
8.09812157e+06 	 1.000000e-20 	 6.475469e+06 	
9.25730832e+06 	 1.000000e-20 	 6.046273e+06 	
1.05824242e+07 	 1.000000e-20 	 5.646770e+06 	
1.20972206e+07 	 1.000000e-20 	 5.274670e+06 	
1.38288491e+07 	 1.000000e-20 	 4.927904e+06 	
1.58083475e+07 	 1.000000e-20 	 4.604595e+06 	
1.80711966e+07 	 1.000000e-20 	 4.303033e+06 	
2.06579559e+07 	 1.000000e-20 	 4.021654e+06 	
2.36149909e+07 	 1.000000e-20 	 3.759029e+06 	
2.69953038e+07 	 1.000000e-20 	 3.513841e+06 	
3.08594837e+07 	 1.000000e-20 	 3.284879e+06 	
3.52767926e+07 	 1.000000e-20 	 3.071027e+06 	
4.03264069e+07 	 1.000000e-20 	 2.871253e+06 	
4.60988365e+07 	 1.000000e-20 	 2.684600e+06 	
5.26975471e+07 	 1.000000e-20 	 2.510185e+06 	
6.02408148e+07 	 1.000000e-20 	 2.347186e+06 	
6.88638459e+07 	 1.000000e-20 	 2.194840e+06 	
7.87212007e+07 	 1.000000e-20 	 2.052438e+06 	
8.99895637e+07 	 1.000000e-20 	 1.919321e+06 	
1.02870910e+08 	 1.000000e-20 	 1.794876e+06 	
1.17596127e+08 	 1.000000e-20 	 1.678530e+06 	
1.34429151e+08 	 1.000000e-20 	 1.569750e+06 	
1.53671698e+08 	 1.000000e-20 	 1.468041e+06 	
1.75668676e+08 	 1.000000e-20 	 1.372939e+06 	
2.00814359e+08 	 1.000000e-20 	 1.284011e+06 	
2.29559463e+08 	 1.000000e-20 	 1.200854e+06 	
2.62419218e+08 	 1.000000e-20 	 1.123092e+06 	
2.99982606e+08 	 1.000000e-20 	 1.050373e+06 	
3.42922917e+08 	 1.000000e-20 	 9.823686e+05 	
3.92009819e+08 	 1.000000e-20 	 9.187720e+05 	
4.48123152e+08 	 1.000000e-20 	 8.592966e+05 	
5.12268697e+08 	 1.000000e-20 	 8.036746e+05 	
5.85596206e+08 	 1.000000e-20 	 7.516557e+05 	
6.69420012e+08 	 1.000000e-20 	 7.030061e+05 	
7.65242580e+08 	 1.000000e-20 	 6.575071e+05 	
8.74781447e+08 	 1.000000e-20 	 6.149543e+05 	
1.00000000e+09 	 1.000000e-20 	 5.751566e+05 	
