r (cm)        	 rho (g/cm3) 	 T (K)       		 Linf = 3.122992e+38
1.20000000e+06 	 1.316157e+05 	 1.238812e+09 	
1.20007879e+06 	 1.178191e+05 	 1.204171e+09 	
1.20018578e+06 	 1.010050e+05 	 1.157622e+09 	
1.20029277e+06 	 8.621663e+04 	 1.111662e+09 	
1.20038165e+06 	 7.533308e+04 	 1.073943e+09 	
1.20047053e+06 	 6.561054e+04 	 1.036661e+09 	
1.20055941e+06 	 5.695101e+04 	 9.998283e+08 	
1.20064829e+06 	 4.926220e+04 	 9.634617e+08 	
1.20073553e+06 	 4.257623e+04 	 9.282388e+08 	
1.20082276e+06 	 3.666476e+04 	 8.934952e+08 	
1.20090999e+06 	 3.145575e+04 	 8.592467e+08 	
1.20098147e+06 	 2.766355e+04 	 8.315621e+08 	
1.20105295e+06 	 2.426307e+04 	 8.042306e+08 	
1.20112443e+06 	 2.122163e+04 	 7.772617e+08 	
1.20119592e+06 	 1.850849e+04 	 7.506654e+08 	
1.20126740e+06 	 1.609480e+04 	 7.244516e+08 	
1.20133647e+06 	 1.402151e+04 	 6.994939e+08 	
1.20140555e+06 	 1.217985e+04 	 6.749126e+08 	
1.20147462e+06 	 1.054854e+04 	 6.507171e+08 	
1.20154370e+06 	 9.107746e+03 	 6.269174e+08 	
1.20160123e+06 	 8.039849e+03 	 6.074047e+08 	
1.20165876e+06 	 7.081352e+03 	 5.881791e+08 	
1.20171629e+06 	 6.222939e+03 	 5.692464e+08 	
1.20177382e+06 	 5.455892e+03 	 5.506124e+08 	
1.20183135e+06 	 4.772070e+03 	 5.322830e+08 	
1.20188893e+06 	 4.163368e+03 	 5.142477e+08 	
1.20194651e+06 	 3.623371e+03 	 4.965292e+08 	
1.20200409e+06 	 3.145517e+03 	 4.791333e+08 	
1.20205191e+06 	 2.791580e+03 	 4.649376e+08 	
1.20209972e+06 	 2.473063e+03 	 4.509715e+08 	
1.20214754e+06 	 2.186944e+03 	 4.372382e+08 	
1.20219535e+06 	 1.930407e+03 	 4.237409e+08 	
1.20224317e+06 	 1.700828e+03 	 4.104826e+08 	
1.20229098e+06 	 1.495770e+03 	 3.974662e+08 	
1.20234025e+06 	 1.307724e+03 	 3.843094e+08 	
1.20238952e+06 	 1.141028e+03 	 3.714156e+08 	
1.20242996e+06 	 1.018679e+03 	 3.610317e+08 	
1.20247040e+06 	 9.082079e+02 	 3.508287e+08 	
1.20251084e+06 	 8.086094e+02 	 3.408079e+08 	
1.20255128e+06 	 7.189465e+02 	 3.309708e+08 	
1.20259172e+06 	 6.383490e+02 	 3.213187e+08 	
1.20263216e+06 	 5.660099e+02 	 3.118528e+08 	
1.20267260e+06 	 5.011816e+02 	 3.025743e+08 	
1.20271304e+06 	 4.431731e+02 	 2.934842e+08 	
1.20275569e+06 	 3.886903e+02 	 2.841042e+08 	
1.20279076e+06 	 3.485408e+02 	 2.765469e+08 	
1.20282584e+06 	 3.122239e+02 	 2.691332e+08 	
1.20286092e+06 	 2.794118e+02 	 2.618633e+08 	
1.20289599e+06 	 2.498010e+02 	 2.547377e+08 	
1.20293107e+06 	 2.231101e+02 	 2.477565e+08 	
1.20296614e+06 	 1.990792e+02 	 2.409200e+08 	
1.20300122e+06 	 1.774683e+02 	 2.342280e+08 	
1.20303630e+06 	 1.580560e+02 	 2.276807e+08 	
1.20307137e+06 	 1.406387e+02 	 2.212780e+08 	
1.20310645e+06 	 1.250291e+02 	 2.150196e+08 	
1.20314357e+06 	 1.102874e+02 	 2.085531e+08 	
1.20317447e+06 	 9.928049e+01 	 2.032937e+08 	
1.20320536e+06 	 8.931518e+01 	 1.981455e+08 	
1.20323626e+06 	 8.030048e+01 	 1.931080e+08 	
1.20326716e+06 	 7.215250e+01 	 1.881809e+08 	
1.20329805e+06 	 6.479395e+01 	 1.833635e+08 	
1.20332895e+06 	 5.815369e+01 	 1.786554e+08 	
1.20335985e+06 	 5.216634e+01 	 1.740560e+08 	
1.20339074e+06 	 4.677189e+01 	 1.695645e+08 	
1.20342164e+06 	 4.191528e+01 	 1.651803e+08 	
1.20345254e+06 	 3.754612e+01 	 1.609025e+08 	
1.20348343e+06 	 3.361829e+01 	 1.567304e+08 	
1.20351433e+06 	 3.008967e+01 	 1.526629e+08 	
1.20354523e+06 	 2.692181e+01 	 1.486991e+08 	
1.20357612e+06 	 2.407967e+01 	 1.448381e+08 	
1.20360608e+06 	 2.160442e+01 	 1.411910e+08 	
1.20363605e+06 	 1.937895e+01 	 1.376384e+08 	
1.20366601e+06 	 1.737914e+01 	 1.341794e+08 	
1.20369597e+06 	 1.558300e+01 	 1.308126e+08 	
1.20372593e+06 	 1.397057e+01 	 1.275371e+08 	
1.20375589e+06 	 1.252371e+01 	 1.243516e+08 	
1.20378585e+06 	 1.122596e+01 	 1.212549e+08 	
1.20381582e+06 	 1.006240e+01 	 1.182457e+08 	
1.20384578e+06 	 9.019542e+00 	 1.153226e+08 	
1.20387574e+06 	 8.085155e+00 	 1.124843e+08 	
1.20390570e+06 	 7.248202e+00 	 1.097295e+08 	
1.20393566e+06 	 6.498714e+00 	 1.070567e+08 	
1.20396563e+06 	 5.827699e+00 	 1.044645e+08 	
1.20399559e+06 	 5.227049e+00 	 1.019513e+08 	
1.20402555e+06 	 4.689466e+00 	 9.951584e+07 	
1.20405551e+06 	 4.208381e+00 	 9.715644e+07 	
1.20408888e+06 	 3.731874e+00 	 9.461633e+07 	
1.20412225e+06 	 3.310849e+00 	 9.216658e+07 	
1.20415562e+06 	 2.938840e+00 	 8.980503e+07 	
1.20418899e+06 	 2.610119e+00 	 8.752950e+07 	
1.20422236e+06 	 2.319614e+00 	 8.533779e+07 	
1.20425573e+06 	 2.062838e+00 	 8.322769e+07 	
1.20428910e+06 	 1.835822e+00 	 8.119699e+07 	
1.20432247e+06 	 1.635062e+00 	 7.924349e+07 	
1.20435584e+06 	 1.457461e+00 	 7.736497e+07 	
1.20438921e+06 	 1.300287e+00 	 7.555923e+07 	
1.20442258e+06 	 1.161131e+00 	 7.382407e+07 	
1.20445595e+06 	 1.037866e+00 	 7.215731e+07 	
1.20449655e+06 	 9.066557e-01 	 7.021889e+07 	
1.20453714e+06 	 7.932676e-01 	 6.837462e+07 	
1.20457773e+06 	 6.951875e-01 	 6.662070e+07 	
1.20461833e+06 	 6.102606e-01 	 6.495338e+07 	
1.20465892e+06 	 5.366412e-01 	 6.336898e+07 	
1.20469951e+06 	 4.727479e-01 	 6.186390e+07 	
1.20474011e+06 	 4.172262e-01 	 6.043460e+07 	
1.20478070e+06 	 3.689153e-01 	 5.907765e+07 	
1.20482973e+06 	 3.187668e-01 	 5.753023e+07 	
1.20487877e+06 	 2.762157e-01 	 5.607776e+07 	
1.20492780e+06 	 2.400318e-01 	 5.471472e+07 	
1.20497684e+06 	 2.091924e-01 	 5.343583e+07 	
1.20502587e+06 	 1.828465e-01 	 5.223599e+07 	
1.20508561e+06 	 1.558030e-01 	 5.087404e+07 	
1.20514535e+06 	 1.333342e-01 	 4.961395e+07 	
1.20520509e+06 	 1.145968e-01 	 4.844790e+07 	
1.20526483e+06 	 9.891248e-02 	 4.736858e+07 	
1.20533605e+06 	 8.344872e-02 	 4.618563e+07 	
1.20540728e+06 	 7.081537e-02 	 4.510558e+07 	
1.20547850e+06 	 6.043855e-02 	 4.411865e+07 	
1.20555899e+06 	 5.086854e-02 	 4.310430e+07 	
1.20563948e+06 	 4.310788e-02 	 4.218591e+07 	
1.20573078e+06 	 3.601270e-02 	 4.124715e+07 	
1.20582209e+06 	 3.032950e-02 	 4.040515e+07 	
1.20592560e+06 	 2.519598e-02 	 3.955286e+07 	
1.20602912e+06 	 2.112702e-02 	 3.879508e+07 	
1.20614622e+06 	 1.749315e-02 	 3.803591e+07 	
1.20626332e+06 	 1.463582e-02 	 3.736599e+07 	
1.20639583e+06 	 1.210103e-02 	 3.669930e+07 	
1.20652834e+06 	 1.011965e-02 	 3.611466e+07 	
1.20667924e+06 	 8.360472e-03 	 3.553254e+07 	
1.20683014e+06 	 6.992579e-03 	 3.502486e+07 	
1.20700090e+06 	 5.789862e-03 	 3.452470e+07 	
1.20717165e+06 	 4.856111e-03 	 3.408978e+07 	
1.20738656e+06 	 3.955975e-03 	 3.361787e+07 	
1.20760147e+06 	 3.275269e-03 	 3.321404e+07 	
1.20781638e+06 	 2.750775e-03 	 3.286498e+07 	
1.20809512e+06 	 2.235034e-03 	 3.247737e+07 	
1.20837387e+06 	 1.849844e-03 	 3.214810e+07 	
1.20865261e+06 	 1.555820e-03 	 3.186484e+07 	
1.20902321e+06 	 1.262799e-03 	 3.154400e+07 	
1.20939382e+06 	 1.046767e-03 	 3.127266e+07 	
1.20976443e+06 	 8.834401e-04 	 3.103962e+07 	
1.21029454e+06 	 7.116769e-04 	 3.075714e+07 	
1.21082466e+06 	 5.884781e-04 	 3.051998e+07 	
1.21135477e+06 	 4.973036e-04 	 3.031681e+07 	
1.21195777e+06 	 4.198291e-04 	 3.011712e+07 	
1.21256077e+06 	 3.615145e-04 	 2.994315e+07 	
1.21316377e+06 	 3.165481e-04 	 2.978914e+07 	
1.21407736e+06 	 2.657935e-04 	 2.958487e+07 	
1.21499096e+06 	 2.290975e-04 	 2.940701e+07 	
1.21590455e+06 	 2.017021e-04 	 2.924885e+07 	
1.21719163e+06 	 1.735053e-04 	 2.905078e+07 	
1.21847872e+06 	 1.532910e-04 	 2.887406e+07 	
1.22042645e+06 	 1.320498e-04 	 2.863509e+07 	
1.22237419e+06 	 1.176866e-04 	 2.841989e+07 	
1.22432192e+06 	 1.074842e-04 	 2.822099e+07 	
1.22626965e+06 	 9.993650e-05 	 2.803366e+07 	
1.22938920e+06 	 9.128121e-05 	 2.775037e+07 	
1.23086222e+06 	 8.816057e-05 	 2.762181e+07 	
1.23465281e+06 	 8.188022e-05 	 2.730160e+07 	
1.23747536e+06 	 7.826791e-05 	 2.707046e+07 	
1.24291812e+06 	 7.271564e-05 	 2.663658e+07 	
1.24537696e+06 	 7.057912e-05 	 2.644440e+07 	
1.25234479e+06 	 6.521383e-05 	 2.590953e+07 	
1.25707071e+06 	 6.193741e-05 	 2.555360e+07 	
1.25885455e+06 	 6.075264e-05 	 2.542054e+07 	
1.26000000e+06 	 6.000454e-05 	 2.533545e+07 	
1.26025013e+06 	 5.984243e-05 	 2.531690e+07 	
1.26050025e+06 	 5.968076e-05 	 2.529837e+07 	
1.26075038e+06 	 5.951952e-05 	 2.527985e+07 	
1.26100050e+06 	 5.935870e-05 	 2.526135e+07 	
1.26125063e+06 	 5.919830e-05 	 2.524285e+07 	
1.26150075e+06 	 5.903831e-05 	 2.522437e+07 	
1.26175088e+06 	 5.887874e-05 	 2.520591e+07 	
1.26200100e+06 	 5.871956e-05 	 2.518745e+07 	
1.26225113e+06 	 5.856079e-05 	 2.516901e+07 	
1.26250125e+06 	 5.840242e-05 	 2.515058e+07 	
1.26275138e+06 	 5.824444e-05 	 2.513216e+07 	
1.26300150e+06 	 5.808686e-05 	 2.511376e+07 	
1.26325163e+06 	 5.792972e-05 	 2.509537e+07 	
1.26350175e+06 	 5.777295e-05 	 2.507699e+07 	
1.26375188e+06 	 5.761653e-05 	 2.505862e+07 	
1.26400200e+06 	 5.746048e-05 	 2.504027e+07 	
1.26425213e+06 	 5.730478e-05 	 2.502193e+07 	
1.26450225e+06 	 5.714944e-05 	 2.500360e+07 	
1.26475238e+06 	 5.699446e-05 	 2.498528e+07 	
1.26500250e+06 	 5.683983e-05 	 2.496697e+07 	
1.26525263e+06 	 5.668555e-05 	 2.494868e+07 	
1.26550275e+06 	 5.653161e-05 	 2.493040e+07 	
1.26575288e+06 	 5.637803e-05 	 2.491213e+07 	
1.26600300e+06 	 5.622479e-05 	 2.489388e+07 	
1.26625313e+06 	 5.607189e-05 	 2.487563e+07 	
1.26650325e+06 	 5.591933e-05 	 2.485740e+07 	
1.26675338e+06 	 5.576711e-05 	 2.483918e+07 	
1.26700350e+06 	 5.561523e-05 	 2.482098e+07 	
1.26725363e+06 	 5.546369e-05 	 2.480278e+07 	
1.26750375e+06 	 5.531248e-05 	 2.478460e+07 	
1.26775388e+06 	 5.516160e-05 	 2.476643e+07 	
1.26800400e+06 	 5.501105e-05 	 2.474827e+07 	
1.26825413e+06 	 5.486082e-05 	 2.473012e+07 	
1.26850425e+06 	 5.471092e-05 	 2.471199e+07 	
1.26875438e+06 	 5.456135e-05 	 2.469387e+07 	
1.26900450e+06 	 5.441210e-05 	 2.467576e+07 	
1.26925463e+06 	 5.426317e-05 	 2.465766e+07 	
1.26950475e+06 	 5.411455e-05 	 2.463957e+07 	
1.26975488e+06 	 5.396625e-05 	 2.462150e+07 	
1.27000500e+06 	 5.381827e-05 	 2.460343e+07 	
1.27025513e+06 	 5.367060e-05 	 2.458538e+07 	
1.27050525e+06 	 5.352323e-05 	 2.456735e+07 	
1.27075538e+06 	 5.337618e-05 	 2.454932e+07 	
1.27100550e+06 	 5.322943e-05 	 2.453130e+07 	
1.27125563e+06 	 5.308299e-05 	 2.451330e+07 	
1.27150575e+06 	 5.293685e-05 	 2.449531e+07 	
1.27175588e+06 	 5.279101e-05 	 2.447733e+07 	
1.27200600e+06 	 5.264547e-05 	 2.445936e+07 	
1.27225613e+06 	 5.250023e-05 	 2.444141e+07 	
1.27250625e+06 	 5.235528e-05 	 2.442346e+07 	
1.27275638e+06 	 5.221062e-05 	 2.440553e+07 	
1.27300650e+06 	 5.206626e-05 	 2.438761e+07 	
1.27325663e+06 	 5.192218e-05 	 2.436970e+07 	
1.27350675e+06 	 5.177839e-05 	 2.435181e+07 	
1.27375688e+06 	 5.163489e-05 	 2.433392e+07 	
1.27400700e+06 	 5.149167e-05 	 2.431605e+07 	
1.27425713e+06 	 5.134873e-05 	 2.429818e+07 	
1.27450725e+06 	 5.120607e-05 	 2.428033e+07 	
1.27475738e+06 	 5.106368e-05 	 2.426250e+07 	
1.27500750e+06 	 5.092160e-05 	 2.424467e+07 	
1.27525763e+06 	 5.077980e-05 	 2.422685e+07 	
1.27550775e+06 	 5.063827e-05 	 2.420905e+07 	
1.27575788e+06 	 5.049701e-05 	 2.419126e+07 	
1.27600800e+06 	 5.035603e-05 	 2.417348e+07 	
1.27625813e+06 	 5.021532e-05 	 2.415571e+07 	
1.27650825e+06 	 5.007487e-05 	 2.413795e+07 	
1.27675838e+06 	 4.993470e-05 	 2.412020e+07 	
1.27700850e+06 	 4.979479e-05 	 2.410247e+07 	
1.27725863e+06 	 4.965516e-05 	 2.408475e+07 	
1.27750875e+06 	 4.951579e-05 	 2.406704e+07 	
1.27775888e+06 	 4.937668e-05 	 2.404934e+07 	
1.27800900e+06 	 4.923784e-05 	 2.403165e+07 	
1.27825913e+06 	 4.909927e-05 	 2.401397e+07 	
1.27850925e+06 	 4.896096e-05 	 2.399630e+07 	
1.27875938e+06 	 4.882291e-05 	 2.397865e+07 	
1.27900950e+06 	 4.868512e-05 	 2.396101e+07 	
1.27925963e+06 	 4.854760e-05 	 2.394338e+07 	
1.27950975e+06 	 4.841033e-05 	 2.392576e+07 	
1.27975988e+06 	 4.827333e-05 	 2.390815e+07 	
1.28001001e+06 	 4.813658e-05 	 2.389055e+07 	
1.28026013e+06 	 4.800009e-05 	 2.387296e+07 	
1.28051026e+06 	 4.786386e-05 	 2.385539e+07 	
1.28076038e+06 	 4.772788e-05 	 2.383783e+07 	
1.28101051e+06 	 4.759216e-05 	 2.382028e+07 	
1.28126063e+06 	 4.745670e-05 	 2.380274e+07 	
1.28151076e+06 	 4.732149e-05 	 2.378521e+07 	
1.28176088e+06 	 4.718653e-05 	 2.376769e+07 	
1.28201101e+06 	 4.705182e-05 	 2.375018e+07 	
1.28226113e+06 	 4.691736e-05 	 2.373269e+07 	
1.28251126e+06 	 4.678316e-05 	 2.371521e+07 	
1.28276138e+06 	 4.664920e-05 	 2.369773e+07 	
1.28301151e+06 	 4.651550e-05 	 2.368027e+07 	
1.28326163e+06 	 4.638204e-05 	 2.366282e+07 	
1.28351176e+06 	 4.624882e-05 	 2.364538e+07 	
1.28376188e+06 	 4.611586e-05 	 2.362796e+07 	
1.28401201e+06 	 4.598314e-05 	 2.361054e+07 	
1.28426213e+06 	 4.585066e-05 	 2.359314e+07 	
1.28451226e+06 	 4.571843e-05 	 2.357574e+07 	
1.28476238e+06 	 4.558644e-05 	 2.355836e+07 	
1.28501251e+06 	 4.545469e-05 	 2.354099e+07 	
1.28526263e+06 	 4.532319e-05 	 2.352363e+07 	
1.28551276e+06 	 4.519192e-05 	 2.350628e+07 	
1.28576288e+06 	 4.506090e-05 	 2.348894e+07 	
1.28601301e+06 	 4.493011e-05 	 2.347162e+07 	
1.28626313e+06 	 4.479956e-05 	 2.345430e+07 	
1.28651326e+06 	 4.466925e-05 	 2.343700e+07 	
1.28676338e+06 	 4.453917e-05 	 2.341971e+07 	
1.28701351e+06 	 4.440933e-05 	 2.340242e+07 	
1.28726363e+06 	 4.427973e-05 	 2.338515e+07 	
1.28751376e+06 	 4.415036e-05 	 2.336790e+07 	
1.28776388e+06 	 4.402122e-05 	 2.335065e+07 	
1.28801401e+06 	 4.389231e-05 	 2.333341e+07 	
1.28826413e+06 	 4.376364e-05 	 2.331618e+07 	
1.28851426e+06 	 4.363519e-05 	 2.329897e+07 	
1.28876438e+06 	 4.350698e-05 	 2.328177e+07 	
1.28901451e+06 	 4.337899e-05 	 2.326457e+07 	
1.28926463e+06 	 4.325123e-05 	 2.324739e+07 	
1.28951476e+06 	 4.312370e-05 	 2.323022e+07 	
1.28976488e+06 	 4.299640e-05 	 2.321306e+07 	
1.29001501e+06 	 4.286932e-05 	 2.319591e+07 	
1.29026513e+06 	 4.274464e-05 	 2.317875e+07 	
1.29051526e+06 	 4.261808e-05 	 2.316162e+07 	
1.29076538e+06 	 4.249175e-05 	 2.314451e+07 	
1.29101551e+06 	 4.236565e-05 	 2.312740e+07 	
1.29126563e+06 	 4.223977e-05 	 2.311031e+07 	
1.29151576e+06 	 4.211412e-05 	 2.309322e+07 	
1.29176588e+06 	 4.198869e-05 	 2.307615e+07 	
1.29201601e+06 	 4.186348e-05 	 2.305909e+07 	
1.29226613e+06 	 4.173850e-05 	 2.304204e+07 	
1.29251626e+06 	 4.161374e-05 	 2.302500e+07 	
1.29276638e+06 	 4.148920e-05 	 2.300797e+07 	
1.29301651e+06 	 4.136489e-05 	 2.299095e+07 	
1.29326663e+06 	 4.124079e-05 	 2.297395e+07 	
1.29351676e+06 	 4.111692e-05 	 2.295695e+07 	
1.29376688e+06 	 4.099326e-05 	 2.293996e+07 	
1.29401701e+06 	 4.086983e-05 	 2.292299e+07 	
1.29426713e+06 	 4.074661e-05 	 2.290603e+07 	
1.29451726e+06 	 4.062361e-05 	 2.288907e+07 	
1.29476738e+06 	 4.050083e-05 	 2.287213e+07 	
1.29501751e+06 	 4.037618e-05 	 2.285522e+07 	
1.29526763e+06 	 4.025376e-05 	 2.283831e+07 	
1.29551776e+06 	 4.013155e-05 	 2.282140e+07 	
1.29576788e+06 	 4.000956e-05 	 2.280450e+07 	
1.29601801e+06 	 3.988778e-05 	 2.278761e+07 	
1.29626813e+06 	 3.976621e-05 	 2.277074e+07 	
1.29651826e+06 	 3.964485e-05 	 2.275387e+07 	
1.29676838e+06 	 3.952370e-05 	 2.273702e+07 	
1.29701851e+06 	 3.940277e-05 	 2.272017e+07 	
1.29726863e+06 	 3.928204e-05 	 2.270334e+07 	
1.29751876e+06 	 3.916152e-05 	 2.268652e+07 	
1.29776888e+06 	 3.904121e-05 	 2.266971e+07 	
1.29801901e+06 	 3.892111e-05 	 2.265291e+07 	
1.29826913e+06 	 3.880122e-05 	 2.263612e+07 	
1.29851926e+06 	 3.868153e-05 	 2.261934e+07 	
1.29876938e+06 	 3.856205e-05 	 2.260257e+07 	
1.29901951e+06 	 3.844278e-05 	 2.258581e+07 	
1.29926963e+06 	 3.832371e-05 	 2.256907e+07 	
1.29951976e+06 	 3.820291e-05 	 2.255235e+07 	
1.29976988e+06 	 3.808419e-05 	 2.253563e+07 	
1.30002001e+06 	 3.796566e-05 	 2.251892e+07 	
1.30027014e+06 	 3.784734e-05 	 2.250221e+07 	
1.30052026e+06 	 3.772922e-05 	 2.248552e+07 	
1.30077039e+06 	 3.761129e-05 	 2.246884e+07 	
1.30102051e+06 	 3.749357e-05 	 2.245217e+07 	
1.30127064e+06 	 3.737605e-05 	 2.243551e+07 	
1.30152076e+06 	 3.725872e-05 	 2.241886e+07 	
1.30177089e+06 	 3.714159e-05 	 2.240222e+07 	
1.30202101e+06 	 3.702466e-05 	 2.238559e+07 	
1.30227114e+06 	 3.690793e-05 	 2.236897e+07 	
1.30252126e+06 	 3.679139e-05 	 2.235237e+07 	
1.30277139e+06 	 3.667505e-05 	 2.233577e+07 	
1.30302151e+06 	 3.655890e-05 	 2.231918e+07 	
1.30327164e+06 	 3.644295e-05 	 2.230261e+07 	
1.30352176e+06 	 3.632719e-05 	 2.228605e+07 	
1.30377189e+06 	 3.621163e-05 	 2.226949e+07 	
1.30402201e+06 	 3.609625e-05 	 2.225295e+07 	
1.30427214e+06 	 3.597923e-05 	 2.223644e+07 	
1.30452226e+06 	 3.586418e-05 	 2.221992e+07 	
1.30477239e+06 	 3.574931e-05 	 2.220341e+07 	
1.30502251e+06 	 3.563464e-05 	 2.218691e+07 	
1.30527264e+06 	 3.552016e-05 	 2.217042e+07 	
1.30552276e+06 	 3.540586e-05 	 2.215394e+07 	
1.30577289e+06 	 3.529175e-05 	 2.213747e+07 	
1.30602301e+06 	 3.517783e-05 	 2.212102e+07 	
1.30627314e+06 	 3.506409e-05 	 2.210457e+07 	
1.30652326e+06 	 3.495054e-05 	 2.208813e+07 	
1.30677339e+06 	 3.483717e-05 	 2.207171e+07 	
1.30702351e+06 	 3.472399e-05 	 2.205529e+07 	
1.30727364e+06 	 3.461100e-05 	 2.203889e+07 	
1.30752376e+06 	 3.449818e-05 	 2.202249e+07 	
1.30777389e+06 	 3.438555e-05 	 2.200611e+07 	
1.30802401e+06 	 3.427310e-05 	 2.198974e+07 	
1.30827414e+06 	 3.416084e-05 	 2.197337e+07 	
1.30852426e+06 	 3.404875e-05 	 2.195702e+07 	
1.30877439e+06 	 3.393685e-05 	 2.194068e+07 	
1.30902451e+06 	 3.382337e-05 	 2.192437e+07 	
1.30927464e+06 	 3.371177e-05 	 2.190805e+07 	
1.30952476e+06 	 3.360034e-05 	 2.189174e+07 	
1.30977489e+06 	 3.348909e-05 	 2.187545e+07 	
1.31002501e+06 	 3.337802e-05 	 2.185916e+07 	
1.31027514e+06 	 3.326712e-05 	 2.184288e+07 	
1.31052526e+06 	 3.315640e-05 	 2.182661e+07 	
1.31077539e+06 	 3.304585e-05 	 2.181036e+07 	
1.31102551e+06 	 3.293548e-05 	 2.179411e+07 	
1.31127564e+06 	 3.282527e-05 	 2.177788e+07 	
1.31152576e+06 	 3.271525e-05 	 2.176165e+07 	
1.31177589e+06 	 3.260539e-05 	 2.174544e+07 	
1.31202601e+06 	 3.249571e-05 	 2.172923e+07 	
1.31227614e+06 	 3.238620e-05 	 2.171304e+07 	
1.31252626e+06 	 3.227686e-05 	 2.169686e+07 	
1.31277639e+06 	 3.216769e-05 	 2.168068e+07 	
1.31302651e+06 	 3.205868e-05 	 2.166452e+07 	
1.31327664e+06 	 3.194985e-05 	 2.164837e+07 	
1.31352676e+06 	 3.183958e-05 	 2.163225e+07 	
1.31377689e+06 	 3.173103e-05 	 2.161612e+07 	
1.31402701e+06 	 3.162264e-05 	 2.160000e+07 	
1.31427714e+06 	 3.151443e-05 	 2.158389e+07 	
1.31452726e+06 	 3.140637e-05 	 2.156779e+07 	
1.31477739e+06 	 3.129848e-05 	 2.155170e+07 	
1.31502751e+06 	 3.119075e-05 	 2.153563e+07 	
1.31527764e+06 	 3.108319e-05 	 2.151956e+07 	
1.31552776e+06 	 3.097579e-05 	 2.150350e+07 	
1.31577789e+06 	 3.086855e-05 	 2.148746e+07 	
1.31602801e+06 	 3.076147e-05 	 2.147142e+07 	
1.31627814e+06 	 3.065456e-05 	 2.145539e+07 	
1.31652826e+06 	 3.054780e-05 	 2.143938e+07 	
1.31677839e+06 	 3.044120e-05 	 2.142337e+07 	
1.31702851e+06 	 3.033476e-05 	 2.140738e+07 	
1.31727864e+06 	 3.022849e-05 	 2.139139e+07 	
1.31752876e+06 	 3.012236e-05 	 2.137542e+07 	
1.31777889e+06 	 3.001640e-05 	 2.135946e+07 	
1.31802901e+06 	 2.991059e-05 	 2.134351e+07 	
1.31827914e+06 	 2.980342e-05 	 2.132759e+07 	
1.31852926e+06 	 2.969788e-05 	 2.131165e+07 	
1.31877939e+06 	 2.959248e-05 	 2.129573e+07 	
1.31902951e+06 	 2.948725e-05 	 2.127982e+07 	
1.31927964e+06 	 2.938216e-05 	 2.126392e+07 	
1.31952976e+06 	 2.927722e-05 	 2.124803e+07 	
1.31977989e+06 	 2.917244e-05 	 2.123215e+07 	
1.32003002e+06 	 2.906781e-05 	 2.121629e+07 	
1.32028014e+06 	 2.896333e-05 	 2.120043e+07 	
1.32053027e+06 	 2.885899e-05 	 2.118458e+07 	
1.32078039e+06 	 2.875481e-05 	 2.116874e+07 	
1.32103052e+06 	 2.865078e-05 	 2.115291e+07 	
1.32128064e+06 	 2.854689e-05 	 2.113710e+07 	
1.32153077e+06 	 2.844315e-05 	 2.112129e+07 	
1.32178089e+06 	 2.833956e-05 	 2.110550e+07 	
1.32203102e+06 	 2.823611e-05 	 2.108971e+07 	
1.32228114e+06 	 2.813281e-05 	 2.107393e+07 	
1.32253127e+06 	 2.802965e-05 	 2.105817e+07 	
1.32278139e+06 	 2.792664e-05 	 2.104241e+07 	
1.32303152e+06 	 2.782234e-05 	 2.102669e+07 	
1.32328164e+06 	 2.771957e-05 	 2.101096e+07 	
1.32353177e+06 	 2.761694e-05 	 2.099524e+07 	
1.32378189e+06 	 2.751445e-05 	 2.097953e+07 	
1.32403202e+06 	 2.741209e-05 	 2.096382e+07 	
1.32428214e+06 	 2.730988e-05 	 2.094813e+07 	
1.32453227e+06 	 2.720781e-05 	 2.093245e+07 	
1.32478239e+06 	 2.710587e-05 	 2.091678e+07 	
1.32503252e+06 	 2.700408e-05 	 2.090112e+07 	
1.32528264e+06 	 2.690241e-05 	 2.088547e+07 	
1.32553277e+06 	 2.680089e-05 	 2.086983e+07 	
1.32578289e+06 	 2.669950e-05 	 2.085420e+07 	
1.32603302e+06 	 2.659825e-05 	 2.083859e+07 	
1.32628314e+06 	 2.649713e-05 	 2.082298e+07 	
1.32653327e+06 	 2.639614e-05 	 2.080738e+07 	
1.32678339e+06 	 2.629529e-05 	 2.079179e+07 	
1.32703352e+06 	 2.619457e-05 	 2.077622e+07 	
1.32728364e+06 	 2.609398e-05 	 2.076065e+07 	
1.32753377e+06 	 2.599219e-05 	 2.074512e+07 	
1.32778389e+06 	 2.589182e-05 	 2.072957e+07 	
1.32803402e+06 	 2.579158e-05 	 2.071404e+07 	
1.32828414e+06 	 2.569146e-05 	 2.069851e+07 	
1.32853427e+06 	 2.559148e-05 	 2.068300e+07 	
1.32878439e+06 	 2.549162e-05 	 2.066750e+07 	
1.32903452e+06 	 2.539188e-05 	 2.065201e+07 	
1.32928464e+06 	 2.529228e-05 	 2.063652e+07 	
1.32953477e+06 	 2.519279e-05 	 2.062105e+07 	
1.32978489e+06 	 2.509343e-05 	 2.060559e+07 	
1.33003502e+06 	 2.499420e-05 	 2.059014e+07 	
1.33028514e+06 	 2.489509e-05 	 2.057470e+07 	
1.33053527e+06 	 2.479610e-05 	 2.055927e+07 	
1.33078539e+06 	 2.469723e-05 	 2.054385e+07 	
1.33103552e+06 	 2.459848e-05 	 2.052844e+07 	
1.33128564e+06 	 2.449985e-05 	 2.051305e+07 	
1.33153577e+06 	 2.440134e-05 	 2.049766e+07 	
1.33178589e+06 	 2.430295e-05 	 2.048228e+07 	
1.33203602e+06 	 2.420468e-05 	 2.046691e+07 	
1.33228614e+06 	 2.410532e-05 	 2.045158e+07 	
1.33253627e+06 	 2.400724e-05 	 2.043623e+07 	
1.33278639e+06 	 2.390928e-05 	 2.042090e+07 	
1.33303652e+06 	 2.381143e-05 	 2.040558e+07 	
1.33328664e+06 	 2.371370e-05 	 2.039026e+07 	
1.33353677e+06 	 2.361608e-05 	 2.037496e+07 	
1.33378689e+06 	 2.351857e-05 	 2.035967e+07 	
1.33403702e+06 	 2.342117e-05 	 2.034439e+07 	
1.33428714e+06 	 2.332388e-05 	 2.032912e+07 	
1.33453727e+06 	 2.322671e-05 	 2.031386e+07 	
1.33478739e+06 	 2.312964e-05 	 2.029861e+07 	
1.33503752e+06 	 2.303268e-05 	 2.028337e+07 	
1.33528764e+06 	 2.293583e-05 	 2.026814e+07 	
1.33553777e+06 	 2.283908e-05 	 2.025292e+07 	
1.33578789e+06 	 2.274244e-05 	 2.023772e+07 	
1.33603802e+06 	 2.264591e-05 	 2.022252e+07 	
1.33628814e+06 	 2.254948e-05 	 2.020734e+07 	
1.33653827e+06 	 2.245316e-05 	 2.019216e+07 	
1.33678839e+06 	 2.235578e-05 	 2.017702e+07 	
1.33703852e+06 	 2.225962e-05 	 2.016187e+07 	
1.33728864e+06 	 2.216356e-05 	 2.014673e+07 	
1.33753877e+06 	 2.206760e-05 	 2.013160e+07 	
1.33778889e+06 	 2.197174e-05 	 2.011648e+07 	
1.33803902e+06 	 2.187598e-05 	 2.010137e+07 	
1.33828914e+06 	 2.178031e-05 	 2.008627e+07 	
1.33853927e+06 	 2.168474e-05 	 2.007118e+07 	
1.33878939e+06 	 2.158927e-05 	 2.005610e+07 	
1.33903952e+06 	 2.149389e-05 	 2.004104e+07 	
1.33928964e+06 	 2.139861e-05 	 2.002598e+07 	
1.33953977e+06 	 2.130342e-05 	 2.001094e+07 	
1.33978989e+06 	 2.120832e-05 	 1.999591e+07 	
1.34004002e+06 	 2.111331e-05 	 1.998088e+07 	
1.34029015e+06 	 2.101840e-05 	 1.996587e+07 	
1.34054027e+06 	 2.092357e-05 	 1.995087e+07 	
1.34079040e+06 	 2.082883e-05 	 1.993588e+07 	
1.34104052e+06 	 2.073418e-05 	 1.992090e+07 	
1.34129065e+06 	 2.064069e-05 	 1.990591e+07 	
1.34154077e+06 	 2.054625e-05 	 1.989096e+07 	
1.34179090e+06 	 2.045190e-05 	 1.987601e+07 	
1.34204102e+06 	 2.035763e-05 	 1.986108e+07 	
1.34229115e+06 	 2.026345e-05 	 1.984615e+07 	
1.34254127e+06 	 2.016936e-05 	 1.983124e+07 	
1.34279140e+06 	 2.007534e-05 	 1.981634e+07 	
1.34304152e+06 	 1.998141e-05 	 1.980145e+07 	
1.34329165e+06 	 1.988756e-05 	 1.978657e+07 	
1.34354177e+06 	 1.979379e-05 	 1.977170e+07 	
1.34379190e+06 	 1.970011e-05 	 1.975684e+07 	
1.34404202e+06 	 1.960650e-05 	 1.974200e+07 	
1.34429215e+06 	 1.951296e-05 	 1.972716e+07 	
1.34454227e+06 	 1.941951e-05 	 1.971234e+07 	
1.34479240e+06 	 1.932613e-05 	 1.969753e+07 	
1.34504252e+06 	 1.923283e-05 	 1.968273e+07 	
1.34529265e+06 	 1.913960e-05 	 1.966794e+07 	
1.34554277e+06 	 1.904645e-05 	 1.965316e+07 	
1.34579290e+06 	 1.895433e-05 	 1.963837e+07 	
1.34604302e+06 	 1.886136e-05 	 1.962362e+07 	
1.34629315e+06 	 1.876845e-05 	 1.960888e+07 	
1.34654327e+06 	 1.867562e-05 	 1.959414e+07 	
1.34679340e+06 	 1.858286e-05 	 1.957942e+07 	
1.34704352e+06 	 1.849016e-05 	 1.956471e+07 	
1.34729365e+06 	 1.839754e-05 	 1.955002e+07 	
1.34754377e+06 	 1.830498e-05 	 1.953533e+07 	
1.34779390e+06 	 1.821249e-05 	 1.952066e+07 	
1.34804402e+06 	 1.812006e-05 	 1.950599e+07 	
1.34829415e+06 	 1.802770e-05 	 1.949134e+07 	
1.34854427e+06 	 1.793541e-05 	 1.947670e+07 	
1.34879440e+06 	 1.784317e-05 	 1.946208e+07 	
1.34904452e+06 	 1.775100e-05 	 1.944746e+07 	
1.34929465e+06 	 1.765889e-05 	 1.943286e+07 	
1.34954477e+06 	 1.756684e-05 	 1.941827e+07 	
1.34979490e+06 	 1.747486e-05 	 1.940369e+07 	
1.35004502e+06 	 1.738292e-05 	 1.938912e+07 	
1.35029515e+06 	 1.729105e-05 	 1.937457e+07 	
1.35054527e+06 	 1.720013e-05 	 1.936000e+07 	
1.35079540e+06 	 1.710840e-05 	 1.934547e+07 	
1.35104552e+06 	 1.701672e-05 	 1.933095e+07 	
1.35129565e+06 	 1.692510e-05 	 1.931644e+07 	
1.35154577e+06 	 1.683353e-05 	 1.930195e+07 	
1.35179590e+06 	 1.674202e-05 	 1.928747e+07 	
1.35204602e+06 	 1.665056e-05 	 1.927300e+07 	
1.35229615e+06 	 1.655915e-05 	 1.925854e+07 	
1.35254627e+06 	 1.646779e-05 	 1.924409e+07 	
1.35279640e+06 	 1.637648e-05 	 1.922966e+07 	
1.35304652e+06 	 1.628522e-05 	 1.921524e+07 	
1.35329665e+06 	 1.619400e-05 	 1.920083e+07 	
1.35354677e+06 	 1.610283e-05 	 1.918644e+07 	
1.35379690e+06 	 1.601171e-05 	 1.917206e+07 	
1.35404702e+06 	 1.592064e-05 	 1.915769e+07 	
1.35429715e+06 	 1.582960e-05 	 1.914333e+07 	
1.35454727e+06 	 1.573861e-05 	 1.912899e+07 	
1.35479740e+06 	 1.564767e-05 	 1.911466e+07 	
1.35504752e+06 	 1.555597e-05 	 1.910037e+07 	
1.35529765e+06 	 1.546508e-05 	 1.908606e+07 	
1.35554777e+06 	 1.537423e-05 	 1.907178e+07 	
1.35579790e+06 	 1.528342e-05 	 1.905750e+07 	
1.35604802e+06 	 1.519264e-05 	 1.904324e+07 	
1.35629815e+06 	 1.510190e-05 	 1.902899e+07 	
1.35654827e+06 	 1.501119e-05 	 1.901475e+07 	
1.35679840e+06 	 1.492052e-05 	 1.900053e+07 	
1.35704852e+06 	 1.482988e-05 	 1.898632e+07 	
1.35729865e+06 	 1.473928e-05 	 1.897213e+07 	
1.35754877e+06 	 1.464870e-05 	 1.895795e+07 	
1.35779890e+06 	 1.455816e-05 	 1.894378e+07 	
1.35804902e+06 	 1.446765e-05 	 1.892963e+07 	
1.35829915e+06 	 1.437716e-05 	 1.891549e+07 	
1.35854927e+06 	 1.428671e-05 	 1.890137e+07 	
1.35879940e+06 	 1.419628e-05 	 1.888726e+07 	
1.35904952e+06 	 1.410588e-05 	 1.887317e+07 	
1.35929965e+06 	 1.401550e-05 	 1.885909e+07 	
1.35954977e+06 	 1.392515e-05 	 1.884502e+07 	
1.35979990e+06 	 1.383411e-05 	 1.883099e+07 	
1.36005003e+06 	 1.374378e-05 	 1.881696e+07 	
1.36030015e+06 	 1.365347e-05 	 1.880294e+07 	
1.36055028e+06 	 1.356319e-05 	 1.878893e+07 	
1.36080040e+06 	 1.347293e-05 	 1.877494e+07 	
1.36105053e+06 	 1.338268e-05 	 1.876097e+07 	
1.36130065e+06 	 1.329246e-05 	 1.874701e+07 	
1.36155078e+06 	 1.320225e-05 	 1.873307e+07 	
1.36180090e+06 	 1.311206e-05 	 1.871914e+07 	
1.36205103e+06 	 1.302189e-05 	 1.870523e+07 	
1.36230115e+06 	 1.293173e-05 	 1.869133e+07 	
1.36255128e+06 	 1.284159e-05 	 1.867745e+07 	
1.36280140e+06 	 1.275146e-05 	 1.866359e+07 	
1.36305153e+06 	 1.266134e-05 	 1.864975e+07 	
1.36330165e+06 	 1.257124e-05 	 1.863592e+07 	
1.36355178e+06 	 1.248116e-05 	 1.862210e+07 	
1.36380190e+06 	 1.239108e-05 	 1.860831e+07 	
1.36405203e+06 	 1.230102e-05 	 1.859453e+07 	
1.36430215e+06 	 1.221035e-05 	 1.858079e+07 	
1.36455228e+06 	 1.212029e-05 	 1.856704e+07 	
1.36480240e+06 	 1.203024e-05 	 1.855331e+07 	
1.36505253e+06 	 1.194020e-05 	 1.853961e+07 	
1.36530265e+06 	 1.185016e-05 	 1.852591e+07 	
1.36555278e+06 	 1.176014e-05 	 1.851224e+07 	
1.36580290e+06 	 1.167013e-05 	 1.849859e+07 	
1.36605303e+06 	 1.158012e-05 	 1.848495e+07 	
1.36630315e+06 	 1.149013e-05 	 1.847133e+07 	
1.36655328e+06 	 1.140014e-05 	 1.845773e+07 	
1.36680340e+06 	 1.131016e-05 	 1.844415e+07 	
1.36705353e+06 	 1.122018e-05 	 1.843059e+07 	
1.36730365e+06 	 1.113022e-05 	 1.841705e+07 	
1.36755378e+06 	 1.104026e-05 	 1.840353e+07 	
1.36780390e+06 	 1.095031e-05 	 1.839002e+07 	
1.36805403e+06 	 1.086036e-05 	 1.837654e+07 	
1.36830415e+06 	 1.077043e-05 	 1.836308e+07 	
1.36855428e+06 	 1.068050e-05 	 1.834964e+07 	
1.36880440e+06 	 1.059112e-05 	 1.833620e+07 	
1.36905453e+06 	 1.050123e-05 	 1.832279e+07 	
1.36930465e+06 	 1.041134e-05 	 1.830941e+07 	
1.36955478e+06 	 1.032147e-05 	 1.829606e+07 	
1.36980490e+06 	 1.023161e-05 	 1.828272e+07 	
1.37005503e+06 	 1.014176e-05 	 1.826940e+07 	
1.37030515e+06 	 1.005192e-05 	 1.825611e+07 	
1.37055528e+06 	 9.962100e-06 	 1.824284e+07 	
1.37080540e+06 	 9.872290e-06 	 1.822959e+07 	
1.37105553e+06 	 9.782495e-06 	 1.821637e+07 	
1.37130565e+06 	 9.692717e-06 	 1.820316e+07 	
1.37155578e+06 	 9.602956e-06 	 1.818999e+07 	
1.37180590e+06 	 9.513214e-06 	 1.817683e+07 	
1.37205603e+06 	 9.423491e-06 	 1.816370e+07 	
1.37230615e+06 	 9.333790e-06 	 1.815059e+07 	
1.37255628e+06 	 9.244113e-06 	 1.813751e+07 	
1.37280640e+06 	 9.154459e-06 	 1.812446e+07 	
1.37305653e+06 	 9.064833e-06 	 1.811142e+07 	
1.37330665e+06 	 8.975234e-06 	 1.809842e+07 	
1.37355678e+06 	 8.885209e-06 	 1.808546e+07 	
1.37380690e+06 	 8.795661e-06 	 1.807251e+07 	
1.37405703e+06 	 8.706147e-06 	 1.805958e+07 	
1.37430715e+06 	 8.616670e-06 	 1.804668e+07 	
1.37455728e+06 	 8.527233e-06 	 1.803381e+07 	
1.37480740e+06 	 8.437838e-06 	 1.802097e+07 	
1.37505753e+06 	 8.348488e-06 	 1.800816e+07 	
1.37530765e+06 	 8.259185e-06 	 1.799537e+07 	
1.37555778e+06 	 8.169934e-06 	 1.798261e+07 	
1.37580790e+06 	 8.080737e-06 	 1.796988e+07 	
1.37605803e+06 	 7.991598e-06 	 1.795719e+07 	
1.37630815e+06 	 7.902520e-06 	 1.794452e+07 	
1.37655828e+06 	 7.813507e-06 	 1.793188e+07 	
1.37680840e+06 	 7.724564e-06 	 1.791927e+07 	
1.37705853e+06 	 7.635693e-06 	 1.790670e+07 	
1.37730865e+06 	 7.546900e-06 	 1.789416e+07 	
1.37755878e+06 	 7.458188e-06 	 1.788165e+07 	
1.37780890e+06 	 7.369564e-06 	 1.786917e+07 	
1.37805903e+06 	 7.280658e-06 	 1.785675e+07 	
1.37830915e+06 	 7.192211e-06 	 1.784434e+07 	
1.37855928e+06 	 7.103866e-06 	 1.783196e+07 	
1.37880940e+06 	 7.015627e-06 	 1.781962e+07 	
1.37905953e+06 	 6.927502e-06 	 1.780732e+07 	
1.37930965e+06 	 6.839494e-06 	 1.779505e+07 	
1.37955978e+06 	 6.751611e-06 	 1.778281e+07 	
1.37980990e+06 	 6.663860e-06 	 1.777062e+07 	
1.38006003e+06 	 6.576245e-06 	 1.775846e+07 	
1.38031016e+06 	 6.488775e-06 	 1.774634e+07 	
1.38056028e+06 	 6.401456e-06 	 1.773426e+07 	
1.38081041e+06 	 6.314295e-06 	 1.772221e+07 	
1.38106053e+06 	 6.227300e-06 	 1.771021e+07 	
1.38131066e+06 	 6.140479e-06 	 1.769825e+07 	
1.38156078e+06 	 6.053839e-06 	 1.768633e+07 	
1.38181091e+06 	 5.967389e-06 	 1.767445e+07 	
1.38206103e+06 	 5.881138e-06 	 1.766261e+07 	
1.38231116e+06 	 5.795093e-06 	 1.765081e+07 	
1.38256128e+06 	 5.708973e-06 	 1.763908e+07 	
1.38281141e+06 	 5.623362e-06 	 1.762737e+07 	
1.38306153e+06 	 5.537986e-06 	 1.761571e+07 	
1.38331166e+06 	 5.452854e-06 	 1.760409e+07 	
1.38356178e+06 	 5.367976e-06 	 1.759252e+07 	
1.38381191e+06 	 5.283362e-06 	 1.758100e+07 	
1.38406203e+06 	 5.199023e-06 	 1.756952e+07 	
1.38431216e+06 	 5.114970e-06 	 1.755809e+07 	
1.38456228e+06 	 5.031214e-06 	 1.754671e+07 	
1.38481241e+06 	 4.947765e-06 	 1.753538e+07 	
1.38506253e+06 	 4.864635e-06 	 1.752410e+07 	
1.38531266e+06 	 4.781837e-06 	 1.751286e+07 	
1.38556278e+06 	 4.699382e-06 	 1.750169e+07 	
1.38581291e+06 	 4.617282e-06 	 1.749056e+07 	
1.38606303e+06 	 4.535550e-06 	 1.747948e+07 	
1.38631316e+06 	 4.454198e-06 	 1.746846e+07 	
1.38656328e+06 	 4.373240e-06 	 1.745750e+07 	
1.38681341e+06 	 4.292689e-06 	 1.744659e+07 	
1.38706353e+06 	 4.212773e-06 	 1.743571e+07 	
1.38731366e+06 	 4.133080e-06 	 1.742491e+07 	
1.38756378e+06 	 4.053834e-06 	 1.741417e+07 	
1.38781391e+06 	 3.975049e-06 	 1.740348e+07 	
1.38806403e+06 	 3.896740e-06 	 1.739286e+07 	
1.38831416e+06 	 3.818921e-06 	 1.738229e+07 	
1.38856428e+06 	 3.741606e-06 	 1.737179e+07 	
1.38881441e+06 	 3.664810e-06 	 1.736135e+07 	
1.38906453e+06 	 3.588548e-06 	 1.735096e+07 	
1.38931466e+06 	 3.512834e-06 	 1.734065e+07 	
1.38956478e+06 	 3.437684e-06 	 1.733039e+07 	
1.38981491e+06 	 3.363113e-06 	 1.732020e+07 	
1.39006503e+06 	 3.289136e-06 	 1.731007e+07 	
1.39031516e+06 	 3.215767e-06 	 1.730001e+07 	
1.39056528e+06 	 3.143023e-06 	 1.729002e+07 	
1.39081541e+06 	 3.070918e-06 	 1.728010e+07 	
1.39106553e+06 	 2.999468e-06 	 1.727024e+07 	
1.39131566e+06 	 2.928688e-06 	 1.726045e+07 	
1.39156578e+06 	 2.858447e-06 	 1.725076e+07 	
1.39181591e+06 	 2.789050e-06 	 1.724111e+07 	
1.39206603e+06 	 2.720370e-06 	 1.723153e+07 	
1.39231616e+06 	 2.652419e-06 	 1.722203e+07 	
1.39256628e+06 	 2.585214e-06 	 1.721260e+07 	
1.39281641e+06 	 2.518769e-06 	 1.720324e+07 	
1.39306653e+06 	 2.453098e-06 	 1.719396e+07 	
1.39331666e+06 	 2.388217e-06 	 1.718476e+07 	
1.39356678e+06 	 2.324138e-06 	 1.717562e+07 	
1.39381691e+06 	 2.260876e-06 	 1.716657e+07 	
1.39406703e+06 	 2.198444e-06 	 1.715759e+07 	
1.39431716e+06 	 2.136855e-06 	 1.714869e+07 	
1.39456728e+06 	 2.076123e-06 	 1.713987e+07 	
1.39481741e+06 	 2.016260e-06 	 1.713113e+07 	
1.39506753e+06 	 1.957278e-06 	 1.712247e+07 	
1.39531766e+06 	 1.899188e-06 	 1.711388e+07 	
1.39556778e+06 	 1.842003e-06 	 1.710538e+07 	
1.39581791e+06 	 1.785823e-06 	 1.709694e+07 	
1.39606803e+06 	 1.730478e-06 	 1.708860e+07 	
1.39631816e+06 	 1.676068e-06 	 1.708035e+07 	
1.39656828e+06 	 1.622603e-06 	 1.707218e+07 	
1.39681841e+06 	 1.570090e-06 	 1.706409e+07 	
1.39706853e+06 	 1.518538e-06 	 1.705609e+07 	
1.39731866e+06 	 1.467955e-06 	 1.704817e+07 	
1.39756878e+06 	 1.418346e-06 	 1.704033e+07 	
1.39781891e+06 	 1.369719e-06 	 1.703258e+07 	
1.39806903e+06 	 1.322078e-06 	 1.702492e+07 	
1.39831916e+06 	 1.275428e-06 	 1.701734e+07 	
1.39856928e+06 	 1.229774e-06 	 1.700985e+07 	
1.39881941e+06 	 1.185119e-06 	 1.700245e+07 	
1.39906953e+06 	 1.141465e-06 	 1.699514e+07 	
1.39931966e+06 	 1.098813e-06 	 1.698791e+07 	
1.39956978e+06 	 1.057165e-06 	 1.698077e+07 	
1.39981991e+06 	 1.016521e-06 	 1.697371e+07 	
1.40007004e+06 	 9.768312e-07 	 1.696677e+07 	
1.40032016e+06 	 9.381923e-07 	 1.695990e+07 	
1.40057029e+06 	 9.005529e-07 	 1.695311e+07 	
1.40082041e+06 	 8.639099e-07 	 1.694641e+07 	
1.40107054e+06 	 8.282594e-07 	 1.693980e+07 	
1.40132066e+06 	 7.935968e-07 	 1.693328e+07 	
1.40157079e+06 	 7.599163e-07 	 1.692684e+07 	
1.40182091e+06 	 7.272118e-07 	 1.692050e+07 	
1.40207104e+06 	 6.954761e-07 	 1.691424e+07 	
1.40232116e+06 	 6.647012e-07 	 1.690807e+07 	
1.40257129e+06 	 6.348785e-07 	 1.690199e+07 	
1.40282141e+06 	 6.059984e-07 	 1.689599e+07 	
1.40307154e+06 	 5.780509e-07 	 1.689009e+07 	
1.40332166e+06 	 5.510250e-07 	 1.688426e+07 	
1.40357179e+06 	 5.249090e-07 	 1.687853e+07 	
1.40382191e+06 	 4.996907e-07 	 1.687288e+07 	
1.40407204e+06 	 4.753329e-07 	 1.686735e+07 	
1.40432216e+06 	 4.518705e-07 	 1.686187e+07 	
1.40457229e+06 	 4.292651e-07 	 1.685648e+07 	
1.40482241e+06 	 4.075019e-07 	 1.685118e+07 	
1.40507254e+06 	 3.865657e-07 	 1.684596e+07 	
1.40532266e+06 	 3.664407e-07 	 1.684082e+07 	
1.40557279e+06 	 3.471105e-07 	 1.683577e+07 	
1.40582291e+06 	 3.285585e-07 	 1.683079e+07 	
1.40607304e+06 	 3.107677e-07 	 1.682590e+07 	
1.40632316e+06 	 2.937205e-07 	 1.682109e+07 	
1.40657329e+06 	 2.773993e-07 	 1.681636e+07 	
1.40682341e+06 	 2.617859e-07 	 1.681171e+07 	
1.40707354e+06 	 2.468620e-07 	 1.680714e+07 	
1.40732366e+06 	 2.326091e-07 	 1.680265e+07 	
1.40757379e+06 	 2.190197e-07 	 1.679820e+07 	
1.40782391e+06 	 2.060526e-07 	 1.679386e+07 	
1.40807404e+06 	 1.937002e-07 	 1.678959e+07 	
1.40832416e+06 	 1.819434e-07 	 1.678540e+07 	
1.40857429e+06 	 1.707633e-07 	 1.678128e+07 	
1.40882441e+06 	 1.601409e-07 	 1.677723e+07 	
1.40907454e+06 	 1.500574e-07 	 1.677325e+07 	
1.40932466e+06 	 1.404938e-07 	 1.676935e+07 	
1.40957479e+06 	 1.314316e-07 	 1.676551e+07 	
1.40982491e+06 	 1.228522e-07 	 1.676174e+07 	
1.41007504e+06 	 1.147372e-07 	 1.675804e+07 	
1.41032516e+06 	 1.070684e-07 	 1.675440e+07 	
1.41057529e+06 	 9.982312e-08 	 1.675086e+07 	
1.41082541e+06 	 9.299361e-08 	 1.674735e+07 	
1.41107554e+06 	 8.655757e-08 	 1.674391e+07 	
1.41132566e+06 	 8.049798e-08 	 1.674053e+07 	
1.41157579e+06 	 7.479817e-08 	 1.673721e+07 	
1.41182591e+06 	 6.944184e-08 	 1.673394e+07 	
1.41207604e+06 	 6.441306e-08 	 1.673074e+07 	
1.41232616e+06 	 5.969629e-08 	 1.672759e+07 	
1.41257629e+06 	 5.527640e-08 	 1.672450e+07 	
1.41282641e+06 	 5.113868e-08 	 1.672146e+07 	
1.41307654e+06 	 4.727131e-08 	 1.671843e+07 	
1.41332666e+06 	 4.365554e-08 	 1.671549e+07 	
1.41357679e+06 	 4.028043e-08 	 1.671260e+07 	
1.41382691e+06 	 3.713302e-08 	 1.670976e+07 	
1.41407704e+06 	 3.420083e-08 	 1.670697e+07 	
1.41432716e+06 	 3.147182e-08 	 1.670423e+07 	
1.41457729e+06 	 2.893440e-08 	 1.670153e+07 	
1.41482741e+06 	 2.657882e-08 	 1.669881e+07 	
1.41507754e+06 	 2.439173e-08 	 1.669619e+07 	
1.41532766e+06 	 2.236423e-08 	 1.669360e+07 	
1.41557779e+06 	 2.048655e-08 	 1.669106e+07 	
1.41582791e+06 	 1.874936e-08 	 1.668854e+07 	
1.41607804e+06 	 1.714375e-08 	 1.668607e+07 	
1.41632816e+06 	 1.566038e-08 	 1.668371e+07 	
1.41657829e+06 	 1.429287e-08 	 1.668131e+07 	
1.41682841e+06 	 1.303275e-08 	 1.667894e+07 	
1.41707854e+06 	 1.187274e-08 	 1.667659e+07 	
1.41732866e+06 	 1.080539e-08 	 1.667438e+07 	
1.41757879e+06 	 9.825325e-09 	 1.667211e+07 	
1.41782891e+06 	 8.925854e-09 	 1.666985e+07 	
1.41807904e+06 	 8.100769e-09 	 1.666776e+07 	
1.41832916e+06 	 7.345401e-09 	 1.666558e+07 	
1.41857929e+06 	 6.654249e-09 	 1.666343e+07 	
1.41882941e+06 	 6.022146e-09 	 1.666148e+07 	
1.41907954e+06 	 5.445196e-09 	 1.665945e+07 	
1.41932966e+06 	 4.919139e-09 	 1.665728e+07 	
1.41957979e+06 	 4.439540e-09 	 1.665529e+07 	
1.41982991e+06 	 4.003149e-09 	 1.665310e+07 	
1.42008004e+06 	 3.606117e-09 	 1.665109e+07 	
1.42033017e+06 	 3.245544e-09 	 1.664886e+07 	
1.42058029e+06 	 2.918255e-09 	 1.664664e+07 	
1.42083042e+06 	 2.621295e-09 	 1.664497e+07 	
1.42108054e+06 	 2.352514e-09 	 1.664279e+07 	
1.42133067e+06 	 2.109149e-09 	 1.664121e+07 	
1.42158079e+06 	 1.889290e-09 	 1.663920e+07 	
1.42183092e+06 	 1.690715e-09 	 1.663739e+07 	
1.42208104e+06 	 1.511628e-09 	 1.663537e+07 	
1.42233117e+06 	 1.350209e-09 	 1.663358e+07 	
1.42258129e+06 	 1.204944e-09 	 1.663117e+07 	
1.42283142e+06 	 1.074210e-09 	 1.662995e+07 	
1.42308154e+06 	 9.568081e-10 	 1.662810e+07 	
1.42333167e+06 	 8.514352e-10 	 1.662625e+07 	
1.42358179e+06 	 7.569595e-10 	 1.662434e+07 	
1.42383192e+06 	 6.723283e-10 	 1.662260e+07 	
1.42408204e+06 	 5.966065e-10 	 1.662064e+07 	
1.42433217e+06 	 5.289089e-10 	 1.661897e+07 	
1.42458229e+06 	 4.684580e-10 	 1.661715e+07 	
1.42483242e+06 	 4.145269e-10 	 1.661537e+07 	
1.42508254e+06 	 3.664622e-10 	 1.661355e+07 	
1.42533267e+06 	 3.236673e-10 	 1.661178e+07 	
1.42558279e+06 	 2.856036e-10 	 1.660994e+07 	
1.42583292e+06 	 2.517802e-10 	 1.660821e+07 	
1.42608304e+06 	 2.217560e-10 	 1.660640e+07 	
1.42633317e+06 	 1.951298e-10 	 1.660465e+07 	
1.42658329e+06 	 1.715411e-10 	 1.660285e+07 	
1.42683342e+06 	 1.506635e-10 	 1.660110e+07 	
1.42708354e+06 	 1.322042e-10 	 1.659929e+07 	
1.42733367e+06 	 1.158986e-10 	 1.659757e+07 	
1.42758379e+06 	 1.015100e-10 	 1.659580e+07 	
1.42783392e+06 	 8.882533e-11 	 1.659404e+07 	
1.42808404e+06 	 7.765383e-11 	 1.659228e+07 	
1.63237530e+06 	 1.000000e-20 	 1.532602e+07 	
1.86589098e+06 	 1.000000e-20 	 1.418565e+07 	
2.13281170e+06 	 1.000000e-20 	 1.315191e+07 	
2.43791615e+06 	 1.000000e-20 	 1.220996e+07 	
2.78666661e+06 	 1.000000e-20 	 1.134809e+07 	
3.18530677e+06 	 1.000000e-20 	 1.055681e+07 	
3.64097347e+06 	 1.000000e-20 	 9.828308e+06 	
4.16182451e+06 	 1.000000e-20 	 9.156047e+06 	
4.75718470e+06 	 1.000000e-20 	 8.534483e+06 	
5.43771276e+06 	 1.000000e-20 	 7.958854e+06 	
6.21559219e+06 	 1.000000e-20 	 7.425031e+06 	
7.10474937e+06 	 1.000000e-20 	 6.929397e+06 	
8.12110287e+06 	 1.000000e-20 	 6.468760e+06 	
9.28284848e+06 	 1.000000e-20 	 6.040282e+06 	
1.06107849e+07 	 1.000000e-20 	 5.641425e+06 	
1.21286862e+07 	 1.000000e-20 	 5.269908e+06 	
1.38637274e+07 	 1.000000e-20 	 4.923666e+06 	
1.58469709e+07 	 1.000000e-20 	 4.600830e+06 	
1.81139227e+07 	 1.000000e-20 	 4.299695e+06 	
2.07051680e+07 	 1.000000e-20 	 4.018702e+06 	
2.36670980e+07 	 1.000000e-20 	 3.756424e+06 	
2.70527400e+07 	 1.000000e-20 	 3.511549e+06 	
3.09227072e+07 	 1.000000e-20 	 3.282870e+06 	
3.53462836e+07 	 1.000000e-20 	 3.069273e+06 	
4.04026646e+07 	 1.000000e-20 	 2.869729e+06 	
4.61823744e+07 	 1.000000e-20 	 2.683283e+06 	
5.27888872e+07 	 1.000000e-20 	 2.509054e+06 	
6.03404795e+07 	 1.000000e-20 	 2.346222e+06 	
6.89723473e+07 	 1.000000e-20 	 2.194026e+06 	
7.88390271e+07 	 1.000000e-20 	 2.051759e+06 	
9.01171619e+07 	 1.000000e-20 	 1.918762e+06 	
1.03008664e+08 	 1.000000e-20 	 1.794424e+06 	
1.17744331e+08 	 1.000000e-20 	 1.678173e+06 	
1.34587974e+08 	 1.000000e-20 	 1.569479e+06 	
1.53841145e+08 	 1.000000e-20 	 1.467846e+06 	
1.75848535e+08 	 1.000000e-20 	 1.372810e+06 	
2.01004141e+08 	 1.000000e-20 	 1.283941e+06 	
2.29758324e+08 	 1.000000e-20 	 1.200836e+06 	
2.62625870e+08 	 1.000000e-20 	 1.123120e+06 	
3.00195206e+08 	 1.000000e-20 	 1.050440e+06 	
3.43138938e+08 	 1.000000e-20 	 9.824703e+05 	
3.92225886e+08 	 1.000000e-20 	 9.189033e+05 	
4.48334853e+08 	 1.000000e-20 	 8.594533e+05 	
5.12470360e+08 	 1.000000e-20 	 8.038528e+05 	
5.85780623e+08 	 1.000000e-20 	 7.518520e+05 	
6.69578116e+08 	 1.000000e-20 	 7.032174e+05 	
7.65363066e+08 	 1.000000e-20 	 6.577306e+05 	
8.74850311e+08 	 1.000000e-20 	 6.151875e+05 	
1.00000000e+09 	 1.000000e-20 	 5.753975e+05 	
