r (cm)        	 rho (g/cm3) 	 T (K)       		 Linf = 3.128104e+38
1.20009502e+06 	 1.308081e+05 	 1.238359e+09 	
1.20010731e+06 	 1.285893e+05 	 1.232943e+09 	
1.20022013e+06 	 1.096310e+05 	 1.183589e+09 	
1.20031364e+06 	 9.571684e+04 	 1.143169e+09 	
1.20040714e+06 	 8.329034e+04 	 1.103203e+09 	
1.20050065e+06 	 7.222623e+04 	 1.063708e+09 	
1.20059415e+06 	 6.240649e+04 	 1.024698e+09 	
1.20068575e+06 	 5.388673e+04 	 9.869733e+08 	
1.20077734e+06 	 4.635655e+04 	 9.497486e+08 	
1.20086894e+06 	 3.972411e+04 	 9.130416e+08 	
1.20094378e+06 	 3.491151e+04 	 8.834473e+08 	
1.20101861e+06 	 3.059685e+04 	 8.542210e+08 	
1.20109345e+06 	 2.673870e+04 	 8.253729e+08 	
1.20116829e+06 	 2.329809e+04 	 7.969140e+08 	
1.20124313e+06 	 2.023843e+04 	 7.688553e+08 	
1.20131710e+06 	 1.755480e+04 	 7.415238e+08 	
1.20139108e+06 	 1.517894e+04 	 7.146055e+08 	
1.20146506e+06 	 1.308194e+04 	 6.881118e+08 	
1.20152638e+06 	 1.153587e+04 	 6.664821e+08 	
1.20158769e+06 	 1.014855e+04 	 6.451588e+08 	
1.20164901e+06 	 8.906536e+03 	 6.241488e+08 	
1.20171033e+06 	 7.797241e+03 	 6.034589e+08 	
1.20177164e+06 	 6.808888e+03 	 5.830961e+08 	
1.20183283e+06 	 5.932235e+03 	 5.631093e+08 	
1.20189402e+06 	 5.154903e+03 	 5.434621e+08 	
1.20195521e+06 	 4.467447e+03 	 5.241614e+08 	
1.20200574e+06 	 3.961254e+03 	 5.084888e+08 	
1.20205627e+06 	 3.505779e+03 	 4.930612e+08 	
1.20210680e+06 	 3.096726e+03 	 4.778825e+08 	
1.20215733e+06 	 2.730082e+03 	 4.629564e+08 	
1.20220786e+06 	 2.402104e+03 	 4.482867e+08 	
1.20225839e+06 	 2.109312e+03 	 4.338772e+08 	
1.20230934e+06 	 1.846410e+03 	 4.196140e+08 	
1.20236029e+06 	 1.612924e+03 	 4.056226e+08 	
1.20241125e+06 	 1.406016e+03 	 3.919066e+08 	
1.20245350e+06 	 1.252706e+03 	 3.807433e+08 	
1.20249576e+06 	 1.114483e+03 	 3.697737e+08 	
1.20253801e+06 	 9.900583e+02 	 3.589995e+08 	
1.20258027e+06 	 8.782307e+02 	 3.484224e+08 	
1.20262253e+06 	 7.778851e+02 	 3.380442e+08 	
1.20266478e+06 	 6.879874e+02 	 3.278664e+08 	
1.20270704e+06 	 6.075806e+02 	 3.178903e+08 	
1.20275082e+06 	 5.333304e+02 	 3.077673e+08 	
1.20279461e+06 	 4.674156e+02 	 2.978637e+08 	
1.20283086e+06 	 4.185511e+02 	 2.898305e+08 	
1.20286712e+06 	 3.743939e+02 	 2.819493e+08 	
1.20290337e+06 	 3.345393e+02 	 2.742205e+08 	
1.20293963e+06 	 2.986124e+02 	 2.666446e+08 	
1.20297588e+06 	 2.662657e+02 	 2.592219e+08 	
1.20301214e+06 	 2.371783e+02 	 2.519528e+08 	
1.20304839e+06 	 2.110537e+02 	 2.448374e+08 	
1.20308465e+06 	 1.876189e+02 	 2.378758e+08 	
1.20312090e+06 	 1.666223e+02 	 2.310681e+08 	
1.20315924e+06 	 1.468150e+02 	 2.240360e+08 	
1.20319101e+06 	 1.320949e+02 	 2.183398e+08 	
1.20322277e+06 	 1.187669e+02 	 2.127613e+08 	
1.20325454e+06 	 1.067102e+02 	 2.073002e+08 	
1.20328631e+06 	 9.581349e+01 	 2.019563e+08 	
1.20331807e+06 	 8.597370e+01 	 1.967290e+08 	
1.20334984e+06 	 7.709610e+01 	 1.916181e+08 	
1.20338160e+06 	 6.909346e+01 	 1.866229e+08 	
1.20341337e+06 	 6.188563e+01 	 1.817429e+08 	
1.20344514e+06 	 5.539903e+01 	 1.769774e+08 	
1.20347690e+06 	 4.956621e+01 	 1.723258e+08 	
1.20350867e+06 	 4.432542e+01 	 1.677873e+08 	
1.20354044e+06 	 3.962020e+01 	 1.633610e+08 	
1.20357220e+06 	 3.539897e+01 	 1.590461e+08 	
1.20360223e+06 	 3.181094e+01 	 1.550685e+08 	
1.20363226e+06 	 2.857708e+01 	 1.511886e+08 	
1.20366229e+06 	 2.566419e+01 	 1.474057e+08 	
1.20369232e+06 	 2.304194e+01 	 1.437186e+08 	
1.20372235e+06 	 2.068264e+01 	 1.401264e+08 	
1.20375238e+06 	 1.856106e+01 	 1.366281e+08 	
1.20378241e+06 	 1.665420e+01 	 1.332225e+08 	
1.20381244e+06 	 1.494116e+01 	 1.299085e+08 	
1.20384247e+06 	 1.340292e+01 	 1.266849e+08 	
1.20387250e+06 	 1.202222e+01 	 1.235505e+08 	
1.20390253e+06 	 1.078342e+01 	 1.205040e+08 	
1.20393256e+06 	 9.672329e+00 	 1.175441e+08 	
1.20396259e+06 	 8.676102e+00 	 1.146695e+08 	
1.20399262e+06 	 7.783126e+00 	 1.118787e+08 	
1.20402265e+06 	 6.982907e+00 	 1.091705e+08 	
1.20405268e+06 	 6.265970e+00 	 1.065434e+08 	
1.20408507e+06 	 5.576233e+00 	 1.037990e+08 	
1.20411746e+06 	 4.963824e+00 	 1.011453e+08 	
1.20414985e+06 	 4.420142e+00 	 9.858055e+07 	
1.20418224e+06 	 3.937513e+00 	 9.610272e+07 	
1.20421463e+06 	 3.509097e+00 	 9.370990e+07 	
1.20424702e+06 	 3.128798e+00 	 9.140014e+07 	
1.20427941e+06 	 2.791192e+00 	 8.917145e+07 	
1.20431180e+06 	 2.491453e+00 	 8.702184e+07 	
1.20434419e+06 	 2.225292e+00 	 8.494934e+07 	
1.20437658e+06 	 1.988898e+00 	 8.295191e+07 	
1.20440897e+06 	 1.778890e+00 	 8.102758e+07 	
1.20444136e+06 	 1.592266e+00 	 7.917432e+07 	
1.20447375e+06 	 1.426365e+00 	 7.739014e+07 	
1.20451281e+06 	 1.250551e+00 	 7.532784e+07 	
1.20455186e+06 	 1.097828e+00 	 7.335960e+07 	
1.20459092e+06 	 9.650690e-01 	 7.148198e+07 	
1.20462998e+06 	 8.495713e-01 	 6.969156e+07 	
1.20466903e+06 	 7.490032e-01 	 6.798499e+07 	
1.20470809e+06 	 6.613524e-01 	 6.635893e+07 	
1.20474714e+06 	 5.848827e-01 	 6.481014e+07 	
1.20478620e+06 	 5.180962e-01 	 6.333541e+07 	
1.20482525e+06 	 4.597005e-01 	 6.193160e+07 	
1.20487380e+06 	 3.971473e-01 	 6.028097e+07 	
1.20492234e+06 	 3.440279e-01 	 5.872947e+07 	
1.20497089e+06 	 2.988280e-01 	 5.727155e+07 	
1.20501943e+06 	 2.602857e-01 	 5.590189e+07 	
1.20506797e+06 	 2.273485e-01 	 5.461536e+07 	
1.20511652e+06 	 1.991377e-01 	 5.340703e+07 	
1.20517535e+06 	 1.702410e-01 	 5.204079e+07 	
1.20523418e+06 	 1.461399e-01 	 5.077454e+07 	
1.20529300e+06 	 1.259671e-01 	 4.960080e+07 	
1.20535183e+06 	 1.090219e-01 	 4.851254e+07 	
1.20542170e+06 	 9.231368e-02 	 4.732211e+07 	
1.20549156e+06 	 7.860221e-02 	 4.623280e+07 	
1.20556142e+06 	 6.729230e-02 	 4.523524e+07 	
1.20564027e+06 	 5.683058e-02 	 4.420897e+07 	
1.20571912e+06 	 4.830949e-02 	 4.327756e+07 	
1.20580859e+06 	 4.048305e-02 	 4.232288e+07 	
1.20589807e+06 	 3.418821e-02 	 4.146456e+07 	
1.20599972e+06 	 2.846926e-02 	 4.059204e+07 	
1.20610136e+06 	 2.392097e-02 	 3.981466e+07 	
1.20621663e+06 	 1.983726e-02 	 3.903249e+07 	
1.20633190e+06 	 1.661840e-02 	 3.834116e+07 	
1.20646255e+06 	 1.375250e-02 	 3.765109e+07 	
1.20659319e+06 	 1.150856e-02 	 3.704522e+07 	
1.20674202e+06 	 9.512712e-03 	 3.644113e+07 	
1.20689085e+06 	 7.958896e-03 	 3.591384e+07 	
1.20705920e+06 	 6.591684e-03 	 3.539413e+07 	
1.20722755e+06 	 5.529215e-03 	 3.494191e+07 	
1.20743904e+06 	 4.505807e-03 	 3.445184e+07 	
1.20765054e+06 	 3.730984e-03 	 3.403220e+07 	
1.20786204e+06 	 3.133438e-03 	 3.366933e+07 	
1.20813567e+06 	 2.546662e-03 	 3.326719e+07 	
1.20840931e+06 	 2.107858e-03 	 3.292544e+07 	
1.20868295e+06 	 1.772583e-03 	 3.263139e+07 	
1.20904590e+06 	 1.438858e-03 	 3.229906e+07 	
1.20940884e+06 	 1.192483e-03 	 3.201798e+07 	
1.20977179e+06 	 1.006026e-03 	 3.177662e+07 	
1.21028887e+06 	 8.104253e-04 	 3.148528e+07 	
1.21080595e+06 	 6.698574e-04 	 3.124073e+07 	
1.21132303e+06 	 5.656779e-04 	 3.103136e+07 	
1.21191447e+06 	 4.766256e-04 	 3.082470e+07 	
1.21250592e+06 	 4.096315e-04 	 3.064500e+07 	
1.21309737e+06 	 3.579993e-04 	 3.048623e+07 	
1.21397616e+06 	 3.007068e-04 	 3.027991e+07 	
1.21485495e+06 	 2.590791e-04 	 3.010036e+07 	
1.21573374e+06 	 2.278797e-04 	 2.994086e+07 	
1.21701844e+06 	 1.946365e-04 	 2.973446e+07 	
1.21780369e+06 	 1.792966e-04 	 2.962027e+07 	
1.21935712e+06 	 1.563255e-04 	 2.941419e+07 	
1.22064614e+06 	 1.424016e-04 	 2.925841e+07 	
1.22265127e+06 	 1.266503e-04 	 2.903573e+07 	
1.22429760e+06 	 1.172735e-04 	 2.886600e+07 	
1.22691376e+06 	 1.064873e-04 	 2.861323e+07 	
1.22897031e+06 	 1.003085e-04 	 2.842501e+07 	
1.23262569e+06 	 9.231164e-05 	 2.810584e+07 	
1.23402895e+06 	 8.991173e-05 	 2.798714e+07 	
1.23846825e+06 	 8.379532e-05 	 2.762135e+07 	
1.24134092e+06 	 8.061779e-05 	 2.739057e+07 	
1.24791738e+06 	 7.458048e-05 	 2.687438e+07 	
1.25025557e+06 	 7.268945e-05 	 2.669407e+07 	
1.25884343e+06 	 6.638011e-05 	 2.604336e+07 	
1.26388261e+06 	 6.299022e-05 	 2.566903e+07 	
1.26653079e+06 	 6.127660e-05 	 2.547436e+07 	
1.26679561e+06 	 6.110755e-05 	 2.545497e+07 	
1.26682209e+06 	 6.109066e-05 	 2.545303e+07 	
1.26682474e+06 	 6.108897e-05 	 2.545284e+07 	
1.26682500e+06 	 6.108881e-05 	 2.545282e+07 	
1.27000000e+06 	 5.909589e-05 	 2.522141e+07 	
1.27050050e+06 	 5.878628e-05 	 2.518511e+07 	
1.27100100e+06 	 5.847800e-05 	 2.514885e+07 	
1.27150150e+06 	 5.817102e-05 	 2.511264e+07 	
1.27200200e+06 	 5.786533e-05 	 2.507648e+07 	
1.27250250e+06 	 5.756091e-05 	 2.504037e+07 	
1.27300300e+06 	 5.725776e-05 	 2.500430e+07 	
1.27350350e+06 	 5.695593e-05 	 2.496828e+07 	
1.27400400e+06 	 5.665530e-05 	 2.493231e+07 	
1.27450450e+06 	 5.635588e-05 	 2.489638e+07 	
1.27500501e+06 	 5.605764e-05 	 2.486050e+07 	
1.27550551e+06 	 5.576060e-05 	 2.482467e+07 	
1.27600601e+06 	 5.546473e-05 	 2.478888e+07 	
1.27650651e+06 	 5.517003e-05 	 2.475314e+07 	
1.27700701e+06 	 5.487650e-05 	 2.471745e+07 	
1.27750751e+06 	 5.458412e-05 	 2.468180e+07 	
1.27800801e+06 	 5.429289e-05 	 2.464620e+07 	
1.27850851e+06 	 5.400280e-05 	 2.461064e+07 	
1.27900901e+06 	 5.371385e-05 	 2.457513e+07 	
1.27950951e+06 	 5.342602e-05 	 2.453967e+07 	
1.28001001e+06 	 5.313931e-05 	 2.450425e+07 	
1.28051051e+06 	 5.285370e-05 	 2.446888e+07 	
1.28101101e+06 	 5.256920e-05 	 2.443355e+07 	
1.28151151e+06 	 5.228580e-05 	 2.439827e+07 	
1.28201201e+06 	 5.200348e-05 	 2.436303e+07 	
1.28251251e+06 	 5.172225e-05 	 2.432784e+07 	
1.28301301e+06 	 5.144208e-05 	 2.429269e+07 	
1.28351351e+06 	 5.116299e-05 	 2.425759e+07 	
1.28401401e+06 	 5.088494e-05 	 2.422254e+07 	
1.28451451e+06 	 5.060795e-05 	 2.418753e+07 	
1.28501502e+06 	 5.033200e-05 	 2.415256e+07 	
1.28551552e+06 	 5.005709e-05 	 2.411764e+07 	
1.28601602e+06 	 4.978320e-05 	 2.408276e+07 	
1.28651652e+06 	 4.951034e-05 	 2.404793e+07 	
1.28701702e+06 	 4.923848e-05 	 2.401314e+07 	
1.28751752e+06 	 4.896763e-05 	 2.397840e+07 	
1.28801802e+06 	 4.869778e-05 	 2.394370e+07 	
1.28851852e+06 	 4.842891e-05 	 2.390904e+07 	
1.28901902e+06 	 4.816103e-05 	 2.387443e+07 	
1.28951952e+06 	 4.789413e-05 	 2.383987e+07 	
1.29002002e+06 	 4.762821e-05 	 2.380535e+07 	
1.29052052e+06 	 4.736325e-05 	 2.377087e+07 	
1.29102102e+06 	 4.709926e-05 	 2.373643e+07 	
1.29152152e+06 	 4.683623e-05 	 2.370204e+07 	
1.29202202e+06 	 4.657415e-05 	 2.366770e+07 	
1.29252252e+06 	 4.631302e-05 	 2.363339e+07 	
1.29302302e+06 	 4.605284e-05 	 2.359913e+07 	
1.29352352e+06 	 4.579359e-05 	 2.356492e+07 	
1.29402402e+06 	 4.553527e-05 	 2.353075e+07 	
1.29452452e+06 	 4.527788e-05 	 2.349662e+07 	
1.29502503e+06 	 4.502141e-05 	 2.346253e+07 	
1.29552553e+06 	 4.476585e-05 	 2.342849e+07 	
1.29602603e+06 	 4.451120e-05 	 2.339449e+07 	
1.29652653e+06 	 4.425746e-05 	 2.336054e+07 	
1.29702703e+06 	 4.400462e-05 	 2.332663e+07 	
1.29752753e+06 	 4.375267e-05 	 2.329276e+07 	
1.29802803e+06 	 4.350161e-05 	 2.325893e+07 	
1.29852853e+06 	 4.325143e-05 	 2.322515e+07 	
1.29902903e+06 	 4.300213e-05 	 2.319141e+07 	
1.29952953e+06 	 4.275370e-05 	 2.315772e+07 	
1.30003003e+06 	 4.250614e-05 	 2.312406e+07 	
1.30053053e+06 	 4.226158e-05 	 2.309043e+07 	
1.30103103e+06 	 4.201589e-05 	 2.305686e+07 	
1.30153153e+06 	 4.177105e-05 	 2.302333e+07 	
1.30203203e+06 	 4.152707e-05 	 2.298985e+07 	
1.30253253e+06 	 4.128395e-05 	 2.295640e+07 	
1.30303303e+06 	 4.104167e-05 	 2.292300e+07 	
1.30353353e+06 	 4.080024e-05 	 2.288964e+07 	
1.30403403e+06 	 4.055964e-05 	 2.285633e+07 	
1.30453453e+06 	 4.031989e-05 	 2.282306e+07 	
1.30503504e+06 	 4.008096e-05 	 2.278982e+07 	
1.30553554e+06 	 3.984075e-05 	 2.275666e+07 	
1.30603604e+06 	 3.960333e-05 	 2.272351e+07 	
1.30653654e+06 	 3.936671e-05 	 2.269041e+07 	
1.30703704e+06 	 3.913090e-05 	 2.265735e+07 	
1.30753754e+06 	 3.889589e-05 	 2.262433e+07 	
1.30803804e+06 	 3.866168e-05 	 2.259135e+07 	
1.30853854e+06 	 3.842825e-05 	 2.255842e+07 	
1.30903904e+06 	 3.819562e-05 	 2.252552e+07 	
1.30953954e+06 	 3.796376e-05 	 2.249267e+07 	
1.31004004e+06 	 3.773077e-05 	 2.245988e+07 	
1.31054054e+06 	 3.750033e-05 	 2.242711e+07 	
1.31104104e+06 	 3.727065e-05 	 2.239439e+07 	
1.31154154e+06 	 3.704173e-05 	 2.236170e+07 	
1.31204204e+06 	 3.681356e-05 	 2.232906e+07 	
1.31254254e+06 	 3.658613e-05 	 2.229646e+07 	
1.31304304e+06 	 3.635945e-05 	 2.226390e+07 	
1.31354354e+06 	 3.613350e-05 	 2.223138e+07 	
1.31404404e+06 	 3.590828e-05 	 2.219891e+07 	
1.31454454e+06 	 3.568379e-05 	 2.216647e+07 	
1.31504505e+06 	 3.546188e-05 	 2.213405e+07 	
1.31554555e+06 	 3.523896e-05 	 2.210170e+07 	
1.31604605e+06 	 3.501675e-05 	 2.206938e+07 	
1.31654655e+06 	 3.479526e-05 	 2.203711e+07 	
1.31704705e+06 	 3.457448e-05 	 2.200488e+07 	
1.31754755e+06 	 3.435441e-05 	 2.197269e+07 	
1.31804805e+06 	 3.413505e-05 	 2.194054e+07 	
1.31854855e+06 	 3.391638e-05 	 2.190843e+07 	
1.31904905e+06 	 3.369841e-05 	 2.187636e+07 	
1.31954955e+06 	 3.347943e-05 	 2.184436e+07 	
1.32005005e+06 	 3.326272e-05 	 2.181238e+07 	
1.32055055e+06 	 3.304668e-05 	 2.178043e+07 	
1.32105105e+06 	 3.283132e-05 	 2.174853e+07 	
1.32155155e+06 	 3.261662e-05 	 2.171667e+07 	
1.32205205e+06 	 3.240258e-05 	 2.168485e+07 	
1.32255255e+06 	 3.218920e-05 	 2.165306e+07 	
1.32305305e+06 	 3.197648e-05 	 2.162132e+07 	
1.32355355e+06 	 3.176440e-05 	 2.158962e+07 	
1.32405405e+06 	 3.155297e-05 	 2.155797e+07 	
1.32455455e+06 	 3.134053e-05 	 2.152637e+07 	
1.32505506e+06 	 3.113026e-05 	 2.149479e+07 	
1.32555556e+06 	 3.092062e-05 	 2.146326e+07 	
1.32605606e+06 	 3.071160e-05 	 2.143176e+07 	
1.32655656e+06 	 3.050319e-05 	 2.140031e+07 	
1.32705706e+06 	 3.029539e-05 	 2.136889e+07 	
1.32755756e+06 	 3.008819e-05 	 2.133752e+07 	
1.32805806e+06 	 2.988160e-05 	 2.130619e+07 	
1.32855856e+06 	 2.967560e-05 	 2.127489e+07 	
1.32905906e+06 	 2.947168e-05 	 2.124362e+07 	
1.32955956e+06 	 2.926696e-05 	 2.121241e+07 	
1.33006006e+06 	 2.906283e-05 	 2.118123e+07 	
1.33056056e+06 	 2.885928e-05 	 2.115010e+07 	
1.33106106e+06 	 2.865631e-05 	 2.111901e+07 	
1.33156156e+06 	 2.845392e-05 	 2.108795e+07 	
1.33206206e+06 	 2.825209e-05 	 2.105694e+07 	
1.33256256e+06 	 2.805083e-05 	 2.102597e+07 	
1.33306306e+06 	 2.785013e-05 	 2.099504e+07 	
1.33356356e+06 	 2.765000e-05 	 2.096415e+07 	
1.33406406e+06 	 2.744897e-05 	 2.093332e+07 	
1.33456456e+06 	 2.724984e-05 	 2.090251e+07 	
1.33506507e+06 	 2.705124e-05 	 2.087174e+07 	
1.33556557e+06 	 2.685318e-05 	 2.084101e+07 	
1.33606607e+06 	 2.665564e-05 	 2.081032e+07 	
1.33656657e+06 	 2.645863e-05 	 2.077967e+07 	
1.33706707e+06 	 2.626214e-05 	 2.074907e+07 	
1.33756757e+06 	 2.606617e-05 	 2.071850e+07 	
1.33806807e+06 	 2.587071e-05 	 2.068797e+07 	
1.33856857e+06 	 2.567445e-05 	 2.065751e+07 	
1.33906907e+06 	 2.547991e-05 	 2.062706e+07 	
1.33956957e+06 	 2.528586e-05 	 2.059666e+07 	
1.34007007e+06 	 2.509229e-05 	 2.056629e+07 	
1.34057057e+06 	 2.489921e-05 	 2.053597e+07 	
1.34107107e+06 	 2.470660e-05 	 2.050568e+07 	
1.34157157e+06 	 2.451446e-05 	 2.047544e+07 	
1.34207207e+06 	 2.432279e-05 	 2.044524e+07 	
1.34257257e+06 	 2.413158e-05 	 2.041508e+07 	
1.34307307e+06 	 2.394083e-05 	 2.038496e+07 	
1.34357357e+06 	 2.374928e-05 	 2.035490e+07 	
1.34407407e+06 	 2.355934e-05 	 2.032486e+07 	
1.34457457e+06 	 2.336984e-05 	 2.029486e+07 	
1.34507508e+06 	 2.318076e-05 	 2.026491e+07 	
1.34557558e+06 	 2.299211e-05 	 2.023499e+07 	
1.34607608e+06 	 2.280388e-05 	 2.020512e+07 	
1.34657658e+06 	 2.261606e-05 	 2.017529e+07 	
1.34707708e+06 	 2.242865e-05 	 2.014549e+07 	
1.34757758e+06 	 2.224164e-05 	 2.011574e+07 	
1.34807808e+06 	 2.205614e-05 	 2.008601e+07 	
1.34857858e+06 	 2.186999e-05 	 2.005635e+07 	
1.34907908e+06 	 2.168423e-05 	 2.002672e+07 	
1.34957958e+06 	 2.149885e-05 	 1.999713e+07 	
1.35008008e+06 	 2.131385e-05 	 1.996759e+07 	
1.35058058e+06 	 2.112923e-05 	 1.993809e+07 	
1.35108108e+06 	 2.094497e-05 	 1.990863e+07 	
1.35158158e+06 	 2.076107e-05 	 1.987921e+07 	
1.35208208e+06 	 2.057753e-05 	 1.984983e+07 	
1.35258258e+06 	 2.039433e-05 	 1.982050e+07 	
1.35308308e+06 	 2.021042e-05 	 1.979123e+07 	
1.35358358e+06 	 2.002784e-05 	 1.976198e+07 	
1.35408408e+06 	 1.984559e-05 	 1.973278e+07 	
1.35458458e+06 	 1.966365e-05 	 1.970362e+07 	
1.35508509e+06 	 1.948203e-05 	 1.967450e+07 	
1.35558559e+06 	 1.930072e-05 	 1.964543e+07 	
1.35608609e+06 	 1.911971e-05 	 1.961639e+07 	
1.35658659e+06 	 1.893900e-05 	 1.958741e+07 	
1.35708709e+06 	 1.875858e-05 	 1.955846e+07 	
1.35758759e+06 	 1.857938e-05 	 1.952954e+07 	
1.35808809e+06 	 1.839957e-05 	 1.950069e+07 	
1.35858859e+06 	 1.822004e-05 	 1.947188e+07 	
1.35908909e+06 	 1.804078e-05 	 1.944311e+07 	
1.35958959e+06 	 1.786178e-05 	 1.941439e+07 	
1.36009009e+06 	 1.768303e-05 	 1.938571e+07 	
1.36059059e+06 	 1.750453e-05 	 1.935708e+07 	
1.36109109e+06 	 1.732627e-05 	 1.932849e+07 	
1.36159159e+06 	 1.714824e-05 	 1.929996e+07 	
1.36209209e+06 	 1.697045e-05 	 1.927146e+07 	
1.36259259e+06 	 1.679199e-05 	 1.924304e+07 	
1.36309309e+06 	 1.661457e-05 	 1.921464e+07 	
1.36359359e+06 	 1.643736e-05 	 1.918630e+07 	
1.36409409e+06 	 1.626034e-05 	 1.915800e+07 	
1.36459459e+06 	 1.608351e-05 	 1.912974e+07 	
1.36509510e+06 	 1.590687e-05 	 1.910154e+07 	
1.36559560e+06 	 1.573040e-05 	 1.907339e+07 	
1.36609610e+06 	 1.555411e-05 	 1.904528e+07 	
1.36659660e+06 	 1.537798e-05 	 1.901723e+07 	
1.36709710e+06 	 1.520123e-05 	 1.898925e+07 	
1.36759760e+06 	 1.502535e-05 	 1.896130e+07 	
1.36809810e+06 	 1.484961e-05 	 1.893340e+07 	
1.36859860e+06 	 1.467401e-05 	 1.890556e+07 	
1.36909910e+06 	 1.449853e-05 	 1.887777e+07 	
1.36959960e+06 	 1.432317e-05 	 1.885003e+07 	
1.37010010e+06 	 1.414792e-05 	 1.882234e+07 	
1.37060060e+06 	 1.397278e-05 	 1.879472e+07 	
1.37110110e+06 	 1.379774e-05 	 1.876715e+07 	
1.37160160e+06 	 1.362279e-05 	 1.873963e+07 	
1.37210210e+06 	 1.344865e-05 	 1.871215e+07 	
1.37260260e+06 	 1.327391e-05 	 1.868475e+07 	
1.37310310e+06 	 1.309925e-05 	 1.865741e+07 	
1.37360360e+06 	 1.292467e-05 	 1.863013e+07 	
1.37410410e+06 	 1.275015e-05 	 1.860291e+07 	
1.37460460e+06 	 1.257569e-05 	 1.857575e+07 	
1.37510511e+06 	 1.240129e-05 	 1.854866e+07 	
1.37560561e+06 	 1.222695e-05 	 1.852163e+07 	
1.37610611e+06 	 1.205265e-05 	 1.849466e+07 	
1.37660661e+06 	 1.187779e-05 	 1.846779e+07 	
1.37710711e+06 	 1.170355e-05 	 1.844096e+07 	
1.37760761e+06 	 1.152934e-05 	 1.841420e+07 	
1.37810811e+06 	 1.135517e-05 	 1.838751e+07 	
1.37860861e+06 	 1.118104e-05 	 1.836089e+07 	
1.37910911e+06 	 1.100694e-05 	 1.833435e+07 	
1.37960961e+06 	 1.083287e-05 	 1.830788e+07 	
1.38011011e+06 	 1.065884e-05 	 1.828149e+07 	
1.38061061e+06 	 1.048484e-05 	 1.825517e+07 	
1.38111111e+06 	 1.031037e-05 	 1.822896e+07 	
1.38161161e+06 	 1.013642e-05 	 1.820281e+07 	
1.38211211e+06 	 9.962519e-06 	 1.817674e+07 	
1.38261261e+06 	 9.788666e-06 	 1.815076e+07 	
1.38311311e+06 	 9.614869e-06 	 1.812486e+07 	
1.38361361e+06 	 9.441136e-06 	 1.809906e+07 	
1.38411411e+06 	 9.267476e-06 	 1.807335e+07 	
1.38461461e+06 	 9.093900e-06 	 1.804773e+07 	
1.38511512e+06 	 8.920420e-06 	 1.802221e+07 	
1.38561562e+06 	 8.747049e-06 	 1.799678e+07 	
1.38611612e+06 	 8.574256e-06 	 1.797144e+07 	
1.38661662e+06 	 8.401179e-06 	 1.794622e+07 	
1.38711712e+06 	 8.228264e-06 	 1.792111e+07 	
1.38761762e+06 	 8.055534e-06 	 1.789611e+07 	
1.38811812e+06 	 7.883012e-06 	 1.787122e+07 	
1.38861862e+06 	 7.710725e-06 	 1.784645e+07 	
1.38911912e+06 	 7.538701e-06 	 1.782179e+07 	
1.38961962e+06 	 7.366971e-06 	 1.779726e+07 	
1.39012012e+06 	 7.195568e-06 	 1.777286e+07 	
1.39062062e+06 	 7.024165e-06 	 1.774861e+07 	
1.39112112e+06 	 6.853512e-06 	 1.772447e+07 	
1.39162162e+06 	 6.683304e-06 	 1.770047e+07 	
1.39212212e+06 	 6.513587e-06 	 1.767660e+07 	
1.39262262e+06 	 6.344409e-06 	 1.765289e+07 	
1.39312312e+06 	 6.175824e-06 	 1.762932e+07 	
1.39362362e+06 	 6.007887e-06 	 1.760591e+07 	
1.39412412e+06 	 5.840657e-06 	 1.758266e+07 	
1.39462462e+06 	 5.674197e-06 	 1.755956e+07 	
1.39512513e+06 	 5.508292e-06 	 1.753666e+07 	
1.39562563e+06 	 5.343563e-06 	 1.751391e+07 	
1.39612613e+06 	 5.179814e-06 	 1.749134e+07 	
1.39662663e+06 	 5.017123e-06 	 1.746895e+07 	
1.39712713e+06 	 4.855572e-06 	 1.744675e+07 	
1.39762763e+06 	 4.695246e-06 	 1.742474e+07 	
1.39812813e+06 	 4.536233e-06 	 1.740293e+07 	
1.39862863e+06 	 4.378627e-06 	 1.738132e+07 	
1.39912913e+06 	 4.222523e-06 	 1.735992e+07 	
1.39962963e+06 	 4.068225e-06 	 1.733872e+07 	
1.40013013e+06 	 3.915432e-06 	 1.731776e+07 	
1.40063063e+06 	 3.764447e-06 	 1.729702e+07 	
1.40113113e+06 	 3.615376e-06 	 1.727652e+07 	
1.40163163e+06 	 3.468329e-06 	 1.725625e+07 	
1.40213213e+06 	 3.323417e-06 	 1.723623e+07 	
1.40263263e+06 	 3.180753e-06 	 1.721646e+07 	
1.40313313e+06 	 3.040450e-06 	 1.719694e+07 	
1.40363363e+06 	 2.902621e-06 	 1.717769e+07 	
1.40413413e+06 	 2.767519e-06 	 1.715868e+07 	
1.40463463e+06 	 2.634982e-06 	 1.713997e+07 	
1.40513514e+06 	 2.505256e-06 	 1.712153e+07 	
1.40563564e+06 	 2.378451e-06 	 1.710338e+07 	
1.40613614e+06 	 2.254673e-06 	 1.708552e+07 	
1.40663664e+06 	 2.134024e-06 	 1.706795e+07 	
1.40713714e+06 	 2.016602e-06 	 1.705069e+07 	
1.40763764e+06 	 1.902501e-06 	 1.703373e+07 	
1.40813814e+06 	 1.791808e-06 	 1.701708e+07 	
1.40863864e+06 	 1.684690e-06 	 1.700072e+07 	
1.40913914e+06 	 1.581048e-06 	 1.698470e+07 	
1.40963964e+06 	 1.481033e-06 	 1.696900e+07 	
1.41014014e+06 	 1.384700e-06 	 1.695363e+07 	
1.41064064e+06 	 1.292096e-06 	 1.693859e+07 	
1.41114114e+06 	 1.203257e-06 	 1.692387e+07 	
1.41164164e+06 	 1.118210e-06 	 1.690950e+07 	
1.41214214e+06 	 1.036968e-06 	 1.689546e+07 	
1.41264264e+06 	 9.595357e-07 	 1.688175e+07 	
1.41314314e+06 	 8.858567e-07 	 1.686841e+07 	
1.41364364e+06 	 8.160042e-07 	 1.685539e+07 	
1.41414414e+06 	 7.498993e-07 	 1.684270e+07 	
1.41464464e+06 	 6.874979e-07 	 1.683035e+07 	
1.41514515e+06 	 6.287442e-07 	 1.681835e+07 	
1.41564565e+06 	 5.735710e-07 	 1.680667e+07 	
1.41614615e+06 	 5.219006e-07 	 1.679534e+07 	
1.41664665e+06 	 4.736446e-07 	 1.678433e+07 	
1.41714715e+06 	 4.287278e-07 	 1.677363e+07 	
1.41764765e+06 	 3.869982e-07 	 1.676327e+07 	
1.41814815e+06 	 3.483641e-07 	 1.675324e+07 	
1.41864865e+06 	 3.127038e-07 	 1.674353e+07 	
1.41914915e+06 	 2.798898e-07 	 1.673412e+07 	
1.41964965e+06 	 2.497896e-07 	 1.672502e+07 	
1.42015015e+06 	 2.222669e-07 	 1.671622e+07 	
1.42065065e+06 	 1.971929e-07 	 1.670769e+07 	
1.42115115e+06 	 1.744062e-07 	 1.669947e+07 	
1.42165165e+06 	 1.537761e-07 	 1.669152e+07 	
1.42215215e+06 	 1.351619e-07 	 1.668385e+07 	
1.42265265e+06 	 1.184243e-07 	 1.667644e+07 	
1.42315315e+06 	 1.034266e-07 	 1.666929e+07 	
1.42365365e+06 	 9.003996e-08 	 1.666235e+07 	
1.42415415e+06 	 7.812553e-08 	 1.665567e+07 	
1.42465465e+06 	 6.756332e-08 	 1.664922e+07 	
1.42515516e+06 	 5.823393e-08 	 1.664299e+07 	
1.42565566e+06 	 5.002367e-08 	 1.663697e+07 	
1.42615616e+06 	 4.282270e-08 	 1.663120e+07 	
1.42665666e+06 	 3.653454e-08 	 1.662557e+07 	
1.42715716e+06 	 3.106234e-08 	 1.662012e+07 	
1.42765766e+06 	 2.631821e-08 	 1.661484e+07 	
1.42815816e+06 	 2.221954e-08 	 1.660979e+07 	
1.42865866e+06 	 1.869431e-08 	 1.660483e+07 	
1.42915916e+06 	 1.567215e-08 	 1.660008e+07 	
1.42965966e+06 	 1.309256e-08 	 1.659540e+07 	
1.43016016e+06 	 1.089815e-08 	 1.659095e+07 	
1.43066066e+06 	 9.039469e-09 	 1.658655e+07 	
1.43116116e+06 	 7.471150e-09 	 1.658219e+07 	
1.43166166e+06 	 6.152665e-09 	 1.657796e+07 	
1.43216216e+06 	 5.048544e-09 	 1.657389e+07 	
1.43266266e+06 	 4.127696e-09 	 1.656985e+07 	
1.43316316e+06 	 3.362536e-09 	 1.656603e+07 	
1.43366366e+06 	 2.729281e-09 	 1.656241e+07 	
1.43416416e+06 	 2.207537e-09 	 1.655815e+07 	
1.43466466e+06 	 1.779006e-09 	 1.655406e+07 	
1.43516517e+06 	 1.428379e-09 	 1.655070e+07 	
1.43566567e+06 	 1.142774e-09 	 1.654685e+07 	
1.43616617e+06 	 9.109490e-10 	 1.654339e+07 	
1.43666667e+06 	 7.235574e-10 	 1.653932e+07 	
1.43716717e+06 	 5.726178e-10 	 1.653620e+07 	
1.43766767e+06 	 4.515444e-10 	 1.653263e+07 	
1.43816817e+06 	 3.547898e-10 	 1.652911e+07 	
1.43866867e+06 	 2.777679e-10 	 1.652546e+07 	
1.43916917e+06 	 2.166856e-10 	 1.652208e+07 	
1.43966967e+06 	 1.684317e-10 	 1.651852e+07 	
1.64534695e+06 	 1.000000e-20 	 1.526146e+07 	
1.88040816e+06 	 1.000000e-20 	 1.412876e+07 	
2.14905120e+06 	 1.000000e-20 	 1.310149e+07 	
2.45607372e+06 	 1.000000e-20 	 1.216510e+07 	
2.80695877e+06 	 1.000000e-20 	 1.130804e+07 	
3.20797274e+06 	 1.000000e-20 	 1.052096e+07 	
3.66627725e+06 	 1.000000e-20 	 9.796161e+06 	
4.19005709e+06 	 1.000000e-20 	 9.127174e+06 	
4.78866632e+06 	 1.000000e-20 	 8.508523e+06 	
5.47279539e+06 	 1.000000e-20 	 7.935496e+06 	
6.25466202e+06 	 1.000000e-20 	 7.404003e+06 	
7.14822942e+06 	 1.000000e-20 	 6.910463e+06 	
8.16945563e+06 	 1.000000e-20 	 6.451711e+06 	
9.33657852e+06 	 1.000000e-20 	 6.024933e+06 	
1.06704415e+07 	 1.000000e-20 	 5.627613e+06 	
1.21948658e+07 	 1.000000e-20 	 5.257485e+06 	
1.39370758e+07 	 1.000000e-20 	 4.912502e+06 	
1.59281852e+07 	 1.000000e-20 	 4.590805e+06 	
1.82037529e+07 	 1.000000e-20 	 4.290702e+06 	
2.08044178e+07 	 1.000000e-20 	 4.010646e+06 	
2.37766247e+07 	 1.000000e-20 	 3.749217e+06 	
2.71734536e+07 	 1.000000e-20 	 3.505113e+06 	
3.10555678e+07 	 1.000000e-20 	 3.277132e+06 	
3.54922972e+07 	 1.000000e-20 	 3.064169e+06 	
4.05628765e+07 	 1.000000e-20 	 2.865198e+06 	
4.63578602e+07 	 1.000000e-20 	 2.679272e+06 	
5.29807396e+07 	 1.000000e-20 	 2.505513e+06 	
6.05497915e+07 	 1.000000e-20 	 2.343107e+06 	
6.92001902e+07 	 1.000000e-20 	 2.191296e+06 	
7.90864212e+07 	 1.000000e-20 	 2.049376e+06 	
9.03850409e+07 	 1.000000e-20 	 1.916694e+06 	
1.03297829e+08 	 1.000000e-20 	 1.792638e+06 	
1.18055393e+08 	 1.000000e-20 	 1.676643e+06 	
1.34921284e+08 	 1.000000e-20 	 1.568178e+06 	
1.54196708e+08 	 1.000000e-20 	 1.466750e+06 	
1.76225900e+08 	 1.000000e-20 	 1.371898e+06 	
2.01402275e+08 	 1.000000e-20 	 1.283195e+06 	
2.30175454e+08 	 1.000000e-20 	 1.200237e+06 	
2.63059290e+08 	 1.000000e-20 	 1.122652e+06 	
3.00641050e+08 	 1.000000e-20 	 1.050090e+06 	
3.43591899e+08 	 1.000000e-20 	 9.822236e+05 	
3.92678886e+08 	 1.000000e-20 	 9.187484e+05 	
4.48778649e+08 	 1.000000e-20 	 8.593793e+05 	
5.12893059e+08 	 1.000000e-20 	 8.038500e+05 	
5.86167125e+08 	 1.000000e-20 	 7.519114e+05 	
6.69909433e+08 	 1.000000e-20 	 7.033310e+05 	
7.65615520e+08 	 1.000000e-20 	 6.578911e+05 	
8.74994583e+08 	 1.000000e-20 	 6.153884e+05 	
1.00000000e+09 	 1.000000e-20 	 5.756328e+05 	
