r (cm)        	 rho (g/cm3) 	 T (K)       		 Linf = 3.133117e+38
1.19999994e+06 	 1.313033e+05 	 1.239689e+09 	
1.20003032e+06 	 1.258589e+05 	 1.226321e+09 	
1.20013896e+06 	 1.078789e+05 	 1.178876e+09 	
1.20024761e+06 	 9.206636e+04 	 1.132028e+09 	
1.20033783e+06 	 8.043437e+04 	 1.093594e+09 	
1.20042805e+06 	 7.004371e+04 	 1.055603e+09 	
1.20051827e+06 	 6.078963e+04 	 1.018068e+09 	
1.20060849e+06 	 5.257349e+04 	 9.810058e+08 	
1.20069701e+06 	 4.543163e+04 	 9.451184e+08 	
1.20078553e+06 	 3.911744e+04 	 9.097174e+08 	
1.20087405e+06 	 3.355399e+04 	 8.748191e+08 	
1.20094655e+06 	 2.950588e+04 	 8.466212e+08 	
1.20101905e+06 	 2.587605e+04 	 8.187815e+08 	
1.20109155e+06 	 2.262961e+04 	 7.913100e+08 	
1.20116406e+06 	 1.973374e+04 	 7.642168e+08 	
1.20123656e+06 	 1.715766e+04 	 7.375122e+08 	
1.20130660e+06 	 1.494586e+04 	 7.120958e+08 	
1.20137663e+06 	 1.298123e+04 	 6.870615e+08 	
1.20144666e+06 	 1.124109e+04 	 6.624193e+08 	
1.20151670e+06 	 9.704273e+03 	 6.381791e+08 	
1.20157500e+06 	 8.565751e+03 	 6.183131e+08 	
1.20163331e+06 	 7.543892e+03 	 5.987387e+08 	
1.20169161e+06 	 6.628765e+03 	 5.794618e+08 	
1.20174991e+06 	 5.811076e+03 	 5.604885e+08 	
1.20180822e+06 	 5.082146e+03 	 5.418248e+08 	
1.20186656e+06 	 4.433487e+03 	 5.234647e+08 	
1.20192490e+06 	 3.858067e+03 	 5.054266e+08 	
1.20198324e+06 	 3.348895e+03 	 4.877165e+08 	
1.20203167e+06 	 2.971933e+03 	 4.732702e+08 	
1.20208009e+06 	 2.632700e+03 	 4.590572e+08 	
1.20212852e+06 	 2.327978e+03 	 4.450808e+08 	
1.20217694e+06 	 2.054769e+03 	 4.313444e+08 	
1.20222537e+06 	 1.810278e+03 	 4.178510e+08 	
1.20227379e+06 	 1.591909e+03 	 4.046037e+08 	
1.20232368e+06 	 1.391691e+03 	 3.912151e+08 	
1.20237358e+06 	 1.214212e+03 	 3.780941e+08 	
1.20241451e+06 	 1.084002e+03 	 3.675313e+08 	
1.20245545e+06 	 9.664337e+02 	 3.571524e+08 	
1.20249638e+06 	 8.604368e+02 	 3.469588e+08 	
1.20253732e+06 	 7.650147e+02 	 3.369521e+08 	
1.20257825e+06 	 6.792414e+02 	 3.271336e+08 	
1.20261919e+06 	 6.022579e+02 	 3.175047e+08 	
1.20266012e+06 	 5.332689e+02 	 3.080664e+08 	
1.20270106e+06 	 4.715387e+02 	 2.988199e+08 	
1.20274422e+06 	 4.135642e+02 	 2.892790e+08 	
1.20277971e+06 	 3.708539e+02 	 2.815944e+08 	
1.20281521e+06 	 3.322202e+02 	 2.740559e+08 	
1.20285070e+06 	 2.973149e+02 	 2.666638e+08 	
1.20288620e+06 	 2.658149e+02 	 2.594186e+08 	
1.20292169e+06 	 2.374211e+02 	 2.523204e+08 	
1.20295719e+06 	 2.118568e+02 	 2.453694e+08 	
1.20299268e+06 	 1.888669e+02 	 2.385657e+08 	
1.20302817e+06 	 1.682158e+02 	 2.319093e+08 	
1.20306367e+06 	 1.496868e+02 	 2.254002e+08 	
1.20309916e+06 	 1.330808e+02 	 2.190380e+08 	
1.20313672e+06 	 1.173987e+02 	 2.124649e+08 	
1.20316782e+06 	 1.057480e+02 	 2.071469e+08 	
1.20319892e+06 	 9.519407e+01 	 2.019410e+08 	
1.20323002e+06 	 8.564162e+01 	 1.968466e+08 	
1.20326112e+06 	 7.700272e+01 	 1.918635e+08 	
1.20329222e+06 	 6.919631e+01 	 1.869912e+08 	
1.20332332e+06 	 6.214776e+01 	 1.822290e+08 	
1.20335442e+06 	 5.578845e+01 	 1.775763e+08 	
1.20338552e+06 	 5.005536e+01 	 1.730326e+08 	
1.20341661e+06 	 4.489066e+01 	 1.685970e+08 	
1.20344771e+06 	 4.024137e+01 	 1.642689e+08 	
1.20347881e+06 	 3.605899e+01 	 1.600472e+08 	
1.20350991e+06 	 3.229921e+01 	 1.559312e+08 	
1.20354101e+06 	 2.892154e+01 	 1.519198e+08 	
1.20357211e+06 	 2.588908e+01 	 1.480121e+08 	
1.20360321e+06 	 2.316819e+01 	 1.442069e+08 	
1.20363358e+06 	 2.078233e+01 	 1.405886e+08 	
1.20366395e+06 	 1.863853e+01 	 1.370660e+08 	
1.20369433e+06 	 1.671319e+01 	 1.336378e+08 	
1.20372470e+06 	 1.498488e+01 	 1.303030e+08 	
1.20375507e+06 	 1.343410e+01 	 1.270603e+08 	
1.20378544e+06 	 1.204321e+01 	 1.239084e+08 	
1.20381581e+06 	 1.079618e+01 	 1.208459e+08 	
1.20384619e+06 	 9.678531e+00 	 1.178717e+08 	
1.20387656e+06 	 8.677146e+00 	 1.149841e+08 	
1.20390693e+06 	 7.780181e+00 	 1.121819e+08 	
1.20393730e+06 	 6.976945e+00 	 1.094636e+08 	
1.20396767e+06 	 6.257793e+00 	 1.068276e+08 	
1.20399805e+06 	 5.614032e+00 	 1.042726e+08 	
1.20402842e+06 	 5.037836e+00 	 1.017968e+08 	
1.20405879e+06 	 4.522163e+00 	 9.939887e+07 	
1.20408916e+06 	 4.060682e+00 	 9.707711e+07 	
1.20412331e+06 	 3.599507e+00 	 9.455579e+07 	
1.20415746e+06 	 3.192451e+00 	 9.212648e+07 	
1.20419160e+06 	 2.833132e+00 	 8.978687e+07 	
1.20422575e+06 	 2.515908e+00 	 8.753463e+07 	
1.20425990e+06 	 2.235794e+00 	 8.536744e+07 	
1.20429405e+06 	 1.988385e+00 	 8.328294e+07 	
1.20432819e+06 	 1.769797e+00 	 8.127880e+07 	
1.20436234e+06 	 1.576603e+00 	 7.935267e+07 	
1.20439649e+06 	 1.405783e+00 	 7.750221e+07 	
1.20443064e+06 	 1.254673e+00 	 7.572512e+07 	
1.20446478e+06 	 1.120932e+00 	 7.401906e+07 	
1.20449893e+06 	 1.002495e+00 	 7.238176e+07 	
1.20454084e+06 	 8.753940e-01 	 7.046279e+07 	
1.20458275e+06 	 7.657113e-01 	 6.863983e+07 	
1.20462467e+06 	 6.709562e-01 	 6.690880e+07 	
1.20466658e+06 	 5.890006e-01 	 6.526571e+07 	
1.20470849e+06 	 5.180266e-01 	 6.370663e+07 	
1.20475040e+06 	 4.564813e-01 	 6.222773e+07 	
1.20479231e+06 	 4.030375e-01 	 6.082527e+07 	
1.20483423e+06 	 3.565613e-01 	 5.949562e+07 	
1.20488518e+06 	 3.080554e-01 	 5.797214e+07 	
1.20493613e+06 	 2.669548e-01 	 5.654493e+07 	
1.20498708e+06 	 2.320451e-01 	 5.520814e+07 	
1.20503804e+06 	 2.023203e-01 	 5.395613e+07 	
1.20508899e+06 	 1.769458e-01 	 5.278356e+07 	
1.20515142e+06 	 1.507811e-01 	 5.144772e+07 	
1.20521385e+06 	 1.290741e-01 	 5.021467e+07 	
1.20527628e+06 	 1.109929e-01 	 4.907613e+07 	
1.20533871e+06 	 9.587113e-02 	 4.802442e+07 	
1.20541345e+06 	 8.091475e-02 	 4.686944e+07 	
1.20548820e+06 	 6.871094e-02 	 4.581750e+07 	
1.20556295e+06 	 5.869568e-02 	 4.485838e+07 	
1.20564763e+06 	 4.944339e-02 	 4.387233e+07 	
1.20573231e+06 	 4.194612e-02 	 4.298155e+07 	
1.20582863e+06 	 3.507867e-02 	 4.207067e+07 	
1.20592494e+06 	 2.958123e-02 	 4.125547e+07 	
1.20603448e+06 	 2.460277e-02 	 4.042948e+07 	
1.20614402e+06 	 2.065880e-02 	 3.969664e+07 	
1.20626841e+06 	 1.712502e-02 	 3.896115e+07 	
1.20639280e+06 	 1.434801e-02 	 3.831344e+07 	
1.20653448e+06 	 1.187054e-02 	 3.766598e+07 	
1.20667616e+06 	 9.936400e-03 	 3.709945e+07 	
1.20683613e+06 	 8.233410e-03 	 3.654090e+07 	
1.20699609e+06 	 6.906939e-03 	 3.605394e+07 	
1.20719630e+06 	 5.630926e-03 	 3.552720e+07 	
1.20739651e+06 	 4.662410e-03 	 3.507535e+07 	
1.20759672e+06 	 3.914087e-03 	 3.468414e+07 	
1.20785074e+06 	 3.190416e-03 	 3.425798e+07 	
1.20810476e+06 	 2.645806e-03 	 3.389461e+07 	
1.20835878e+06 	 2.227562e-03 	 3.358122e+07 	
1.20872184e+06 	 1.781934e-03 	 3.320134e+07 	
1.20908489e+06 	 1.458512e-03 	 3.288343e+07 	
1.20928329e+06 	 1.318370e-03 	 3.273049e+07 	
1.20969198e+06 	 1.088385e-03 	 3.245249e+07 	
1.21002969e+06 	 9.426773e-04 	 3.225351e+07 	
1.21059812e+06 	 7.591824e-04 	 3.196683e+07 	
1.21116655e+06 	 6.280516e-04 	 3.172630e+07 	
1.21173499e+06 	 5.312732e-04 	 3.152023e+07 	
1.21238288e+06 	 4.490740e-04 	 3.131719e+07 	
1.21303077e+06 	 3.873439e-04 	 3.114012e+07 	
1.21367866e+06 	 3.398271e-04 	 3.098316e+07 	
1.21466325e+06 	 2.861447e-04 	 3.077396e+07 	
1.21564784e+06 	 2.474248e-04 	 3.059134e+07 	
1.21663243e+06 	 2.185717e-04 	 3.042847e+07 	
1.21803229e+06 	 1.886976e-04 	 3.022199e+07 	
1.21943215e+06 	 1.673738e-04 	 3.003712e+07 	
1.22154070e+06 	 1.451421e-04 	 2.978708e+07 	
1.22364925e+06 	 1.301394e-04 	 2.956058e+07 	
1.22575780e+06 	 1.194918e-04 	 2.935016e+07 	
1.22786635e+06 	 1.116104e-04 	 2.915110e+07 	
1.23130085e+06 	 1.024163e-04 	 2.884362e+07 	
1.23278006e+06 	 9.936782e-05 	 2.871583e+07 	
1.23694427e+06 	 9.257902e-05 	 2.836651e+07 	
1.23992490e+06 	 8.877415e-05 	 2.812347e+07 	
1.24613519e+06 	 8.236964e-05 	 2.762979e+07 	
1.24840628e+06 	 8.034113e-05 	 2.745256e+07 	
1.25628645e+06 	 7.401803e-05 	 2.684824e+07 	
1.26103786e+06 	 7.055542e-05 	 2.649078e+07 	
1.26466832e+06 	 6.803223e-05 	 2.622082e+07 	
1.26829878e+06 	 6.559740e-05 	 2.595349e+07 	
1.27090861e+06 	 6.389587e-05 	 2.576289e+07 	
1.27413333e+06 	 6.184530e-05 	 2.552916e+07 	
1.27840000e+06 	 5.921424e-05 	 2.522290e+07 	
1.28000000e+06 	 5.825045e-05 	 2.510892e+07 	
1.28025013e+06 	 5.810088e-05 	 2.509114e+07 	
1.28050025e+06 	 5.795160e-05 	 2.507338e+07 	
1.28075038e+06 	 5.780261e-05 	 2.505562e+07 	
1.28100050e+06 	 5.765391e-05 	 2.503788e+07 	
1.28125063e+06 	 5.750549e-05 	 2.502015e+07 	
1.28150075e+06 	 5.735737e-05 	 2.500243e+07 	
1.28175088e+06 	 5.720954e-05 	 2.498472e+07 	
1.28200100e+06 	 5.706199e-05 	 2.496702e+07 	
1.28225113e+06 	 5.691472e-05 	 2.494934e+07 	
1.28250125e+06 	 5.676774e-05 	 2.493166e+07 	
1.28275138e+06 	 5.662104e-05 	 2.491400e+07 	
1.28300150e+06 	 5.647463e-05 	 2.489634e+07 	
1.28325163e+06 	 5.632850e-05 	 2.487870e+07 	
1.28350175e+06 	 5.618265e-05 	 2.486107e+07 	
1.28375188e+06 	 5.603708e-05 	 2.484346e+07 	
1.28400200e+06 	 5.589179e-05 	 2.482585e+07 	
1.28425213e+06 	 5.574677e-05 	 2.480825e+07 	
1.28450225e+06 	 5.560204e-05 	 2.479067e+07 	
1.28475238e+06 	 5.545757e-05 	 2.477309e+07 	
1.28500250e+06 	 5.531338e-05 	 2.475553e+07 	
1.28525263e+06 	 5.516947e-05 	 2.473798e+07 	
1.28550275e+06 	 5.502583e-05 	 2.472044e+07 	
1.28575288e+06 	 5.488246e-05 	 2.470291e+07 	
1.28600300e+06 	 5.473936e-05 	 2.468539e+07 	
1.28625313e+06 	 5.459653e-05 	 2.466788e+07 	
1.28650325e+06 	 5.445397e-05 	 2.465039e+07 	
1.28675338e+06 	 5.431169e-05 	 2.463290e+07 	
1.28700350e+06 	 5.416967e-05 	 2.461543e+07 	
1.28725363e+06 	 5.402792e-05 	 2.459797e+07 	
1.28750375e+06 	 5.388643e-05 	 2.458051e+07 	
1.28775388e+06 	 5.374522e-05 	 2.456307e+07 	
1.28800400e+06 	 5.360427e-05 	 2.454564e+07 	
1.28825413e+06 	 5.346358e-05 	 2.452823e+07 	
1.28850425e+06 	 5.332316e-05 	 2.451082e+07 	
1.28875438e+06 	 5.318300e-05 	 2.449342e+07 	
1.28900450e+06 	 5.304310e-05 	 2.447604e+07 	
1.28925463e+06 	 5.290347e-05 	 2.445866e+07 	
1.28950475e+06 	 5.276409e-05 	 2.444130e+07 	
1.28975488e+06 	 5.262498e-05 	 2.442395e+07 	
1.29000500e+06 	 5.248613e-05 	 2.440661e+07 	
1.29025513e+06 	 5.234753e-05 	 2.438928e+07 	
1.29050525e+06 	 5.220919e-05 	 2.437196e+07 	
1.29075538e+06 	 5.207112e-05 	 2.435465e+07 	
1.29100550e+06 	 5.193329e-05 	 2.433735e+07 	
1.29125563e+06 	 5.179573e-05 	 2.432007e+07 	
1.29150575e+06 	 5.165841e-05 	 2.430279e+07 	
1.29175588e+06 	 5.152136e-05 	 2.428553e+07 	
1.29200600e+06 	 5.138455e-05 	 2.426827e+07 	
1.29225613e+06 	 5.124800e-05 	 2.425103e+07 	
1.29250625e+06 	 5.111170e-05 	 2.423380e+07 	
1.29275638e+06 	 5.097565e-05 	 2.421658e+07 	
1.29300650e+06 	 5.083986e-05 	 2.419937e+07 	
1.29325663e+06 	 5.070431e-05 	 2.418217e+07 	
1.29350675e+06 	 5.056901e-05 	 2.416498e+07 	
1.29375688e+06 	 5.043396e-05 	 2.414780e+07 	
1.29400700e+06 	 5.029916e-05 	 2.413063e+07 	
1.29425713e+06 	 5.016460e-05 	 2.411348e+07 	
1.29450725e+06 	 5.003029e-05 	 2.409633e+07 	
1.29475738e+06 	 4.989623e-05 	 2.407920e+07 	
1.29500750e+06 	 4.976241e-05 	 2.406208e+07 	
1.29525763e+06 	 4.962884e-05 	 2.404496e+07 	
1.29550775e+06 	 4.949551e-05 	 2.402786e+07 	
1.29575788e+06 	 4.936242e-05 	 2.401077e+07 	
1.29600800e+06 	 4.922958e-05 	 2.399369e+07 	
1.29625813e+06 	 4.909697e-05 	 2.397662e+07 	
1.29650825e+06 	 4.896461e-05 	 2.395956e+07 	
1.29675838e+06 	 4.883249e-05 	 2.394252e+07 	
1.29700850e+06 	 4.870061e-05 	 2.392548e+07 	
1.29725863e+06 	 4.856896e-05 	 2.390845e+07 	
1.29750875e+06 	 4.843756e-05 	 2.389144e+07 	
1.29775888e+06 	 4.830639e-05 	 2.387443e+07 	
1.29800900e+06 	 4.817546e-05 	 2.385744e+07 	
1.29825913e+06 	 4.804477e-05 	 2.384045e+07 	
1.29850925e+06 	 4.791431e-05 	 2.382348e+07 	
1.29875938e+06 	 4.778409e-05 	 2.380652e+07 	
1.29900950e+06 	 4.765410e-05 	 2.378957e+07 	
1.29925963e+06 	 4.752435e-05 	 2.377263e+07 	
1.29950975e+06 	 4.739483e-05 	 2.375570e+07 	
1.29975988e+06 	 4.726554e-05 	 2.373878e+07 	
1.30001001e+06 	 4.713649e-05 	 2.372187e+07 	
1.30026013e+06 	 4.700766e-05 	 2.370497e+07 	
1.30051026e+06 	 4.687907e-05 	 2.368808e+07 	
1.30076038e+06 	 4.675071e-05 	 2.367121e+07 	
1.30101051e+06 	 4.662257e-05 	 2.365434e+07 	
1.30126063e+06 	 4.649467e-05 	 2.363748e+07 	
1.30151076e+06 	 4.636700e-05 	 2.362064e+07 	
1.30176088e+06 	 4.623955e-05 	 2.360381e+07 	
1.30201101e+06 	 4.611233e-05 	 2.358698e+07 	
1.30226113e+06 	 4.598533e-05 	 2.357017e+07 	
1.30251126e+06 	 4.585856e-05 	 2.355337e+07 	
1.30276138e+06 	 4.573202e-05 	 2.353657e+07 	
1.30301151e+06 	 4.560570e-05 	 2.351979e+07 	
1.30326163e+06 	 4.547961e-05 	 2.350302e+07 	
1.30351176e+06 	 4.535373e-05 	 2.348626e+07 	
1.30376188e+06 	 4.522809e-05 	 2.346951e+07 	
1.30401201e+06 	 4.510266e-05 	 2.345277e+07 	
1.30426213e+06 	 4.497745e-05 	 2.343604e+07 	
1.30451226e+06 	 4.485247e-05 	 2.341932e+07 	
1.30476238e+06 	 4.472770e-05 	 2.340262e+07 	
1.30501251e+06 	 4.460316e-05 	 2.338592e+07 	
1.30526263e+06 	 4.447883e-05 	 2.336923e+07 	
1.30551276e+06 	 4.435472e-05 	 2.335256e+07 	
1.30576288e+06 	 4.423083e-05 	 2.333589e+07 	
1.30601301e+06 	 4.410716e-05 	 2.331923e+07 	
1.30626313e+06 	 4.398370e-05 	 2.330259e+07 	
1.30651326e+06 	 4.386046e-05 	 2.328596e+07 	
1.30676338e+06 	 4.373743e-05 	 2.326933e+07 	
1.30701351e+06 	 4.361462e-05 	 2.325272e+07 	
1.30726363e+06 	 4.349202e-05 	 2.323611e+07 	
1.30751376e+06 	 4.336963e-05 	 2.321952e+07 	
1.30776388e+06 	 4.324745e-05 	 2.320294e+07 	
1.30801401e+06 	 4.312549e-05 	 2.318637e+07 	
1.30826413e+06 	 4.300374e-05 	 2.316981e+07 	
1.30851426e+06 	 4.288220e-05 	 2.315326e+07 	
1.30876438e+06 	 4.276087e-05 	 2.313671e+07 	
1.30901451e+06 	 4.263975e-05 	 2.312018e+07 	
1.30926463e+06 	 4.251884e-05 	 2.310366e+07 	
1.30951476e+06 	 4.239814e-05 	 2.308715e+07 	
1.30976488e+06 	 4.227765e-05 	 2.307066e+07 	
1.31001501e+06 	 4.215736e-05 	 2.305417e+07 	
1.31026513e+06 	 4.203728e-05 	 2.303769e+07 	
1.31051526e+06 	 4.191741e-05 	 2.302122e+07 	
1.31076538e+06 	 4.179774e-05 	 2.300476e+07 	
1.31101551e+06 	 4.167828e-05 	 2.298832e+07 	
1.31126563e+06 	 4.156114e-05 	 2.297185e+07 	
1.31151576e+06 	 4.144216e-05 	 2.295543e+07 	
1.31176588e+06 	 4.132338e-05 	 2.293901e+07 	
1.31201601e+06 	 4.120481e-05 	 2.292260e+07 	
1.31226613e+06 	 4.108644e-05 	 2.290621e+07 	
1.31251626e+06 	 4.096827e-05 	 2.288982e+07 	
1.31276638e+06 	 4.085031e-05 	 2.287344e+07 	
1.31301651e+06 	 4.073255e-05 	 2.285708e+07 	
1.31326663e+06 	 4.061499e-05 	 2.284072e+07 	
1.31351676e+06 	 4.049764e-05 	 2.282437e+07 	
1.31376688e+06 	 4.038049e-05 	 2.280804e+07 	
1.31401701e+06 	 4.026353e-05 	 2.279171e+07 	
1.31426713e+06 	 4.014678e-05 	 2.277540e+07 	
1.31451726e+06 	 4.003023e-05 	 2.275909e+07 	
1.31476738e+06 	 3.991387e-05 	 2.274280e+07 	
1.31501751e+06 	 3.979772e-05 	 2.272652e+07 	
1.31526763e+06 	 3.968176e-05 	 2.271024e+07 	
1.31551776e+06 	 3.956600e-05 	 2.269398e+07 	
1.31576788e+06 	 3.945044e-05 	 2.267772e+07 	
1.31601801e+06 	 3.933309e-05 	 2.266150e+07 	
1.31626813e+06 	 3.921786e-05 	 2.264527e+07 	
1.31651826e+06 	 3.910282e-05 	 2.262905e+07 	
1.31676838e+06 	 3.898797e-05 	 2.261284e+07 	
1.31701851e+06 	 3.887332e-05 	 2.259663e+07 	
1.31726863e+06 	 3.875885e-05 	 2.258044e+07 	
1.31751876e+06 	 3.864458e-05 	 2.256426e+07 	
1.31776888e+06 	 3.853050e-05 	 2.254809e+07 	
1.31801901e+06 	 3.841661e-05 	 2.253193e+07 	
1.31826913e+06 	 3.830291e-05 	 2.251577e+07 	
1.31851926e+06 	 3.818940e-05 	 2.249963e+07 	
1.31876938e+06 	 3.807608e-05 	 2.248350e+07 	
1.31901951e+06 	 3.796295e-05 	 2.246738e+07 	
1.31926963e+06 	 3.785000e-05 	 2.245127e+07 	
1.31951976e+06 	 3.773724e-05 	 2.243517e+07 	
1.31976988e+06 	 3.762467e-05 	 2.241908e+07 	
1.32002001e+06 	 3.751229e-05 	 2.240300e+07 	
1.32027014e+06 	 3.740009e-05 	 2.238693e+07 	
1.32052026e+06 	 3.728808e-05 	 2.237086e+07 	
1.32077039e+06 	 3.717437e-05 	 2.235484e+07 	
1.32102051e+06 	 3.706267e-05 	 2.233880e+07 	
1.32127064e+06 	 3.695114e-05 	 2.232277e+07 	
1.32152076e+06 	 3.683980e-05 	 2.230675e+07 	
1.32177089e+06 	 3.672863e-05 	 2.229074e+07 	
1.32202101e+06 	 3.661765e-05 	 2.227474e+07 	
1.32227114e+06 	 3.650684e-05 	 2.225875e+07 	
1.32252126e+06 	 3.639622e-05 	 2.224277e+07 	
1.32277139e+06 	 3.628577e-05 	 2.222680e+07 	
1.32302151e+06 	 3.617550e-05 	 2.221084e+07 	
1.32327164e+06 	 3.606540e-05 	 2.219489e+07 	
1.32352176e+06 	 3.595549e-05 	 2.217895e+07 	
1.32377189e+06 	 3.584575e-05 	 2.216302e+07 	
1.32402201e+06 	 3.573618e-05 	 2.214710e+07 	
1.32427214e+06 	 3.562679e-05 	 2.213120e+07 	
1.32452226e+06 	 3.551757e-05 	 2.211530e+07 	
1.32477239e+06 	 3.540853e-05 	 2.209941e+07 	
1.32502251e+06 	 3.529966e-05 	 2.208353e+07 	
1.32527264e+06 	 3.519096e-05 	 2.206766e+07 	
1.32552276e+06 	 3.508244e-05 	 2.205180e+07 	
1.32577289e+06 	 3.497589e-05 	 2.203593e+07 	
1.32602301e+06 	 3.486777e-05 	 2.202009e+07 	
1.32627314e+06 	 3.475982e-05 	 2.200426e+07 	
1.32652326e+06 	 3.465204e-05 	 2.198844e+07 	
1.32677339e+06 	 3.454443e-05 	 2.197263e+07 	
1.32702351e+06 	 3.443699e-05 	 2.195683e+07 	
1.32727364e+06 	 3.432972e-05 	 2.194103e+07 	
1.32752376e+06 	 3.422262e-05 	 2.192525e+07 	
1.32777389e+06 	 3.411569e-05 	 2.190948e+07 	
1.32802401e+06 	 3.400893e-05 	 2.189372e+07 	
1.32827414e+06 	 3.390234e-05 	 2.187797e+07 	
1.32852426e+06 	 3.379591e-05 	 2.186223e+07 	
1.32877439e+06 	 3.368965e-05 	 2.184650e+07 	
1.32902451e+06 	 3.358356e-05 	 2.183078e+07 	
1.32927464e+06 	 3.347763e-05 	 2.181507e+07 	
1.32952476e+06 	 3.337187e-05 	 2.179937e+07 	
1.32977489e+06 	 3.326628e-05 	 2.178367e+07 	
1.33002501e+06 	 3.316084e-05 	 2.176799e+07 	
1.33027514e+06 	 3.305558e-05 	 2.175232e+07 	
1.33052526e+06 	 3.294879e-05 	 2.173668e+07 	
1.33077539e+06 	 3.284379e-05 	 2.172103e+07 	
1.33102551e+06 	 3.273896e-05 	 2.170539e+07 	
1.33127564e+06 	 3.263428e-05 	 2.168976e+07 	
1.33152576e+06 	 3.252976e-05 	 2.167414e+07 	
1.33177589e+06 	 3.242540e-05 	 2.165853e+07 	
1.33202601e+06 	 3.232120e-05 	 2.164292e+07 	
1.33227614e+06 	 3.221716e-05 	 2.162733e+07 	
1.33252626e+06 	 3.211328e-05 	 2.161175e+07 	
1.33277639e+06 	 3.200955e-05 	 2.159618e+07 	
1.33302651e+06 	 3.190598e-05 	 2.158061e+07 	
1.33327664e+06 	 3.180256e-05 	 2.156506e+07 	
1.33352676e+06 	 3.169930e-05 	 2.154952e+07 	
1.33377689e+06 	 3.159620e-05 	 2.153399e+07 	
1.33402701e+06 	 3.149325e-05 	 2.151846e+07 	
1.33427714e+06 	 3.139045e-05 	 2.150295e+07 	
1.33452726e+06 	 3.128780e-05 	 2.148745e+07 	
1.33477739e+06 	 3.118531e-05 	 2.147195e+07 	
1.33502751e+06 	 3.108297e-05 	 2.145647e+07 	
1.33527764e+06 	 3.098234e-05 	 2.144097e+07 	
1.33552776e+06 	 3.088035e-05 	 2.142551e+07 	
1.33577789e+06 	 3.077851e-05 	 2.141005e+07 	
1.33602801e+06 	 3.067683e-05 	 2.139461e+07 	
1.33627814e+06 	 3.057530e-05 	 2.137917e+07 	
1.33652826e+06 	 3.047391e-05 	 2.136374e+07 	
1.33677839e+06 	 3.037268e-05 	 2.134833e+07 	
1.33702851e+06 	 3.027159e-05 	 2.133292e+07 	
1.33727864e+06 	 3.017066e-05 	 2.131752e+07 	
1.33752876e+06 	 3.006987e-05 	 2.130214e+07 	
1.33777889e+06 	 2.996923e-05 	 2.128676e+07 	
1.33802901e+06 	 2.986874e-05 	 2.127139e+07 	
1.33827914e+06 	 2.976839e-05 	 2.125604e+07 	
1.33852926e+06 	 2.966819e-05 	 2.124069e+07 	
1.33877939e+06 	 2.956814e-05 	 2.122535e+07 	
1.33902951e+06 	 2.946823e-05 	 2.121002e+07 	
1.33927964e+06 	 2.936847e-05 	 2.119470e+07 	
1.33952976e+06 	 2.926885e-05 	 2.117939e+07 	
1.33977989e+06 	 2.916938e-05 	 2.116409e+07 	
1.34003002e+06 	 2.907005e-05 	 2.114880e+07 	
1.34028014e+06 	 2.896937e-05 	 2.113355e+07 	
1.34053027e+06 	 2.887028e-05 	 2.111828e+07 	
1.34078039e+06 	 2.877132e-05 	 2.110302e+07 	
1.34103052e+06 	 2.867251e-05 	 2.108777e+07 	
1.34128064e+06 	 2.857383e-05 	 2.107253e+07 	
1.34153077e+06 	 2.847530e-05 	 2.105730e+07 	
1.34178089e+06 	 2.837690e-05 	 2.104208e+07 	
1.34203102e+06 	 2.827865e-05 	 2.102687e+07 	
1.34228114e+06 	 2.818052e-05 	 2.101166e+07 	
1.34253127e+06 	 2.808254e-05 	 2.099647e+07 	
1.34278139e+06 	 2.798469e-05 	 2.098129e+07 	
1.34303152e+06 	 2.788698e-05 	 2.096612e+07 	
1.34328164e+06 	 2.778941e-05 	 2.095096e+07 	
1.34353177e+06 	 2.769196e-05 	 2.093580e+07 	
1.34378189e+06 	 2.759466e-05 	 2.092066e+07 	
1.34403202e+06 	 2.749749e-05 	 2.090553e+07 	
1.34428214e+06 	 2.740045e-05 	 2.089040e+07 	
1.34453227e+06 	 2.730354e-05 	 2.087529e+07 	
1.34478239e+06 	 2.720677e-05 	 2.086018e+07 	
1.34503252e+06 	 2.710875e-05 	 2.084511e+07 	
1.34528264e+06 	 2.701219e-05 	 2.083003e+07 	
1.34553277e+06 	 2.691576e-05 	 2.081495e+07 	
1.34578289e+06 	 2.681947e-05 	 2.079989e+07 	
1.34603302e+06 	 2.672330e-05 	 2.078484e+07 	
1.34628314e+06 	 2.662726e-05 	 2.076979e+07 	
1.34653327e+06 	 2.653134e-05 	 2.075475e+07 	
1.34678339e+06 	 2.643556e-05 	 2.073973e+07 	
1.34703352e+06 	 2.633990e-05 	 2.072471e+07 	
1.34728364e+06 	 2.624436e-05 	 2.070971e+07 	
1.34753377e+06 	 2.614895e-05 	 2.069471e+07 	
1.34778389e+06 	 2.605367e-05 	 2.067972e+07 	
1.34803402e+06 	 2.595850e-05 	 2.066475e+07 	
1.34828414e+06 	 2.586347e-05 	 2.064978e+07 	
1.34853427e+06 	 2.576855e-05 	 2.063482e+07 	
1.34878439e+06 	 2.567376e-05 	 2.061987e+07 	
1.34903452e+06 	 2.557909e-05 	 2.060494e+07 	
1.34928464e+06 	 2.548454e-05 	 2.059001e+07 	
1.34953477e+06 	 2.539011e-05 	 2.057509e+07 	
1.34978489e+06 	 2.529454e-05 	 2.056020e+07 	
1.35003502e+06 	 2.520031e-05 	 2.054530e+07 	
1.35028514e+06 	 2.510620e-05 	 2.053041e+07 	
1.35053527e+06 	 2.501220e-05 	 2.051554e+07 	
1.35078539e+06 	 2.491833e-05 	 2.050067e+07 	
1.35103552e+06 	 2.482457e-05 	 2.048581e+07 	
1.35128564e+06 	 2.473092e-05 	 2.047096e+07 	
1.35153577e+06 	 2.463739e-05 	 2.045612e+07 	
1.35178589e+06 	 2.454397e-05 	 2.044129e+07 	
1.35203602e+06 	 2.445067e-05 	 2.042647e+07 	
1.35228614e+06 	 2.435748e-05 	 2.041166e+07 	
1.35253627e+06 	 2.426441e-05 	 2.039686e+07 	
1.35278639e+06 	 2.417144e-05 	 2.038206e+07 	
1.35303652e+06 	 2.407859e-05 	 2.036728e+07 	
1.35328664e+06 	 2.398585e-05 	 2.035251e+07 	
1.35353677e+06 	 2.389322e-05 	 2.033775e+07 	
1.35378689e+06 	 2.380070e-05 	 2.032300e+07 	
1.35403702e+06 	 2.370829e-05 	 2.030826e+07 	
1.35428714e+06 	 2.361598e-05 	 2.029352e+07 	
1.35453727e+06 	 2.352379e-05 	 2.027880e+07 	
1.35478739e+06 	 2.343050e-05 	 2.026411e+07 	
1.35503752e+06 	 2.333848e-05 	 2.024941e+07 	
1.35528764e+06 	 2.324656e-05 	 2.023472e+07 	
1.35553777e+06 	 2.315475e-05 	 2.022004e+07 	
1.35578789e+06 	 2.306304e-05 	 2.020536e+07 	
1.35603802e+06 	 2.297144e-05 	 2.019070e+07 	
1.35628814e+06 	 2.287994e-05 	 2.017605e+07 	
1.35653827e+06 	 2.278854e-05 	 2.016141e+07 	
1.35678839e+06 	 2.269724e-05 	 2.014677e+07 	
1.35703852e+06 	 2.260604e-05 	 2.013215e+07 	
1.35728864e+06 	 2.251494e-05 	 2.011754e+07 	
1.35753877e+06 	 2.242394e-05 	 2.010294e+07 	
1.35778889e+06 	 2.233304e-05 	 2.008834e+07 	
1.35803902e+06 	 2.224224e-05 	 2.007376e+07 	
1.35828914e+06 	 2.215153e-05 	 2.005919e+07 	
1.35853927e+06 	 2.206092e-05 	 2.004462e+07 	
1.35878939e+06 	 2.197041e-05 	 2.003007e+07 	
1.35903952e+06 	 2.187999e-05 	 2.001553e+07 	
1.35928964e+06 	 2.178967e-05 	 2.000099e+07 	
1.35953977e+06 	 2.170053e-05 	 1.998645e+07 	
1.35978989e+06 	 2.161043e-05 	 1.997194e+07 	
1.36004002e+06 	 2.152042e-05 	 1.995743e+07 	
1.36029015e+06 	 2.143051e-05 	 1.994294e+07 	
1.36054027e+06 	 2.134068e-05 	 1.992845e+07 	
1.36079040e+06 	 2.125095e-05 	 1.991398e+07 	
1.36104052e+06 	 2.116131e-05 	 1.989952e+07 	
1.36129065e+06 	 2.107176e-05 	 1.988506e+07 	
1.36154077e+06 	 2.098230e-05 	 1.987062e+07 	
1.36179090e+06 	 2.089293e-05 	 1.985619e+07 	
1.36204102e+06 	 2.080365e-05 	 1.984176e+07 	
1.36229115e+06 	 2.071445e-05 	 1.982735e+07 	
1.36254127e+06 	 2.062535e-05 	 1.981295e+07 	
1.36279140e+06 	 2.053632e-05 	 1.979855e+07 	
1.36304152e+06 	 2.044739e-05 	 1.978417e+07 	
1.36329165e+06 	 2.035854e-05 	 1.976980e+07 	
1.36354177e+06 	 2.026977e-05 	 1.975544e+07 	
1.36379190e+06 	 2.018109e-05 	 1.974108e+07 	
1.36404202e+06 	 2.009249e-05 	 1.972674e+07 	
1.36429215e+06 	 2.000397e-05 	 1.971241e+07 	
1.36454227e+06 	 1.991450e-05 	 1.969811e+07 	
1.36479240e+06 	 1.982611e-05 	 1.968380e+07 	
1.36504252e+06 	 1.973781e-05 	 1.966950e+07 	
1.36529265e+06 	 1.964958e-05 	 1.965521e+07 	
1.36554277e+06 	 1.956142e-05 	 1.964093e+07 	
1.36579290e+06 	 1.947335e-05 	 1.962666e+07 	
1.36604302e+06 	 1.938535e-05 	 1.961240e+07 	
1.36629315e+06 	 1.929743e-05 	 1.959815e+07 	
1.36654327e+06 	 1.920958e-05 	 1.958392e+07 	
1.36679340e+06 	 1.912180e-05 	 1.956969e+07 	
1.36704352e+06 	 1.903410e-05 	 1.955547e+07 	
1.36729365e+06 	 1.894647e-05 	 1.954126e+07 	
1.36754377e+06 	 1.885892e-05 	 1.952707e+07 	
1.36779390e+06 	 1.877143e-05 	 1.951288e+07 	
1.36804402e+06 	 1.868402e-05 	 1.949871e+07 	
1.36829415e+06 	 1.859667e-05 	 1.948454e+07 	
1.36854427e+06 	 1.850940e-05 	 1.947039e+07 	
1.36879440e+06 	 1.842219e-05 	 1.945625e+07 	
1.36904452e+06 	 1.833505e-05 	 1.944212e+07 	
1.36929465e+06 	 1.824891e-05 	 1.942797e+07 	
1.36954477e+06 	 1.816193e-05 	 1.941386e+07 	
1.36979490e+06 	 1.807502e-05 	 1.939976e+07 	
1.37004502e+06 	 1.798817e-05 	 1.938567e+07 	
1.37029515e+06 	 1.790139e-05 	 1.937159e+07 	
1.37054527e+06 	 1.781467e-05 	 1.935752e+07 	
1.37079540e+06 	 1.772802e-05 	 1.934346e+07 	
1.37104552e+06 	 1.764142e-05 	 1.932942e+07 	
1.37129565e+06 	 1.755489e-05 	 1.931538e+07 	
1.37154577e+06 	 1.746842e-05 	 1.930136e+07 	
1.37179590e+06 	 1.738201e-05 	 1.928734e+07 	
1.37204602e+06 	 1.729566e-05 	 1.927334e+07 	
1.37229615e+06 	 1.720937e-05 	 1.925935e+07 	
1.37254627e+06 	 1.712313e-05 	 1.924537e+07 	
1.37279640e+06 	 1.703695e-05 	 1.923140e+07 	
1.37304652e+06 	 1.695083e-05 	 1.921744e+07 	
1.37329665e+06 	 1.686476e-05 	 1.920349e+07 	
1.37354677e+06 	 1.677875e-05 	 1.918955e+07 	
1.37379690e+06 	 1.669280e-05 	 1.917563e+07 	
1.37404702e+06 	 1.660605e-05 	 1.916174e+07 	
1.37429715e+06 	 1.652017e-05 	 1.914783e+07 	
1.37454727e+06 	 1.643434e-05 	 1.913394e+07 	
1.37479740e+06 	 1.634857e-05 	 1.912007e+07 	
1.37504752e+06 	 1.626284e-05 	 1.910620e+07 	
1.37529765e+06 	 1.617716e-05 	 1.909234e+07 	
1.37554777e+06 	 1.609153e-05 	 1.907850e+07 	
1.37579790e+06 	 1.600594e-05 	 1.906467e+07 	
1.37604802e+06 	 1.592041e-05 	 1.905084e+07 	
1.37629815e+06 	 1.583491e-05 	 1.903704e+07 	
1.37654827e+06 	 1.574946e-05 	 1.902324e+07 	
1.37679840e+06 	 1.566406e-05 	 1.900945e+07 	
1.37704852e+06 	 1.557870e-05 	 1.899568e+07 	
1.37729865e+06 	 1.549338e-05 	 1.898192e+07 	
1.37754877e+06 	 1.540810e-05 	 1.896817e+07 	
1.37779890e+06 	 1.532286e-05 	 1.895443e+07 	
1.37804902e+06 	 1.523766e-05 	 1.894071e+07 	
1.37829915e+06 	 1.515250e-05 	 1.892699e+07 	
1.37854927e+06 	 1.506738e-05 	 1.891329e+07 	
1.37879940e+06 	 1.498155e-05 	 1.889962e+07 	
1.37904952e+06 	 1.489648e-05 	 1.888595e+07 	
1.37929965e+06 	 1.481144e-05 	 1.887229e+07 	
1.37954977e+06 	 1.472644e-05 	 1.885863e+07 	
1.37979990e+06 	 1.464148e-05 	 1.884500e+07 	
1.38005003e+06 	 1.455654e-05 	 1.883137e+07 	
1.38030015e+06 	 1.447164e-05 	 1.881776e+07 	
1.38055028e+06 	 1.438677e-05 	 1.880416e+07 	
1.38080040e+06 	 1.430193e-05 	 1.879057e+07 	
1.38105053e+06 	 1.421712e-05 	 1.877700e+07 	
1.38130065e+06 	 1.413234e-05 	 1.876344e+07 	
1.38155078e+06 	 1.404759e-05 	 1.874989e+07 	
1.38180090e+06 	 1.396286e-05 	 1.873635e+07 	
1.38205103e+06 	 1.387817e-05 	 1.872283e+07 	
1.38230115e+06 	 1.379349e-05 	 1.870933e+07 	
1.38255128e+06 	 1.370885e-05 	 1.869583e+07 	
1.38280140e+06 	 1.362422e-05 	 1.868235e+07 	
1.38305153e+06 	 1.353963e-05 	 1.866888e+07 	
1.38330165e+06 	 1.345505e-05 	 1.865543e+07 	
1.38355178e+06 	 1.337050e-05 	 1.864199e+07 	
1.38380190e+06 	 1.328528e-05 	 1.862858e+07 	
1.38405203e+06 	 1.320075e-05 	 1.861517e+07 	
1.38430215e+06 	 1.311624e-05 	 1.860178e+07 	
1.38455228e+06 	 1.303175e-05 	 1.858839e+07 	
1.38480240e+06 	 1.294727e-05 	 1.857503e+07 	
1.38505253e+06 	 1.286282e-05 	 1.856167e+07 	
1.38530265e+06 	 1.277838e-05 	 1.854833e+07 	
1.38555278e+06 	 1.269396e-05 	 1.853501e+07 	
1.38580290e+06 	 1.260955e-05 	 1.852170e+07 	
1.38605303e+06 	 1.252516e-05 	 1.850840e+07 	
1.38630315e+06 	 1.244079e-05 	 1.849512e+07 	
1.38655328e+06 	 1.235642e-05 	 1.848186e+07 	
1.38680340e+06 	 1.227208e-05 	 1.846861e+07 	
1.38705353e+06 	 1.218774e-05 	 1.845537e+07 	
1.38730365e+06 	 1.210342e-05 	 1.844215e+07 	
1.38755378e+06 	 1.201911e-05 	 1.842895e+07 	
1.38780390e+06 	 1.193482e-05 	 1.841576e+07 	
1.38805403e+06 	 1.185053e-05 	 1.840259e+07 	
1.38830415e+06 	 1.176626e-05 	 1.838944e+07 	
1.38855428e+06 	 1.168139e-05 	 1.837632e+07 	
1.38880440e+06 	 1.159712e-05 	 1.836320e+07 	
1.38905453e+06 	 1.151286e-05 	 1.835009e+07 	
1.38930465e+06 	 1.142861e-05 	 1.833700e+07 	
1.38955478e+06 	 1.134436e-05 	 1.832393e+07 	
1.38980490e+06 	 1.126013e-05 	 1.831087e+07 	
1.39005503e+06 	 1.117590e-05 	 1.829784e+07 	
1.39030515e+06 	 1.109169e-05 	 1.828482e+07 	
1.39055528e+06 	 1.100748e-05 	 1.827181e+07 	
1.39080540e+06 	 1.092327e-05 	 1.825883e+07 	
1.39105553e+06 	 1.083908e-05 	 1.824586e+07 	
1.39130565e+06 	 1.075490e-05 	 1.823291e+07 	
1.39155578e+06 	 1.067072e-05 	 1.821998e+07 	
1.39180590e+06 	 1.058655e-05 	 1.820707e+07 	
1.39205603e+06 	 1.050239e-05 	 1.819417e+07 	
1.39230615e+06 	 1.041824e-05 	 1.818130e+07 	
1.39255628e+06 	 1.033410e-05 	 1.816844e+07 	
1.39280640e+06 	 1.024996e-05 	 1.815561e+07 	
1.39305653e+06 	 1.016584e-05 	 1.814279e+07 	
1.39330665e+06 	 1.008224e-05 	 1.812997e+07 	
1.39355678e+06 	 9.998153e-06 	 1.811719e+07 	
1.39380690e+06 	 9.914074e-06 	 1.810443e+07 	
1.39405703e+06 	 9.830008e-06 	 1.809169e+07 	
1.39430715e+06 	 9.745953e-06 	 1.807897e+07 	
1.39455728e+06 	 9.661912e-06 	 1.806628e+07 	
1.39480740e+06 	 9.577884e-06 	 1.805360e+07 	
1.39505753e+06 	 9.493871e-06 	 1.804095e+07 	
1.39530765e+06 	 9.409873e-06 	 1.802831e+07 	
1.39555778e+06 	 9.325892e-06 	 1.801570e+07 	
1.39580790e+06 	 9.241929e-06 	 1.800311e+07 	
1.39605803e+06 	 9.157985e-06 	 1.799055e+07 	
1.39630815e+06 	 9.074060e-06 	 1.797800e+07 	
1.39655828e+06 	 8.990157e-06 	 1.796548e+07 	
1.39680840e+06 	 8.906277e-06 	 1.795298e+07 	
1.39705853e+06 	 8.822421e-06 	 1.794050e+07 	
1.39730865e+06 	 8.738591e-06 	 1.792805e+07 	
1.39755878e+06 	 8.654789e-06 	 1.791563e+07 	
1.39780890e+06 	 8.571016e-06 	 1.790322e+07 	
1.39805903e+06 	 8.487711e-06 	 1.789082e+07 	
1.39830915e+06 	 8.404015e-06 	 1.787847e+07 	
1.39855928e+06 	 8.320354e-06 	 1.786614e+07 	
1.39880940e+06 	 8.236732e-06 	 1.785383e+07 	
1.39905953e+06 	 8.153150e-06 	 1.784156e+07 	
1.39930965e+06 	 8.069611e-06 	 1.782930e+07 	
1.39955978e+06 	 7.986117e-06 	 1.781708e+07 	
1.39980990e+06 	 7.902672e-06 	 1.780488e+07 	
1.40006003e+06 	 7.819278e-06 	 1.779271e+07 	
1.40031016e+06 	 7.735938e-06 	 1.778057e+07 	
1.40056028e+06 	 7.652655e-06 	 1.776845e+07 	
1.40081041e+06 	 7.569433e-06 	 1.775637e+07 	
1.40106053e+06 	 7.486275e-06 	 1.774431e+07 	
1.40131066e+06 	 7.403185e-06 	 1.773228e+07 	
1.40156078e+06 	 7.320166e-06 	 1.772028e+07 	
1.40181091e+06 	 7.237222e-06 	 1.770831e+07 	
1.40206103e+06 	 7.154357e-06 	 1.769637e+07 	
1.40231116e+06 	 7.071575e-06 	 1.768446e+07 	
1.40256128e+06 	 6.988882e-06 	 1.767259e+07 	
1.40281141e+06 	 6.906637e-06 	 1.766072e+07 	
1.40306153e+06 	 6.824141e-06 	 1.764890e+07 	
1.40331166e+06 	 6.741748e-06 	 1.763712e+07 	
1.40356178e+06 	 6.659462e-06 	 1.762537e+07 	
1.40381191e+06 	 6.577288e-06 	 1.761366e+07 	
1.40406203e+06 	 6.495231e-06 	 1.760198e+07 	
1.40431216e+06 	 6.413298e-06 	 1.759033e+07 	
1.40456228e+06 	 6.331494e-06 	 1.757872e+07 	
1.40481241e+06 	 6.249825e-06 	 1.756714e+07 	
1.40506253e+06 	 6.168297e-06 	 1.755560e+07 	
1.40531266e+06 	 6.086917e-06 	 1.754410e+07 	
1.40556278e+06 	 6.005691e-06 	 1.753263e+07 	
1.40581291e+06 	 5.924626e-06 	 1.752120e+07 	
1.40606303e+06 	 5.843729e-06 	 1.750981e+07 	
1.40631316e+06 	 5.763007e-06 	 1.749845e+07 	
1.40656328e+06 	 5.682468e-06 	 1.748714e+07 	
1.40681341e+06 	 5.602118e-06 	 1.747586e+07 	
1.40706353e+06 	 5.521967e-06 	 1.746463e+07 	
1.40731366e+06 	 5.441748e-06 	 1.745345e+07 	
1.40756378e+06 	 5.362010e-06 	 1.744230e+07 	
1.40781391e+06 	 5.282495e-06 	 1.743119e+07 	
1.40806403e+06 	 5.203210e-06 	 1.742012e+07 	
1.40831416e+06 	 5.124166e-06 	 1.740909e+07 	
1.40856428e+06 	 5.045371e-06 	 1.739811e+07 	
1.40881441e+06 	 4.966834e-06 	 1.738717e+07 	
1.40906453e+06 	 4.888565e-06 	 1.737628e+07 	
1.40931466e+06 	 4.810573e-06 	 1.736543e+07 	
1.40956478e+06 	 4.732869e-06 	 1.735463e+07 	
1.40981491e+06 	 4.655463e-06 	 1.734388e+07 	
1.41006503e+06 	 4.578364e-06 	 1.733317e+07 	
1.41031516e+06 	 4.501585e-06 	 1.732251e+07 	
1.41056528e+06 	 4.425134e-06 	 1.731190e+07 	
1.41081541e+06 	 4.349023e-06 	 1.730133e+07 	
1.41106553e+06 	 4.273264e-06 	 1.729082e+07 	
1.41131566e+06 	 4.197867e-06 	 1.728036e+07 	
1.41156578e+06 	 4.122844e-06 	 1.726995e+07 	
1.41181591e+06 	 4.048207e-06 	 1.725959e+07 	
1.41206603e+06 	 3.973765e-06 	 1.724930e+07 	
1.41231616e+06 	 3.899931e-06 	 1.723905e+07 	
1.41256628e+06 	 3.826519e-06 	 1.722885e+07 	
1.41281641e+06 	 3.753540e-06 	 1.721871e+07 	
1.41306653e+06 	 3.681008e-06 	 1.720862e+07 	
1.41331666e+06 	 3.608935e-06 	 1.719859e+07 	
1.41356678e+06 	 3.537333e-06 	 1.718861e+07 	
1.41381691e+06 	 3.466216e-06 	 1.717869e+07 	
1.41406703e+06 	 3.395595e-06 	 1.716883e+07 	
1.41431716e+06 	 3.325485e-06 	 1.715903e+07 	
1.41456728e+06 	 3.255898e-06 	 1.714928e+07 	
1.41481741e+06 	 3.186847e-06 	 1.713960e+07 	
1.41506753e+06 	 3.118346e-06 	 1.712998e+07 	
1.41531766e+06 	 3.050407e-06 	 1.712042e+07 	
1.41556778e+06 	 2.983044e-06 	 1.711092e+07 	
1.41581791e+06 	 2.916270e-06 	 1.710148e+07 	
1.41606803e+06 	 2.850098e-06 	 1.709211e+07 	
1.41631816e+06 	 2.784541e-06 	 1.708280e+07 	
1.41656828e+06 	 2.719476e-06 	 1.707358e+07 	
1.41681841e+06 	 2.655187e-06 	 1.706440e+07 	
1.41706853e+06 	 2.591552e-06 	 1.705529e+07 	
1.41731866e+06 	 2.528584e-06 	 1.704625e+07 	
1.41756878e+06 	 2.466296e-06 	 1.703727e+07 	
1.41781891e+06 	 2.404700e-06 	 1.702836e+07 	
1.41806903e+06 	 2.343809e-06 	 1.701952e+07 	
1.41831916e+06 	 2.283635e-06 	 1.701075e+07 	
1.41856928e+06 	 2.224190e-06 	 1.700205e+07 	
1.41881941e+06 	 2.165486e-06 	 1.699342e+07 	
1.41906953e+06 	 2.107535e-06 	 1.698487e+07 	
1.41931966e+06 	 2.050347e-06 	 1.697638e+07 	
1.41956978e+06 	 1.993933e-06 	 1.696797e+07 	
1.41981991e+06 	 1.938305e-06 	 1.695963e+07 	
1.42007004e+06 	 1.883473e-06 	 1.695136e+07 	
1.42032016e+06 	 1.829447e-06 	 1.694317e+07 	
1.42057029e+06 	 1.776235e-06 	 1.693505e+07 	
1.42082041e+06 	 1.723848e-06 	 1.692701e+07 	
1.42107054e+06 	 1.672295e-06 	 1.691904e+07 	
1.42132066e+06 	 1.621667e-06 	 1.691113e+07 	
1.42157079e+06 	 1.571806e-06 	 1.690331e+07 	
1.42182091e+06 	 1.522801e-06 	 1.689558e+07 	
1.42207104e+06 	 1.474661e-06 	 1.688791e+07 	
1.42232116e+06 	 1.427390e-06 	 1.688033e+07 	
1.42257129e+06 	 1.380996e-06 	 1.687283e+07 	
1.42282141e+06 	 1.335483e-06 	 1.686540e+07 	
1.42307154e+06 	 1.290857e-06 	 1.685806e+07 	
1.42332166e+06 	 1.247121e-06 	 1.685079e+07 	
1.42357179e+06 	 1.204278e-06 	 1.684360e+07 	
1.42382191e+06 	 1.162333e-06 	 1.683649e+07 	
1.42407204e+06 	 1.121287e-06 	 1.682947e+07 	
1.42432216e+06 	 1.081141e-06 	 1.682252e+07 	
1.42457229e+06 	 1.041898e-06 	 1.681565e+07 	
1.42482241e+06 	 1.003556e-06 	 1.680887e+07 	
1.42507254e+06 	 9.661170e-07 	 1.680216e+07 	
1.42532266e+06 	 9.295784e-07 	 1.679554e+07 	
1.42557279e+06 	 8.939848e-07 	 1.678897e+07 	
1.42582291e+06 	 8.592426e-07 	 1.678251e+07 	
1.42607304e+06 	 8.253943e-07 	 1.677613e+07 	
1.42632316e+06 	 7.924363e-07 	 1.676983e+07 	
1.42657329e+06 	 7.603641e-07 	 1.676361e+07 	
1.42682341e+06 	 7.291729e-07 	 1.675747e+07 	
1.42707354e+06 	 6.988568e-07 	 1.675141e+07 	
1.42732366e+06 	 6.694096e-07 	 1.674544e+07 	
1.42757379e+06 	 6.408242e-07 	 1.673954e+07 	
1.42782391e+06 	 6.130930e-07 	 1.673373e+07 	
1.42807404e+06 	 5.862078e-07 	 1.672799e+07 	
1.42832416e+06 	 5.601595e-07 	 1.672234e+07 	
1.42857429e+06 	 5.349388e-07 	 1.671677e+07 	
1.42882441e+06 	 5.105356e-07 	 1.671127e+07 	
1.42907454e+06 	 4.869392e-07 	 1.670586e+07 	
1.42932466e+06 	 4.641385e-07 	 1.670052e+07 	
1.42957479e+06 	 4.420996e-07 	 1.669529e+07 	
1.42982491e+06 	 4.208548e-07 	 1.669011e+07 	
1.43007504e+06 	 4.003691e-07 	 1.668501e+07 	
1.43032516e+06 	 3.806294e-07 	 1.667999e+07 	
1.43057529e+06 	 3.616222e-07 	 1.667504e+07 	
1.43082541e+06 	 3.433336e-07 	 1.667017e+07 	
1.43107554e+06 	 3.257491e-07 	 1.666538e+07 	
1.43132566e+06 	 3.088542e-07 	 1.666066e+07 	
1.43157579e+06 	 2.926340e-07 	 1.665602e+07 	
1.43182591e+06 	 2.770730e-07 	 1.665145e+07 	
1.43207604e+06 	 2.621560e-07 	 1.664695e+07 	
1.43232616e+06 	 2.478670e-07 	 1.664253e+07 	
1.43257629e+06 	 2.341903e-07 	 1.663818e+07 	
1.43282641e+06 	 2.211098e-07 	 1.663390e+07 	
1.43307654e+06 	 2.086093e-07 	 1.662969e+07 	
1.43332666e+06 	 1.966825e-07 	 1.662551e+07 	
1.43357679e+06 	 1.852930e-07 	 1.662144e+07 	
1.43382691e+06 	 1.744343e-07 	 1.661743e+07 	
1.43407704e+06 	 1.640902e-07 	 1.661350e+07 	
1.43432716e+06 	 1.542443e-07 	 1.660962e+07 	
1.43457729e+06 	 1.448802e-07 	 1.660582e+07 	
1.43482741e+06 	 1.359817e-07 	 1.660207e+07 	
1.43507754e+06 	 1.275327e-07 	 1.659839e+07 	
1.43532766e+06 	 1.195171e-07 	 1.659478e+07 	
1.43557779e+06 	 1.119190e-07 	 1.659122e+07 	
1.43582791e+06 	 1.047229e-07 	 1.658772e+07 	
1.43607804e+06 	 9.791322e-08 	 1.658429e+07 	
1.43632816e+06 	 9.147007e-08 	 1.658095e+07 	
1.43657829e+06 	 8.538773e-08 	 1.657763e+07 	
1.43682841e+06 	 7.964682e-08 	 1.657437e+07 	
1.43707854e+06 	 7.423286e-08 	 1.657117e+07 	
1.43732866e+06 	 6.913166e-08 	 1.656802e+07 	
1.43757879e+06 	 6.432937e-08 	 1.656492e+07 	
1.43782891e+06 	 5.981244e-08 	 1.656188e+07 	
1.43807904e+06 	 5.556767e-08 	 1.655889e+07 	
1.43832916e+06 	 5.158218e-08 	 1.655595e+07 	
1.43857929e+06 	 4.784346e-08 	 1.655306e+07 	
1.43882941e+06 	 4.434170e-08 	 1.655017e+07 	
1.43907954e+06 	 4.106047e-08 	 1.654737e+07 	
1.43932966e+06 	 3.799068e-08 	 1.654462e+07 	
1.43957979e+06 	 3.512129e-08 	 1.654192e+07 	
1.43982991e+06 	 3.244165e-08 	 1.653925e+07 	
1.44008004e+06 	 2.994148e-08 	 1.653664e+07 	
1.44033017e+06 	 2.761087e-08 	 1.653406e+07 	
1.44058029e+06 	 2.544161e-08 	 1.653147e+07 	
1.44083042e+06 	 2.342200e-08 	 1.652897e+07 	
1.44108054e+06 	 2.154454e-08 	 1.652651e+07 	
1.44133067e+06 	 1.980081e-08 	 1.652408e+07 	
1.44158079e+06 	 1.818279e-08 	 1.652170e+07 	
1.44183092e+06 	 1.668280e-08 	 1.651935e+07 	
1.44208104e+06 	 1.529433e-08 	 1.651695e+07 	
1.44233117e+06 	 1.400882e-08 	 1.651466e+07 	
1.44258129e+06 	 1.282038e-08 	 1.651240e+07 	
1.44283142e+06 	 1.172273e-08 	 1.651018e+07 	
1.44308154e+06 	 1.071042e-08 	 1.650787e+07 	
1.44333167e+06 	 9.776715e-09 	 1.650568e+07 	
1.44358179e+06 	 8.916748e-09 	 1.650351e+07 	
1.44383192e+06 	 8.125442e-09 	 1.650136e+07 	
1.44408204e+06 	 7.397532e-09 	 1.649939e+07 	
1.44433217e+06 	 6.729350e-09 	 1.649733e+07 	
1.44458229e+06 	 6.116563e-09 	 1.649511e+07 	
1.44483242e+06 	 5.554565e-09 	 1.649302e+07 	
1.44508254e+06 	 5.039611e-09 	 1.649111e+07 	
1.44533267e+06 	 4.568623e-09 	 1.648908e+07 	
1.44558279e+06 	 4.137857e-09 	 1.648728e+07 	
1.44583292e+06 	 3.744590e-09 	 1.648535e+07 	
1.44608304e+06 	 3.385866e-09 	 1.648327e+07 	
1.44633317e+06 	 3.058798e-09 	 1.648129e+07 	
1.44658329e+06 	 2.760875e-09 	 1.647943e+07 	
1.44683342e+06 	 2.489861e-09 	 1.647743e+07 	
1.44708354e+06 	 2.243424e-09 	 1.647569e+07 	
1.44733367e+06 	 2.019686e-09 	 1.647372e+07 	
1.44758379e+06 	 1.816573e-09 	 1.647222e+07 	
1.44783392e+06 	 1.632504e-09 	 1.647060e+07 	
1.44808404e+06 	 1.465919e-09 	 1.646836e+07 	
1.44833417e+06 	 1.315135e-09 	 1.646647e+07 	
1.44858429e+06 	 1.178809e-09 	 1.646474e+07 	
1.44883442e+06 	 1.055722e-09 	 1.646285e+07 	
1.44908454e+06 	 9.446530e-10 	 1.646115e+07 	
1.44933467e+06 	 8.445531e-10 	 1.645914e+07 	
1.44958479e+06 	 7.543841e-10 	 1.645763e+07 	
1.44983492e+06 	 6.732694e-10 	 1.645584e+07 	
1.45008504e+06 	 6.003551e-10 	 1.645409e+07 	
1.45033517e+06 	 5.348797e-10 	 1.645209e+07 	
1.45058529e+06 	 4.761227e-10 	 1.645060e+07 	
1.45083542e+06 	 4.234591e-10 	 1.644883e+07 	
1.45108554e+06 	 3.762943e-10 	 1.644711e+07 	
1.45133567e+06 	 3.340950e-10 	 1.644534e+07 	
1.45158579e+06 	 2.963715e-10 	 1.644365e+07 	
1.45183592e+06 	 2.626814e-10 	 1.644190e+07 	
1.45208604e+06 	 2.326202e-10 	 1.644020e+07 	
1.45233617e+06 	 2.058229e-10 	 1.643835e+07 	
1.45258629e+06 	 1.819547e-10 	 1.643676e+07 	
1.45283642e+06 	 1.607169e-10 	 1.643502e+07 	
1.45308654e+06 	 1.418360e-10 	 1.643333e+07 	
1.45333667e+06 	 1.250661e-10 	 1.643161e+07 	
1.45358679e+06 	 1.101844e-10 	 1.642991e+07 	
1.45383692e+06 	 9.699053e-11 	 1.642820e+07 	
1.66120617e+06 	 1.000000e-20 	 1.518228e+07 	
1.89815371e+06 	 1.000000e-20 	 1.405887e+07 	
2.16889847e+06 	 1.000000e-20 	 1.303948e+07 	
2.47826113e+06 	 1.000000e-20 	 1.210985e+07 	
2.83174999e+06 	 1.000000e-20 	 1.125866e+07 	
3.23565904e+06 	 1.000000e-20 	 1.047671e+07 	
3.69717999e+06 	 1.000000e-20 	 9.756434e+06 	
4.22453037e+06 	 1.000000e-20 	 9.091455e+06 	
4.82709982e+06 	 1.000000e-20 	 8.476372e+06 	
5.51561727e+06 	 1.000000e-20 	 7.906535e+06 	
6.30234199e+06 	 1.000000e-20 	 7.377903e+06 	
7.20128185e+06 	 1.000000e-20 	 6.886934e+06 	
8.22844275e+06 	 1.000000e-20 	 6.430500e+06 	
9.40211362e+06 	 1.000000e-20 	 6.005815e+06 	
1.07431920e+07 	 1.000000e-20 	 5.610387e+06 	
1.22755563e+07 	 1.000000e-20 	 5.241971e+06 	
1.40264906e+07 	 1.000000e-20 	 4.898539e+06 	
1.60271709e+07 	 1.000000e-20 	 4.578250e+06 	
1.83132199e+07 	 1.000000e-20 	 4.279423e+06 	
2.09253414e+07 	 1.000000e-20 	 4.000524e+06 	
2.39100451e+07 	 1.000000e-20 	 3.740146e+06 	
2.73204746e+07 	 1.000000e-20 	 3.496995e+06 	
3.12173535e+07 	 1.000000e-20 	 3.269881e+06 	
3.56700670e+07 	 1.000000e-20 	 3.057702e+06 	
4.07578971e+07 	 1.000000e-20 	 2.859444e+06 	
4.65714340e+07 	 1.000000e-20 	 2.674164e+06 	
5.32141898e+07 	 1.000000e-20 	 2.500991e+06 	
6.08044406e+07 	 1.000000e-20 	 2.339115e+06 	
6.94773332e+07 	 1.000000e-20 	 2.187783e+06 	
7.93872911e+07 	 1.000000e-20 	 2.046298e+06 	
9.07107643e+07 	 1.000000e-20 	 1.914007e+06 	
1.03649371e+08 	 1.000000e-20 	 1.790306e+06 	
1.18433486e+08 	 1.000000e-20 	 1.674630e+06 	
1.35326346e+08 	 1.000000e-20 	 1.566452e+06 	
1.54628733e+08 	 1.000000e-20 	 1.465283e+06 	
1.76684333e+08 	 1.000000e-20 	 1.370664e+06 	
2.01885852e+08 	 1.000000e-20 	 1.282169e+06 	
2.30682010e+08 	 1.000000e-20 	 1.199398e+06 	
2.63585533e+08 	 1.000000e-20 	 1.121979e+06 	
3.01182277e+08 	 1.000000e-20 	 1.049565e+06 	
3.44141665e+08 	 1.000000e-20 	 9.818312e+05 	
3.93228602e+08 	 1.000000e-20 	 9.184733e+05 	
4.49317095e+08 	 1.000000e-20 	 8.592079e+05 	
5.13405817e+08 	 1.000000e-20 	 8.037700e+05 	
5.86635888e+08 	 1.000000e-20 	 7.519118e+05 	
6.70311192e+08 	 1.000000e-20 	 7.034016e+05 	
7.65921594e+08 	 1.000000e-20 	 6.580229e+05 	
8.75169466e+08 	 1.000000e-20 	 6.155733e+05 	
1.00000000e+09 	 1.000000e-20 	 5.758633e+05 	
