r (cm)        	 rho (g/cm3) 	 T (K)       		 Linf = 3.138034e+38
1.19999963e+06 	 1.311519e+05 	 1.240115e+09 	
1.20003868e+06 	 1.242021e+05 	 1.222952e+09 	
1.20014711e+06 	 1.064709e+05 	 1.175683e+09 	
1.20025555e+06 	 9.087636e+04 	 1.129011e+09 	
1.20034562e+06 	 7.940156e+04 	 1.090714e+09 	
1.20043569e+06 	 6.915105e+04 	 1.052859e+09 	
1.20052577e+06 	 6.002149e+04 	 1.015461e+09 	
1.20061584e+06 	 5.191556e+04 	 9.785352e+08 	
1.20070422e+06 	 4.486784e+04 	 9.427745e+08 	
1.20079261e+06 	 3.863667e+04 	 9.075002e+08 	
1.20088100e+06 	 3.314610e+04 	 8.727286e+08 	
1.20095342e+06 	 2.914959e+04 	 8.446251e+08 	
1.20102584e+06 	 2.556597e+04 	 8.168800e+08 	
1.20109826e+06 	 2.236077e+04 	 7.895031e+08 	
1.20117068e+06 	 1.950159e+04 	 7.625044e+08 	
1.20124310e+06 	 1.695803e+04 	 7.358943e+08 	
1.20131307e+06 	 1.477345e+04 	 7.105618e+08 	
1.20138305e+06 	 1.283296e+04 	 6.856115e+08 	
1.20145302e+06 	 1.111413e+04 	 6.610533e+08 	
1.20152299e+06 	 9.596057e+03 	 6.368970e+08 	
1.20158127e+06 	 8.470980e+03 	 6.170937e+08 	
1.20163954e+06 	 7.461171e+03 	 5.975820e+08 	
1.20169782e+06 	 6.556812e+03 	 5.783680e+08 	
1.20175609e+06 	 5.748717e+03 	 5.594576e+08 	
1.20181437e+06 	 5.028308e+03 	 5.408567e+08 	
1.20187269e+06 	 4.387054e+03 	 5.225551e+08 	
1.20193102e+06 	 3.818183e+03 	 5.045756e+08 	
1.20198935e+06 	 3.314781e+03 	 4.869240e+08 	
1.20203778e+06 	 2.941906e+03 	 4.725196e+08 	
1.20208622e+06 	 2.606348e+03 	 4.583486e+08 	
1.20213465e+06 	 2.304923e+03 	 4.444145e+08 	
1.20218309e+06 	 2.034663e+03 	 4.307203e+08 	
1.20223152e+06 	 1.792804e+03 	 4.172693e+08 	
1.20227996e+06 	 1.576776e+03 	 4.040645e+08 	
1.20232987e+06 	 1.378661e+03 	 3.907173e+08 	
1.20237978e+06 	 1.203039e+03 	 3.776379e+08 	
1.20242076e+06 	 1.074102e+03 	 3.671022e+08 	
1.20246174e+06 	 9.576842e+02 	 3.567506e+08 	
1.20250272e+06 	 8.527253e+02 	 3.465846e+08 	
1.20254369e+06 	 7.582373e+02 	 3.366057e+08 	
1.20258467e+06 	 6.733027e+02 	 3.268151e+08 	
1.20262565e+06 	 5.970704e+02 	 3.172143e+08 	
1.20266663e+06 	 5.287524e+02 	 3.078043e+08 	
1.20270761e+06 	 4.676201e+02 	 2.985861e+08 	
1.20275082e+06 	 4.101989e+02 	 2.890744e+08 	
1.20278639e+06 	 3.678560e+02 	 2.814067e+08 	
1.20282196e+06 	 3.295563e+02 	 2.738854e+08 	
1.20285752e+06 	 2.949537e+02 	 2.665109e+08 	
1.20289309e+06 	 2.637275e+02 	 2.592835e+08 	
1.20292866e+06 	 2.355808e+02 	 2.522034e+08 	
1.20296423e+06 	 2.102392e+02 	 2.452707e+08 	
1.20299980e+06 	 1.874494e+02 	 2.384856e+08 	
1.20303537e+06 	 1.669776e+02 	 2.318480e+08 	
1.20307093e+06 	 1.486090e+02 	 2.253578e+08 	
1.20310650e+06 	 1.321461e+02 	 2.190147e+08 	
1.20314415e+06 	 1.165967e+02 	 2.124613e+08 	
1.20317537e+06 	 1.050253e+02 	 2.071508e+08 	
1.20320659e+06 	 9.454432e+01 	 2.019528e+08 	
1.20323781e+06 	 8.505888e+01 	 1.968669e+08 	
1.20326903e+06 	 7.648137e+01 	 1.918927e+08 	
1.20330025e+06 	 6.873111e+01 	 1.870296e+08 	
1.20333147e+06 	 6.173378e+01 	 1.822770e+08 	
1.20336269e+06 	 5.542109e+01 	 1.776345e+08 	
1.20339391e+06 	 4.973034e+01 	 1.731011e+08 	
1.20342513e+06 	 4.460399e+01 	 1.686763e+08 	
1.20345635e+06 	 3.998937e+01 	 1.643591e+08 	
1.20348757e+06 	 3.583826e+01 	 1.601488e+08 	
1.20351879e+06 	 3.210659e+01 	 1.560444e+08 	
1.20355001e+06 	 2.875416e+01 	 1.520449e+08 	
1.20358123e+06 	 2.574428e+01 	 1.481492e+08 	
1.20361245e+06 	 2.304356e+01 	 1.443563e+08 	
1.20364302e+06 	 2.066985e+01 	 1.407416e+08 	
1.20367358e+06 	 1.853737e+01 	 1.372231e+08 	
1.20370415e+06 	 1.662255e+01 	 1.337997e+08 	
1.20373471e+06 	 1.490396e+01 	 1.304702e+08 	
1.20376528e+06 	 1.336214e+01 	 1.272333e+08 	
1.20379584e+06 	 1.197945e+01 	 1.240877e+08 	
1.20382640e+06 	 1.073994e+01 	 1.210320e+08 	
1.20385697e+06 	 9.629129e+00 	 1.180649e+08 	
1.20388753e+06 	 8.633958e+00 	 1.151850e+08 	
1.20391810e+06 	 7.742619e+00 	 1.123907e+08 	
1.20394866e+06 	 6.944458e+00 	 1.096806e+08 	
1.20397922e+06 	 6.229870e+00 	 1.070532e+08 	
1.20400979e+06 	 5.590201e+00 	 1.045070e+08 	
1.20404035e+06 	 5.017662e+00 	 1.020403e+08 	
1.20407092e+06 	 4.505246e+00 	 9.965169e+07 	
1.20410148e+06 	 4.046656e+00 	 9.733942e+07 	
1.20413594e+06 	 3.587163e+00 	 9.482224e+07 	
1.20417040e+06 	 3.181684e+00 	 9.239773e+07 	
1.20420485e+06 	 2.823832e+00 	 9.006353e+07 	
1.20423931e+06 	 2.507958e+00 	 8.781725e+07 	
1.20427377e+06 	 2.229075e+00 	 8.565651e+07 	
1.20430822e+06 	 1.982784e+00 	 8.357890e+07 	
1.20434268e+06 	 1.765202e+00 	 8.158205e+07 	
1.20437714e+06 	 1.572907e+00 	 7.966355e+07 	
1.20441159e+06 	 1.402886e+00 	 7.782102e+07 	
1.20444605e+06 	 1.252483e+00 	 7.605210e+07 	
1.20448051e+06 	 1.119362e+00 	 7.435443e+07 	
1.20451496e+06 	 1.001467e+00 	 7.272568e+07 	
1.20455734e+06 	 8.746816e-01 	 7.081339e+07 	
1.20459973e+06 	 7.652878e-01 	 6.899764e+07 	
1.20464211e+06 	 6.707915e-01 	 6.727426e+07 	
1.20468449e+06 	 5.890640e-01 	 6.563916e+07 	
1.20472688e+06 	 5.182877e-01 	 6.408834e+07 	
1.20476926e+06 	 4.569109e-01 	 6.261791e+07 	
1.20481164e+06 	 4.036087e-01 	 6.122405e+07 	
1.20485402e+06 	 3.572492e-01 	 5.990308e+07 	
1.20490562e+06 	 3.087965e-01 	 5.838822e+07 	
1.20495721e+06 	 2.677385e-01 	 5.696983e+07 	
1.20500880e+06 	 2.328606e-01 	 5.564194e+07 	
1.20506039e+06 	 2.031572e-01 	 5.439885e+07 	
1.20511199e+06 	 1.777949e-01 	 5.323512e+07 	
1.20517527e+06 	 1.516083e-01 	 5.190857e+07 	
1.20523855e+06 	 1.298779e-01 	 5.068472e+07 	
1.20530183e+06 	 1.117715e-01 	 4.955522e+07 	
1.20536511e+06 	 9.662274e-02 	 4.851229e+07 	
1.20544095e+06 	 8.162069e-02 	 4.736648e+07 	
1.20551678e+06 	 6.937420e-02 	 4.632336e+07 	
1.20559261e+06 	 5.931868e-02 	 4.537265e+07 	
1.20567859e+06 	 5.001707e-02 	 4.439486e+07 	
1.20576457e+06 	 4.247548e-02 	 4.351185e+07 	
1.20586247e+06 	 3.555564e-02 	 4.260821e+07 	
1.20596037e+06 	 3.001319e-02 	 4.179976e+07 	
1.20607189e+06 	 2.498331e-02 	 4.097958e+07 	
1.20618342e+06 	 2.099695e-02 	 4.025217e+07 	
1.20631031e+06 	 1.741696e-02 	 3.952097e+07 	
1.20643721e+06 	 1.460308e-02 	 3.887733e+07 	
1.20658206e+06 	 1.208728e-02 	 3.823289e+07 	
1.20672690e+06 	 1.012332e-02 	 3.766929e+07 	
1.20689078e+06 	 8.390742e-03 	 3.711278e+07 	
1.20705466e+06 	 7.041619e-03 	 3.662787e+07 	
1.20726042e+06 	 5.740388e-03 	 3.610203e+07 	
1.20746619e+06 	 4.753551e-03 	 3.565132e+07 	
1.20767196e+06 	 3.991522e-03 	 3.526133e+07 	
1.20793391e+06 	 3.252792e-03 	 3.483538e+07 	
1.20819586e+06 	 2.697499e-03 	 3.447249e+07 	
1.20845781e+06 	 2.271424e-03 	 3.415968e+07 	
1.20883309e+06 	 1.816861e-03 	 3.377983e+07 	
1.20920838e+06 	 1.487382e-03 	 3.346213e+07 	
1.20941224e+06 	 1.345517e-03 	 3.331020e+07 	
1.20983528e+06 	 1.111053e-03 	 3.303199e+07 	
1.21018416e+06 	 9.629163e-04 	 3.283325e+07 	
1.21077524e+06 	 7.753898e-04 	 3.254508e+07 	
1.21136632e+06 	 6.416636e-04 	 3.230336e+07 	
1.21195740e+06 	 5.431272e-04 	 3.209624e+07 	
1.21263190e+06 	 4.594560e-04 	 3.189183e+07 	
1.21330641e+06 	 3.967046e-04 	 3.171345e+07 	
1.21398091e+06 	 3.484515e-04 	 3.155518e+07 	
1.21500745e+06 	 2.939232e-04 	 3.134365e+07 	
1.21603399e+06 	 2.546456e-04 	 3.115868e+07 	
1.21706053e+06 	 2.254073e-04 	 3.099342e+07 	
1.21852804e+06 	 1.950249e-04 	 3.078235e+07 	
1.21999555e+06 	 1.733938e-04 	 3.059294e+07 	
1.22219534e+06 	 1.509821e-04 	 3.033722e+07 	
1.22439512e+06 	 1.358622e-04 	 3.010474e+07 	
1.22659491e+06 	 1.251273e-04 	 2.988808e+07 	
1.22879469e+06 	 1.171712e-04 	 2.968259e+07 	
1.23242285e+06 	 1.077633e-04 	 2.936041e+07 	
1.23386514e+06 	 1.048642e-04 	 2.923655e+07 	
1.23827851e+06 	 9.779076e-05 	 2.886786e+07 	
1.24118036e+06 	 9.410429e-05 	 2.863180e+07 	
1.24764755e+06 	 8.737215e-05 	 2.811819e+07 	
1.25007551e+06 	 8.516946e-05 	 2.792885e+07 	
1.25849393e+06 	 7.828639e-05 	 2.728395e+07 	
1.26359832e+06 	 7.448791e-05 	 2.690061e+07 	
1.26627066e+06 	 7.258023e-05 	 2.670204e+07 	
1.26653790e+06 	 7.239219e-05 	 2.668226e+07 	
1.26656462e+06 	 7.237341e-05 	 2.668028e+07 	
1.26656729e+06 	 7.237153e-05 	 2.668008e+07 	
1.26656756e+06 	 7.237134e-05 	 2.668006e+07 	
1.26737381e+06 	 7.180697e-05 	 2.662048e+07 	
1.26952381e+06 	 7.032250e-05 	 2.646220e+07 	
1.27597381e+06 	 6.603247e-05 	 2.599266e+07 	
1.27740714e+06 	 6.511001e-05 	 2.588937e+07 	
1.28170714e+06 	 6.240540e-05 	 2.558177e+07 	
1.28815714e+06 	 5.851502e-05 	 2.512663e+07 	
1.29000000e+06 	 5.743832e-05 	 2.499794e+07 	
1.29025013e+06 	 5.729333e-05 	 2.498052e+07 	
1.29050025e+06 	 5.714862e-05 	 2.496311e+07 	
1.29075038e+06 	 5.700418e-05 	 2.494572e+07 	
1.29100050e+06 	 5.686001e-05 	 2.492833e+07 	
1.29125063e+06 	 5.671611e-05 	 2.491095e+07 	
1.29150075e+06 	 5.657248e-05 	 2.489359e+07 	
1.29175088e+06 	 5.642913e-05 	 2.487623e+07 	
1.29200100e+06 	 5.628604e-05 	 2.485889e+07 	
1.29225113e+06 	 5.614322e-05 	 2.484156e+07 	
1.29250125e+06 	 5.600066e-05 	 2.482423e+07 	
1.29275138e+06 	 5.585838e-05 	 2.480692e+07 	
1.29300150e+06 	 5.571636e-05 	 2.478962e+07 	
1.29325163e+06 	 5.557460e-05 	 2.477233e+07 	
1.29350175e+06 	 5.543312e-05 	 2.475506e+07 	
1.29375188e+06 	 5.529189e-05 	 2.473779e+07 	
1.29400200e+06 	 5.515093e-05 	 2.472053e+07 	
1.29425213e+06 	 5.501023e-05 	 2.470329e+07 	
1.29450225e+06 	 5.486979e-05 	 2.468605e+07 	
1.29475238e+06 	 5.472961e-05 	 2.466883e+07 	
1.29500250e+06 	 5.458969e-05 	 2.465161e+07 	
1.29525263e+06 	 5.445003e-05 	 2.463441e+07 	
1.29550275e+06 	 5.431062e-05 	 2.461722e+07 	
1.29575288e+06 	 5.417148e-05 	 2.460004e+07 	
1.29600300e+06 	 5.403259e-05 	 2.458287e+07 	
1.29625313e+06 	 5.389397e-05 	 2.456571e+07 	
1.29650325e+06 	 5.375559e-05 	 2.454856e+07 	
1.29675338e+06 	 5.361747e-05 	 2.453142e+07 	
1.29700350e+06 	 5.347961e-05 	 2.451430e+07 	
1.29725363e+06 	 5.334200e-05 	 2.449718e+07 	
1.29750375e+06 	 5.320465e-05 	 2.448007e+07 	
1.29775388e+06 	 5.306754e-05 	 2.446298e+07 	
1.29800400e+06 	 5.293069e-05 	 2.444589e+07 	
1.29825413e+06 	 5.279409e-05 	 2.442882e+07 	
1.29850425e+06 	 5.265775e-05 	 2.441176e+07 	
1.29875438e+06 	 5.252165e-05 	 2.439471e+07 	
1.29900450e+06 	 5.238580e-05 	 2.437766e+07 	
1.29925463e+06 	 5.225020e-05 	 2.436063e+07 	
1.29950475e+06 	 5.211485e-05 	 2.434361e+07 	
1.29975488e+06 	 5.197975e-05 	 2.432660e+07 	
1.30000500e+06 	 5.184489e-05 	 2.430960e+07 	
1.30025513e+06 	 5.171028e-05 	 2.429262e+07 	
1.30050525e+06 	 5.157592e-05 	 2.427564e+07 	
1.30075538e+06 	 5.144180e-05 	 2.425867e+07 	
1.30100550e+06 	 5.130793e-05 	 2.424171e+07 	
1.30125563e+06 	 5.117430e-05 	 2.422477e+07 	
1.30150575e+06 	 5.104091e-05 	 2.420783e+07 	
1.30175588e+06 	 5.090777e-05 	 2.419091e+07 	
1.30200600e+06 	 5.077487e-05 	 2.417399e+07 	
1.30225613e+06 	 5.064221e-05 	 2.415709e+07 	
1.30250625e+06 	 5.050979e-05 	 2.414020e+07 	
1.30275638e+06 	 5.037761e-05 	 2.412331e+07 	
1.30300650e+06 	 5.024567e-05 	 2.410644e+07 	
1.30325663e+06 	 5.011396e-05 	 2.408958e+07 	
1.30350675e+06 	 4.998250e-05 	 2.407273e+07 	
1.30375688e+06 	 4.985127e-05 	 2.405589e+07 	
1.30400700e+06 	 4.972029e-05 	 2.403906e+07 	
1.30425713e+06 	 4.958953e-05 	 2.402224e+07 	
1.30450725e+06 	 4.945902e-05 	 2.400543e+07 	
1.30475738e+06 	 4.932873e-05 	 2.398863e+07 	
1.30500750e+06 	 4.919868e-05 	 2.397185e+07 	
1.30525763e+06 	 4.906887e-05 	 2.395507e+07 	
1.30550775e+06 	 4.893929e-05 	 2.393830e+07 	
1.30575788e+06 	 4.880994e-05 	 2.392154e+07 	
1.30600800e+06 	 4.868082e-05 	 2.390480e+07 	
1.30625813e+06 	 4.855194e-05 	 2.388806e+07 	
1.30650825e+06 	 4.842328e-05 	 2.387134e+07 	
1.30675838e+06 	 4.829486e-05 	 2.385462e+07 	
1.30700850e+06 	 4.816666e-05 	 2.383792e+07 	
1.30725863e+06 	 4.803869e-05 	 2.382122e+07 	
1.30750875e+06 	 4.791095e-05 	 2.380454e+07 	
1.30775888e+06 	 4.778344e-05 	 2.378787e+07 	
1.30800900e+06 	 4.765616e-05 	 2.377120e+07 	
1.30825913e+06 	 4.752910e-05 	 2.375455e+07 	
1.30850925e+06 	 4.740227e-05 	 2.373791e+07 	
1.30875938e+06 	 4.727566e-05 	 2.372128e+07 	
1.30900950e+06 	 4.714928e-05 	 2.370466e+07 	
1.30925963e+06 	 4.702312e-05 	 2.368804e+07 	
1.30950975e+06 	 4.689718e-05 	 2.367144e+07 	
1.30975988e+06 	 4.677147e-05 	 2.365485e+07 	
1.31001001e+06 	 4.664598e-05 	 2.363827e+07 	
1.31026013e+06 	 4.652072e-05 	 2.362170e+07 	
1.31051026e+06 	 4.639567e-05 	 2.360514e+07 	
1.31076038e+06 	 4.627084e-05 	 2.358859e+07 	
1.31101051e+06 	 4.614624e-05 	 2.357205e+07 	
1.31126063e+06 	 4.602185e-05 	 2.355553e+07 	
1.31151076e+06 	 4.589769e-05 	 2.353901e+07 	
1.31176088e+06 	 4.577374e-05 	 2.352250e+07 	
1.31201101e+06 	 4.565001e-05 	 2.350600e+07 	
1.31226113e+06 	 4.552649e-05 	 2.348951e+07 	
1.31251126e+06 	 4.540320e-05 	 2.347304e+07 	
1.31276138e+06 	 4.528012e-05 	 2.345657e+07 	
1.31301151e+06 	 4.515725e-05 	 2.344011e+07 	
1.31326163e+06 	 4.503460e-05 	 2.342367e+07 	
1.31351176e+06 	 4.491216e-05 	 2.340723e+07 	
1.31376188e+06 	 4.478994e-05 	 2.339080e+07 	
1.31401201e+06 	 4.466793e-05 	 2.337439e+07 	
1.31426213e+06 	 4.454613e-05 	 2.335798e+07 	
1.31451226e+06 	 4.442455e-05 	 2.334159e+07 	
1.31476238e+06 	 4.430317e-05 	 2.332520e+07 	
1.31501251e+06 	 4.418201e-05 	 2.330882e+07 	
1.31526263e+06 	 4.406106e-05 	 2.329246e+07 	
1.31551276e+06 	 4.394032e-05 	 2.327610e+07 	
1.31576288e+06 	 4.381978e-05 	 2.325976e+07 	
1.31601301e+06 	 4.369946e-05 	 2.324342e+07 	
1.31626313e+06 	 4.357934e-05 	 2.322710e+07 	
1.31651326e+06 	 4.345943e-05 	 2.321079e+07 	
1.31676338e+06 	 4.333972e-05 	 2.319448e+07 	
1.31701351e+06 	 4.322023e-05 	 2.317819e+07 	
1.31726363e+06 	 4.310094e-05 	 2.316190e+07 	
1.31751376e+06 	 4.298185e-05 	 2.314563e+07 	
1.31776388e+06 	 4.286297e-05 	 2.312937e+07 	
1.31801401e+06 	 4.274429e-05 	 2.311311e+07 	
1.31826413e+06 	 4.262581e-05 	 2.309687e+07 	
1.31851426e+06 	 4.250754e-05 	 2.308063e+07 	
1.31876438e+06 	 4.238947e-05 	 2.306441e+07 	
1.31901451e+06 	 4.227160e-05 	 2.304820e+07 	
1.31926463e+06 	 4.215393e-05 	 2.303199e+07 	
1.31951476e+06 	 4.203647e-05 	 2.301580e+07 	
1.31976488e+06 	 4.191920e-05 	 2.299962e+07 	
1.32001501e+06 	 4.180213e-05 	 2.298344e+07 	
1.32026513e+06 	 4.168526e-05 	 2.296728e+07 	
1.32051526e+06 	 4.156859e-05 	 2.295113e+07 	
1.32076538e+06 	 4.145211e-05 	 2.293499e+07 	
1.32101551e+06 	 4.133583e-05 	 2.291885e+07 	
1.32126563e+06 	 4.121975e-05 	 2.290273e+07 	
1.32151576e+06 	 4.110387e-05 	 2.288662e+07 	
1.32176588e+06 	 4.099029e-05 	 2.287049e+07 	
1.32201601e+06 	 4.087486e-05 	 2.285439e+07 	
1.32226613e+06 	 4.075963e-05 	 2.283831e+07 	
1.32251626e+06 	 4.064460e-05 	 2.282224e+07 	
1.32276638e+06 	 4.052976e-05 	 2.280617e+07 	
1.32301651e+06 	 4.041512e-05 	 2.279012e+07 	
1.32326663e+06 	 4.030068e-05 	 2.277407e+07 	
1.32351676e+06 	 4.018642e-05 	 2.275804e+07 	
1.32376688e+06 	 4.007236e-05 	 2.274201e+07 	
1.32401701e+06 	 3.995850e-05 	 2.272600e+07 	
1.32426713e+06 	 3.984482e-05 	 2.271000e+07 	
1.32451726e+06 	 3.973134e-05 	 2.269400e+07 	
1.32476738e+06 	 3.961805e-05 	 2.267802e+07 	
1.32501751e+06 	 3.950495e-05 	 2.266204e+07 	
1.32526763e+06 	 3.939205e-05 	 2.264608e+07 	
1.32551776e+06 	 3.927933e-05 	 2.263012e+07 	
1.32576788e+06 	 3.916680e-05 	 2.261418e+07 	
1.32601801e+06 	 3.905446e-05 	 2.259824e+07 	
1.32626813e+06 	 3.894231e-05 	 2.258231e+07 	
1.32651826e+06 	 3.882841e-05 	 2.256642e+07 	
1.32676838e+06 	 3.871657e-05 	 2.255052e+07 	
1.32701851e+06 	 3.860492e-05 	 2.253462e+07 	
1.32726863e+06 	 3.849346e-05 	 2.251873e+07 	
1.32751876e+06 	 3.838218e-05 	 2.250286e+07 	
1.32776888e+06 	 3.827108e-05 	 2.248699e+07 	
1.32801901e+06 	 3.816016e-05 	 2.247114e+07 	
1.32826913e+06 	 3.804943e-05 	 2.245529e+07 	
1.32851926e+06 	 3.793889e-05 	 2.243945e+07 	
1.32876938e+06 	 3.782852e-05 	 2.242363e+07 	
1.32901951e+06 	 3.771834e-05 	 2.240781e+07 	
1.32926963e+06 	 3.760833e-05 	 2.239200e+07 	
1.32951976e+06 	 3.749851e-05 	 2.237621e+07 	
1.32976988e+06 	 3.738887e-05 	 2.236042e+07 	
1.33002001e+06 	 3.727941e-05 	 2.234464e+07 	
1.33027014e+06 	 3.717012e-05 	 2.232887e+07 	
1.33052026e+06 	 3.706102e-05 	 2.231311e+07 	
1.33077039e+06 	 3.695209e-05 	 2.229737e+07 	
1.33102051e+06 	 3.684334e-05 	 2.228163e+07 	
1.33127064e+06 	 3.673477e-05 	 2.226590e+07 	
1.33152076e+06 	 3.662451e-05 	 2.225020e+07 	
1.33177089e+06 	 3.651623e-05 	 2.223449e+07 	
1.33202101e+06 	 3.640812e-05 	 2.221879e+07 	
1.33227114e+06 	 3.630019e-05 	 2.220310e+07 	
1.33252126e+06 	 3.619243e-05 	 2.218743e+07 	
1.33277139e+06 	 3.608484e-05 	 2.217176e+07 	
1.33302151e+06 	 3.597742e-05 	 2.215610e+07 	
1.33327164e+06 	 3.587018e-05 	 2.214045e+07 	
1.33352176e+06 	 3.576310e-05 	 2.212480e+07 	
1.33377189e+06 	 3.565620e-05 	 2.210917e+07 	
1.33402201e+06 	 3.554946e-05 	 2.209355e+07 	
1.33427214e+06 	 3.544289e-05 	 2.207794e+07 	
1.33452226e+06 	 3.533649e-05 	 2.206234e+07 	
1.33477239e+06 	 3.523026e-05 	 2.204675e+07 	
1.33502251e+06 	 3.512420e-05 	 2.203116e+07 	
1.33527264e+06 	 3.501830e-05 	 2.201559e+07 	
1.33552276e+06 	 3.491257e-05 	 2.200003e+07 	
1.33577289e+06 	 3.480701e-05 	 2.198447e+07 	
1.33602301e+06 	 3.470161e-05 	 2.196893e+07 	
1.33627314e+06 	 3.459637e-05 	 2.195340e+07 	
1.33652326e+06 	 3.449307e-05 	 2.193785e+07 	
1.33677339e+06 	 3.438822e-05 	 2.192233e+07 	
1.33702351e+06 	 3.428354e-05 	 2.190683e+07 	
1.33727364e+06 	 3.417902e-05 	 2.189133e+07 	
1.33752376e+06 	 3.407466e-05 	 2.187584e+07 	
1.33777389e+06 	 3.397047e-05 	 2.186037e+07 	
1.33802401e+06 	 3.386644e-05 	 2.184490e+07 	
1.33827414e+06 	 3.376257e-05 	 2.182944e+07 	
1.33852426e+06 	 3.365887e-05 	 2.181399e+07 	
1.33877439e+06 	 3.355532e-05 	 2.179855e+07 	
1.33902451e+06 	 3.345194e-05 	 2.178313e+07 	
1.33927464e+06 	 3.334872e-05 	 2.176771e+07 	
1.33952476e+06 	 3.324565e-05 	 2.175230e+07 	
1.33977489e+06 	 3.314275e-05 	 2.173690e+07 	
1.34002501e+06 	 3.304001e-05 	 2.172150e+07 	
1.34027514e+06 	 3.293742e-05 	 2.170612e+07 	
1.34052526e+06 	 3.283499e-05 	 2.169075e+07 	
1.34077539e+06 	 3.273272e-05 	 2.167539e+07 	
1.34102551e+06 	 3.263061e-05 	 2.166004e+07 	
1.34127564e+06 	 3.252703e-05 	 2.164472e+07 	
1.34152576e+06 	 3.242517e-05 	 2.162938e+07 	
1.34177589e+06 	 3.232348e-05 	 2.161406e+07 	
1.34202601e+06 	 3.222193e-05 	 2.159875e+07 	
1.34227614e+06 	 3.212054e-05 	 2.158344e+07 	
1.34252626e+06 	 3.201930e-05 	 2.156815e+07 	
1.34277639e+06 	 3.191822e-05 	 2.155286e+07 	
1.34302651e+06 	 3.181729e-05 	 2.153759e+07 	
1.34327664e+06 	 3.171650e-05 	 2.152232e+07 	
1.34352676e+06 	 3.161587e-05 	 2.150706e+07 	
1.34377689e+06 	 3.151539e-05 	 2.149182e+07 	
1.34402701e+06 	 3.141506e-05 	 2.147658e+07 	
1.34427714e+06 	 3.131487e-05 	 2.146135e+07 	
1.34452726e+06 	 3.121484e-05 	 2.144613e+07 	
1.34477739e+06 	 3.111495e-05 	 2.143092e+07 	
1.34502751e+06 	 3.101521e-05 	 2.141572e+07 	
1.34527764e+06 	 3.091562e-05 	 2.140053e+07 	
1.34552776e+06 	 3.081618e-05 	 2.138535e+07 	
1.34577789e+06 	 3.071688e-05 	 2.137018e+07 	
1.34602801e+06 	 3.061772e-05 	 2.135502e+07 	
1.34627814e+06 	 3.051717e-05 	 2.133989e+07 	
1.34652826e+06 	 3.041826e-05 	 2.132475e+07 	
1.34677839e+06 	 3.031949e-05 	 2.130962e+07 	
1.34702851e+06 	 3.022086e-05 	 2.129449e+07 	
1.34727864e+06 	 3.012237e-05 	 2.127938e+07 	
1.34752876e+06 	 3.002402e-05 	 2.126428e+07 	
1.34777889e+06 	 2.992582e-05 	 2.124918e+07 	
1.34802901e+06 	 2.982775e-05 	 2.123410e+07 	
1.34827914e+06 	 2.972982e-05 	 2.121902e+07 	
1.34852926e+06 	 2.963203e-05 	 2.120396e+07 	
1.34877939e+06 	 2.953438e-05 	 2.118890e+07 	
1.34902951e+06 	 2.943687e-05 	 2.117385e+07 	
1.34927964e+06 	 2.933949e-05 	 2.115882e+07 	
1.34952976e+06 	 2.924225e-05 	 2.114379e+07 	
1.34977989e+06 	 2.914515e-05 	 2.112877e+07 	
1.35003002e+06 	 2.904818e-05 	 2.111376e+07 	
1.35028014e+06 	 2.895135e-05 	 2.109876e+07 	
1.35053027e+06 	 2.885465e-05 	 2.108377e+07 	
1.35078039e+06 	 2.875808e-05 	 2.106879e+07 	
1.35103052e+06 	 2.866164e-05 	 2.105382e+07 	
1.35128064e+06 	 2.856680e-05 	 2.103883e+07 	
1.35153077e+06 	 2.847068e-05 	 2.102388e+07 	
1.35178089e+06 	 2.837469e-05 	 2.100894e+07 	
1.35203102e+06 	 2.827883e-05 	 2.099400e+07 	
1.35228114e+06 	 2.818311e-05 	 2.097908e+07 	
1.35253127e+06 	 2.808751e-05 	 2.096417e+07 	
1.35278139e+06 	 2.799204e-05 	 2.094926e+07 	
1.35303152e+06 	 2.789671e-05 	 2.093436e+07 	
1.35328164e+06 	 2.780150e-05 	 2.091948e+07 	
1.35353177e+06 	 2.770643e-05 	 2.090460e+07 	
1.35378189e+06 	 2.761148e-05 	 2.088973e+07 	
1.35403202e+06 	 2.751666e-05 	 2.087487e+07 	
1.35428214e+06 	 2.742196e-05 	 2.086002e+07 	
1.35453227e+06 	 2.732739e-05 	 2.084518e+07 	
1.35478239e+06 	 2.723295e-05 	 2.083035e+07 	
1.35503252e+06 	 2.713864e-05 	 2.081553e+07 	
1.35528264e+06 	 2.704445e-05 	 2.080072e+07 	
1.35553277e+06 	 2.695038e-05 	 2.078592e+07 	
1.35578289e+06 	 2.685644e-05 	 2.077113e+07 	
1.35603302e+06 	 2.676262e-05 	 2.075635e+07 	
1.35628314e+06 	 2.667030e-05 	 2.074155e+07 	
1.35653327e+06 	 2.657677e-05 	 2.072678e+07 	
1.35678339e+06 	 2.648336e-05 	 2.071203e+07 	
1.35703352e+06 	 2.639007e-05 	 2.069728e+07 	
1.35728364e+06 	 2.629691e-05 	 2.068255e+07 	
1.35753377e+06 	 2.620387e-05 	 2.066782e+07 	
1.35778389e+06 	 2.611095e-05 	 2.065310e+07 	
1.35803402e+06 	 2.601814e-05 	 2.063839e+07 	
1.35828414e+06 	 2.592546e-05 	 2.062370e+07 	
1.35853427e+06 	 2.583290e-05 	 2.060901e+07 	
1.35878439e+06 	 2.574046e-05 	 2.059433e+07 	
1.35903452e+06 	 2.564813e-05 	 2.057966e+07 	
1.35928464e+06 	 2.555592e-05 	 2.056499e+07 	
1.35953477e+06 	 2.546383e-05 	 2.055034e+07 	
1.35978489e+06 	 2.537186e-05 	 2.053570e+07 	
1.36003502e+06 	 2.528000e-05 	 2.052107e+07 	
1.36028514e+06 	 2.518826e-05 	 2.050644e+07 	
1.36053527e+06 	 2.509663e-05 	 2.049183e+07 	
1.36078539e+06 	 2.500512e-05 	 2.047723e+07 	
1.36103552e+06 	 2.491246e-05 	 2.046265e+07 	
1.36128564e+06 	 2.482114e-05 	 2.044807e+07 	
1.36153577e+06 	 2.472992e-05 	 2.043349e+07 	
1.36178589e+06 	 2.463882e-05 	 2.041893e+07 	
1.36203602e+06 	 2.454782e-05 	 2.040437e+07 	
1.36228614e+06 	 2.445694e-05 	 2.038982e+07 	
1.36253627e+06 	 2.436616e-05 	 2.037528e+07 	
1.36278639e+06 	 2.427550e-05 	 2.036076e+07 	
1.36303652e+06 	 2.418494e-05 	 2.034624e+07 	
1.36328664e+06 	 2.409449e-05 	 2.033173e+07 	
1.36353677e+06 	 2.400414e-05 	 2.031723e+07 	
1.36378689e+06 	 2.391390e-05 	 2.030274e+07 	
1.36403702e+06 	 2.382377e-05 	 2.028826e+07 	
1.36428714e+06 	 2.373374e-05 	 2.027379e+07 	
1.36453727e+06 	 2.364382e-05 	 2.025933e+07 	
1.36478739e+06 	 2.355400e-05 	 2.024487e+07 	
1.36503752e+06 	 2.346428e-05 	 2.023043e+07 	
1.36528764e+06 	 2.337467e-05 	 2.021600e+07 	
1.36553777e+06 	 2.328516e-05 	 2.020158e+07 	
1.36578789e+06 	 2.319575e-05 	 2.018716e+07 	
1.36603802e+06 	 2.310761e-05 	 2.017273e+07 	
1.36628814e+06 	 2.301844e-05 	 2.015834e+07 	
1.36653827e+06 	 2.292936e-05 	 2.014395e+07 	
1.36678839e+06 	 2.284039e-05 	 2.012958e+07 	
1.36703852e+06 	 2.275152e-05 	 2.011521e+07 	
1.36728864e+06 	 2.266274e-05 	 2.010085e+07 	
1.36753877e+06 	 2.257407e-05 	 2.008650e+07 	
1.36778889e+06 	 2.248549e-05 	 2.007217e+07 	
1.36803902e+06 	 2.239701e-05 	 2.005784e+07 	
1.36828914e+06 	 2.230862e-05 	 2.004352e+07 	
1.36853927e+06 	 2.222033e-05 	 2.002921e+07 	
1.36878939e+06 	 2.213214e-05 	 2.001491e+07 	
1.36903952e+06 	 2.204404e-05 	 2.000062e+07 	
1.36928964e+06 	 2.195603e-05 	 1.998634e+07 	
1.36953977e+06 	 2.186812e-05 	 1.997207e+07 	
1.36978989e+06 	 2.178030e-05 	 1.995781e+07 	
1.37004002e+06 	 2.169257e-05 	 1.994355e+07 	
1.37029015e+06 	 2.160493e-05 	 1.992931e+07 	
1.37054027e+06 	 2.151739e-05 	 1.991508e+07 	
1.37079040e+06 	 2.142993e-05 	 1.990086e+07 	
1.37104052e+06 	 2.134366e-05 	 1.988662e+07 	
1.37129065e+06 	 2.125641e-05 	 1.987242e+07 	
1.37154077e+06 	 2.116926e-05 	 1.985822e+07 	
1.37179090e+06 	 2.108219e-05 	 1.984404e+07 	
1.37204102e+06 	 2.099522e-05 	 1.982986e+07 	
1.37229115e+06 	 2.090833e-05 	 1.981570e+07 	
1.37254127e+06 	 2.082152e-05 	 1.980154e+07 	
1.37279140e+06 	 2.073481e-05 	 1.978739e+07 	
1.37304152e+06 	 2.064817e-05 	 1.977326e+07 	
1.37329165e+06 	 2.056163e-05 	 1.975913e+07 	
1.37354177e+06 	 2.047517e-05 	 1.974502e+07 	
1.37379190e+06 	 2.038879e-05 	 1.973091e+07 	
1.37404202e+06 	 2.030249e-05 	 1.971681e+07 	
1.37429215e+06 	 2.021628e-05 	 1.970272e+07 	
1.37454227e+06 	 2.013015e-05 	 1.968865e+07 	
1.37479240e+06 	 2.004410e-05 	 1.967458e+07 	
1.37504252e+06 	 1.995813e-05 	 1.966052e+07 	
1.37529265e+06 	 1.987224e-05 	 1.964647e+07 	
1.37554277e+06 	 1.978643e-05 	 1.963243e+07 	
1.37579290e+06 	 1.969971e-05 	 1.961843e+07 	
1.37604302e+06 	 1.961403e-05 	 1.960441e+07 	
1.37629315e+06 	 1.952842e-05 	 1.959040e+07 	
1.37654327e+06 	 1.944288e-05 	 1.957641e+07 	
1.37679340e+06 	 1.935743e-05 	 1.956242e+07 	
1.37704352e+06 	 1.927204e-05 	 1.954844e+07 	
1.37729365e+06 	 1.918673e-05 	 1.953447e+07 	
1.37754377e+06 	 1.910150e-05 	 1.952051e+07 	
1.37779390e+06 	 1.901633e-05 	 1.950657e+07 	
1.37804402e+06 	 1.893124e-05 	 1.949263e+07 	
1.37829415e+06 	 1.884622e-05 	 1.947870e+07 	
1.37854427e+06 	 1.876127e-05 	 1.946479e+07 	
1.37879440e+06 	 1.867638e-05 	 1.945088e+07 	
1.37904452e+06 	 1.859157e-05 	 1.943698e+07 	
1.37929465e+06 	 1.850683e-05 	 1.942310e+07 	
1.37954477e+06 	 1.842215e-05 	 1.940922e+07 	
1.37979490e+06 	 1.833754e-05 	 1.939535e+07 	
1.38004502e+06 	 1.825299e-05 	 1.938150e+07 	
1.38029515e+06 	 1.816851e-05 	 1.936765e+07 	
1.38054527e+06 	 1.808410e-05 	 1.935382e+07 	
1.38079540e+06 	 1.800066e-05 	 1.933997e+07 	
1.38104552e+06 	 1.791639e-05 	 1.932615e+07 	
1.38129565e+06 	 1.783220e-05 	 1.931235e+07 	
1.38154577e+06 	 1.774806e-05 	 1.929855e+07 	
1.38179590e+06 	 1.766399e-05 	 1.928477e+07 	
1.38204602e+06 	 1.757998e-05 	 1.927100e+07 	
1.38229615e+06 	 1.749603e-05 	 1.925723e+07 	
1.38254627e+06 	 1.741213e-05 	 1.924348e+07 	
1.38279640e+06 	 1.732830e-05 	 1.922974e+07 	
1.38304652e+06 	 1.724452e-05 	 1.921601e+07 	
1.38329665e+06 	 1.716081e-05 	 1.920229e+07 	
1.38354677e+06 	 1.707715e-05 	 1.918857e+07 	
1.38379690e+06 	 1.699354e-05 	 1.917487e+07 	
1.38404702e+06 	 1.690999e-05 	 1.916119e+07 	
1.38429715e+06 	 1.682650e-05 	 1.914751e+07 	
1.38454727e+06 	 1.674306e-05 	 1.913384e+07 	
1.38479740e+06 	 1.665967e-05 	 1.912018e+07 	
1.38504752e+06 	 1.657633e-05 	 1.910654e+07 	
1.38529765e+06 	 1.649305e-05 	 1.909290e+07 	
1.38554777e+06 	 1.640982e-05 	 1.907928e+07 	
1.38579790e+06 	 1.632580e-05 	 1.906569e+07 	
1.38604802e+06 	 1.624264e-05 	 1.905209e+07 	
1.38629815e+06 	 1.615953e-05 	 1.903849e+07 	
1.38654827e+06 	 1.607646e-05 	 1.902492e+07 	
1.38679840e+06 	 1.599344e-05 	 1.901135e+07 	
1.38704852e+06 	 1.591047e-05 	 1.899779e+07 	
1.38729865e+06 	 1.582755e-05 	 1.898424e+07 	
1.38754877e+06 	 1.574466e-05 	 1.897071e+07 	
1.38779890e+06 	 1.566182e-05 	 1.895719e+07 	
1.38804902e+06 	 1.557903e-05 	 1.894368e+07 	
1.38829915e+06 	 1.549627e-05 	 1.893018e+07 	
1.38854927e+06 	 1.541356e-05 	 1.891669e+07 	
1.38879940e+06 	 1.533088e-05 	 1.890321e+07 	
1.38904952e+06 	 1.524825e-05 	 1.888974e+07 	
1.38929965e+06 	 1.516566e-05 	 1.887629e+07 	
1.38954977e+06 	 1.508310e-05 	 1.886285e+07 	
1.38979990e+06 	 1.500058e-05 	 1.884942e+07 	
1.39005003e+06 	 1.491809e-05 	 1.883600e+07 	
1.39030015e+06 	 1.483565e-05 	 1.882259e+07 	
1.39055028e+06 	 1.475397e-05 	 1.880917e+07 	
1.39080040e+06 	 1.467162e-05 	 1.879579e+07 	
1.39105053e+06 	 1.458930e-05 	 1.878242e+07 	
1.39130065e+06 	 1.450701e-05 	 1.876906e+07 	
1.39155078e+06 	 1.442475e-05 	 1.875571e+07 	
1.39180090e+06 	 1.434253e-05 	 1.874238e+07 	
1.39205103e+06 	 1.426033e-05 	 1.872905e+07 	
1.39230115e+06 	 1.417817e-05 	 1.871574e+07 	
1.39255128e+06 	 1.409604e-05 	 1.870244e+07 	
1.39280140e+06 	 1.401394e-05 	 1.868916e+07 	
1.39305153e+06 	 1.393186e-05 	 1.867589e+07 	
1.39330165e+06 	 1.384981e-05 	 1.866262e+07 	
1.39355178e+06 	 1.376779e-05 	 1.864938e+07 	
1.39380190e+06 	 1.368580e-05 	 1.863614e+07 	
1.39405203e+06 	 1.360383e-05 	 1.862292e+07 	
1.39430215e+06 	 1.352188e-05 	 1.860971e+07 	
1.39455228e+06 	 1.343996e-05 	 1.859651e+07 	
1.39480240e+06 	 1.335806e-05 	 1.858333e+07 	
1.39505253e+06 	 1.327619e-05 	 1.857016e+07 	
1.39530265e+06 	 1.319434e-05 	 1.855700e+07 	
1.39555278e+06 	 1.311184e-05 	 1.854388e+07 	
1.39580290e+06 	 1.303001e-05 	 1.853075e+07 	
1.39605303e+06 	 1.294820e-05 	 1.851764e+07 	
1.39630315e+06 	 1.286641e-05 	 1.850454e+07 	
1.39655328e+06 	 1.278464e-05 	 1.849145e+07 	
1.39680340e+06 	 1.270288e-05 	 1.847837e+07 	
1.39705353e+06 	 1.262115e-05 	 1.846531e+07 	
1.39730365e+06 	 1.253943e-05 	 1.845227e+07 	
1.39755378e+06 	 1.245772e-05 	 1.843924e+07 	
1.39780390e+06 	 1.237603e-05 	 1.842622e+07 	
1.39805403e+06 	 1.229436e-05 	 1.841322e+07 	
1.39830415e+06 	 1.221270e-05 	 1.840023e+07 	
1.39855428e+06 	 1.213106e-05 	 1.838725e+07 	
1.39880440e+06 	 1.204942e-05 	 1.837429e+07 	
1.39905453e+06 	 1.196781e-05 	 1.836135e+07 	
1.39930465e+06 	 1.188620e-05 	 1.834842e+07 	
1.39955478e+06 	 1.180461e-05 	 1.833551e+07 	
1.39980490e+06 	 1.172303e-05 	 1.832261e+07 	
1.40005503e+06 	 1.164146e-05 	 1.830972e+07 	
1.40030515e+06 	 1.155932e-05 	 1.829688e+07 	
1.40055528e+06 	 1.147775e-05 	 1.828403e+07 	
1.40080540e+06 	 1.139620e-05 	 1.827119e+07 	
1.40105553e+06 	 1.131465e-05 	 1.825837e+07 	
1.40130565e+06 	 1.123311e-05 	 1.824557e+07 	
1.40155578e+06 	 1.115159e-05 	 1.823278e+07 	
1.40180590e+06 	 1.107007e-05 	 1.822001e+07 	
1.40205603e+06 	 1.098856e-05 	 1.820726e+07 	
1.40230615e+06 	 1.090706e-05 	 1.819452e+07 	
1.40255628e+06 	 1.082557e-05 	 1.818180e+07 	
1.40280640e+06 	 1.074409e-05 	 1.816909e+07 	
1.40305653e+06 	 1.066261e-05 	 1.815641e+07 	
1.40330665e+06 	 1.058114e-05 	 1.814374e+07 	
1.40355678e+06 	 1.049969e-05 	 1.813109e+07 	
1.40380690e+06 	 1.041824e-05 	 1.811846e+07 	
1.40405703e+06 	 1.033680e-05 	 1.810584e+07 	
1.40430715e+06 	 1.025536e-05 	 1.809324e+07 	
1.40455728e+06 	 1.017394e-05 	 1.808066e+07 	
1.40480740e+06 	 1.009253e-05 	 1.806810e+07 	
1.40505753e+06 	 1.001112e-05 	 1.805556e+07 	
1.40530765e+06 	 9.930239e-06 	 1.804302e+07 	
1.40555778e+06 	 9.848870e-06 	 1.803051e+07 	
1.40580790e+06 	 9.767513e-06 	 1.801803e+07 	
1.40605803e+06 	 9.686167e-06 	 1.800556e+07 	
1.40630815e+06 	 9.604833e-06 	 1.799312e+07 	
1.40655828e+06 	 9.523513e-06 	 1.798069e+07 	
1.40680840e+06 	 9.442206e-06 	 1.796829e+07 	
1.40705853e+06 	 9.360914e-06 	 1.795590e+07 	
1.40730865e+06 	 9.279637e-06 	 1.794354e+07 	
1.40755878e+06 	 9.198377e-06 	 1.793119e+07 	
1.40780890e+06 	 9.117134e-06 	 1.791887e+07 	
1.40805903e+06 	 9.035910e-06 	 1.790657e+07 	
1.40830915e+06 	 8.954705e-06 	 1.789429e+07 	
1.40855928e+06 	 8.873521e-06 	 1.788203e+07 	
1.40880940e+06 	 8.792359e-06 	 1.786980e+07 	
1.40905953e+06 	 8.711221e-06 	 1.785759e+07 	
1.40930965e+06 	 8.630108e-06 	 1.784540e+07 	
1.40955978e+06 	 8.549021e-06 	 1.783323e+07 	
1.40980990e+06 	 8.467962e-06 	 1.782109e+07 	
1.41006003e+06 	 8.387359e-06 	 1.780895e+07 	
1.41031016e+06 	 8.306373e-06 	 1.779685e+07 	
1.41056028e+06 	 8.225422e-06 	 1.778478e+07 	
1.41081041e+06 	 8.144507e-06 	 1.777273e+07 	
1.41106053e+06 	 8.063630e-06 	 1.776070e+07 	
1.41131066e+06 	 7.982794e-06 	 1.774871e+07 	
1.41156078e+06 	 7.902000e-06 	 1.773673e+07 	
1.41181091e+06 	 7.821252e-06 	 1.772479e+07 	
1.41206103e+06 	 7.740553e-06 	 1.771287e+07 	
1.41231116e+06 	 7.659904e-06 	 1.770097e+07 	
1.41256128e+06 	 7.579308e-06 	 1.768910e+07 	
1.41281141e+06 	 7.498770e-06 	 1.767726e+07 	
1.41306153e+06 	 7.418291e-06 	 1.766545e+07 	
1.41331166e+06 	 7.337876e-06 	 1.765366e+07 	
1.41356178e+06 	 7.257527e-06 	 1.764191e+07 	
1.41381191e+06 	 7.177248e-06 	 1.763018e+07 	
1.41406203e+06 	 7.097042e-06 	 1.761848e+07 	
1.41431216e+06 	 7.016914e-06 	 1.760681e+07 	
1.41456228e+06 	 6.936868e-06 	 1.759517e+07 	
1.41481241e+06 	 6.857252e-06 	 1.758354e+07 	
1.41506253e+06 	 6.777389e-06 	 1.757196e+07 	
1.41531266e+06 	 6.697621e-06 	 1.756041e+07 	
1.41556278e+06 	 6.617952e-06 	 1.754889e+07 	
1.41581291e+06 	 6.538387e-06 	 1.753740e+07 	
1.41606303e+06 	 6.458931e-06 	 1.752595e+07 	
1.41631316e+06 	 6.379588e-06 	 1.751453e+07 	
1.41656328e+06 	 6.300364e-06 	 1.750314e+07 	
1.41681341e+06 	 6.221265e-06 	 1.749179e+07 	
1.41706353e+06 	 6.142296e-06 	 1.748047e+07 	
1.41731366e+06 	 6.063463e-06 	 1.746918e+07 	
1.41756378e+06 	 5.984772e-06 	 1.745793e+07 	
1.41781391e+06 	 5.906228e-06 	 1.744671e+07 	
1.41806403e+06 	 5.827839e-06 	 1.743553e+07 	
1.41831416e+06 	 5.749611e-06 	 1.742439e+07 	
1.41856428e+06 	 5.671550e-06 	 1.741329e+07 	
1.41881441e+06 	 5.593664e-06 	 1.740222e+07 	
1.41906453e+06 	 5.515959e-06 	 1.739119e+07 	
1.41931466e+06 	 5.438442e-06 	 1.738020e+07 	
1.41956478e+06 	 5.360854e-06 	 1.736926e+07 	
1.41981491e+06 	 5.283732e-06 	 1.735835e+07 	
1.42006503e+06 	 5.206821e-06 	 1.734748e+07 	
1.42031516e+06 	 5.130131e-06 	 1.733665e+07 	
1.42056528e+06 	 5.053668e-06 	 1.732586e+07 	
1.42081541e+06 	 4.977442e-06 	 1.731511e+07 	
1.42106553e+06 	 4.901460e-06 	 1.730440e+07 	
1.42131566e+06 	 4.825733e-06 	 1.729374e+07 	
1.42156578e+06 	 4.750268e-06 	 1.728312e+07 	
1.42181591e+06 	 4.675075e-06 	 1.727254e+07 	
1.42206603e+06 	 4.600164e-06 	 1.726201e+07 	
1.42231616e+06 	 4.525544e-06 	 1.725153e+07 	
1.42256628e+06 	 4.451225e-06 	 1.724109e+07 	
1.42281641e+06 	 4.377216e-06 	 1.723070e+07 	
1.42306653e+06 	 4.303529e-06 	 1.722035e+07 	
1.42331666e+06 	 4.230172e-06 	 1.721005e+07 	
1.42356678e+06 	 4.157158e-06 	 1.719980e+07 	
1.42381691e+06 	 4.084495e-06 	 1.718960e+07 	
1.42406703e+06 	 4.012196e-06 	 1.717945e+07 	
1.42431716e+06 	 3.940468e-06 	 1.716933e+07 	
1.42456728e+06 	 3.868932e-06 	 1.715928e+07 	
1.42481741e+06 	 3.797792e-06 	 1.714928e+07 	
1.42506753e+06 	 3.727060e-06 	 1.713933e+07 	
1.42531766e+06 	 3.656747e-06 	 1.712943e+07 	
1.42556778e+06 	 3.586865e-06 	 1.711959e+07 	
1.42581791e+06 	 3.517426e-06 	 1.710981e+07 	
1.42606803e+06 	 3.448441e-06 	 1.710007e+07 	
1.42631816e+06 	 3.379923e-06 	 1.709040e+07 	
1.42656828e+06 	 3.311883e-06 	 1.708077e+07 	
1.42681841e+06 	 3.244334e-06 	 1.707121e+07 	
1.42706853e+06 	 3.177287e-06 	 1.706170e+07 	
1.42731866e+06 	 3.110756e-06 	 1.705225e+07 	
1.42756878e+06 	 3.044751e-06 	 1.704286e+07 	
1.42781891e+06 	 2.979286e-06 	 1.703353e+07 	
1.42806903e+06 	 2.914373e-06 	 1.702426e+07 	
1.42831916e+06 	 2.850023e-06 	 1.701505e+07 	
1.42856928e+06 	 2.786249e-06 	 1.700590e+07 	
1.42881941e+06 	 2.723064e-06 	 1.699681e+07 	
1.42906953e+06 	 2.660345e-06 	 1.698781e+07 	
1.42931966e+06 	 2.598371e-06 	 1.697885e+07 	
1.42956978e+06 	 2.537021e-06 	 1.696995e+07 	
1.42981991e+06 	 2.476308e-06 	 1.696111e+07 	
1.43007004e+06 	 2.416244e-06 	 1.695234e+07 	
1.43032016e+06 	 2.356839e-06 	 1.694364e+07 	
1.43057029e+06 	 2.298105e-06 	 1.693500e+07 	
1.43082041e+06 	 2.240055e-06 	 1.692643e+07 	
1.43107054e+06 	 2.182698e-06 	 1.691793e+07 	
1.43132066e+06 	 2.126046e-06 	 1.690950e+07 	
1.43157079e+06 	 2.070109e-06 	 1.690113e+07 	
1.43182091e+06 	 2.014899e-06 	 1.689283e+07 	
1.43207104e+06 	 1.960425e-06 	 1.688460e+07 	
1.43232116e+06 	 1.906696e-06 	 1.687645e+07 	
1.43257129e+06 	 1.853724e-06 	 1.686836e+07 	
1.43282141e+06 	 1.801516e-06 	 1.686034e+07 	
1.43307154e+06 	 1.750082e-06 	 1.685240e+07 	
1.43332166e+06 	 1.699431e-06 	 1.684453e+07 	
1.43357179e+06 	 1.649570e-06 	 1.683673e+07 	
1.43382191e+06 	 1.600590e-06 	 1.682898e+07 	
1.43407204e+06 	 1.552334e-06 	 1.682132e+07 	
1.43432216e+06 	 1.504891e-06 	 1.681374e+07 	
1.43457229e+06 	 1.458266e-06 	 1.680624e+07 	
1.43482241e+06 	 1.412467e-06 	 1.679881e+07 	
1.43507254e+06 	 1.367498e-06 	 1.679145e+07 	
1.43532266e+06 	 1.323365e-06 	 1.678417e+07 	
1.43557279e+06 	 1.280072e-06 	 1.677696e+07 	
1.43582291e+06 	 1.237623e-06 	 1.676984e+07 	
1.43607304e+06 	 1.196021e-06 	 1.676278e+07 	
1.43632316e+06 	 1.155270e-06 	 1.675581e+07 	
1.43657329e+06 	 1.115371e-06 	 1.674891e+07 	
1.43682341e+06 	 1.076326e-06 	 1.674208e+07 	
1.43707354e+06 	 1.038137e-06 	 1.673534e+07 	
1.43732366e+06 	 1.000803e-06 	 1.672867e+07 	
1.43757379e+06 	 9.643255e-07 	 1.672208e+07 	
1.43782391e+06 	 9.287026e-07 	 1.671557e+07 	
1.43807404e+06 	 8.938886e-07 	 1.670915e+07 	
1.43832416e+06 	 8.599711e-07 	 1.670280e+07 	
1.43857429e+06 	 8.269028e-07 	 1.669652e+07 	
1.43882441e+06 	 7.946805e-07 	 1.669032e+07 	
1.43907454e+06 	 7.633004e-07 	 1.668419e+07 	
1.43932466e+06 	 7.327581e-07 	 1.667815e+07 	
1.43957479e+06 	 7.030486e-07 	 1.667218e+07 	
1.43982491e+06 	 6.741662e-07 	 1.666629e+07 	
1.44007504e+06 	 6.461047e-07 	 1.666048e+07 	
1.44032516e+06 	 6.188573e-07 	 1.665475e+07 	
1.44057529e+06 	 5.924166e-07 	 1.664909e+07 	
1.44082541e+06 	 5.667747e-07 	 1.664351e+07 	
1.44107554e+06 	 5.419229e-07 	 1.663800e+07 	
1.44132566e+06 	 5.178523e-07 	 1.663258e+07 	
1.44157579e+06 	 4.945533e-07 	 1.662722e+07 	
1.44182591e+06 	 4.720158e-07 	 1.662195e+07 	
1.44207604e+06 	 4.502293e-07 	 1.661675e+07 	
1.44232616e+06 	 4.291606e-07 	 1.661165e+07 	
1.44257629e+06 	 4.088424e-07 	 1.660660e+07 	
1.44282641e+06 	 3.892406e-07 	 1.660163e+07 	
1.44307654e+06 	 3.703430e-07 	 1.659673e+07 	
1.44332666e+06 	 3.521368e-07 	 1.659190e+07 	
1.44357679e+06 	 3.346090e-07 	 1.658715e+07 	
1.44382691e+06 	 3.177461e-07 	 1.658247e+07 	
1.44407704e+06 	 3.015346e-07 	 1.657786e+07 	
1.44432716e+06 	 2.859603e-07 	 1.657332e+07 	
1.44457729e+06 	 2.710091e-07 	 1.656886e+07 	
1.44482741e+06 	 2.566665e-07 	 1.656446e+07 	
1.44507754e+06 	 2.429179e-07 	 1.656013e+07 	
1.44532766e+06 	 2.297484e-07 	 1.655587e+07 	
1.44557779e+06 	 2.171432e-07 	 1.655168e+07 	
1.44582791e+06 	 2.050870e-07 	 1.654756e+07 	
1.44607804e+06 	 1.935548e-07 	 1.654353e+07 	
1.44632816e+06 	 1.825514e-07 	 1.653955e+07 	
1.44657829e+06 	 1.720515e-07 	 1.653562e+07 	
1.44682841e+06 	 1.620398e-07 	 1.653176e+07 	
1.44707854e+06 	 1.525011e-07 	 1.652797e+07 	
1.44732866e+06 	 1.434201e-07 	 1.652423e+07 	
1.44757879e+06 	 1.347818e-07 	 1.652056e+07 	
1.44782891e+06 	 1.265711e-07 	 1.651695e+07 	
1.44807904e+06 	 1.187732e-07 	 1.651340e+07 	
1.44832916e+06 	 1.113731e-07 	 1.650991e+07 	
1.44857929e+06 	 1.043564e-07 	 1.650648e+07 	
1.44882941e+06 	 9.770865e-08 	 1.650310e+07 	
1.44907954e+06 	 9.142014e-08 	 1.649975e+07 	
1.44932966e+06 	 8.546766e-08 	 1.649648e+07 	
1.44957979e+06 	 7.984207e-08 	 1.649327e+07 	
1.44982991e+06 	 7.452984e-08 	 1.649011e+07 	
1.45008004e+06 	 6.951771e-08 	 1.648700e+07 	
1.45033017e+06 	 6.479272e-08 	 1.648395e+07 	
1.45058029e+06 	 6.034216e-08 	 1.648094e+07 	
1.45083042e+06 	 5.615365e-08 	 1.647799e+07 	
1.45108054e+06 	 5.221512e-08 	 1.647508e+07 	
1.45133067e+06 	 4.851482e-08 	 1.647222e+07 	
1.45158079e+06 	 4.503900e-08 	 1.646945e+07 	
1.45183092e+06 	 4.178118e-08 	 1.646668e+07 	
1.45208104e+06 	 3.872831e-08 	 1.646396e+07 	
1.45233117e+06 	 3.586996e-08 	 1.646129e+07 	
1.45258129e+06 	 3.319608e-08 	 1.645865e+07 	
1.45283142e+06 	 3.069694e-08 	 1.645606e+07 	
1.45308154e+06 	 2.836316e-08 	 1.645351e+07 	
1.45333167e+06 	 2.618571e-08 	 1.645099e+07 	
1.45358179e+06 	 2.415722e-08 	 1.644845e+07 	
1.45383192e+06 	 2.226676e-08 	 1.644600e+07 	
1.45408204e+06 	 2.050759e-08 	 1.644359e+07 	
1.45433217e+06 	 1.887206e-08 	 1.644121e+07 	
1.45458229e+06 	 1.735283e-08 	 1.643886e+07 	
1.45483242e+06 	 1.594205e-08 	 1.643663e+07 	
1.45508254e+06 	 1.463463e-08 	 1.643436e+07 	
1.45533267e+06 	 1.342341e-08 	 1.643213e+07 	
1.45558279e+06 	 1.230230e-08 	 1.642992e+07 	
1.45583292e+06 	 1.126554e-08 	 1.642775e+07 	
1.45608304e+06 	 1.030823e-08 	 1.642548e+07 	
1.45633317e+06 	 9.424029e-09 	 1.642334e+07 	
1.45658329e+06 	 8.608561e-09 	 1.642122e+07 	
1.45683342e+06 	 7.856724e-09 	 1.641926e+07 	
1.45708354e+06 	 7.164909e-09 	 1.641723e+07 	
1.45733367e+06 	 6.528574e-09 	 1.641522e+07 	
1.45758379e+06 	 5.944156e-09 	 1.641305e+07 	
1.45783392e+06 	 5.407313e-09 	 1.641103e+07 	
1.45808404e+06 	 4.914591e-09 	 1.640924e+07 	
1.45833417e+06 	 4.463213e-09 	 1.640735e+07 	
1.45858429e+06 	 4.050132e-09 	 1.640524e+07 	
1.45883442e+06 	 3.672068e-09 	 1.640331e+07 	
1.45908454e+06 	 3.326403e-09 	 1.640157e+07 	
1.45933467e+06 	 3.010808e-09 	 1.639979e+07 	
1.45958479e+06 	 2.722845e-09 	 1.639811e+07 	
1.45983492e+06 	 2.460605e-09 	 1.639587e+07 	
1.46008504e+06 	 2.221601e-09 	 1.639409e+07 	
1.46033517e+06 	 2.004165e-09 	 1.639218e+07 	
1.46058529e+06 	 1.806479e-09 	 1.639040e+07 	
1.46083542e+06 	 1.626955e-09 	 1.638849e+07 	
1.46108554e+06 	 1.464043e-09 	 1.638662e+07 	
1.46133567e+06 	 1.316292e-09 	 1.638513e+07 	
1.46158579e+06 	 1.182466e-09 	 1.638365e+07 	
1.46183592e+06 	 1.061408e-09 	 1.638167e+07 	
1.46208604e+06 	 9.518905e-10 	 1.638035e+07 	
1.46233617e+06 	 8.530582e-10 	 1.637785e+07 	
1.46258629e+06 	 7.638075e-10 	 1.637590e+07 	
1.46283642e+06 	 6.833076e-10 	 1.637439e+07 	
1.46308654e+06 	 6.107930e-10 	 1.637260e+07 	
1.46333667e+06 	 5.455139e-10 	 1.637093e+07 	
1.46358679e+06 	 4.868104e-10 	 1.636919e+07 	
1.46383692e+06 	 4.340619e-10 	 1.636749e+07 	
1.46408704e+06 	 3.867081e-10 	 1.636577e+07 	
1.46433717e+06 	 3.442342e-10 	 1.636407e+07 	
1.46458729e+06 	 3.061729e-10 	 1.636222e+07 	
1.46483742e+06 	 2.720898e-10 	 1.636067e+07 	
1.46508754e+06 	 2.416037e-10 	 1.635893e+07 	
1.46533767e+06 	 2.143553e-10 	 1.635728e+07 	
1.46558779e+06 	 1.900234e-10 	 1.635553e+07 	
1.46583792e+06 	 1.683138e-10 	 1.635389e+07 	
1.46608804e+06 	 1.489618e-10 	 1.635220e+07 	
1.46633817e+06 	 1.317260e-10 	 1.635052e+07 	
1.46658829e+06 	 1.163886e-10 	 1.634882e+07 	
1.46683842e+06 	 1.027524e-10 	 1.634716e+07 	
1.46708854e+06 	 9.063932e-11 	 1.634543e+07 	
1.46733867e+06 	 7.988840e-11 	 1.634380e+07 	
1.46758879e+06 	 7.035499e-11 	 1.634213e+07 	
1.46783892e+06 	 6.190846e-11 	 1.634045e+07 	
1.46808904e+06 	 5.443139e-11 	 1.633878e+07 	
1.46833917e+06 	 4.781824e-11 	 1.633711e+07 	
1.46858929e+06 	 4.197422e-11 	 1.633544e+07 	
1.46883942e+06 	 3.681437e-11 	 1.633377e+07 	
1.46908954e+06 	 3.226248e-11 	 1.633210e+07 	
1.46933967e+06 	 2.825036e-11 	 1.633043e+07 	
1.46958979e+06 	 2.471707e-11 	 1.632876e+07 	
1.46983992e+06 	 2.160811e-11 	 1.632710e+07 	
1.47009005e+06 	 1.887487e-11 	 1.632543e+07 	
1.47034017e+06 	 1.647400e-11 	 1.632377e+07 	
1.47059030e+06 	 1.436688e-11 	 1.632210e+07 	
1.47084042e+06 	 1.251909e-11 	 1.632044e+07 	
1.47109055e+06 	 1.090016e-11 	 1.631878e+07 	
1.47134067e+06 	 9.482937e-12 	 1.631712e+07 	
1.47159080e+06 	 8.243297e-12 	 1.631546e+07 	
1.47184092e+06 	 7.159937e-12 	 1.631380e+07 	
1.47209105e+06 	 6.213972e-12 	 1.631214e+07 	
1.47234117e+06 	 5.388628e-12 	 1.631048e+07 	
1.47259130e+06 	 4.669161e-12 	 1.630882e+07 	
1.47284142e+06 	 4.042510e-12 	 1.630716e+07 	
1.47309155e+06 	 3.497158e-12 	 1.630550e+07 	
1.47334167e+06 	 3.022953e-12 	 1.630385e+07 	
1.47359180e+06 	 2.610960e-12 	 1.630219e+07 	
1.47384192e+06 	 2.253315e-12 	 1.630054e+07 	
1.47409205e+06 	 1.943103e-12 	 1.629888e+07 	
1.47434217e+06 	 1.674267e-12 	 1.629723e+07 	
1.47459230e+06 	 1.441478e-12 	 1.629557e+07 	
1.47484242e+06 	 1.240068e-12 	 1.629392e+07 	
1.47509255e+06 	 1.065952e-12 	 1.629227e+07 	
1.47534267e+06 	 9.155570e-13 	 1.629061e+07 	
1.47559280e+06 	 7.857572e-13 	 1.628896e+07 	
1.47584292e+06 	 6.738239e-13 	 1.628731e+07 	
1.47609305e+06 	 5.773800e-13 	 1.628566e+07 	
1.47634317e+06 	 4.943499e-13 	 1.628401e+07 	
1.47659330e+06 	 4.229247e-13 	 1.628236e+07 	
1.47684342e+06 	 3.615333e-13 	 1.628071e+07 	
1.47709355e+06 	 3.088129e-13 	 1.627906e+07 	
1.47734367e+06 	 2.635698e-13 	 1.627742e+07 	
1.47759380e+06 	 2.247802e-13 	 1.627577e+07 	
1.47784392e+06 	 1.915478e-13 	 1.627412e+07 	
1.47809405e+06 	 1.631009e-13 	 1.627247e+07 	
1.47834417e+06 	 1.387715e-13 	 1.627083e+07 	
1.47859430e+06 	 1.179755e-13 	 1.626918e+07 	
1.47884442e+06 	 1.002213e-13 	 1.626754e+07 	
1.47909455e+06 	 8.506903e-14 	 1.626589e+07 	
1.47934467e+06 	 7.215358e-14 	 1.626425e+07 	
1.47959480e+06 	 6.115140e-14 	 1.626261e+07 	
1.47984492e+06 	 5.178546e-14 	 1.626096e+07 	
1.48009505e+06 	 4.382023e-14 	 1.625932e+07 	
1.48034517e+06 	 3.705123e-14 	 1.625768e+07 	
1.48059530e+06 	 3.130371e-14 	 1.625604e+07 	
1.48084542e+06 	 2.642737e-14 	 1.625440e+07 	
1.48109555e+06 	 2.229334e-14 	 1.625276e+07 	
1.48134567e+06 	 1.879153e-14 	 1.625112e+07 	
1.48159580e+06 	 1.582731e-14 	 1.624948e+07 	
1.48184592e+06 	 1.332055e-14 	 1.624784e+07 	
1.48209605e+06 	 1.120216e-14 	 1.624620e+07 	
1.48234617e+06 	 9.413404e-15 	 1.624456e+07 	
1.48259630e+06 	 7.904380e-15 	 1.624292e+07 	
1.48284642e+06 	 6.631728e-15 	 1.624129e+07 	
1.48309655e+06 	 5.559984e-15 	 1.623965e+07 	
1.48334667e+06 	 4.657907e-15 	 1.623801e+07 	
1.48359680e+06 	 3.899102e-15 	 1.623638e+07 	
1.48384692e+06 	 3.261468e-15 	 1.623474e+07 	
1.48409705e+06 	 2.726059e-15 	 1.623311e+07 	
1.48434717e+06 	 2.276723e-15 	 1.623148e+07 	
1.48459730e+06 	 1.899947e-15 	 1.622984e+07 	
1.48484742e+06 	 1.584475e-15 	 1.622821e+07 	
1.48509755e+06 	 1.320303e-15 	 1.622658e+07 	
1.48534767e+06 	 1.099345e-15 	 1.622495e+07 	
1.48559780e+06 	 9.146701e-16 	 1.622331e+07 	
1.48584792e+06 	 7.604480e-16 	 1.622168e+07 	
1.48609805e+06 	 6.317381e-16 	 1.622005e+07 	
1.48634817e+06 	 5.244239e-16 	 1.621842e+07 	
1.48659830e+06 	 4.350092e-16 	 1.621679e+07 	
1.48684842e+06 	 3.605698e-16 	 1.621517e+07 	
1.48709855e+06 	 2.986374e-16 	 1.621354e+07 	
1.48734867e+06 	 2.471605e-16 	 1.621191e+07 	
1.48759880e+06 	 2.044021e-16 	 1.621028e+07 	
1.48784892e+06 	 1.689143e-16 	 1.620865e+07 	
1.48809905e+06 	 1.394827e-16 	 1.620703e+07 	
1.48834917e+06 	 1.150914e-16 	 1.620540e+07 	
1.48859930e+06 	 9.489783e-17 	 1.620378e+07 	
1.48884942e+06 	 7.818452e-17 	 1.620215e+07 	
1.48909955e+06 	 6.436982e-17 	 1.620053e+07 	
1.48934967e+06 	 5.295516e-17 	 1.619890e+07 	
1.48959980e+06 	 4.353231e-17 	 1.619728e+07 	
1.48984992e+06 	 3.576090e-17 	 1.619566e+07 	
1.49010005e+06 	 2.935179e-17 	 1.619404e+07 	
1.49035018e+06 	 2.407631e-17 	 1.619241e+07 	
1.49060030e+06 	 1.973320e-17 	 1.619079e+07 	
1.49085043e+06 	 1.616275e-17 	 1.618917e+07 	
1.49110055e+06 	 1.322586e-17 	 1.618755e+07 	
1.49135068e+06 	 1.081692e-17 	 1.618593e+07 	
1.49160080e+06 	 8.839534e-18 	 1.618431e+07 	
1.49185093e+06 	 7.218424e-18 	 1.618269e+07 	
1.49210105e+06 	 5.889990e-18 	 1.618107e+07 	
1.49235118e+06 	 4.802622e-18 	 1.617973e+07 	
1.49260130e+06 	 3.912857e-18 	 1.617921e+07 	
1.70458409e+06 	 1.000000e-20 	 1.496206e+07 	
1.94667319e+06 	 1.000000e-20 	 1.386384e+07 	
2.22314436e+06 	 1.000000e-20 	 1.286589e+07 	
2.53888062e+06 	 1.000000e-20 	 1.195474e+07 	
2.89945849e+06 	 1.000000e-20 	 1.111963e+07 	
3.31124650e+06 	 1.000000e-20 	 1.035181e+07 	
3.78151762e+06 	 1.000000e-20 	 9.644000e+06 	
4.31857776e+06 	 1.000000e-20 	 8.990104e+06 	
4.93191246e+06 	 1.000000e-20 	 8.384911e+06 	
5.63235443e+06 	 1.000000e-20 	 7.823934e+06 	
6.43227483e+06 	 1.000000e-20 	 7.303265e+06 	
7.34580183e+06 	 1.000000e-20 	 6.819471e+06 	
8.38907011e+06 	 1.000000e-20 	 6.369515e+06 	
9.58050584e+06 	 1.000000e-20 	 5.950689e+06 	
1.09411521e+07 	 1.000000e-20 	 5.560568e+06 	
1.24950406e+07 	 1.000000e-20 	 5.196965e+06 	
1.42696161e+07 	 1.000000e-20 	 4.857902e+06 	
1.62962209e+07 	 1.000000e-20 	 4.541580e+06 	
1.86106491e+07 	 1.000000e-20 	 4.246359e+06 	
2.12537778e+07 	 1.000000e-20 	 3.970739e+06 	
2.42722900e+07 	 1.000000e-20 	 3.713342e+06 	
2.77194984e+07 	 1.000000e-20 	 3.472903e+06 	
3.16562877e+07 	 1.000000e-20 	 3.248253e+06 	
3.61521891e+07 	 1.000000e-20 	 3.038317e+06 	
4.12866091e+07 	 1.000000e-20 	 2.842096e+06 	
4.71502318e+07 	 1.000000e-20 	 2.658668e+06 	
5.38466201e+07 	 1.000000e-20 	 2.487178e+06 	
6.14940454e+07 	 1.000000e-20 	 2.326829e+06 	
7.02275762e+07 	 1.000000e-20 	 2.176884e+06 	
8.02014640e+07 	 1.000000e-20 	 2.036656e+06 	
9.15918670e+07 	 1.000000e-20 	 1.905505e+06 	
1.04599962e+08 	 1.000000e-20 	 1.782835e+06 	
1.19455498e+08 	 1.000000e-20 	 1.668092e+06 	
1.36420853e+08 	 1.000000e-20 	 1.560758e+06 	
1.55795667e+08 	 1.000000e-20 	 1.460350e+06 	
1.77922139e+08 	 1.000000e-20 	 1.366418e+06 	
2.03191066e+08 	 1.000000e-20 	 1.278541e+06 	
2.32048745e+08 	 1.000000e-20 	 1.196326e+06 	
2.65004861e+08 	 1.000000e-20 	 1.119407e+06 	
3.02641483e+08 	 1.000000e-20 	 1.047441e+06 	
3.45623347e+08 	 1.000000e-20 	 9.801073e+05 	
3.94709599e+08 	 1.000000e-20 	 9.171071e+05 	
4.50767197e+08 	 1.000000e-20 	 8.581605e+05 	
5.14786228e+08 	 1.000000e-20 	 8.030059e+05 	
5.87897395e+08 	 1.000000e-20 	 7.513988e+05 	
6.71391984e+08 	 1.000000e-20 	 7.031106e+05 	
7.66744674e+08 	 1.000000e-20 	 6.579274e+05 	
8.75639580e+08 	 1.000000e-20 	 6.156492e+05 	
1.00000000e+09 	 1.000000e-20 	 5.760891e+05 	
