r (cm)        	 rho (g/cm3) 	 T (K)       		 Linf = 3.142857e+38
1.19996256e+06 	 1.303578e+05 	 1.239651e+09 	
1.20000256e+06 	 1.232939e+05 	 1.222096e+09 	
1.20011463e+06 	 1.051577e+05 	 1.173332e+09 	
1.20020758e+06 	 9.183567e+04 	 1.133370e+09 	
1.20030053e+06 	 7.993696e+04 	 1.093862e+09 	
1.20039348e+06 	 6.934167e+04 	 1.054824e+09 	
1.20048643e+06 	 5.993679e+04 	 1.016272e+09 	
1.20057754e+06 	 5.177109e+04 	 9.789724e+08 	
1.20066865e+06 	 4.455304e+04 	 9.421724e+08 	
1.20075976e+06 	 3.819461e+04 	 9.058896e+08 	
1.20083427e+06 	 3.357576e+04 	 8.766124e+08 	
1.20090879e+06 	 2.943456e+04 	 8.477031e+08 	
1.20098330e+06 	 2.573122e+04 	 8.191721e+08 	
1.20105781e+06 	 2.242831e+04 	 7.910300e+08 	
1.20113233e+06 	 1.949070e+04 	 7.632876e+08 	
1.20120603e+06 	 1.691211e+04 	 7.362505e+08 	
1.20127974e+06 	 1.462897e+04 	 7.096264e+08 	
1.20135344e+06 	 1.261353e+04 	 6.834265e+08 	
1.20141460e+06 	 1.112580e+04 	 6.620166e+08 	
1.20147576e+06 	 9.790754e+03 	 6.409134e+08 	
1.20153692e+06 	 8.595451e+03 	 6.201234e+08 	
1.20159808e+06 	 7.527761e+03 	 5.996535e+08 	
1.20165924e+06 	 6.576348e+03 	 5.795104e+08 	
1.20172031e+06 	 5.731748e+03 	 5.597284e+08 	
1.20178138e+06 	 4.982754e+03 	 5.402860e+08 	
1.20184246e+06 	 4.320264e+03 	 5.211900e+08 	
1.20189296e+06 	 3.831721e+03 	 5.056646e+08 	
1.20194347e+06 	 3.392116e+03 	 4.903844e+08 	
1.20199398e+06 	 2.997296e+03 	 4.753534e+08 	
1.20204448e+06 	 2.643383e+03 	 4.605753e+08 	
1.20209499e+06 	 2.326761e+03 	 4.460538e+08 	
1.20214550e+06 	 2.044070e+03 	 4.317924e+08 	
1.20219647e+06 	 1.790005e+03 	 4.176674e+08 	
1.20224744e+06 	 1.564345e+03 	 4.038145e+08 	
1.20229841e+06 	 1.364342e+03 	 3.902371e+08 	
1.20234075e+06 	 1.215870e+03 	 3.791688e+08 	
1.20238310e+06 	 1.082011e+03 	 3.682949e+08 	
1.20242545e+06 	 9.615128e+02 	 3.576169e+08 	
1.20246779e+06 	 8.532100e+02 	 3.471366e+08 	
1.20251014e+06 	 7.560207e+02 	 3.368556e+08 	
1.20255249e+06 	 6.689423e+02 	 3.267752e+08 	
1.20259483e+06 	 5.910470e+02 	 3.168968e+08 	
1.20263874e+06 	 5.190645e+02 	 3.068693e+08 	
1.20268264e+06 	 4.551538e+02 	 2.970616e+08 	
1.20271909e+06 	 4.076514e+02 	 2.890878e+08 	
1.20275554e+06 	 3.647287e+02 	 2.812667e+08 	
1.20279199e+06 	 3.259907e+02 	 2.735989e+08 	
1.20282843e+06 	 2.910715e+02 	 2.660847e+08 	
1.20286488e+06 	 2.596323e+02 	 2.587245e+08 	
1.20290133e+06 	 2.313602e+02 	 2.515184e+08 	
1.20293778e+06 	 2.059664e+02 	 2.444666e+08 	
1.20297422e+06 	 1.831851e+02 	 2.375691e+08 	
1.20301067e+06 	 1.627716e+02 	 2.308259e+08 	
1.20304923e+06 	 1.435053e+02 	 2.238602e+08 	
1.20308131e+06 	 1.291259e+02 	 2.181952e+08 	
1.20311339e+06 	 1.161098e+02 	 2.126491e+08 	
1.20314547e+06 	 1.043380e+02 	 2.072217e+08 	
1.20317756e+06 	 9.370077e+01 	 2.019125e+08 	
1.20320964e+06 	 8.409698e+01 	 1.967211e+08 	
1.20324172e+06 	 7.543352e+01 	 1.916470e+08 	
1.20327381e+06 	 6.762477e+01 	 1.866896e+08 	
1.20330589e+06 	 6.059210e+01 	 1.818482e+08 	
1.20333797e+06 	 5.426338e+01 	 1.771223e+08 	
1.20337006e+06 	 4.857254e+01 	 1.725109e+08 	
1.20340214e+06 	 4.345914e+01 	 1.680134e+08 	
1.20343422e+06 	 3.886792e+01 	 1.636286e+08 	
1.20346630e+06 	 3.474848e+01 	 1.593558e+08 	
1.20349684e+06 	 3.122423e+01 	 1.553924e+08 	
1.20352737e+06 	 2.804944e+01 	 1.515285e+08 	
1.20355790e+06 	 2.519108e+01 	 1.477631e+08 	
1.20358843e+06 	 2.261903e+01 	 1.440951e+08 	
1.20361897e+06 	 2.030580e+01 	 1.405235e+08 	
1.20364950e+06 	 1.822637e+01 	 1.370470e+08 	
1.20368003e+06 	 1.635796e+01 	 1.336646e+08 	
1.20371056e+06 	 1.467991e+01 	 1.303750e+08 	
1.20374109e+06 	 1.317341e+01 	 1.271768e+08 	
1.20377163e+06 	 1.182143e+01 	 1.240689e+08 	
1.20380216e+06 	 1.060853e+01 	 1.210499e+08 	
1.20383269e+06 	 9.520751e+00 	 1.181183e+08 	
1.20386322e+06 	 8.545436e+00 	 1.152728e+08 	
1.20389376e+06 	 7.671170e+00 	 1.125119e+08 	
1.20392429e+06 	 6.887641e+00 	 1.098342e+08 	
1.20395482e+06 	 6.185548e+00 	 1.072380e+08 	
1.20398803e+06 	 5.504659e+00 	 1.045054e+08 	
1.20402123e+06 	 4.900520e+00 	 1.018656e+08 	
1.20405444e+06 	 4.364513e+00 	 9.931641e+07 	
1.20408764e+06 	 3.888957e+00 	 9.685586e+07 	
1.20412085e+06 	 3.467019e+00 	 9.448185e+07 	
1.20415405e+06 	 3.092620e+00 	 9.219230e+07 	
1.20418726e+06 	 2.760357e+00 	 8.998509e+07 	
1.20422046e+06 	 2.465432e+00 	 8.785810e+07 	
1.20425367e+06 	 2.203588e+00 	 8.580921e+07 	
1.20428687e+06 	 1.971047e+00 	 8.383629e+07 	
1.20432008e+06 	 1.764462e+00 	 8.193721e+07 	
1.20435328e+06 	 1.580863e+00 	 8.010986e+07 	
1.20438649e+06 	 1.417624e+00 	 7.835212e+07 	
1.20442682e+06 	 1.243422e+00 	 7.630798e+07 	
1.20446714e+06 	 1.092188e+00 	 7.435969e+07 	
1.20450747e+06 	 9.607821e-01 	 7.250355e+07 	
1.20454780e+06 	 8.464986e-01 	 7.073591e+07 	
1.20458812e+06 	 7.470067e-01 	 6.905319e+07 	
1.20462845e+06 	 6.602992e-01 	 6.745187e+07 	
1.20466878e+06 	 5.846473e-01 	 6.592849e+07 	
1.20470910e+06 	 5.185622e-01 	 6.447966e+07 	
1.20474943e+06 	 4.607615e-01 	 6.310208e+07 	
1.20479981e+06 	 3.985267e-01 	 6.147636e+07 	
1.20485019e+06 	 3.456824e-01 	 5.995075e+07 	
1.20490057e+06 	 3.007121e-01 	 5.851938e+07 	
1.20495094e+06 	 2.623545e-01 	 5.717664e+07 	
1.20500132e+06 	 2.295599e-01 	 5.591715e+07 	
1.20505170e+06 	 2.014534e-01 	 5.473576e+07 	
1.20511297e+06 	 1.725445e-01 	 5.339718e+07 	
1.20517424e+06 	 1.484199e-01 	 5.215858e+07 	
1.20523551e+06 	 1.282121e-01 	 5.101216e+07 	
1.20529677e+06 	 1.112209e-01 	 4.995066e+07 	
1.20536936e+06 	 9.448198e-02 	 4.879364e+07 	
1.20544195e+06 	 8.071693e-02 	 4.773598e+07 	
1.20551454e+06 	 6.933727e-02 	 4.676821e+07 	
1.20560300e+06 	 5.803137e-02 	 4.569799e+07 	
1.20569146e+06 	 4.893930e-02 	 4.473461e+07 	
1.20577991e+06 	 4.157270e-02 	 4.386571e+07 	
1.20588077e+06 	 3.480893e-02 	 4.297644e+07 	
1.20598163e+06 	 2.939480e-02 	 4.218182e+07 	
1.20609667e+06 	 2.447758e-02 	 4.137557e+07 	
1.20621172e+06 	 2.058249e-02 	 4.066132e+07 	
1.20634306e+06 	 1.707515e-02 	 3.994183e+07 	
1.20647441e+06 	 1.432073e-02 	 3.930929e+07 	
1.20662276e+06 	 1.188220e-02 	 3.868283e+07 	
1.20677112e+06 	 9.974620e-03 	 3.813473e+07 	
1.20695525e+06 	 8.146111e-03 	 3.754459e+07 	
1.20713937e+06 	 6.750952e-03 	 3.703646e+07 	
1.20732350e+06 	 5.668587e-03 	 3.659528e+07 	
1.20755765e+06 	 4.616210e-03 	 3.611262e+07 	
1.20779180e+06 	 3.822464e-03 	 3.570059e+07 	
1.20802595e+06 	 3.212036e-03 	 3.534508e+07 	
1.20833078e+06 	 2.610767e-03 	 3.494953e+07 	
1.20863561e+06 	 2.162621e-03 	 3.461404e+07 	
1.20894043e+06 	 1.821014e-03 	 3.432570e+07 	
1.20936406e+06 	 1.467886e-03 	 3.398577e+07 	
1.20978769e+06 	 1.210939e-03 	 3.370021e+07 	
1.21021132e+06 	 1.018727e-03 	 3.345615e+07 	
1.21069110e+06 	 8.546192e-04 	 3.321840e+07 	
1.21117088e+06 	 7.301247e-04 	 3.301260e+07 	
1.21165066e+06 	 6.335650e-04 	 3.283188e+07 	
1.21236261e+06 	 5.259210e-04 	 3.259945e+07 	
1.21307455e+06 	 4.472861e-04 	 3.239964e+07 	
1.21378650e+06 	 3.881269e-04 	 3.222448e+07 	
1.21477607e+06 	 3.275154e-04 	 3.201180e+07 	
1.21576564e+06 	 2.836337e-04 	 3.182591e+07 	
1.21713360e+06 	 2.404514e-04 	 3.160079e+07 	
1.21850157e+06 	 2.101702e-04 	 3.140232e+07 	
1.21986953e+06 	 1.881008e-04 	 3.122305e+07 	
1.22123750e+06 	 1.715063e-04 	 3.105801e+07 	
1.22332647e+06 	 1.530919e-04 	 3.082604e+07 	
1.22541544e+06 	 1.400796e-04 	 3.061147e+07 	
1.22750441e+06 	 1.304953e-04 	 3.040921e+07 	
1.23082504e+06 	 1.196217e-04 	 3.010520e+07 	
1.23261793e+06 	 1.151937e-04 	 2.994749e+07 	
1.23670982e+06 	 1.073777e-04 	 2.959916e+07 	
1.23989039e+06 	 1.026991e-04 	 2.933651e+07 	
1.24534191e+06 	 9.625053e-05 	 2.889757e+07 	
1.24987828e+06 	 9.175301e-05 	 2.854034e+07 	
1.25223392e+06 	 8.960885e-05 	 2.835714e+07 	
1.26146874e+06 	 8.197875e-05 	 2.765178e+07 	
1.26316667e+06 	 8.067518e-05 	 2.752412e+07 	
1.26966667e+06 	 7.587767e-05 	 2.704071e+07 	
1.27616667e+06 	 7.135766e-05 	 2.656547e+07 	
1.28050000e+06 	 6.847717e-05 	 2.625302e+07 	
1.28700000e+06 	 6.433477e-05 	 2.579071e+07 	
1.30000000e+06 	 5.664838e-05 	 2.488844e+07 	
1.30050050e+06 	 5.636707e-05 	 2.485429e+07 	
1.30100100e+06 	 5.608681e-05 	 2.482017e+07 	
1.30150150e+06 	 5.580757e-05 	 2.478610e+07 	
1.30200200e+06 	 5.552936e-05 	 2.475207e+07 	
1.30250250e+06 	 5.525218e-05 	 2.471809e+07 	
1.30300300e+06 	 5.497601e-05 	 2.468414e+07 	
1.30350350e+06 	 5.470086e-05 	 2.465024e+07 	
1.30400400e+06 	 5.442672e-05 	 2.461638e+07 	
1.30450450e+06 	 5.415358e-05 	 2.458256e+07 	
1.30500501e+06 	 5.388144e-05 	 2.454879e+07 	
1.30550551e+06 	 5.361028e-05 	 2.451505e+07 	
1.30600601e+06 	 5.334012e-05 	 2.448136e+07 	
1.30650651e+06 	 5.307094e-05 	 2.444771e+07 	
1.30700701e+06 	 5.280273e-05 	 2.441410e+07 	
1.30750751e+06 	 5.253550e-05 	 2.438053e+07 	
1.30800801e+06 	 5.226924e-05 	 2.434700e+07 	
1.30850851e+06 	 5.200394e-05 	 2.431352e+07 	
1.30900901e+06 	 5.173960e-05 	 2.428008e+07 	
1.30950951e+06 	 5.147621e-05 	 2.424667e+07 	
1.31001001e+06 	 5.121377e-05 	 2.421331e+07 	
1.31051051e+06 	 5.095228e-05 	 2.417999e+07 	
1.31101101e+06 	 5.069172e-05 	 2.414672e+07 	
1.31151151e+06 	 5.043211e-05 	 2.411348e+07 	
1.31201201e+06 	 5.017342e-05 	 2.408028e+07 	
1.31251251e+06 	 4.991566e-05 	 2.404713e+07 	
1.31301301e+06 	 4.965882e-05 	 2.401401e+07 	
1.31351351e+06 	 4.940289e-05 	 2.398094e+07 	
1.31401401e+06 	 4.914788e-05 	 2.394791e+07 	
1.31451451e+06 	 4.889377e-05 	 2.391491e+07 	
1.31501502e+06 	 4.864056e-05 	 2.388196e+07 	
1.31551552e+06 	 4.838826e-05 	 2.384905e+07 	
1.31601602e+06 	 4.813684e-05 	 2.381618e+07 	
1.31651652e+06 	 4.788631e-05 	 2.378335e+07 	
1.31701702e+06 	 4.763667e-05 	 2.375056e+07 	
1.31751752e+06 	 4.738790e-05 	 2.371782e+07 	
1.31801802e+06 	 4.714001e-05 	 2.368511e+07 	
1.31851852e+06 	 4.689299e-05 	 2.365244e+07 	
1.31901902e+06 	 4.664683e-05 	 2.361981e+07 	
1.31951952e+06 	 4.640153e-05 	 2.358722e+07 	
1.32002002e+06 	 4.615709e-05 	 2.355468e+07 	
1.32052052e+06 	 4.591351e-05 	 2.352217e+07 	
1.32102102e+06 	 4.567077e-05 	 2.348970e+07 	
1.32152152e+06 	 4.542888e-05 	 2.345727e+07 	
1.32202202e+06 	 4.518782e-05 	 2.342488e+07 	
1.32252252e+06 	 4.494760e-05 	 2.339254e+07 	
1.32302302e+06 	 4.470822e-05 	 2.336023e+07 	
1.32352352e+06 	 4.446965e-05 	 2.332796e+07 	
1.32402402e+06 	 4.423191e-05 	 2.329573e+07 	
1.32452452e+06 	 4.399499e-05 	 2.326354e+07 	
1.32502503e+06 	 4.375888e-05 	 2.323139e+07 	
1.32552553e+06 	 4.352358e-05 	 2.319928e+07 	
1.32602603e+06 	 4.328909e-05 	 2.316721e+07 	
1.32652653e+06 	 4.305539e-05 	 2.313518e+07 	
1.32702703e+06 	 4.282249e-05 	 2.310318e+07 	
1.32752753e+06 	 4.259038e-05 	 2.307123e+07 	
1.32802803e+06 	 4.235906e-05 	 2.303932e+07 	
1.32852853e+06 	 4.212852e-05 	 2.300744e+07 	
1.32902903e+06 	 4.189876e-05 	 2.297561e+07 	
1.32952953e+06 	 4.166978e-05 	 2.294381e+07 	
1.33003003e+06 	 4.144156e-05 	 2.291205e+07 	
1.33053053e+06 	 4.121411e-05 	 2.288033e+07 	
1.33103103e+06 	 4.098742e-05 	 2.284865e+07 	
1.33153153e+06 	 4.076148e-05 	 2.281701e+07 	
1.33203203e+06 	 4.053630e-05 	 2.278541e+07 	
1.33253253e+06 	 4.031403e-05 	 2.275382e+07 	
1.33303303e+06 	 4.009048e-05 	 2.272230e+07 	
1.33353353e+06 	 3.986768e-05 	 2.269081e+07 	
1.33403403e+06 	 3.964563e-05 	 2.265936e+07 	
1.33453453e+06 	 3.942432e-05 	 2.262795e+07 	
1.33503504e+06 	 3.920374e-05 	 2.259658e+07 	
1.33553554e+06 	 3.898390e-05 	 2.256524e+07 	
1.33603604e+06 	 3.876480e-05 	 2.253395e+07 	
1.33653654e+06 	 3.854642e-05 	 2.250269e+07 	
1.33703704e+06 	 3.832684e-05 	 2.247149e+07 	
1.33753754e+06 	 3.810978e-05 	 2.244031e+07 	
1.33803804e+06 	 3.789343e-05 	 2.240917e+07 	
1.33853854e+06 	 3.767778e-05 	 2.237807e+07 	
1.33903904e+06 	 3.746284e-05 	 2.234700e+07 	
1.33953954e+06 	 3.724859e-05 	 2.231597e+07 	
1.34004004e+06 	 3.703504e-05 	 2.228499e+07 	
1.34054054e+06 	 3.682217e-05 	 2.225403e+07 	
1.34104104e+06 	 3.660999e-05 	 2.222312e+07 	
1.34154154e+06 	 3.639850e-05 	 2.219224e+07 	
1.34204204e+06 	 3.618587e-05 	 2.216143e+07 	
1.34254254e+06 	 3.597561e-05 	 2.213063e+07 	
1.34304304e+06 	 3.576602e-05 	 2.209987e+07 	
1.34354354e+06 	 3.555708e-05 	 2.206915e+07 	
1.34404404e+06 	 3.534880e-05 	 2.203846e+07 	
1.34454454e+06 	 3.514117e-05 	 2.200781e+07 	
1.34504505e+06 	 3.493418e-05 	 2.197720e+07 	
1.34554555e+06 	 3.472784e-05 	 2.194663e+07 	
1.34604605e+06 	 3.452214e-05 	 2.191609e+07 	
1.34654655e+06 	 3.431707e-05 	 2.188560e+07 	
1.34704705e+06 	 3.411263e-05 	 2.185514e+07 	
1.34754755e+06 	 3.391064e-05 	 2.182469e+07 	
1.34804805e+06 	 3.370757e-05 	 2.179430e+07 	
1.34854855e+06 	 3.350512e-05 	 2.176395e+07 	
1.34904905e+06 	 3.330329e-05 	 2.173364e+07 	
1.34954955e+06 	 3.310209e-05 	 2.170337e+07 	
1.35005005e+06 	 3.290149e-05 	 2.167313e+07 	
1.35055055e+06 	 3.270151e-05 	 2.164293e+07 	
1.35105105e+06 	 3.250213e-05 	 2.161277e+07 	
1.35155155e+06 	 3.230335e-05 	 2.158264e+07 	
1.35205205e+06 	 3.210517e-05 	 2.155255e+07 	
1.35255255e+06 	 3.190589e-05 	 2.152252e+07 	
1.35305305e+06 	 3.170878e-05 	 2.149251e+07 	
1.35355355e+06 	 3.151226e-05 	 2.146253e+07 	
1.35405405e+06 	 3.131631e-05 	 2.143259e+07 	
1.35455455e+06 	 3.112094e-05 	 2.140269e+07 	
1.35505506e+06 	 3.092613e-05 	 2.137282e+07 	
1.35555556e+06 	 3.073188e-05 	 2.134300e+07 	
1.35605606e+06 	 3.053820e-05 	 2.131320e+07 	
1.35655656e+06 	 3.034507e-05 	 2.128345e+07 	
1.35705706e+06 	 3.015249e-05 	 2.125373e+07 	
1.35755756e+06 	 2.996205e-05 	 2.122403e+07 	
1.35805806e+06 	 2.977066e-05 	 2.119438e+07 	
1.35855856e+06 	 2.957981e-05 	 2.116477e+07 	
1.35905906e+06 	 2.938951e-05 	 2.113520e+07 	
1.35955956e+06 	 2.919973e-05 	 2.110567e+07 	
1.36006006e+06 	 2.901049e-05 	 2.107617e+07 	
1.36056056e+06 	 2.882178e-05 	 2.104671e+07 	
1.36106106e+06 	 2.863359e-05 	 2.101728e+07 	
1.36156156e+06 	 2.844592e-05 	 2.098789e+07 	
1.36206206e+06 	 2.825877e-05 	 2.095854e+07 	
1.36256256e+06 	 2.807362e-05 	 2.092920e+07 	
1.36306306e+06 	 2.788758e-05 	 2.089992e+07 	
1.36356356e+06 	 2.770204e-05 	 2.087068e+07 	
1.36406406e+06 	 2.751702e-05 	 2.084147e+07 	
1.36456456e+06 	 2.733249e-05 	 2.081230e+07 	
1.36506507e+06 	 2.714846e-05 	 2.078316e+07 	
1.36556557e+06 	 2.696492e-05 	 2.075407e+07 	
1.36606607e+06 	 2.678187e-05 	 2.072501e+07 	
1.36656657e+06 	 2.659931e-05 	 2.069598e+07 	
1.36706707e+06 	 2.641723e-05 	 2.066699e+07 	
1.36756757e+06 	 2.623424e-05 	 2.063806e+07 	
1.36806807e+06 	 2.605302e-05 	 2.060915e+07 	
1.36856857e+06 	 2.587227e-05 	 2.058027e+07 	
1.36906907e+06 	 2.569197e-05 	 2.055143e+07 	
1.36956957e+06 	 2.551214e-05 	 2.052263e+07 	
1.37007007e+06 	 2.533275e-05 	 2.049386e+07 	
1.37057057e+06 	 2.515382e-05 	 2.046513e+07 	
1.37107107e+06 	 2.497532e-05 	 2.043643e+07 	
1.37157157e+06 	 2.479727e-05 	 2.040778e+07 	
1.37207207e+06 	 2.461964e-05 	 2.037915e+07 	
1.37257257e+06 	 2.444375e-05 	 2.035055e+07 	
1.37307307e+06 	 2.426706e-05 	 2.032200e+07 	
1.37357357e+06 	 2.409081e-05 	 2.029348e+07 	
1.37407407e+06 	 2.391497e-05 	 2.026501e+07 	
1.37457457e+06 	 2.373956e-05 	 2.023657e+07 	
1.37507508e+06 	 2.356455e-05 	 2.020817e+07 	
1.37557558e+06 	 2.338996e-05 	 2.017980e+07 	
1.37607608e+06 	 2.321577e-05 	 2.015147e+07 	
1.37657658e+06 	 2.304199e-05 	 2.012318e+07 	
1.37707708e+06 	 2.286860e-05 	 2.009492e+07 	
1.37757758e+06 	 2.269440e-05 	 2.006672e+07 	
1.37807808e+06 	 2.252172e-05 	 2.003854e+07 	
1.37857858e+06 	 2.234941e-05 	 2.001040e+07 	
1.37907908e+06 	 2.217748e-05 	 1.998229e+07 	
1.37957958e+06 	 2.200591e-05 	 1.995422e+07 	
1.38008008e+06 	 2.183472e-05 	 1.992619e+07 	
1.38058058e+06 	 2.166388e-05 	 1.989820e+07 	
1.38108108e+06 	 2.149340e-05 	 1.987024e+07 	
1.38158158e+06 	 2.132327e-05 	 1.984232e+07 	
1.38208208e+06 	 2.115348e-05 	 1.981444e+07 	
1.38258258e+06 	 2.098514e-05 	 1.978657e+07 	
1.38308308e+06 	 2.081610e-05 	 1.975876e+07 	
1.38358358e+06 	 2.064740e-05 	 1.973099e+07 	
1.38408408e+06 	 2.047902e-05 	 1.970325e+07 	
1.38458458e+06 	 2.031097e-05 	 1.967556e+07 	
1.38508509e+06 	 2.014324e-05 	 1.964790e+07 	
1.38558559e+06 	 1.997582e-05 	 1.962028e+07 	
1.38608609e+06 	 1.980872e-05 	 1.959270e+07 	
1.38658659e+06 	 1.964191e-05 	 1.956515e+07 	
1.38708709e+06 	 1.947541e-05 	 1.953765e+07 	
1.38758759e+06 	 1.931022e-05 	 1.951016e+07 	
1.38808809e+06 	 1.914437e-05 	 1.948273e+07 	
1.38858859e+06 	 1.897880e-05 	 1.945534e+07 	
1.38908909e+06 	 1.881352e-05 	 1.942798e+07 	
1.38958959e+06 	 1.864851e-05 	 1.940067e+07 	
1.39009009e+06 	 1.848378e-05 	 1.937340e+07 	
1.39059059e+06 	 1.831931e-05 	 1.934616e+07 	
1.39109109e+06 	 1.815511e-05 	 1.931896e+07 	
1.39159159e+06 	 1.799116e-05 	 1.929181e+07 	
1.39209209e+06 	 1.782746e-05 	 1.926469e+07 	
1.39259259e+06 	 1.766494e-05 	 1.923759e+07 	
1.39309309e+06 	 1.750179e-05 	 1.921056e+07 	
1.39359359e+06 	 1.733887e-05 	 1.918356e+07 	
1.39409409e+06 	 1.717619e-05 	 1.915660e+07 	
1.39459459e+06 	 1.701374e-05 	 1.912968e+07 	
1.39509510e+06 	 1.685151e-05 	 1.910281e+07 	
1.39559560e+06 	 1.668949e-05 	 1.907598e+07 	
1.39609610e+06 	 1.652769e-05 	 1.904918e+07 	
1.39659660e+06 	 1.636609e-05 	 1.902243e+07 	
1.39709710e+06 	 1.620469e-05 	 1.899572e+07 	
1.39759760e+06 	 1.604265e-05 	 1.896908e+07 	
1.39809810e+06 	 1.588158e-05 	 1.894246e+07 	
1.39859860e+06 	 1.572070e-05 	 1.891588e+07 	
1.39909910e+06 	 1.556000e-05 	 1.888934e+07 	
1.39959960e+06 	 1.539946e-05 	 1.886285e+07 	
1.40010010e+06 	 1.523909e-05 	 1.883640e+07 	
1.40060060e+06 	 1.507887e-05 	 1.880999e+07 	
1.40110110e+06 	 1.491881e-05 	 1.878364e+07 	
1.40160160e+06 	 1.475890e-05 	 1.875732e+07 	
1.40210210e+06 	 1.459913e-05 	 1.873105e+07 	
1.40260260e+06 	 1.444025e-05 	 1.870481e+07 	
1.40310310e+06 	 1.428079e-05 	 1.867863e+07 	
1.40360360e+06 	 1.412146e-05 	 1.865250e+07 	
1.40410410e+06 	 1.396225e-05 	 1.862642e+07 	
1.40460460e+06 	 1.380315e-05 	 1.860038e+07 	
1.40510511e+06 	 1.364417e-05 	 1.857440e+07 	
1.40560561e+06 	 1.348529e-05 	 1.854846e+07 	
1.40610611e+06 	 1.332651e-05 	 1.852257e+07 	
1.40660661e+06 	 1.316783e-05 	 1.849673e+07 	
1.40710711e+06 	 1.300924e-05 	 1.847095e+07 	
1.40760761e+06 	 1.285006e-05 	 1.844523e+07 	
1.40810811e+06 	 1.269160e-05 	 1.841955e+07 	
1.40860861e+06 	 1.253321e-05 	 1.839392e+07 	
1.40910911e+06 	 1.237489e-05 	 1.836835e+07 	
1.40960961e+06 	 1.221664e-05 	 1.834283e+07 	
1.41011011e+06 	 1.205845e-05 	 1.831736e+07 	
1.41061061e+06 	 1.190033e-05 	 1.829196e+07 	
1.41111111e+06 	 1.174225e-05 	 1.826661e+07 	
1.41161161e+06 	 1.158423e-05 	 1.824131e+07 	
1.41211211e+06 	 1.142626e-05 	 1.821608e+07 	
1.41261261e+06 	 1.126773e-05 	 1.819093e+07 	
1.41311311e+06 	 1.110981e-05 	 1.816582e+07 	
1.41361361e+06 	 1.095194e-05 	 1.814077e+07 	
1.41411411e+06 	 1.079410e-05 	 1.811578e+07 	
1.41461461e+06 	 1.063631e-05 	 1.809086e+07 	
1.41511512e+06 	 1.047855e-05 	 1.806601e+07 	
1.41561562e+06 	 1.032083e-05 	 1.804122e+07 	
1.41611612e+06 	 1.016315e-05 	 1.801651e+07 	
1.41661662e+06 	 1.000551e-05 	 1.799186e+07 	
1.41711712e+06 	 9.847413e-06 	 1.796730e+07 	
1.41761762e+06 	 9.689832e-06 	 1.794280e+07 	
1.41811812e+06 	 9.532299e-06 	 1.791837e+07 	
1.41861862e+06 	 9.374818e-06 	 1.789402e+07 	
1.41911912e+06 	 9.217394e-06 	 1.786975e+07 	
1.41961962e+06 	 9.060034e-06 	 1.784555e+07 	
1.42012012e+06 	 8.902744e-06 	 1.782144e+07 	
1.42062062e+06 	 8.745533e-06 	 1.779741e+07 	
1.42112112e+06 	 8.588411e-06 	 1.777347e+07 	
1.42162162e+06 	 8.431389e-06 	 1.774961e+07 	
1.42212212e+06 	 8.274058e-06 	 1.772586e+07 	
1.42262262e+06 	 8.117250e-06 	 1.770219e+07 	
1.42312312e+06 	 7.960581e-06 	 1.767861e+07 	
1.42362362e+06 	 7.804068e-06 	 1.765513e+07 	
1.42412412e+06 	 7.647729e-06 	 1.763174e+07 	
1.42462462e+06 	 7.491583e-06 	 1.760846e+07 	
1.42512513e+06 	 7.335652e-06 	 1.758528e+07 	
1.42562563e+06 	 7.179960e-06 	 1.756221e+07 	
1.42612613e+06 	 7.024532e-06 	 1.753925e+07 	
1.42662663e+06 	 6.869396e-06 	 1.751640e+07 	
1.42712713e+06 	 6.714928e-06 	 1.749364e+07 	
1.42762763e+06 	 6.560484e-06 	 1.747103e+07 	
1.42812813e+06 	 6.406428e-06 	 1.744853e+07 	
1.42862863e+06 	 6.252797e-06 	 1.742616e+07 	
1.42912913e+06 	 6.099631e-06 	 1.740392e+07 	
1.42962963e+06 	 5.946970e-06 	 1.738181e+07 	
1.43013013e+06 	 5.794860e-06 	 1.735983e+07 	
1.43063063e+06 	 5.643347e-06 	 1.733800e+07 	
1.43113113e+06 	 5.492481e-06 	 1.731631e+07 	
1.43163163e+06 	 5.342315e-06 	 1.729476e+07 	
1.43213213e+06 	 5.192630e-06 	 1.727339e+07 	
1.43263263e+06 	 5.044020e-06 	 1.725215e+07 	
1.43313313e+06 	 4.896284e-06 	 1.723107e+07 	
1.43363363e+06 	 4.749485e-06 	 1.721016e+07 	
1.43413413e+06 	 4.603691e-06 	 1.718941e+07 	
1.43463463e+06 	 4.458971e-06 	 1.716883e+07 	
1.43513514e+06 	 4.315397e-06 	 1.714843e+07 	
1.43563564e+06 	 4.173044e-06 	 1.712822e+07 	
1.43613614e+06 	 4.031990e-06 	 1.710818e+07 	
1.43663664e+06 	 3.892510e-06 	 1.708832e+07 	
1.43713714e+06 	 3.754302e-06 	 1.706867e+07 	
1.43763764e+06 	 3.617639e-06 	 1.704923e+07 	
1.43813814e+06 	 3.482606e-06 	 1.702998e+07 	
1.43863864e+06 	 3.349293e-06 	 1.701095e+07 	
1.43913914e+06 	 3.217787e-06 	 1.699213e+07 	
1.43963964e+06 	 3.088179e-06 	 1.697354e+07 	
1.44014014e+06 	 2.960560e-06 	 1.695516e+07 	
1.44064064e+06 	 2.835022e-06 	 1.693702e+07 	
1.44114114e+06 	 2.711655e-06 	 1.691911e+07 	
1.44164164e+06 	 2.590686e-06 	 1.690142e+07 	
1.44214214e+06 	 2.471939e-06 	 1.688399e+07 	
1.44264264e+06 	 2.355632e-06 	 1.686681e+07 	
1.44314314e+06 	 2.241855e-06 	 1.684988e+07 	
1.44364364e+06 	 2.130690e-06 	 1.683321e+07 	
1.44414414e+06 	 2.022219e-06 	 1.681681e+07 	
1.44464464e+06 	 1.916521e-06 	 1.680067e+07 	
1.44514515e+06 	 1.813670e-06 	 1.678480e+07 	
1.44564565e+06 	 1.713736e-06 	 1.676920e+07 	
1.44614615e+06 	 1.616864e-06 	 1.675386e+07 	
1.44664665e+06 	 1.522951e-06 	 1.673882e+07 	
1.44714715e+06 	 1.432130e-06 	 1.672406e+07 	
1.44764765e+06 	 1.344448e-06 	 1.670960e+07 	
1.44814815e+06 	 1.259943e-06 	 1.669542e+07 	
1.44864865e+06 	 1.178645e-06 	 1.668153e+07 	
1.44914915e+06 	 1.100579e-06 	 1.666794e+07 	
1.44964965e+06 	 1.025758e-06 	 1.665464e+07 	
1.45015015e+06 	 9.541897e-07 	 1.664164e+07 	
1.45065065e+06 	 8.858257e-07 	 1.662897e+07 	
1.45115115e+06 	 8.207439e-07 	 1.661657e+07 	
1.45165165e+06 	 7.588789e-07 	 1.660447e+07 	
1.45215215e+06 	 7.002011e-07 	 1.659267e+07 	
1.45265265e+06 	 6.446716e-07 	 1.658116e+07 	
1.45315315e+06 	 5.922430e-07 	 1.656996e+07 	
1.45365365e+06 	 5.428592e-07 	 1.655905e+07 	
1.45415415e+06 	 4.964560e-07 	 1.654844e+07 	
1.45465465e+06 	 4.529615e-07 	 1.653812e+07 	
1.45515516e+06 	 4.123183e-07 	 1.652806e+07 	
1.45565566e+06 	 3.743967e-07 	 1.651832e+07 	
1.45615616e+06 	 3.391267e-07 	 1.650886e+07 	
1.45665666e+06 	 3.064111e-07 	 1.649968e+07 	
1.45715716e+06 	 2.761476e-07 	 1.649077e+07 	
1.45765766e+06 	 2.482305e-07 	 1.648213e+07 	
1.45815816e+06 	 2.225507e-07 	 1.647377e+07 	
1.45865866e+06 	 1.990068e-07 	 1.646563e+07 	
1.45915916e+06 	 1.774657e-07 	 1.645777e+07 	
1.45965966e+06 	 1.578239e-07 	 1.645016e+07 	
1.46016016e+06 	 1.399676e-07 	 1.644280e+07 	
1.46066066e+06 	 1.237839e-07 	 1.643567e+07 	
1.46116116e+06 	 1.091613e-07 	 1.642877e+07 	
1.46166166e+06 	 9.599032e-08 	 1.642209e+07 	
1.46216216e+06 	 8.415967e-08 	 1.641566e+07 	
1.46266266e+06 	 7.357502e-08 	 1.640941e+07 	
1.46316316e+06 	 6.413184e-08 	 1.640335e+07 	
1.46366366e+06 	 5.573433e-08 	 1.639749e+07 	
1.46416416e+06 	 4.829113e-08 	 1.639181e+07 	
1.46466466e+06 	 4.171315e-08 	 1.638637e+07 	
1.46516517e+06 	 3.592320e-08 	 1.638104e+07 	
1.46566567e+06 	 3.084210e-08 	 1.637587e+07 	
1.46616617e+06 	 2.639805e-08 	 1.637086e+07 	
1.46666667e+06 	 2.252293e-08 	 1.636607e+07 	
1.46716717e+06 	 1.915766e-08 	 1.636135e+07 	
1.46766767e+06 	 1.624498e-08 	 1.635668e+07 	
1.46816817e+06 	 1.373132e-08 	 1.635218e+07 	
1.46866867e+06 	 1.157004e-08 	 1.634777e+07 	
1.46916917e+06 	 9.717184e-09 	 1.634366e+07 	
1.46966967e+06 	 8.135721e-09 	 1.633948e+07 	
1.47017017e+06 	 6.789995e-09 	 1.633535e+07 	
1.47067067e+06 	 5.648233e-09 	 1.633162e+07 	
1.47117117e+06 	 4.683693e-09 	 1.632781e+07 	
1.47167167e+06 	 3.871494e-09 	 1.632399e+07 	
1.47217217e+06 	 3.189738e-09 	 1.632046e+07 	
1.47267267e+06 	 2.619886e-09 	 1.631637e+07 	
1.47317317e+06 	 2.144839e-09 	 1.631246e+07 	
1.47367367e+06 	 1.750139e-09 	 1.630929e+07 	
1.47417417e+06 	 1.423509e-09 	 1.630607e+07 	
1.47467467e+06 	 1.154198e-09 	 1.630225e+07 	
1.47517518e+06 	 9.327529e-10 	 1.629934e+07 	
1.47567568e+06 	 7.514608e-10 	 1.629526e+07 	
1.47617618e+06 	 6.034364e-10 	 1.629159e+07 	
1.47667668e+06 	 4.830062e-10 	 1.628845e+07 	
1.47717718e+06 	 3.853824e-10 	 1.628496e+07 	
1.47767768e+06 	 3.065053e-10 	 1.628172e+07 	
1.47817818e+06 	 2.429966e-10 	 1.627836e+07 	
1.68844712e+06 	 1.000000e-20 	 1.505078e+07 	
1.92862656e+06 	 1.000000e-20 	 1.394277e+07 	
2.20297120e+06 	 1.000000e-20 	 1.293645e+07 	
2.51634102e+06 	 1.000000e-20 	 1.201805e+07 	
2.87428730e+06 	 1.000000e-20 	 1.117661e+07 	
3.28315097e+06 	 1.000000e-20 	 1.040320e+07 	
3.75017497e+06 	 1.000000e-20 	 9.690438e+06 	
4.28363254e+06 	 1.000000e-20 	 9.032129e+06 	
4.89297376e+06 	 1.000000e-20 	 8.422985e+06 	
5.58899299e+06 	 1.000000e-20 	 7.858458e+06 	
6.38402006e+06 	 1.000000e-20 	 7.334588e+06 	
7.29213870e+06 	 1.000000e-20 	 6.847902e+06 	
8.32943605e+06 	 1.000000e-20 	 6.395327e+06 	
9.51428762e+06 	 1.000000e-20 	 5.974126e+06 	
1.08676828e+07 	 1.000000e-20 	 5.581847e+06 	
1.24135967e+07 	 1.000000e-20 	 5.216282e+06 	
1.41794149e+07 	 1.000000e-20 	 4.875433e+06 	
1.61964184e+07 	 1.000000e-20 	 4.557485e+06 	
1.85003381e+07 	 1.000000e-20 	 4.260781e+06 	
2.11319874e+07 	 1.000000e-20 	 3.983809e+06 	
2.41379854e+07 	 1.000000e-20 	 3.725179e+06 	
2.75715828e+07 	 1.000000e-20 	 3.483614e+06 	
3.14936050e+07 	 1.000000e-20 	 3.257939e+06 	
3.59735298e+07 	 1.000000e-20 	 3.047066e+06 	
4.10907182e+07 	 1.000000e-20 	 2.849991e+06 	
4.69358200e+07 	 1.000000e-20 	 2.665785e+06 	
5.36123801e+07 	 1.000000e-20 	 2.493584e+06 	
6.12386722e+07 	 1.000000e-20 	 2.332588e+06 	
6.99497946e+07 	 1.000000e-20 	 2.182053e+06 	
7.99000629e+07 	 1.000000e-20 	 2.041287e+06 	
9.12657441e+07 	 1.000000e-20 	 1.909647e+06 	
1.04248179e+08 	 1.000000e-20 	 1.786532e+06 	
1.19077348e+08 	 1.000000e-20 	 1.671385e+06 	
1.36015948e+08 	 1.000000e-20 	 1.563683e+06 	
1.55364042e+08 	 1.000000e-20 	 1.462941e+06 	
1.77464377e+08 	 1.000000e-20 	 1.368706e+06 	
2.02708456e+08 	 1.000000e-20 	 1.280555e+06 	
2.31543473e+08 	 1.000000e-20 	 1.198092e+06 	
2.64480235e+08 	 1.000000e-20 	 1.120948e+06 	
3.02102208e+08 	 1.000000e-20 	 1.048779e+06 	
3.45075859e+08 	 1.000000e-20 	 9.812617e+05 	
3.94162456e+08 	 1.000000e-20 	 9.180962e+05 	
4.50231558e+08 	 1.000000e-20 	 8.590008e+05 	
5.14276419e+08 	 1.000000e-20 	 8.037126e+05 	
5.87431578e+08 	 1.000000e-20 	 7.519855e+05 	
6.70992965e+08 	 1.000000e-20 	 7.035898e+05 	
7.66440851e+08 	 1.000000e-20 	 6.583106e+05 	
8.75466076e+08 	 1.000000e-20 	 6.159467e+05 	
1.00000000e+09 	 1.000000e-20 	 5.763103e+05 	
