r (cm)        	 rho (g/cm3) 	 T (K)       		 Linf = 3.186547e+38
1.19992791e+06 	 1.290407e+05 	 1.243428e+09 	
1.20002099e+06 	 1.133797e+05 	 1.202996e+09 	
1.20011873e+06 	 9.865419e+04 	 1.161008e+09 	
1.20021647e+06 	 8.554379e+04 	 1.119513e+09 	
1.20031421e+06 	 7.390859e+04 	 1.078530e+09 	
1.20040993e+06 	 6.381629e+04 	 1.038905e+09 	
1.20050566e+06 	 5.489664e+04 	 9.998055e+08 	
1.20060138e+06 	 4.704082e+04 	 9.612512e+08 	
1.20067958e+06 	 4.134193e+04 	 9.301749e+08 	
1.20075777e+06 	 3.623283e+04 	 8.994858e+08 	
1.20083597e+06 	 3.166445e+04 	 8.691953e+08 	
1.20091416e+06 	 2.759063e+04 	 8.393147e+08 	
1.20099236e+06 	 2.396800e+04 	 8.098559e+08 	
1.20106773e+06 	 2.086537e+04 	 7.818729e+08 	
1.20114310e+06 	 1.811012e+04 	 7.543040e+08 	
1.20121846e+06 	 1.567040e+04 	 7.271606e+08 	
1.20129383e+06 	 1.351653e+04 	 7.004542e+08 	
1.20135642e+06 	 1.192523e+04 	 6.786163e+08 	
1.20141901e+06 	 1.049720e+04 	 6.570946e+08 	
1.20148160e+06 	 9.218583e+03 	 6.358962e+08 	
1.20154419e+06 	 8.076391e+03 	 6.150278e+08 	
1.20160678e+06 	 7.058493e+03 	 5.944965e+08 	
1.20166932e+06 	 6.154258e+03 	 5.743255e+08 	
1.20173186e+06 	 5.352316e+03 	 5.545049e+08 	
1.20179440e+06 	 4.642912e+03 	 5.350419e+08 	
1.20184618e+06 	 4.119058e+03 	 5.192010e+08 	
1.20189797e+06 	 3.647675e+03 	 5.036139e+08 	
1.20194976e+06 	 3.224302e+03 	 4.882845e+08 	
1.20200154e+06 	 2.844771e+03 	 4.732166e+08 	
1.20205333e+06 	 2.505203e+03 	 4.584140e+08 	
1.20210512e+06 	 2.201988e+03 	 4.438804e+08 	
1.20215742e+06 	 1.929229e+03 	 4.294781e+08 	
1.20220972e+06 	 1.686941e+03 	 4.153574e+08 	
1.20226203e+06 	 1.472172e+03 	 4.015218e+08 	
1.20230557e+06 	 1.312409e+03 	 3.902241e+08 	
1.20234911e+06 	 1.168375e+03 	 3.791281e+08 	
1.20239265e+06 	 1.038716e+03 	 3.682355e+08 	
1.20243619e+06 	 9.221759e+02 	 3.575481e+08 	
1.20247973e+06 	 8.175868e+02 	 3.470674e+08 	
1.20252327e+06 	 7.238679e+02 	 3.367948e+08 	
1.20256681e+06 	 6.400195e+02 	 3.267317e+08 	
1.20261199e+06 	 5.624669e+02 	 3.165132e+08 	
1.20265717e+06 	 4.935989e+02 	 3.065227e+08 	
1.20269441e+06 	 4.427338e+02 	 2.984583e+08 	
1.20273166e+06 	 3.967299e+02 	 2.905500e+08 	
1.20276891e+06 	 3.551700e+02 	 2.827985e+08 	
1.20280615e+06 	 3.176678e+02 	 2.752039e+08 	
1.20284340e+06 	 2.838653e+02 	 2.677666e+08 	
1.20288065e+06 	 2.534320e+02 	 2.604867e+08 	
1.20291789e+06 	 2.260628e+02 	 2.533642e+08 	
1.20295514e+06 	 2.014766e+02 	 2.463991e+08 	
1.20299239e+06 	 1.794147e+02 	 2.395913e+08 	
1.20302963e+06 	 1.596396e+02 	 2.329405e+08 	
1.20306906e+06 	 1.409552e+02 	 2.260706e+08 	
1.20310190e+06 	 1.269916e+02 	 2.204822e+08 	
1.20313475e+06 	 1.143472e+02 	 2.150149e+08 	
1.20316759e+06 	 1.029065e+02 	 2.096683e+08 	
1.20320043e+06 	 9.256283e+01 	 2.044417e+08 	
1.20323327e+06 	 8.321826e+01 	 1.993346e+08 	
1.20326611e+06 	 7.478257e+01 	 1.943464e+08 	
1.20329895e+06 	 6.717290e+01 	 1.894763e+08 	
1.20333180e+06 	 6.031322e+01 	 1.847236e+08 	
1.20336464e+06 	 5.413387e+01 	 1.800874e+08 	
1.20339748e+06 	 4.857106e+01 	 1.755668e+08 	
1.20343032e+06 	 4.356647e+01 	 1.711607e+08 	
1.20346316e+06 	 3.906686e+01 	 1.668682e+08 	
1.20349600e+06 	 3.502363e+01 	 1.626881e+08 	
1.20352885e+06 	 3.139254e+01 	 1.586193e+08 	
1.20356169e+06 	 2.813328e+01 	 1.546604e+08 	
1.20359395e+06 	 2.525802e+01 	 1.508771e+08 	
1.20362621e+06 	 2.267471e+01 	 1.471974e+08 	
1.20365848e+06 	 2.035469e+01 	 1.436200e+08 	
1.20369074e+06 	 1.827193e+01 	 1.401434e+08 	
1.20372300e+06 	 1.640283e+01 	 1.367663e+08 	
1.20375527e+06 	 1.472599e+01 	 1.334871e+08 	
1.20378753e+06 	 1.322208e+01 	 1.303044e+08 	
1.20381980e+06 	 1.187359e+01 	 1.272165e+08 	
1.20385206e+06 	 1.066471e+01 	 1.242218e+08 	
1.20388432e+06 	 9.581173e+00 	 1.213188e+08 	
1.20391659e+06 	 8.610119e+00 	 1.185056e+08 	
1.20394885e+06 	 7.739952e+00 	 1.157806e+08 	
1.20398111e+06 	 6.960234e+00 	 1.131421e+08 	
1.20401338e+06 	 6.261575e+00 	 1.105882e+08 	
1.20404564e+06 	 5.635535e+00 	 1.081173e+08 	
1.20407790e+06 	 5.074529e+00 	 1.057274e+08 	
1.20411467e+06 	 4.505802e+00 	 1.031002e+08 	
1.20415144e+06 	 4.003751e+00 	 1.005733e+08 	
1.20418821e+06 	 3.560449e+00 	 9.814380e+07 	
1.20422499e+06 	 3.168902e+00 	 9.580908e+07 	
1.20426176e+06 	 2.822942e+00 	 9.356636e+07 	
1.20429853e+06 	 2.517131e+00 	 9.141286e+07 	
1.20433530e+06 	 2.246682e+00 	 8.934586e+07 	
1.20437207e+06 	 2.007378e+00 	 8.736261e+07 	
1.20440884e+06 	 1.795508e+00 	 8.546040e+07 	
1.20444561e+06 	 1.607808e+00 	 8.363653e+07 	
1.20448238e+06 	 1.441406e+00 	 8.188832e+07 	
1.20451915e+06 	 1.293775e+00 	 8.021315e+07 	
1.20455592e+06 	 1.162697e+00 	 7.860839e+07 	
1.20460288e+06 	 1.016272e+00 	 7.665705e+07 	
1.20464985e+06 	 8.901678e-01 	 7.481116e+07 	
1.20469681e+06 	 7.813992e-01 	 7.306562e+07 	
1.20474378e+06 	 6.874339e-01 	 7.141543e+07 	
1.20479074e+06 	 6.061225e-01 	 6.985577e+07 	
1.20483771e+06 	 5.356396e-01 	 6.838193e+07 	
1.20488467e+06 	 4.744341e-01 	 6.698941e+07 	
1.20493164e+06 	 4.211875e-01 	 6.567383e+07 	
1.20497860e+06 	 3.747780e-01 	 6.443099e+07 	
1.20503981e+06 	 3.229948e-01 	 6.291381e+07 	
1.20510102e+06 	 2.794519e-01 	 6.150489e+07 	
1.20516223e+06 	 2.427146e-01 	 6.019626e+07 	
1.20522344e+06 	 2.116136e-01 	 5.898042e+07 	
1.20528464e+06 	 1.851940e-01 	 5.785038e+07 	
1.20534585e+06 	 1.626740e-01 	 5.679960e+07 	
1.20542259e+06 	 1.389774e-01 	 5.558485e+07 	
1.20549933e+06 	 1.193932e-01 	 5.447411e+07 	
1.20557607e+06 	 1.031219e-01 	 5.345736e+07 	
1.20565281e+06 	 8.953227e-02 	 5.252551e+07 	
1.20574580e+06 	 7.594935e-02 	 5.149844e+07 	
1.20583879e+06 	 6.488111e-02 	 5.057100e+07 	
1.20593177e+06 	 5.579760e-02 	 4.973173e+07 	
1.20604678e+06 	 4.670910e-02 	 4.880077e+07 	
1.20616178e+06 	 3.945831e-02 	 4.797287e+07 	
1.20627679e+06 	 3.361780e-02 	 4.723399e+07 	
1.20642061e+06 	 2.782260e-02 	 4.641727e+07 	
1.20656443e+06 	 2.329036e-02 	 4.570178e+07 	
1.20670824e+06 	 1.970126e-02 	 4.507158e+07 	
1.20688936e+06 	 1.617504e-02 	 4.437927e+07 	
1.20707047e+06 	 1.346268e-02 	 4.378056e+07 	
1.20725159e+06 	 1.134380e-02 	 4.325885e+07 	
1.20748306e+06 	 9.260955e-03 	 4.268354e+07 	
1.20771454e+06 	 7.682106e-03 	 4.219133e+07 	
1.20794601e+06 	 6.462891e-03 	 4.176598e+07 	
1.20824726e+06 	 5.257743e-03 	 4.129232e+07 	
1.20854850e+06 	 4.356301e-03 	 4.089033e+07 	
1.20884975e+06 	 3.667238e-03 	 4.054480e+07 	
1.20926659e+06 	 2.955752e-03 	 4.013928e+07 	
1.20968343e+06 	 2.436265e-03 	 3.979884e+07 	
1.21010027e+06 	 2.046649e-03 	 3.950825e+07 	
1.21057280e+06 	 1.713057e-03 	 3.922547e+07 	
1.21104533e+06 	 1.459644e-03 	 3.898135e+07 	
1.21151785e+06 	 1.262907e-03 	 3.876763e+07 	
1.21221328e+06 	 1.044956e-03 	 3.849594e+07 	
1.21290871e+06 	 8.852929e-04 	 3.826332e+07 	
1.21360413e+06 	 7.649251e-04 	 3.806034e+07 	
1.21457885e+06 	 6.405110e-04 	 3.781342e+07 	
1.21555356e+06 	 5.505201e-04 	 3.759934e+07 	
1.21681914e+06 	 4.665473e-04 	 3.735703e+07 	
1.21808473e+06 	 4.065814e-04 	 3.714417e+07 	
1.21935031e+06 	 3.622488e-04 	 3.695292e+07 	
1.22116029e+06 	 3.164700e-04 	 3.670678e+07 	
1.22297026e+06 	 2.840895e-04 	 3.648397e+07 	
1.22478024e+06 	 2.603173e-04 	 3.627795e+07 	
1.22760184e+06 	 2.340916e-04 	 3.598041e+07 	
1.22917402e+06 	 2.232753e-04 	 3.582377e+07 	
1.23264413e+06 	 2.054246e-04 	 3.549425e+07 	
1.23540129e+06 	 1.951226e-04 	 3.524400e+07 	
1.24005291e+06 	 1.822705e-04 	 3.483739e+07 	
1.24342026e+06 	 1.751239e-04 	 3.455171e+07 	
1.25025528e+06 	 1.636102e-04 	 3.398714e+07 	
1.25304952e+06 	 1.595993e-04 	 3.376089e+07 	
1.26199970e+06 	 1.482196e-04 	 3.305002e+07 	
1.26768306e+06 	 1.417299e-04 	 3.260809e+07 	
1.27219740e+06 	 1.368502e-04 	 3.226180e+07 	
1.28555236e+06 	 1.235002e-04 	 3.126034e+07 	
1.29500000e+06 	 1.148690e-04 	 3.057162e+07 	
1.30200000e+06 	 1.088538e-04 	 3.007144e+07 	
1.30900000e+06 	 1.031390e-04 	 2.957965e+07 	
1.31600000e+06 	 9.770725e-05 	 2.909603e+07 	
1.32300000e+06 	 9.254193e-05 	 2.862039e+07 	
1.33000000e+06 	 8.762835e-05 	 2.815257e+07 	
1.33700000e+06 	 8.295256e-05 	 2.769238e+07 	
1.34400000e+06 	 7.850188e-05 	 2.723966e+07 	
1.35100000e+06 	 7.426410e-05 	 2.679424e+07 	
1.35800000e+06 	 7.022731e-05 	 2.635597e+07 	
1.36500000e+06 	 6.638045e-05 	 2.592469e+07 	
1.37200000e+06 	 6.271337e-05 	 2.550025e+07 	
1.37900000e+06 	 5.921591e-05 	 2.508250e+07 	
1.38600000e+06 	 5.587887e-05 	 2.467132e+07 	
1.40000000e+06 	 4.965035e-05 	 2.386810e+07 	
1.40050050e+06 	 4.943805e-05 	 2.383985e+07 	
1.40100100e+06 	 4.922643e-05 	 2.381162e+07 	
1.40150150e+06 	 4.901550e-05 	 2.378343e+07 	
1.40200200e+06 	 4.880524e-05 	 2.375528e+07 	
1.40250250e+06 	 4.859566e-05 	 2.372715e+07 	
1.40300300e+06 	 4.838676e-05 	 2.369905e+07 	
1.40350350e+06 	 4.817853e-05 	 2.367099e+07 	
1.40400400e+06 	 4.797097e-05 	 2.364296e+07 	
1.40450450e+06 	 4.776407e-05 	 2.361496e+07 	
1.40500501e+06 	 4.755784e-05 	 2.358699e+07 	
1.40550551e+06 	 4.735227e-05 	 2.355905e+07 	
1.40600601e+06 	 4.714735e-05 	 2.353114e+07 	
1.40650651e+06 	 4.694309e-05 	 2.350326e+07 	
1.40700701e+06 	 4.673948e-05 	 2.347541e+07 	
1.40750751e+06 	 4.653652e-05 	 2.344760e+07 	
1.40800801e+06 	 4.633421e-05 	 2.341981e+07 	
1.40850851e+06 	 4.613254e-05 	 2.339206e+07 	
1.40900901e+06 	 4.593151e-05 	 2.336434e+07 	
1.40950951e+06 	 4.573112e-05 	 2.333664e+07 	
1.41001001e+06 	 4.553137e-05 	 2.330898e+07 	
1.41051051e+06 	 4.533225e-05 	 2.328135e+07 	
1.41101101e+06 	 4.513375e-05 	 2.325375e+07 	
1.41151151e+06 	 4.493589e-05 	 2.322618e+07 	
1.41201201e+06 	 4.473865e-05 	 2.319864e+07 	
1.41251251e+06 	 4.454204e-05 	 2.317113e+07 	
1.41301301e+06 	 4.434604e-05 	 2.314366e+07 	
1.41351351e+06 	 4.415066e-05 	 2.311621e+07 	
1.41401401e+06 	 4.395590e-05 	 2.308879e+07 	
1.41451451e+06 	 4.376174e-05 	 2.306140e+07 	
1.41501502e+06 	 4.356820e-05 	 2.303405e+07 	
1.41551552e+06 	 4.337526e-05 	 2.300672e+07 	
1.41601602e+06 	 4.318292e-05 	 2.297942e+07 	
1.41651652e+06 	 4.299119e-05 	 2.295216e+07 	
1.41701702e+06 	 4.280005e-05 	 2.292492e+07 	
1.41751752e+06 	 4.260951e-05 	 2.289772e+07 	
1.41801802e+06 	 4.241956e-05 	 2.287054e+07 	
1.41851852e+06 	 4.223020e-05 	 2.284339e+07 	
1.41901902e+06 	 4.204143e-05 	 2.281628e+07 	
1.41951952e+06 	 4.185324e-05 	 2.278919e+07 	
1.42002002e+06 	 4.166564e-05 	 2.276214e+07 	
1.42052052e+06 	 4.147861e-05 	 2.273511e+07 	
1.42102102e+06 	 4.129217e-05 	 2.270811e+07 	
1.42152152e+06 	 4.110629e-05 	 2.268115e+07 	
1.42202202e+06 	 4.092100e-05 	 2.265421e+07 	
1.42252252e+06 	 4.073627e-05 	 2.262730e+07 	
1.42302302e+06 	 4.055211e-05 	 2.260042e+07 	
1.42352352e+06 	 4.036851e-05 	 2.257358e+07 	
1.42402402e+06 	 4.018548e-05 	 2.254676e+07 	
1.42452452e+06 	 4.000300e-05 	 2.251997e+07 	
1.42502503e+06 	 3.982109e-05 	 2.249321e+07 	
1.42552553e+06 	 3.963972e-05 	 2.246648e+07 	
1.42602603e+06 	 3.945892e-05 	 2.243978e+07 	
1.42652653e+06 	 3.927866e-05 	 2.241311e+07 	
1.42702703e+06 	 3.909895e-05 	 2.238647e+07 	
1.42752753e+06 	 3.891978e-05 	 2.235985e+07 	
1.42802803e+06 	 3.874116e-05 	 2.233327e+07 	
1.42852853e+06 	 3.856308e-05 	 2.230672e+07 	
1.42902903e+06 	 3.838553e-05 	 2.228019e+07 	
1.42952953e+06 	 3.820852e-05 	 2.225369e+07 	
1.43003003e+06 	 3.803204e-05 	 2.222723e+07 	
1.43053053e+06 	 3.785610e-05 	 2.220079e+07 	
1.43103103e+06 	 3.768068e-05 	 2.217438e+07 	
1.43153153e+06 	 3.750579e-05 	 2.214800e+07 	
1.43203203e+06 	 3.733141e-05 	 2.212165e+07 	
1.43253253e+06 	 3.715756e-05 	 2.209533e+07 	
1.43303303e+06 	 3.698423e-05 	 2.206904e+07 	
1.43353353e+06 	 3.681141e-05 	 2.204277e+07 	
1.43403403e+06 	 3.663911e-05 	 2.201654e+07 	
1.43453453e+06 	 3.646731e-05 	 2.199033e+07 	
1.43503504e+06 	 3.629602e-05 	 2.196416e+07 	
1.43553554e+06 	 3.612524e-05 	 2.193801e+07 	
1.43603604e+06 	 3.595496e-05 	 2.191189e+07 	
1.43653654e+06 	 3.578518e-05 	 2.188580e+07 	
1.43703704e+06 	 3.561591e-05 	 2.185973e+07 	
1.43753754e+06 	 3.544712e-05 	 2.183370e+07 	
1.43803804e+06 	 3.528069e-05 	 2.180767e+07 	
1.43853854e+06 	 3.511299e-05 	 2.178169e+07 	
1.43903904e+06 	 3.494579e-05 	 2.175574e+07 	
1.43953954e+06 	 3.477908e-05 	 2.172982e+07 	
1.44004004e+06 	 3.461287e-05 	 2.170393e+07 	
1.44054054e+06 	 3.444714e-05 	 2.167806e+07 	
1.44104104e+06 	 3.428190e-05 	 2.165222e+07 	
1.44154154e+06 	 3.411714e-05 	 2.162642e+07 	
1.44204204e+06 	 3.395286e-05 	 2.160063e+07 	
1.44254254e+06 	 3.378907e-05 	 2.157488e+07 	
1.44304304e+06 	 3.362575e-05 	 2.154916e+07 	
1.44354354e+06 	 3.346123e-05 	 2.152349e+07 	
1.44404404e+06 	 3.329877e-05 	 2.149782e+07 	
1.44454454e+06 	 3.313678e-05 	 2.147218e+07 	
1.44504505e+06 	 3.297526e-05 	 2.144657e+07 	
1.44554555e+06 	 3.281419e-05 	 2.142099e+07 	
1.44604605e+06 	 3.265359e-05 	 2.139543e+07 	
1.44654655e+06 	 3.249345e-05 	 2.136991e+07 	
1.44704705e+06 	 3.233376e-05 	 2.134441e+07 	
1.44754755e+06 	 3.217453e-05 	 2.131894e+07 	
1.44804805e+06 	 3.201575e-05 	 2.129349e+07 	
1.44854855e+06 	 3.185742e-05 	 2.126808e+07 	
1.44904905e+06 	 3.169954e-05 	 2.124269e+07 	
1.44954955e+06 	 3.154050e-05 	 2.121735e+07 	
1.45005005e+06 	 3.138342e-05 	 2.119202e+07 	
1.45055055e+06 	 3.122678e-05 	 2.116672e+07 	
1.45105105e+06 	 3.107058e-05 	 2.114145e+07 	
1.45155155e+06 	 3.091480e-05 	 2.111620e+07 	
1.45205205e+06 	 3.075946e-05 	 2.109098e+07 	
1.45255255e+06 	 3.060455e-05 	 2.106579e+07 	
1.45305305e+06 	 3.045006e-05 	 2.104062e+07 	
1.45355355e+06 	 3.029600e-05 	 2.101549e+07 	
1.45405405e+06 	 3.014235e-05 	 2.099038e+07 	
1.45455455e+06 	 2.998913e-05 	 2.096530e+07 	
1.45505506e+06 	 2.983632e-05 	 2.094024e+07 	
1.45555556e+06 	 2.968546e-05 	 2.091519e+07 	
1.45605606e+06 	 2.953357e-05 	 2.089019e+07 	
1.45655656e+06 	 2.938209e-05 	 2.086522e+07 	
1.45705706e+06 	 2.923102e-05 	 2.084027e+07 	
1.45755756e+06 	 2.908036e-05 	 2.081535e+07 	
1.45805806e+06 	 2.893011e-05 	 2.079046e+07 	
1.45855856e+06 	 2.878027e-05 	 2.076560e+07 	
1.45905906e+06 	 2.863083e-05 	 2.074076e+07 	
1.45955956e+06 	 2.848179e-05 	 2.071595e+07 	
1.46006006e+06 	 2.833316e-05 	 2.069117e+07 	
1.46056056e+06 	 2.818492e-05 	 2.066641e+07 	
1.46106106e+06 	 2.803708e-05 	 2.064169e+07 	
1.46156156e+06 	 2.788817e-05 	 2.061701e+07 	
1.46206206e+06 	 2.774104e-05 	 2.059234e+07 	
1.46256256e+06 	 2.759429e-05 	 2.056769e+07 	
1.46306306e+06 	 2.744793e-05 	 2.054307e+07 	
1.46356356e+06 	 2.730194e-05 	 2.051848e+07 	
1.46406406e+06 	 2.715634e-05 	 2.049392e+07 	
1.46456456e+06 	 2.701112e-05 	 2.046938e+07 	
1.46506507e+06 	 2.686627e-05 	 2.044487e+07 	
1.46556557e+06 	 2.672179e-05 	 2.042039e+07 	
1.46606607e+06 	 2.657768e-05 	 2.039593e+07 	
1.46656657e+06 	 2.643395e-05 	 2.037150e+07 	
1.46706707e+06 	 2.629058e-05 	 2.034710e+07 	
1.46756757e+06 	 2.614895e-05 	 2.032270e+07 	
1.46806807e+06 	 2.600638e-05 	 2.029835e+07 	
1.46856857e+06 	 2.586418e-05 	 2.027403e+07 	
1.46906907e+06 	 2.572234e-05 	 2.024973e+07 	
1.46956957e+06 	 2.558086e-05 	 2.022546e+07 	
1.47007007e+06 	 2.543974e-05 	 2.020122e+07 	
1.47057057e+06 	 2.529897e-05 	 2.017701e+07 	
1.47107107e+06 	 2.515856e-05 	 2.015282e+07 	
1.47157157e+06 	 2.501850e-05 	 2.012865e+07 	
1.47207207e+06 	 2.487879e-05 	 2.010452e+07 	
1.47257257e+06 	 2.473943e-05 	 2.008041e+07 	
1.47307307e+06 	 2.459918e-05 	 2.005635e+07 	
1.47357357e+06 	 2.446045e-05 	 2.003229e+07 	
1.47407407e+06 	 2.432206e-05 	 2.000827e+07 	
1.47457457e+06 	 2.418400e-05 	 1.998426e+07 	
1.47507508e+06 	 2.404628e-05 	 1.996029e+07 	
1.47557558e+06 	 2.390889e-05 	 1.993634e+07 	
1.47607608e+06 	 2.377184e-05 	 1.991242e+07 	
1.47657658e+06 	 2.363511e-05 	 1.988852e+07 	
1.47707708e+06 	 2.349872e-05 	 1.986466e+07 	
1.47757758e+06 	 2.336265e-05 	 1.984081e+07 	
1.47807808e+06 	 2.322690e-05 	 1.981700e+07 	
1.47857858e+06 	 2.309148e-05 	 1.979321e+07 	
1.47907908e+06 	 2.295521e-05 	 1.976947e+07 	
1.47957958e+06 	 2.282036e-05 	 1.974574e+07 	
1.48008008e+06 	 2.268582e-05 	 1.972203e+07 	
1.48058058e+06 	 2.255160e-05 	 1.969835e+07 	
1.48108108e+06 	 2.241768e-05 	 1.967469e+07 	
1.48158158e+06 	 2.228407e-05 	 1.965106e+07 	
1.48208208e+06 	 2.215076e-05 	 1.962746e+07 	
1.48258258e+06 	 2.201776e-05 	 1.960389e+07 	
1.48308308e+06 	 2.188506e-05 	 1.958034e+07 	
1.48358358e+06 	 2.175266e-05 	 1.955682e+07 	
1.48408408e+06 	 2.162055e-05 	 1.953332e+07 	
1.48458458e+06 	 2.148874e-05 	 1.950985e+07 	
1.48508509e+06 	 2.135612e-05 	 1.948643e+07 	
1.48558559e+06 	 2.122483e-05 	 1.946302e+07 	
1.48608609e+06 	 2.109383e-05 	 1.943963e+07 	
1.48658659e+06 	 2.096311e-05 	 1.941627e+07 	
1.48708709e+06 	 2.083267e-05 	 1.939293e+07 	
1.48758759e+06 	 2.070251e-05 	 1.936963e+07 	
1.48808809e+06 	 2.057262e-05 	 1.934634e+07 	
1.48858859e+06 	 2.044301e-05 	 1.932309e+07 	
1.48908909e+06 	 2.031367e-05 	 1.929986e+07 	
1.48958959e+06 	 2.018460e-05 	 1.927666e+07 	
1.49009009e+06 	 2.005580e-05 	 1.925349e+07 	
1.49059059e+06 	 1.992726e-05 	 1.923034e+07 	
1.49109109e+06 	 1.979797e-05 	 1.920724e+07 	
1.49159159e+06 	 1.966990e-05 	 1.918414e+07 	
1.49209209e+06 	 1.954209e-05 	 1.916108e+07 	
1.49259259e+06 	 1.941453e-05 	 1.913804e+07 	
1.49309309e+06 	 1.928722e-05 	 1.911503e+07 	
1.49359359e+06 	 1.916016e-05 	 1.909204e+07 	
1.49409409e+06 	 1.903335e-05 	 1.906908e+07 	
1.49459459e+06 	 1.890678e-05 	 1.904615e+07 	
1.49509510e+06 	 1.878045e-05 	 1.902324e+07 	
1.49559560e+06 	 1.865437e-05 	 1.900037e+07 	
1.49609610e+06 	 1.852851e-05 	 1.897752e+07 	
1.49659660e+06 	 1.840290e-05 	 1.895469e+07 	
1.49709710e+06 	 1.827656e-05 	 1.893192e+07 	
1.49759760e+06 	 1.815135e-05 	 1.890915e+07 	
1.49809810e+06 	 1.802637e-05 	 1.888641e+07 	
1.49859860e+06 	 1.790160e-05 	 1.886369e+07 	
1.49909910e+06 	 1.777706e-05 	 1.884101e+07 	
1.49959960e+06 	 1.765273e-05 	 1.881835e+07 	
1.50010010e+06 	 1.752862e-05 	 1.879572e+07 	
1.50060060e+06 	 1.740471e-05 	 1.877311e+07 	
1.50110110e+06 	 1.728102e-05 	 1.875054e+07 	
1.50160160e+06 	 1.715753e-05 	 1.872799e+07 	
1.50210210e+06 	 1.703424e-05 	 1.870547e+07 	
1.50260260e+06 	 1.691115e-05 	 1.868298e+07 	
1.50310310e+06 	 1.678914e-05 	 1.866049e+07 	
1.50360360e+06 	 1.666649e-05 	 1.863805e+07 	
1.50410410e+06 	 1.654403e-05 	 1.861564e+07 	
1.50460460e+06 	 1.642176e-05 	 1.859326e+07 	
1.50510511e+06 	 1.629968e-05 	 1.857090e+07 	
1.50560561e+06 	 1.617778e-05 	 1.854858e+07 	
1.50610611e+06 	 1.605607e-05 	 1.852628e+07 	
1.50660661e+06 	 1.593453e-05 	 1.850401e+07 	
1.50710711e+06 	 1.581317e-05 	 1.848177e+07 	
1.50760761e+06 	 1.569199e-05 	 1.845956e+07 	
1.50810811e+06 	 1.557097e-05 	 1.843737e+07 	
1.50860861e+06 	 1.545090e-05 	 1.841520e+07 	
1.50910911e+06 	 1.533026e-05 	 1.839307e+07 	
1.50960961e+06 	 1.520978e-05 	 1.837097e+07 	
1.51011011e+06 	 1.508946e-05 	 1.834890e+07 	
1.51061061e+06 	 1.496930e-05 	 1.832686e+07 	
1.51111111e+06 	 1.484930e-05 	 1.830485e+07 	
1.51161161e+06 	 1.472944e-05 	 1.828287e+07 	
1.51211211e+06 	 1.460974e-05 	 1.826092e+07 	
1.51261261e+06 	 1.449018e-05 	 1.823900e+07 	
1.51311311e+06 	 1.437077e-05 	 1.821711e+07 	
1.51361361e+06 	 1.425149e-05 	 1.819525e+07 	
1.51411411e+06 	 1.413235e-05 	 1.817342e+07 	
1.51461461e+06 	 1.401406e-05 	 1.815159e+07 	
1.51511512e+06 	 1.389522e-05 	 1.812982e+07 	
1.51561562e+06 	 1.377652e-05 	 1.810808e+07 	
1.51611612e+06 	 1.365794e-05 	 1.808637e+07 	
1.51661662e+06 	 1.353948e-05 	 1.806469e+07 	
1.51711712e+06 	 1.342114e-05 	 1.804305e+07 	
1.51761762e+06 	 1.330293e-05 	 1.802143e+07 	
1.51811812e+06 	 1.318483e-05 	 1.799984e+07 	
1.51861862e+06 	 1.306683e-05 	 1.797829e+07 	
1.51911912e+06 	 1.294895e-05 	 1.795677e+07 	
1.51961962e+06 	 1.283118e-05 	 1.793528e+07 	
1.52012012e+06 	 1.271350e-05 	 1.791383e+07 	
1.52062062e+06 	 1.259658e-05 	 1.789238e+07 	
1.52112112e+06 	 1.247913e-05 	 1.787099e+07 	
1.52162162e+06 	 1.236179e-05 	 1.784964e+07 	
1.52212212e+06 	 1.224453e-05 	 1.782831e+07 	
1.52262262e+06 	 1.212737e-05 	 1.780702e+07 	
1.52312312e+06 	 1.201029e-05 	 1.778577e+07 	
1.52362362e+06 	 1.189330e-05 	 1.776455e+07 	
1.52412412e+06 	 1.177639e-05 	 1.774336e+07 	
1.52462462e+06 	 1.165956e-05 	 1.772221e+07 	
1.52512513e+06 	 1.154280e-05 	 1.770109e+07 	
1.52562563e+06 	 1.142612e-05 	 1.768001e+07 	
1.52612613e+06 	 1.130951e-05 	 1.765897e+07 	
1.52662663e+06 	 1.119239e-05 	 1.763798e+07 	
1.52712713e+06 	 1.107589e-05 	 1.761701e+07 	
1.52762763e+06 	 1.095945e-05 	 1.759608e+07 	
1.52812813e+06 	 1.084307e-05 	 1.757519e+07 	
1.52862863e+06 	 1.072675e-05 	 1.755433e+07 	
1.52912913e+06 	 1.061048e-05 	 1.753352e+07 	
1.52962963e+06 	 1.049427e-05 	 1.751274e+07 	
1.53013013e+06 	 1.037811e-05 	 1.749200e+07 	
1.53063063e+06 	 1.026200e-05 	 1.747130e+07 	
1.53113113e+06 	 1.014594e-05 	 1.745065e+07 	
1.53163163e+06 	 1.002993e-05 	 1.743003e+07 	
1.53213213e+06 	 9.913960e-06 	 1.740946e+07 	
1.53263263e+06 	 9.797521e-06 	 1.738895e+07 	
1.53313313e+06 	 9.681616e-06 	 1.736846e+07 	
1.53363363e+06 	 9.565751e-06 	 1.734802e+07 	
1.53413413e+06 	 9.449927e-06 	 1.732762e+07 	
1.53463463e+06 	 9.334142e-06 	 1.730727e+07 	
1.53513514e+06 	 9.218397e-06 	 1.728696e+07 	
1.53563564e+06 	 9.102691e-06 	 1.726670e+07 	
1.53613614e+06 	 8.987023e-06 	 1.724649e+07 	
1.53663664e+06 	 8.871396e-06 	 1.722632e+07 	
1.53713714e+06 	 8.755808e-06 	 1.720621e+07 	
1.53763764e+06 	 8.640261e-06 	 1.718614e+07 	
1.53813814e+06 	 8.525186e-06 	 1.716610e+07 	
1.53863864e+06 	 8.409745e-06 	 1.714613e+07 	
1.53913914e+06 	 8.294350e-06 	 1.712622e+07 	
1.53963964e+06 	 8.179004e-06 	 1.710636e+07 	
1.54014014e+06 	 8.063709e-06 	 1.708655e+07 	
1.54064064e+06 	 7.948469e-06 	 1.706680e+07 	
1.54114114e+06 	 7.833286e-06 	 1.704710e+07 	
1.54164164e+06 	 7.718165e-06 	 1.702746e+07 	
1.54214214e+06 	 7.603111e-06 	 1.700788e+07 	
1.54264264e+06 	 7.488127e-06 	 1.698836e+07 	
1.54314314e+06 	 7.373220e-06 	 1.696890e+07 	
1.54364364e+06 	 7.258396e-06 	 1.694950e+07 	
1.54414414e+06 	 7.144029e-06 	 1.693014e+07 	
1.54464464e+06 	 7.029406e-06 	 1.691087e+07 	
1.54514515e+06 	 6.914889e-06 	 1.689166e+07 	
1.54564565e+06 	 6.800485e-06 	 1.687252e+07 	
1.54614615e+06 	 6.686203e-06 	 1.685345e+07 	
1.54664665e+06 	 6.572055e-06 	 1.683444e+07 	
1.54714715e+06 	 6.458049e-06 	 1.681551e+07 	
1.54764765e+06 	 6.344199e-06 	 1.679665e+07 	
1.54814815e+06 	 6.230515e-06 	 1.677786e+07 	
1.54864865e+06 	 6.117012e-06 	 1.675915e+07 	
1.54914915e+06 	 6.003704e-06 	 1.674052e+07 	
1.54964965e+06 	 5.890604e-06 	 1.672196e+07 	
1.55015015e+06 	 5.778035e-06 	 1.670347e+07 	
1.55065065e+06 	 5.665416e-06 	 1.668507e+07 	
1.55115115e+06 	 5.553057e-06 	 1.666676e+07 	
1.55165165e+06 	 5.440977e-06 	 1.664854e+07 	
1.55215215e+06 	 5.329196e-06 	 1.663041e+07 	
1.55265265e+06 	 5.217736e-06 	 1.661236e+07 	
1.55315315e+06 	 5.106618e-06 	 1.659441e+07 	
1.55365365e+06 	 4.995866e-06 	 1.657655e+07 	
1.55415415e+06 	 4.885503e-06 	 1.655879e+07 	
1.55465465e+06 	 4.775556e-06 	 1.654112e+07 	
1.55515516e+06 	 4.666052e-06 	 1.652356e+07 	
1.55565566e+06 	 4.556784e-06 	 1.650611e+07 	
1.55615616e+06 	 4.448241e-06 	 1.648876e+07 	
1.55665666e+06 	 4.340226e-06 	 1.647151e+07 	
1.55715716e+06 	 4.232773e-06 	 1.645437e+07 	
1.55765766e+06 	 4.125913e-06 	 1.643734e+07 	
1.55815816e+06 	 4.019681e-06 	 1.642043e+07 	
1.55865866e+06 	 3.914111e-06 	 1.640363e+07 	
1.55915916e+06 	 3.809240e-06 	 1.638695e+07 	
1.55965966e+06 	 3.705105e-06 	 1.637040e+07 	
1.56016016e+06 	 3.601744e-06 	 1.635397e+07 	
1.56066066e+06 	 3.499198e-06 	 1.633766e+07 	
1.56116116e+06 	 3.397506e-06 	 1.632149e+07 	
1.56166166e+06 	 3.296535e-06 	 1.630547e+07 	
1.56216216e+06 	 3.196671e-06 	 1.628957e+07 	
1.56266266e+06 	 3.097789e-06 	 1.627380e+07 	
1.56316316e+06 	 2.999931e-06 	 1.625817e+07 	
1.56366366e+06 	 2.903143e-06 	 1.624269e+07 	
1.56416416e+06 	 2.807470e-06 	 1.622735e+07 	
1.56466466e+06 	 2.712956e-06 	 1.621216e+07 	
1.56516517e+06 	 2.619648e-06 	 1.619713e+07 	
1.56566567e+06 	 2.527591e-06 	 1.618225e+07 	
1.56616617e+06 	 2.436832e-06 	 1.616752e+07 	
1.56666667e+06 	 2.347417e-06 	 1.615296e+07 	
1.56716717e+06 	 2.259274e-06 	 1.613857e+07 	
1.56766767e+06 	 2.172679e-06 	 1.612434e+07 	
1.56816817e+06 	 2.087564e-06 	 1.611027e+07 	
1.56866867e+06 	 2.003973e-06 	 1.609637e+07 	
1.56916917e+06 	 1.921947e-06 	 1.608264e+07 	
1.56966967e+06 	 1.841530e-06 	 1.606909e+07 	
1.57017017e+06 	 1.762761e-06 	 1.605572e+07 	
1.57067067e+06 	 1.685681e-06 	 1.604253e+07 	
1.57117117e+06 	 1.610326e-06 	 1.602952e+07 	
1.57167167e+06 	 1.536732e-06 	 1.601669e+07 	
1.57217217e+06 	 1.464932e-06 	 1.600406e+07 	
1.57267267e+06 	 1.395030e-06 	 1.599158e+07 	
1.57317317e+06 	 1.326912e-06 	 1.597932e+07 	
1.57367367e+06 	 1.260674e-06 	 1.596725e+07 	
1.57417417e+06 	 1.196339e-06 	 1.595538e+07 	
1.57467467e+06 	 1.133929e-06 	 1.594370e+07 	
1.57517518e+06 	 1.073459e-06 	 1.593222e+07 	
1.57567568e+06 	 1.014944e-06 	 1.592093e+07 	
1.57617618e+06 	 9.583948e-07 	 1.590985e+07 	
1.57667668e+06 	 9.038169e-07 	 1.589896e+07 	
1.57717718e+06 	 8.512142e-07 	 1.588828e+07 	
1.57767768e+06 	 8.005860e-07 	 1.587779e+07 	
1.57817818e+06 	 7.519677e-07 	 1.586749e+07 	
1.57867868e+06 	 7.052718e-07 	 1.585740e+07 	
1.57917918e+06 	 6.605260e-07 	 1.584753e+07 	
1.57967968e+06 	 6.177145e-07 	 1.583785e+07 	
1.58018018e+06 	 5.768178e-07 	 1.582837e+07 	
1.58068068e+06 	 5.378127e-07 	 1.581910e+07 	
1.58118118e+06 	 5.006722e-07 	 1.581002e+07 	
1.58168168e+06 	 4.653661e-07 	 1.580115e+07 	
1.58218218e+06 	 4.318606e-07 	 1.579247e+07 	
1.58268268e+06 	 4.001187e-07 	 1.578399e+07 	
1.58318318e+06 	 3.700807e-07 	 1.577573e+07 	
1.58368368e+06 	 3.417432e-07 	 1.576764e+07 	
1.58418418e+06 	 3.150410e-07 	 1.575975e+07 	
1.58468468e+06 	 2.899261e-07 	 1.575204e+07 	
1.58518519e+06 	 2.663485e-07 	 1.574452e+07 	
1.58568569e+06 	 2.442561e-07 	 1.573719e+07 	
1.58618619e+06 	 2.235956e-07 	 1.573004e+07 	
1.58668669e+06 	 2.043118e-07 	 1.572307e+07 	
1.58718719e+06 	 1.863488e-07 	 1.571627e+07 	
1.58768769e+06 	 1.696405e-07 	 1.570969e+07 	
1.58818819e+06 	 1.541482e-07 	 1.570324e+07 	
1.58868869e+06 	 1.398049e-07 	 1.569696e+07 	
1.58918919e+06 	 1.265531e-07 	 1.569085e+07 	
1.58968969e+06 	 1.143356e-07 	 1.568489e+07 	
1.59019019e+06 	 1.030955e-07 	 1.567910e+07 	
1.59069069e+06 	 9.277686e-08 	 1.567345e+07 	
1.59119119e+06 	 8.332032e-08 	 1.566800e+07 	
1.59169169e+06 	 7.468089e-08 	 1.566265e+07 	
1.59219219e+06 	 6.680170e-08 	 1.565745e+07 	
1.59269269e+06 	 5.963181e-08 	 1.565239e+07 	
1.59319319e+06 	 5.312200e-08 	 1.564745e+07 	
1.59369369e+06 	 4.722483e-08 	 1.564265e+07 	
1.59419419e+06 	 4.189711e-08 	 1.563792e+07 	
1.59469469e+06 	 3.709070e-08 	 1.563336e+07 	
1.59519520e+06 	 3.276642e-08 	 1.562891e+07 	
1.59569570e+06 	 2.888490e-08 	 1.562458e+07 	
1.59619620e+06 	 2.541022e-08 	 1.562028e+07 	
1.59669670e+06 	 2.230470e-08 	 1.561614e+07 	
1.59719720e+06 	 1.953663e-08 	 1.561209e+07 	
1.59769770e+06 	 1.707515e-08 	 1.560813e+07 	
1.59819820e+06 	 1.489056e-08 	 1.560437e+07 	
1.59869870e+06 	 1.295781e-08 	 1.560061e+07 	
1.59919920e+06 	 1.125189e-08 	 1.559684e+07 	
1.59969970e+06 	 9.748774e-09 	 1.559322e+07 	
1.60020020e+06 	 8.428389e-09 	 1.558953e+07 	
1.60070070e+06 	 7.270614e-09 	 1.558595e+07 	
1.60120120e+06 	 6.257548e-09 	 1.558269e+07 	
1.60170170e+06 	 5.374122e-09 	 1.557928e+07 	
1.60220220e+06 	 4.605144e-09 	 1.557598e+07 	
1.60270270e+06 	 3.937566e-09 	 1.557261e+07 	
1.60320320e+06 	 3.359096e-09 	 1.556961e+07 	
1.60370370e+06 	 2.859358e-09 	 1.556650e+07 	
1.60420420e+06 	 2.428588e-09 	 1.556339e+07 	
1.60470470e+06 	 2.058062e-09 	 1.556060e+07 	
1.60520521e+06 	 1.740379e-09 	 1.555707e+07 	
1.60570571e+06 	 1.468393e-09 	 1.555395e+07 	
1.60620621e+06 	 1.236148e-09 	 1.555101e+07 	
1.60670671e+06 	 1.038356e-09 	 1.554779e+07 	
1.60720721e+06 	 8.702529e-10 	 1.554506e+07 	
1.60770771e+06 	 7.277671e-10 	 1.554205e+07 	
1.60820821e+06 	 6.072613e-10 	 1.553918e+07 	
1.60870871e+06 	 5.055961e-10 	 1.553612e+07 	
1.60920921e+06 	 4.200178e-10 	 1.553336e+07 	
1.60970971e+06 	 3.481591e-10 	 1.553046e+07 	
1.61021021e+06 	 2.879596e-10 	 1.552759e+07 	
1.61071071e+06 	 2.376468e-10 	 1.552466e+07 	
1.61121121e+06 	 1.956942e-10 	 1.552185e+07 	
1.61171171e+06 	 1.607954e-10 	 1.551896e+07 	
1.61221221e+06 	 1.318314e-10 	 1.551614e+07 	
1.61271271e+06 	 1.078489e-10 	 1.551330e+07 	
1.61321321e+06 	 8.803731e-11 	 1.551046e+07 	
1.61371371e+06 	 7.170179e-11 	 1.550899e+07 	
1.61421421e+06 	 5.828206e-11 	 1.550479e+07 	
1.61471471e+06 	 4.726218e-11 	 1.550334e+07 	
1.84108330e+06 	 1.000000e-20 	 1.436691e+07 	
2.09918675e+06 	 1.000000e-20 	 1.333671e+07 	
2.39347399e+06 	 1.000000e-20 	 1.239687e+07 	
2.72901768e+06 	 1.000000e-20 	 1.153593e+07 	
3.11160160e+06 	 1.000000e-20 	 1.074461e+07 	
3.54782037e+06 	 1.000000e-20 	 1.001526e+07 	
4.04519312e+06 	 1.000000e-20 	 9.341479e+06 	
4.61229308e+06 	 1.000000e-20 	 8.717827e+06 	
5.25889540e+06 	 1.000000e-20 	 8.139634e+06 	
5.99614560e+06 	 1.000000e-20 	 7.602844e+06 	
6.83675169e+06 	 1.000000e-20 	 7.103906e+06 	
7.79520324e+06 	 1.000000e-20 	 6.639684e+06 	
8.88802116e+06 	 1.000000e-20 	 6.207390e+06 	
1.01340424e+07 	 1.000000e-20 	 5.804531e+06 	
1.15547447e+07 	 1.000000e-20 	 5.428860e+06 	
1.31746167e+07 	 1.000000e-20 	 5.078351e+06 	
1.50215804e+07 	 1.000000e-20 	 4.751161e+06 	
1.71274719e+07 	 1.000000e-20 	 4.445613e+06 	
1.95285905e+07 	 1.000000e-20 	 4.160171e+06 	
2.22663246e+07 	 1.000000e-20 	 3.893430e+06 	
2.53878646e+07 	 1.000000e-20 	 3.644096e+06 	
2.89470166e+07 	 1.000000e-20 	 3.410979e+06 	
3.30051299e+07 	 1.000000e-20 	 3.192977e+06 	
3.76321545e+07 	 1.000000e-20 	 2.989075e+06 	
4.29078467e+07 	 1.000000e-20 	 2.798330e+06 	
4.89231437e+07 	 1.000000e-20 	 2.619869e+06 	
5.57817318e+07 	 1.000000e-20 	 2.452881e+06 	
6.36018327e+07 	 1.000000e-20 	 2.296611e+06 	
7.25182419e+07 	 1.000000e-20 	 2.150358e+06 	
8.26846521e+07 	 1.000000e-20 	 2.013469e+06 	
9.42763022e+07 	 1.000000e-20 	 1.885336e+06 	
1.07492998e+08 	 1.000000e-20 	 1.765391e+06 	
1.22562557e+08 	 1.000000e-20 	 1.653104e+06 	
1.39744734e+08 	 1.000000e-20 	 1.547982e+06 	
1.59335698e+08 	 1.000000e-20 	 1.449564e+06 	
1.81673140e+08 	 1.000000e-20 	 1.357418e+06 	
2.07142093e+08 	 1.000000e-20 	 1.271142e+06 	
2.36181565e+08 	 1.000000e-20 	 1.190360e+06 	
2.69292113e+08 	 1.000000e-20 	 1.114721e+06 	
3.07044463e+08 	 1.000000e-20 	 1.043895e+06 	
3.50089356e+08 	 1.000000e-20 	 9.775742e+05 	
3.99168758e+08 	 1.000000e-20 	 9.154720e+05 	
4.55128655e+08 	 1.000000e-20 	 8.573187e+05 	
5.18933630e+08 	 1.000000e-20 	 8.028627e+05 	
5.91683493e+08 	 1.000000e-20 	 7.518683e+05 	
6.74632237e+08 	 1.000000e-20 	 7.041149e+05 	
7.69209655e+08 	 1.000000e-20 	 6.593963e+05 	
8.77045982e+08 	 1.000000e-20 	 6.175192e+05 	
1.00000000e+09 	 1.000000e-20 	 5.783028e+05 	
