r (cm)        	 rho (g/cm3) 	 T (K)       		 Linf = 3.223297e+38
1.19991447e+06 	 1.279434e+05 	 1.246572e+09 	
1.20002359e+06 	 1.100253e+05 	 1.199512e+09 	
1.20013448e+06 	 9.399016e+04 	 1.152302e+09 	
1.20022672e+06 	 8.217124e+04 	 1.113520e+09 	
1.20031897e+06 	 7.161173e+04 	 1.075200e+09 	
1.20041121e+06 	 6.220507e+04 	 1.037355e+09 	
1.20050345e+06 	 5.385096e+04 	 1.000001e+09 	
1.20059409e+06 	 4.657658e+04 	 9.637949e+08 	
1.20068472e+06 	 4.014355e+04 	 9.280954e+08 	
1.20077536e+06 	 3.447345e+04 	 8.929193e+08 	
1.20084977e+06 	 3.033683e+04 	 8.644421e+08 	
1.20092418e+06 	 2.662707e+04 	 8.363391e+08 	
1.20099860e+06 	 2.330842e+04 	 8.086205e+08 	
1.20107301e+06 	 2.034730e+04 	 7.812965e+08 	
1.20114742e+06 	 1.771223e+04 	 7.543775e+08 	
1.20122311e+06 	 1.533600e+04 	 7.274227e+08 	
1.20129881e+06 	 1.323771e+04 	 7.009095e+08 	
1.20136051e+06 	 1.171408e+04 	 6.796304e+08 	
1.20142221e+06 	 1.034364e+04 	 6.586587e+08 	
1.20148392e+06 	 9.113592e+03 	 6.380009e+08 	
1.20154562e+06 	 8.011970e+03 	 6.176633e+08 	
1.20160733e+06 	 7.027564e+03 	 5.976525e+08 	
1.20166903e+06 	 6.149913e+03 	 5.779748e+08 	
1.20173083e+06 	 5.368180e+03 	 5.586084e+08 	
1.20179262e+06 	 4.674642e+03 	 5.395891e+08 	
1.20185442e+06 	 4.060859e+03 	 5.209233e+08 	
1.20190581e+06 	 3.605501e+03 	 5.056732e+08 	
1.20195721e+06 	 3.195720e+03 	 4.906756e+08 	
1.20200860e+06 	 2.827617e+03 	 4.759341e+08 	
1.20205999e+06 	 2.497557e+03 	 4.614521e+08 	
1.20211139e+06 	 2.202154e+03 	 4.472330e+08 	
1.20216278e+06 	 1.938267e+03 	 4.332802e+08 	
1.20221578e+06 	 1.696065e+03 	 4.191739e+08 	
1.20226878e+06 	 1.481327e+03 	 4.053575e+08 	
1.20231243e+06 	 1.323163e+03 	 3.941984e+08 	
1.20235608e+06 	 1.180373e+03 	 3.832397e+08 	
1.20239973e+06 	 1.051645e+03 	 3.724831e+08 	
1.20244338e+06 	 9.357611e+02 	 3.619302e+08 	
1.20248703e+06 	 8.315912e+02 	 3.515824e+08 	
1.20253068e+06 	 7.380867e+02 	 3.414409e+08 	
1.20257433e+06 	 6.542778e+02 	 3.315070e+08 	
1.20261798e+06 	 5.792686e+02 	 3.217818e+08 	
1.20266334e+06 	 5.097508e+02 	 3.118965e+08 	
1.20270871e+06 	 4.479940e+02 	 3.022385e+08 	
1.20274641e+06 	 4.020085e+02 	 2.943847e+08 	
1.20278412e+06 	 3.604315e+02 	 2.866888e+08 	
1.20282182e+06 	 3.228807e+02 	 2.791510e+08 	
1.20285953e+06 	 2.890025e+02 	 2.717714e+08 	
1.20289723e+06 	 2.584701e+02 	 2.645501e+08 	
1.20293494e+06 	 2.309817e+02 	 2.574871e+08 	
1.20297264e+06 	 2.062597e+02 	 2.505821e+08 	
1.20301035e+06 	 1.840484e+02 	 2.438350e+08 	
1.20304805e+06 	 1.641128e+02 	 2.372453e+08 	
1.20308576e+06 	 1.462377e+02 	 2.308127e+08 	
1.20311932e+06 	 1.318991e+02 	 2.252184e+08 	
1.20315288e+06 	 1.189085e+02 	 2.197476e+08 	
1.20318644e+06 	 1.071478e+02 	 2.143998e+08 	
1.20322001e+06 	 9.650836e+01 	 2.091743e+08 	
1.20325357e+06 	 8.688994e+01 	 2.040705e+08 	
1.20328713e+06 	 7.820053e+01 	 1.990877e+08 	
1.20332070e+06 	 7.035557e+01 	 1.942250e+08 	
1.20335426e+06 	 6.327754e+01 	 1.894815e+08 	
1.20338782e+06 	 5.689538e+01 	 1.848563e+08 	
1.20342138e+06 	 5.114407e+01 	 1.803483e+08 	
1.20345495e+06 	 4.596418e+01 	 1.759565e+08 	
1.20348851e+06 	 4.130144e+01 	 1.716797e+08 	
1.20352207e+06 	 3.710635e+01 	 1.675167e+08 	
1.20355564e+06 	 3.333380e+01 	 1.634662e+08 	
1.20358920e+06 	 2.994275e+01 	 1.595269e+08 	
1.20362276e+06 	 2.689588e+01 	 1.556973e+08 	
1.20365633e+06 	 2.415930e+01 	 1.519759e+08 	
1.20368989e+06 	 2.170227e+01 	 1.483614e+08 	
1.20372409e+06 	 1.945740e+01 	 1.447865e+08 	
1.20375829e+06 	 1.744717e+01 	 1.413192e+08 	
1.20379248e+06 	 1.564748e+01 	 1.379575e+08 	
1.20382668e+06 	 1.403663e+01 	 1.346998e+08 	
1.20386088e+06 	 1.259503e+01 	 1.315441e+08 	
1.20389508e+06 	 1.130505e+01 	 1.284886e+08 	
1.20392928e+06 	 1.015085e+01 	 1.255312e+08 	
1.20396348e+06 	 9.118177e+00 	 1.226701e+08 	
1.20399767e+06 	 8.194226e+00 	 1.199031e+08 	
1.20403187e+06 	 7.367514e+00 	 1.172283e+08 	
1.20406607e+06 	 6.627740e+00 	 1.146436e+08 	
1.20410027e+06 	 5.965675e+00 	 1.121469e+08 	
1.20413447e+06 	 5.373050e+00 	 1.097362e+08 	
1.20416867e+06 	 4.842467e+00 	 1.074092e+08 	
1.20420287e+06 	 4.367306e+00 	 1.051639e+08 	
1.20423706e+06 	 3.941650e+00 	 1.029981e+08 	
1.20427858e+06 	 3.483855e+00 	 1.004727e+08 	
1.20432010e+06 	 3.082900e+00 	 9.805760e+07 	
1.20436162e+06 	 2.731504e+00 	 9.574899e+07 	
1.20440313e+06 	 2.423319e+00 	 9.354312e+07 	
1.20444465e+06 	 2.152822e+00 	 9.143624e+07 	
1.20448617e+06 	 1.915203e+00 	 8.942467e+07 	
1.20452769e+06 	 1.706276e+00 	 8.750473e+07 	
1.20456920e+06 	 1.522401e+00 	 8.567285e+07 	
1.20461072e+06 	 1.360407e+00 	 8.392547e+07 	
1.20465224e+06 	 1.217538e+00 	 8.225913e+07 	
1.20469376e+06 	 1.091394e+00 	 8.067042e+07 	
1.20473528e+06 	 9.798873e-01 	 7.915604e+07 	
1.20477679e+06 	 8.812003e-01 	 7.771273e+07 	
1.20482364e+06 	 7.832557e-01 	 7.616542e+07 	
1.20487050e+06 	 6.976608e-01 	 7.470022e+07 	
1.20491735e+06 	 6.227323e-01 	 7.331291e+07 	
1.20496420e+06 	 5.570281e-01 	 7.199940e+07 	
1.20501105e+06 	 4.993111e-01 	 7.075576e+07 	
1.20505790e+06 	 4.485199e-01 	 6.957822e+07 	
1.20512057e+06 	 3.898467e-01 	 6.810037e+07 	
1.20518323e+06 	 3.401125e-01 	 6.672616e+07 	
1.20524589e+06 	 2.978160e-01 	 6.544791e+07 	
1.20530856e+06 	 2.617254e-01 	 6.425843e+07 	
1.20537122e+06 	 2.308275e-01 	 6.315103e+07 	
1.20543388e+06 	 2.042875e-01 	 6.211945e+07 	
1.20551718e+06 	 1.745871e-01 	 6.085570e+07 	
1.20560048e+06 	 1.500754e-01 	 5.970329e+07 	
1.20568378e+06 	 1.297309e-01 	 5.865099e+07 	
1.20576707e+06 	 1.127513e-01 	 5.768871e+07 	
1.20585037e+06 	 9.850299e-02 	 5.680739e+07 	
1.20596075e+06 	 8.298638e-02 	 5.575052e+07 	
1.20607113e+06 	 7.049083e-02 	 5.480508e+07 	
1.20618151e+06 	 6.034146e-02 	 5.395678e+07 	
1.20629188e+06 	 5.202996e-02 	 5.319332e+07 	
1.20643050e+06 	 4.361127e-02 	 5.233862e+07 	
1.20656911e+06 	 3.691935e-02 	 5.158341e+07 	
1.20670772e+06 	 3.154175e-02 	 5.091298e+07 	
1.20688450e+06 	 2.612035e-02 	 5.016177e+07 	
1.20706128e+06 	 2.190111e-02 	 4.950797e+07 	
1.20723806e+06 	 1.857095e-02 	 4.893505e+07 	
1.20746625e+06 	 1.523537e-02 	 4.829390e+07 	
1.20769444e+06 	 1.268802e-02 	 4.774320e+07 	
1.20792264e+06 	 1.070837e-02 	 4.726575e+07 	
1.20822254e+06 	 8.722832e-03 	 4.672768e+07 	
1.20852245e+06 	 7.232821e-03 	 4.627047e+07 	
1.20882235e+06 	 6.090866e-03 	 4.587723e+07 	
1.20922407e+06 	 4.941098e-03 	 4.542908e+07 	
1.20962579e+06 	 4.091987e-03 	 4.505100e+07 	
1.21002750e+06 	 3.449171e-03 	 4.472713e+07 	
1.21059445e+06 	 2.779905e-03 	 4.434066e+07 	
1.21116140e+06 	 2.297403e-03 	 4.401687e+07 	
1.21162456e+06 	 1.997209e-03 	 4.378791e+07 	
1.21243271e+06 	 1.609146e-03 	 4.344633e+07 	
1.21324085e+06 	 1.335697e-03 	 4.315997e+07 	
1.21404900e+06 	 1.135964e-03 	 4.291411e+07 	
1.21508980e+06 	 9.493187e-04 	 4.264148e+07 	
1.21613061e+06 	 8.147525e-04 	 4.240555e+07 	
1.21717142e+06 	 7.145260e-04 	 4.219691e+07 	
1.21865296e+06 	 6.107184e-04 	 4.193467e+07 	
1.22013450e+06 	 5.367184e-04 	 4.170243e+07 	
1.22161604e+06 	 4.820862e-04 	 4.149213e+07 	
1.22386976e+06 	 4.227982e-04 	 4.120251e+07 	
1.22521263e+06 	 3.966531e-04 	 4.104289e+07 	
1.22798939e+06 	 3.565235e-04 	 4.073477e+07 	
1.23025562e+06 	 3.331037e-04 	 4.049949e+07 	
1.23387937e+06 	 3.062771e-04 	 4.014402e+07 	
1.23750311e+06 	 2.874723e-04 	 3.980621e+07 	
1.24112685e+06 	 2.734324e-04 	 3.948049e+07 	
1.24665689e+06 	 2.573091e-04 	 3.899941e+07 	
1.25218693e+06 	 2.447736e-04 	 3.853193e+07 	
1.26084650e+06 	 2.287520e-04 	 3.781928e+07 	
1.26570451e+06 	 2.208358e-04 	 3.742780e+07 	
1.27056251e+06 	 2.134041e-04 	 3.704157e+07 	
1.27316357e+06 	 2.095827e-04 	 3.683680e+07 	
1.27500000e+06 	 2.069468e-04 	 3.669307e+07 	
1.28250000e+06 	 1.965877e-04 	 3.611286e+07 	
1.29000000e+06 	 1.868338e-04 	 3.554331e+07 	
1.29750000e+06 	 1.776018e-04 	 3.498401e+07 	
1.30500000e+06 	 1.688460e-04 	 3.443466e+07 	
1.31250000e+06 	 1.605332e-04 	 3.389499e+07 	
1.32000000e+06 	 1.526346e-04 	 3.336474e+07 	
1.32750000e+06 	 1.451292e-04 	 3.284370e+07 	
1.33500000e+06 	 1.379964e-04 	 3.233164e+07 	
1.34250000e+06 	 1.312130e-04 	 3.182834e+07 	
1.35000000e+06 	 1.247606e-04 	 3.133358e+07 	
1.35750000e+06 	 1.186206e-04 	 3.084718e+07 	
1.36500000e+06 	 1.127785e-04 	 3.036893e+07 	
1.37250000e+06 	 1.072183e-04 	 2.989865e+07 	
1.38000000e+06 	 1.019242e-04 	 2.943615e+07 	
1.38750000e+06 	 9.688206e-05 	 2.898126e+07 	
1.39500000e+06 	 9.207878e-05 	 2.853380e+07 	
1.40250000e+06 	 8.750140e-05 	 2.809361e+07 	
1.41000000e+06 	 8.313899e-05 	 2.766052e+07 	
1.41750000e+06 	 7.897997e-05 	 2.723438e+07 	
1.42500000e+06 	 7.501398e-05 	 2.681504e+07 	
1.43250000e+06 	 7.123053e-05 	 2.640234e+07 	
1.44000000e+06 	 6.761999e-05 	 2.599615e+07 	
1.44750000e+06 	 6.417312e-05 	 2.559633e+07 	
1.45500000e+06 	 6.088208e-05 	 2.520273e+07 	
1.46250000e+06 	 5.773813e-05 	 2.481524e+07 	
1.47000000e+06 	 5.473407e-05 	 2.443372e+07 	
1.47750000e+06 	 5.186215e-05 	 2.405805e+07 	
1.48500000e+06 	 4.911530e-05 	 2.368811e+07 	
1.50000000e+06 	 4.397115e-05 	 2.296497e+07 	
1.50050050e+06 	 4.380710e-05 	 2.294122e+07 	
1.50100100e+06 	 4.364352e-05 	 2.291749e+07 	
1.50150150e+06 	 4.348041e-05 	 2.289379e+07 	
1.50200200e+06 	 4.331777e-05 	 2.287011e+07 	
1.50250250e+06 	 4.315560e-05 	 2.284645e+07 	
1.50300300e+06 	 4.299389e-05 	 2.282282e+07 	
1.50350350e+06 	 4.283264e-05 	 2.279921e+07 	
1.50400400e+06 	 4.267186e-05 	 2.277563e+07 	
1.50450450e+06 	 4.251153e-05 	 2.275207e+07 	
1.50500501e+06 	 4.235165e-05 	 2.272853e+07 	
1.50550551e+06 	 4.219224e-05 	 2.270502e+07 	
1.50600601e+06 	 4.203327e-05 	 2.268153e+07 	
1.50650651e+06 	 4.187476e-05 	 2.265806e+07 	
1.50700701e+06 	 4.171670e-05 	 2.263462e+07 	
1.50750751e+06 	 4.155908e-05 	 2.261120e+07 	
1.50800801e+06 	 4.140191e-05 	 2.258780e+07 	
1.50850851e+06 	 4.124519e-05 	 2.256443e+07 	
1.50900901e+06 	 4.108891e-05 	 2.254108e+07 	
1.50950951e+06 	 4.093307e-05 	 2.251776e+07 	
1.51001001e+06 	 4.077768e-05 	 2.249446e+07 	
1.51051051e+06 	 4.062272e-05 	 2.247118e+07 	
1.51101101e+06 	 4.046820e-05 	 2.244793e+07 	
1.51151151e+06 	 4.031411e-05 	 2.242470e+07 	
1.51201201e+06 	 4.016046e-05 	 2.240149e+07 	
1.51251251e+06 	 4.000724e-05 	 2.237830e+07 	
1.51301301e+06 	 3.985445e-05 	 2.235514e+07 	
1.51351351e+06 	 3.970209e-05 	 2.233201e+07 	
1.51401401e+06 	 3.955016e-05 	 2.230889e+07 	
1.51451451e+06 	 3.939865e-05 	 2.228580e+07 	
1.51501502e+06 	 3.924757e-05 	 2.226273e+07 	
1.51551552e+06 	 3.909691e-05 	 2.223969e+07 	
1.51601602e+06 	 3.894667e-05 	 2.221666e+07 	
1.51651652e+06 	 3.879686e-05 	 2.219366e+07 	
1.51701702e+06 	 3.864746e-05 	 2.217069e+07 	
1.51751752e+06 	 3.849847e-05 	 2.214774e+07 	
1.51801802e+06 	 3.834990e-05 	 2.212481e+07 	
1.51851852e+06 	 3.820175e-05 	 2.210190e+07 	
1.51901902e+06 	 3.805400e-05 	 2.207902e+07 	
1.51951952e+06 	 3.790667e-05 	 2.205615e+07 	
1.52002002e+06 	 3.775974e-05 	 2.203332e+07 	
1.52052052e+06 	 3.761322e-05 	 2.201050e+07 	
1.52102102e+06 	 3.746711e-05 	 2.198771e+07 	
1.52152152e+06 	 3.732140e-05 	 2.196494e+07 	
1.52202202e+06 	 3.717609e-05 	 2.194219e+07 	
1.52252252e+06 	 3.703118e-05 	 2.191947e+07 	
1.52302302e+06 	 3.688667e-05 	 2.189677e+07 	
1.52352352e+06 	 3.674256e-05 	 2.187409e+07 	
1.52402402e+06 	 3.659884e-05 	 2.185143e+07 	
1.52452452e+06 	 3.645552e-05 	 2.182880e+07 	
1.52502503e+06 	 3.631259e-05 	 2.180619e+07 	
1.52552553e+06 	 3.617005e-05 	 2.178360e+07 	
1.52602603e+06 	 3.602790e-05 	 2.176103e+07 	
1.52652653e+06 	 3.588613e-05 	 2.173849e+07 	
1.52702703e+06 	 3.574476e-05 	 2.171597e+07 	
1.52752753e+06 	 3.560376e-05 	 2.169347e+07 	
1.52802803e+06 	 3.546315e-05 	 2.167099e+07 	
1.52852853e+06 	 3.532292e-05 	 2.164854e+07 	
1.52902903e+06 	 3.518307e-05 	 2.162611e+07 	
1.52952953e+06 	 3.504360e-05 	 2.160370e+07 	
1.53003003e+06 	 3.490451e-05 	 2.158131e+07 	
1.53053053e+06 	 3.476579e-05 	 2.155895e+07 	
1.53103103e+06 	 3.462744e-05 	 2.153661e+07 	
1.53153153e+06 	 3.448947e-05 	 2.151429e+07 	
1.53203203e+06 	 3.435186e-05 	 2.149199e+07 	
1.53253253e+06 	 3.421461e-05 	 2.146971e+07 	
1.53303303e+06 	 3.407774e-05 	 2.144746e+07 	
1.53353353e+06 	 3.394123e-05 	 2.142523e+07 	
1.53403403e+06 	 3.380509e-05 	 2.140302e+07 	
1.53453453e+06 	 3.366931e-05 	 2.138083e+07 	
1.53503504e+06 	 3.353389e-05 	 2.135867e+07 	
1.53553554e+06 	 3.339884e-05 	 2.133653e+07 	
1.53603604e+06 	 3.326414e-05 	 2.131441e+07 	
1.53653654e+06 	 3.312981e-05 	 2.129231e+07 	
1.53703704e+06 	 3.299582e-05 	 2.127023e+07 	
1.53753754e+06 	 3.286220e-05 	 2.124818e+07 	
1.53803804e+06 	 3.272892e-05 	 2.122614e+07 	
1.53853854e+06 	 3.259600e-05 	 2.120413e+07 	
1.53903904e+06 	 3.246343e-05 	 2.118214e+07 	
1.53953954e+06 	 3.233120e-05 	 2.116018e+07 	
1.54004004e+06 	 3.219932e-05 	 2.113823e+07 	
1.54054054e+06 	 3.206779e-05 	 2.111631e+07 	
1.54104104e+06 	 3.193660e-05 	 2.109440e+07 	
1.54154154e+06 	 3.180575e-05 	 2.107252e+07 	
1.54204204e+06 	 3.167524e-05 	 2.105067e+07 	
1.54254254e+06 	 3.154670e-05 	 2.102881e+07 	
1.54304304e+06 	 3.141695e-05 	 2.100699e+07 	
1.54354354e+06 	 3.128753e-05 	 2.098520e+07 	
1.54404404e+06 	 3.115845e-05 	 2.096342e+07 	
1.54454454e+06 	 3.102970e-05 	 2.094167e+07 	
1.54504505e+06 	 3.090130e-05 	 2.091994e+07 	
1.54554555e+06 	 3.077322e-05 	 2.089824e+07 	
1.54604605e+06 	 3.064548e-05 	 2.087655e+07 	
1.54654655e+06 	 3.051806e-05 	 2.085488e+07 	
1.54704705e+06 	 3.039098e-05 	 2.083324e+07 	
1.54754755e+06 	 3.026423e-05 	 2.081162e+07 	
1.54804805e+06 	 3.013780e-05 	 2.079002e+07 	
1.54854855e+06 	 3.001170e-05 	 2.076844e+07 	
1.54904905e+06 	 2.988742e-05 	 2.074686e+07 	
1.54954955e+06 	 2.976204e-05 	 2.072532e+07 	
1.55005005e+06 	 2.963698e-05 	 2.070380e+07 	
1.55055055e+06 	 2.951224e-05 	 2.068231e+07 	
1.55105105e+06 	 2.938783e-05 	 2.066083e+07 	
1.55155155e+06 	 2.926373e-05 	 2.063938e+07 	
1.55205205e+06 	 2.913996e-05 	 2.061795e+07 	
1.55255255e+06 	 2.901650e-05 	 2.059654e+07 	
1.55305305e+06 	 2.889336e-05 	 2.057515e+07 	
1.55355355e+06 	 2.877054e-05 	 2.055378e+07 	
1.55405405e+06 	 2.864803e-05 	 2.053243e+07 	
1.55455455e+06 	 2.852584e-05 	 2.051111e+07 	
1.55505506e+06 	 2.840396e-05 	 2.048980e+07 	
1.55555556e+06 	 2.828239e-05 	 2.046852e+07 	
1.55605606e+06 	 2.815969e-05 	 2.044728e+07 	
1.55655656e+06 	 2.803868e-05 	 2.042604e+07 	
1.55705706e+06 	 2.791797e-05 	 2.040481e+07 	
1.55755756e+06 	 2.779756e-05 	 2.038362e+07 	
1.55805806e+06 	 2.767746e-05 	 2.036244e+07 	
1.55855856e+06 	 2.755765e-05 	 2.034128e+07 	
1.55905906e+06 	 2.743815e-05 	 2.032014e+07 	
1.55955956e+06 	 2.731895e-05 	 2.029903e+07 	
1.56006006e+06 	 2.720005e-05 	 2.027793e+07 	
1.56056056e+06 	 2.708144e-05 	 2.025686e+07 	
1.56106106e+06 	 2.696313e-05 	 2.023580e+07 	
1.56156156e+06 	 2.684511e-05 	 2.021477e+07 	
1.56206206e+06 	 2.672739e-05 	 2.019376e+07 	
1.56256256e+06 	 2.660996e-05 	 2.017277e+07 	
1.56306306e+06 	 2.649145e-05 	 2.015182e+07 	
1.56356356e+06 	 2.637453e-05 	 2.013087e+07 	
1.56406406e+06 	 2.625791e-05 	 2.010994e+07 	
1.56456456e+06 	 2.614156e-05 	 2.008904e+07 	
1.56506507e+06 	 2.602551e-05 	 2.006815e+07 	
1.56556557e+06 	 2.590973e-05 	 2.004728e+07 	
1.56606607e+06 	 2.579424e-05 	 2.002644e+07 	
1.56656657e+06 	 2.567902e-05 	 2.000561e+07 	
1.56706707e+06 	 2.556409e-05 	 1.998481e+07 	
1.56756757e+06 	 2.544943e-05 	 1.996402e+07 	
1.56806807e+06 	 2.533505e-05 	 1.994326e+07 	
1.56856857e+06 	 2.522095e-05 	 1.992252e+07 	
1.56906907e+06 	 2.510712e-05 	 1.990180e+07 	
1.56956957e+06 	 2.499230e-05 	 1.988111e+07 	
1.57007007e+06 	 2.487896e-05 	 1.986043e+07 	
1.57057057e+06 	 2.476588e-05 	 1.983977e+07 	
1.57107107e+06 	 2.465307e-05 	 1.981914e+07 	
1.57157157e+06 	 2.454053e-05 	 1.979852e+07 	
1.57207207e+06 	 2.442825e-05 	 1.977792e+07 	
1.57257257e+06 	 2.431623e-05 	 1.975734e+07 	
1.57307307e+06 	 2.420448e-05 	 1.973678e+07 	
1.57357357e+06 	 2.409298e-05 	 1.971625e+07 	
1.57407407e+06 	 2.398174e-05 	 1.969573e+07 	
1.57457457e+06 	 2.387077e-05 	 1.967523e+07 	
1.57507508e+06 	 2.376005e-05 	 1.965476e+07 	
1.57557558e+06 	 2.364958e-05 	 1.963430e+07 	
1.57607608e+06 	 2.353937e-05 	 1.961386e+07 	
1.57657658e+06 	 2.343060e-05 	 1.959343e+07 	
1.57707708e+06 	 2.332095e-05 	 1.957303e+07 	
1.57757758e+06 	 2.321155e-05 	 1.955266e+07 	
1.57807808e+06 	 2.310240e-05 	 1.953230e+07 	
1.57857858e+06 	 2.299350e-05 	 1.951197e+07 	
1.57907908e+06 	 2.288485e-05 	 1.949165e+07 	
1.57957958e+06 	 2.277645e-05 	 1.947136e+07 	
1.58008008e+06 	 2.266830e-05 	 1.945108e+07 	
1.58058058e+06 	 2.256039e-05 	 1.943083e+07 	
1.58108108e+06 	 2.245273e-05 	 1.941059e+07 	
1.58158158e+06 	 2.234531e-05 	 1.939038e+07 	
1.58208208e+06 	 2.223814e-05 	 1.937018e+07 	
1.58258258e+06 	 2.213121e-05 	 1.935001e+07 	
1.58308308e+06 	 2.202451e-05 	 1.932985e+07 	
1.58358358e+06 	 2.191693e-05 	 1.930974e+07 	
1.58408408e+06 	 2.181066e-05 	 1.928963e+07 	
1.58458458e+06 	 2.170463e-05 	 1.926953e+07 	
1.58508509e+06 	 2.159883e-05 	 1.924946e+07 	
1.58558559e+06 	 2.149326e-05 	 1.922941e+07 	
1.58608609e+06 	 2.138793e-05 	 1.920937e+07 	
1.58658659e+06 	 2.128282e-05 	 1.918936e+07 	
1.58708709e+06 	 2.117795e-05 	 1.916937e+07 	
1.58758759e+06 	 2.107330e-05 	 1.914939e+07 	
1.58808809e+06 	 2.096888e-05 	 1.912944e+07 	
1.58858859e+06 	 2.086468e-05 	 1.910951e+07 	
1.58908909e+06 	 2.076071e-05 	 1.908959e+07 	
1.58958959e+06 	 2.065696e-05 	 1.906970e+07 	
1.59009009e+06 	 2.055344e-05 	 1.904983e+07 	
1.59059059e+06 	 2.044907e-05 	 1.903000e+07 	
1.59109109e+06 	 2.034593e-05 	 1.901016e+07 	
1.59159159e+06 	 2.024302e-05 	 1.899035e+07 	
1.59209209e+06 	 2.014031e-05 	 1.897056e+07 	
1.59259259e+06 	 2.003783e-05 	 1.895079e+07 	
1.59309309e+06 	 1.993555e-05 	 1.893103e+07 	
1.59359359e+06 	 1.983349e-05 	 1.891130e+07 	
1.59409409e+06 	 1.973163e-05 	 1.889159e+07 	
1.59459459e+06 	 1.962999e-05 	 1.887189e+07 	
1.59509510e+06 	 1.952856e-05 	 1.885222e+07 	
1.59559560e+06 	 1.942733e-05 	 1.883257e+07 	
1.59609610e+06 	 1.932630e-05 	 1.881293e+07 	
1.59659660e+06 	 1.922549e-05 	 1.879332e+07 	
1.59709710e+06 	 1.912487e-05 	 1.877373e+07 	
1.59759760e+06 	 1.902346e-05 	 1.875417e+07 	
1.59809810e+06 	 1.892320e-05 	 1.873462e+07 	
1.59859860e+06 	 1.882314e-05 	 1.871509e+07 	
1.59909910e+06 	 1.872328e-05 	 1.869558e+07 	
1.59959960e+06 	 1.862361e-05 	 1.867608e+07 	
1.60010010e+06 	 1.852414e-05 	 1.865661e+07 	
1.60060060e+06 	 1.842486e-05 	 1.863716e+07 	
1.60110110e+06 	 1.832577e-05 	 1.861772e+07 	
1.60160160e+06 	 1.822687e-05 	 1.859831e+07 	
1.60210210e+06 	 1.812815e-05 	 1.857892e+07 	
1.60260260e+06 	 1.802963e-05 	 1.855954e+07 	
1.60310310e+06 	 1.793129e-05 	 1.854019e+07 	
1.60360360e+06 	 1.783314e-05 	 1.852086e+07 	
1.60410410e+06 	 1.773428e-05 	 1.850156e+07 	
1.60460460e+06 	 1.763645e-05 	 1.848227e+07 	
1.60510511e+06 	 1.753880e-05 	 1.846300e+07 	
1.60560561e+06 	 1.744133e-05 	 1.844375e+07 	
1.60610611e+06 	 1.734403e-05 	 1.842451e+07 	
1.60660661e+06 	 1.724691e-05 	 1.840530e+07 	
1.60710711e+06 	 1.714996e-05 	 1.838611e+07 	
1.60760761e+06 	 1.705319e-05 	 1.836694e+07 	
1.60810811e+06 	 1.695658e-05 	 1.834779e+07 	
1.60860861e+06 	 1.686015e-05 	 1.832865e+07 	
1.60910911e+06 	 1.676388e-05 	 1.830954e+07 	
1.60960961e+06 	 1.666778e-05 	 1.829045e+07 	
1.61011011e+06 	 1.657185e-05 	 1.827138e+07 	
1.61061061e+06 	 1.647607e-05 	 1.825233e+07 	
1.61111111e+06 	 1.638130e-05 	 1.823328e+07 	
1.61161161e+06 	 1.628588e-05 	 1.821427e+07 	
1.61211211e+06 	 1.619063e-05 	 1.819527e+07 	
1.61261261e+06 	 1.609554e-05 	 1.817630e+07 	
1.61311311e+06 	 1.600061e-05 	 1.815735e+07 	
1.61361361e+06 	 1.590583e-05 	 1.813842e+07 	
1.61411411e+06 	 1.581121e-05 	 1.811951e+07 	
1.61461461e+06 	 1.571674e-05 	 1.810062e+07 	
1.61511512e+06 	 1.562242e-05 	 1.808175e+07 	
1.61561562e+06 	 1.552825e-05 	 1.806290e+07 	
1.61611612e+06 	 1.543424e-05 	 1.804407e+07 	
1.61661662e+06 	 1.534037e-05 	 1.802526e+07 	
1.61711712e+06 	 1.524664e-05 	 1.800647e+07 	
1.61761762e+06 	 1.515307e-05 	 1.798771e+07 	
1.61811812e+06 	 1.506040e-05 	 1.796894e+07 	
1.61861862e+06 	 1.496715e-05 	 1.795021e+07 	
1.61911912e+06 	 1.487403e-05 	 1.793150e+07 	
1.61961962e+06 	 1.478105e-05 	 1.791282e+07 	
1.62012012e+06 	 1.468822e-05 	 1.789415e+07 	
1.62062062e+06 	 1.459552e-05 	 1.787551e+07 	
1.62112112e+06 	 1.450295e-05 	 1.785688e+07 	
1.62162162e+06 	 1.441052e-05 	 1.783828e+07 	
1.62212212e+06 	 1.431823e-05 	 1.781970e+07 	
1.62262262e+06 	 1.422606e-05 	 1.780113e+07 	
1.62312312e+06 	 1.413403e-05 	 1.778259e+07 	
1.62362362e+06 	 1.404212e-05 	 1.776407e+07 	
1.62412412e+06 	 1.395035e-05 	 1.774557e+07 	
1.62462462e+06 	 1.385869e-05 	 1.772710e+07 	
1.62512513e+06 	 1.376645e-05 	 1.770866e+07 	
1.62562563e+06 	 1.367502e-05 	 1.769022e+07 	
1.62612613e+06 	 1.358370e-05 	 1.767181e+07 	
1.62662663e+06 	 1.349250e-05 	 1.765342e+07 	
1.62712713e+06 	 1.340142e-05 	 1.763505e+07 	
1.62762763e+06 	 1.331045e-05 	 1.761670e+07 	
1.62812813e+06 	 1.321960e-05 	 1.759837e+07 	
1.62862863e+06 	 1.312886e-05 	 1.758006e+07 	
1.62912913e+06 	 1.303823e-05 	 1.756178e+07 	
1.62962963e+06 	 1.294771e-05 	 1.754352e+07 	
1.63013013e+06 	 1.285730e-05 	 1.752528e+07 	
1.63063063e+06 	 1.276699e-05 	 1.750706e+07 	
1.63113113e+06 	 1.267679e-05 	 1.748886e+07 	
1.63163163e+06 	 1.258668e-05 	 1.747068e+07 	
1.63213213e+06 	 1.249603e-05 	 1.745255e+07 	
1.63263263e+06 	 1.240610e-05 	 1.743442e+07 	
1.63313313e+06 	 1.231627e-05 	 1.741632e+07 	
1.63363363e+06 	 1.222653e-05 	 1.739823e+07 	
1.63413413e+06 	 1.213689e-05 	 1.738017e+07 	
1.63463463e+06 	 1.204734e-05 	 1.736213e+07 	
1.63513514e+06 	 1.195787e-05 	 1.734411e+07 	
1.63563564e+06 	 1.186850e-05 	 1.732612e+07 	
1.63613614e+06 	 1.177921e-05 	 1.730815e+07 	
1.63663664e+06 	 1.169001e-05 	 1.729020e+07 	
1.63713714e+06 	 1.160089e-05 	 1.727228e+07 	
1.63763764e+06 	 1.151185e-05 	 1.725438e+07 	
1.63813814e+06 	 1.142290e-05 	 1.723650e+07 	
1.63863864e+06 	 1.133459e-05 	 1.721863e+07 	
1.63913914e+06 	 1.124581e-05 	 1.720080e+07 	
1.63963964e+06 	 1.115711e-05 	 1.718299e+07 	
1.64014014e+06 	 1.106848e-05 	 1.716521e+07 	
1.64064064e+06 	 1.097993e-05 	 1.714745e+07 	
1.64114114e+06 	 1.089144e-05 	 1.712972e+07 	
1.64164164e+06 	 1.080303e-05 	 1.711201e+07 	
1.64214214e+06 	 1.071468e-05 	 1.709432e+07 	
1.64264264e+06 	 1.062641e-05 	 1.707666e+07 	
1.64314314e+06 	 1.053819e-05 	 1.705903e+07 	
1.64364364e+06 	 1.045004e-05 	 1.704142e+07 	
1.64414414e+06 	 1.036195e-05 	 1.702384e+07 	
1.64464464e+06 	 1.027393e-05 	 1.700628e+07 	
1.64514515e+06 	 1.018596e-05 	 1.698875e+07 	
1.64564565e+06 	 1.009856e-05 	 1.697122e+07 	
1.64614615e+06 	 1.001073e-05 	 1.695374e+07 	
1.64664665e+06 	 9.922950e-06 	 1.693629e+07 	
1.64714715e+06 	 9.835227e-06 	 1.691886e+07 	
1.64764765e+06 	 9.747557e-06 	 1.690146e+07 	
1.64814815e+06 	 9.659938e-06 	 1.688409e+07 	
1.64864865e+06 	 9.572370e-06 	 1.686674e+07 	
1.64914915e+06 	 9.484851e-06 	 1.684943e+07 	
1.64964965e+06 	 9.397380e-06 	 1.683214e+07 	
1.65015015e+06 	 9.309956e-06 	 1.681487e+07 	
1.65065065e+06 	 9.222577e-06 	 1.679764e+07 	
1.65115115e+06 	 9.135244e-06 	 1.678044e+07 	
1.65165165e+06 	 9.047955e-06 	 1.676326e+07 	
1.65215215e+06 	 8.960708e-06 	 1.674612e+07 	
1.65265265e+06 	 8.873046e-06 	 1.672902e+07 	
1.65315315e+06 	 8.785864e-06 	 1.671194e+07 	
1.65365365e+06 	 8.698722e-06 	 1.669488e+07 	
1.65415415e+06 	 8.611619e-06 	 1.667786e+07 	
1.65465465e+06 	 8.524554e-06 	 1.666086e+07 	
1.65515516e+06 	 8.437528e-06 	 1.664390e+07 	
1.65565566e+06 	 8.350539e-06 	 1.662697e+07 	
1.65615616e+06 	 8.263587e-06 	 1.661008e+07 	
1.65665666e+06 	 8.176673e-06 	 1.659321e+07 	
1.65715716e+06 	 8.089795e-06 	 1.657638e+07 	
1.65765766e+06 	 8.002955e-06 	 1.655958e+07 	
1.65815816e+06 	 7.916151e-06 	 1.654282e+07 	
1.65865866e+06 	 7.829385e-06 	 1.652609e+07 	
1.65915916e+06 	 7.742656e-06 	 1.650939e+07 	
1.65965966e+06 	 7.655564e-06 	 1.649276e+07 	
1.66016016e+06 	 7.568896e-06 	 1.647613e+07 	
1.66066066e+06 	 7.482266e-06 	 1.645955e+07 	
1.66116116e+06 	 7.395675e-06 	 1.644300e+07 	
1.66166166e+06 	 7.309126e-06 	 1.642649e+07 	
1.66216216e+06 	 7.222618e-06 	 1.641001e+07 	
1.66266266e+06 	 7.136153e-06 	 1.639358e+07 	
1.66316316e+06 	 7.049733e-06 	 1.637718e+07 	
1.66366366e+06 	 6.963360e-06 	 1.636082e+07 	
1.66416416e+06 	 6.877035e-06 	 1.634450e+07 	
1.66466466e+06 	 6.790761e-06 	 1.632823e+07 	
1.66516517e+06 	 6.704539e-06 	 1.631199e+07 	
1.66566567e+06 	 6.618373e-06 	 1.629580e+07 	
1.66616617e+06 	 6.532597e-06 	 1.627963e+07 	
1.66666667e+06 	 6.446564e-06 	 1.626352e+07 	
1.66716717e+06 	 6.360596e-06 	 1.624746e+07 	
1.66766767e+06 	 6.274697e-06 	 1.623144e+07 	
1.66816817e+06 	 6.188871e-06 	 1.621547e+07 	
1.66866867e+06 	 6.103122e-06 	 1.619954e+07 	
1.66916917e+06 	 6.017455e-06 	 1.618367e+07 	
1.66966967e+06 	 5.931874e-06 	 1.616784e+07 	
1.67017017e+06 	 5.846385e-06 	 1.615205e+07 	
1.67067067e+06 	 5.760993e-06 	 1.613632e+07 	
1.67117117e+06 	 5.675704e-06 	 1.612064e+07 	
1.67167167e+06 	 5.590523e-06 	 1.610501e+07 	
1.67217217e+06 	 5.505459e-06 	 1.608943e+07 	
1.67267267e+06 	 5.420517e-06 	 1.607391e+07 	
1.67317317e+06 	 5.335429e-06 	 1.605845e+07 	
1.67367367e+06 	 5.250744e-06 	 1.604304e+07 	
1.67417417e+06 	 5.166205e-06 	 1.602768e+07 	
1.67467467e+06 	 5.081821e-06 	 1.601238e+07 	
1.67517518e+06 	 4.997599e-06 	 1.599714e+07 	
1.67567568e+06 	 4.913550e-06 	 1.598195e+07 	
1.67617618e+06 	 4.829683e-06 	 1.596683e+07 	
1.67667668e+06 	 4.746009e-06 	 1.595177e+07 	
1.67717718e+06 	 4.662539e-06 	 1.593677e+07 	
1.67767768e+06 	 4.579284e-06 	 1.592183e+07 	
1.67817818e+06 	 4.496256e-06 	 1.590696e+07 	
1.67867868e+06 	 4.413468e-06 	 1.589216e+07 	
1.67917918e+06 	 4.330932e-06 	 1.587742e+07 	
1.67967968e+06 	 4.248875e-06 	 1.586274e+07 	
1.68018018e+06 	 4.166891e-06 	 1.584814e+07 	
1.68068068e+06 	 4.085202e-06 	 1.583361e+07 	
1.68118118e+06 	 4.003821e-06 	 1.581915e+07 	
1.68168168e+06 	 3.922766e-06 	 1.580477e+07 	
1.68218218e+06 	 3.842051e-06 	 1.579046e+07 	
1.68268268e+06 	 3.761694e-06 	 1.577623e+07 	
1.68318318e+06 	 3.681711e-06 	 1.576208e+07 	
1.68368368e+06 	 3.602121e-06 	 1.574801e+07 	
1.68418418e+06 	 3.522942e-06 	 1.573402e+07 	
1.68468468e+06 	 3.444192e-06 	 1.572011e+07 	
1.68518519e+06 	 3.365890e-06 	 1.570628e+07 	
1.68568569e+06 	 3.288057e-06 	 1.569254e+07 	
1.68618619e+06 	 3.210713e-06 	 1.567889e+07 	
1.68668669e+06 	 3.133715e-06 	 1.566534e+07 	
1.68718719e+06 	 3.057406e-06 	 1.565187e+07 	
1.68768769e+06 	 2.981649e-06 	 1.563848e+07 	
1.68818819e+06 	 2.906466e-06 	 1.562519e+07 	
1.68868869e+06 	 2.831880e-06 	 1.561200e+07 	
1.68918919e+06 	 2.757913e-06 	 1.559890e+07 	
1.68968969e+06 	 2.684589e-06 	 1.558590e+07 	
1.69019019e+06 	 2.611931e-06 	 1.557299e+07 	
1.69069069e+06 	 2.539963e-06 	 1.556019e+07 	
1.69119119e+06 	 2.468708e-06 	 1.554749e+07 	
1.69169169e+06 	 2.398191e-06 	 1.553490e+07 	
1.69219219e+06 	 2.328436e-06 	 1.552241e+07 	
1.69269269e+06 	 2.259468e-06 	 1.551002e+07 	
1.69319319e+06 	 2.191198e-06 	 1.549777e+07 	
1.69369369e+06 	 2.123873e-06 	 1.548561e+07 	
1.69419419e+06 	 2.057407e-06 	 1.547356e+07 	
1.69469469e+06 	 1.991825e-06 	 1.546162e+07 	
1.69519520e+06 	 1.927151e-06 	 1.544980e+07 	
1.69569570e+06 	 1.863408e-06 	 1.543810e+07 	
1.69619620e+06 	 1.800620e-06 	 1.542651e+07 	
1.69669670e+06 	 1.738810e-06 	 1.541505e+07 	
1.69719720e+06 	 1.678000e-06 	 1.540370e+07 	
1.69769770e+06 	 1.618212e-06 	 1.539248e+07 	
1.69819820e+06 	 1.559468e-06 	 1.538139e+07 	
1.69869870e+06 	 1.501789e-06 	 1.537041e+07 	
1.69919920e+06 	 1.445195e-06 	 1.535957e+07 	
1.69969970e+06 	 1.389775e-06 	 1.534883e+07 	
1.70020020e+06 	 1.335407e-06 	 1.533824e+07 	
1.70070070e+06 	 1.282178e-06 	 1.532778e+07 	
1.70120120e+06 	 1.230105e-06 	 1.531746e+07 	
1.70170170e+06 	 1.179202e-06 	 1.530726e+07 	
1.70220220e+06 	 1.129484e-06 	 1.529720e+07 	
1.70270270e+06 	 1.080963e-06 	 1.528728e+07 	
1.70320320e+06 	 1.033650e-06 	 1.527749e+07 	
1.70370370e+06 	 9.875556e-07 	 1.526783e+07 	
1.70420420e+06 	 9.426881e-07 	 1.525831e+07 	
1.70470470e+06 	 8.990545e-07 	 1.524894e+07 	
1.70520521e+06 	 8.566601e-07 	 1.523970e+07 	
1.70570571e+06 	 8.155089e-07 	 1.523060e+07 	
1.70620621e+06 	 7.755623e-07 	 1.522166e+07 	
1.70670671e+06 	 7.369021e-07 	 1.521284e+07 	
1.70720721e+06 	 6.994867e-07 	 1.520416e+07 	
1.70770771e+06 	 6.633133e-07 	 1.519562e+07 	
1.70820821e+06 	 6.283774e-07 	 1.518722e+07 	
1.70870871e+06 	 5.946726e-07 	 1.517896e+07 	
1.70920921e+06 	 5.621910e-07 	 1.517085e+07 	
1.70970971e+06 	 5.309230e-07 	 1.516287e+07 	
1.71021021e+06 	 5.008571e-07 	 1.515504e+07 	
1.71071071e+06 	 4.719804e-07 	 1.514734e+07 	
1.71121121e+06 	 4.442781e-07 	 1.513979e+07 	
1.71171171e+06 	 4.177551e-07 	 1.513235e+07 	
1.71221221e+06 	 3.923517e-07 	 1.512507e+07 	
1.71271271e+06 	 3.680696e-07 	 1.511792e+07 	
1.71321321e+06 	 3.448881e-07 	 1.511092e+07 	
1.71371371e+06 	 3.227855e-07 	 1.510405e+07 	
1.71421421e+06 	 3.017384e-07 	 1.509732e+07 	
1.71471471e+06 	 2.817225e-07 	 1.509072e+07 	
1.71521522e+06 	 2.627124e-07 	 1.508425e+07 	
1.71571572e+06 	 2.446815e-07 	 1.507791e+07 	
1.71621622e+06 	 2.276026e-07 	 1.507171e+07 	
1.71671672e+06 	 2.114476e-07 	 1.506563e+07 	
1.71721722e+06 	 1.961977e-07 	 1.505965e+07 	
1.71771772e+06 	 1.818033e-07 	 1.505382e+07 	
1.71821822e+06 	 1.682447e-07 	 1.504812e+07 	
1.71871872e+06 	 1.554917e-07 	 1.504254e+07 	
1.71921922e+06 	 1.435138e-07 	 1.503708e+07 	
1.71971972e+06 	 1.322802e-07 	 1.503173e+07 	
1.72022022e+06 	 1.217604e-07 	 1.502651e+07 	
1.72072072e+06 	 1.119236e-07 	 1.502139e+07 	
1.72122122e+06 	 1.027393e-07 	 1.501639e+07 	
1.72172172e+06 	 9.418226e-08 	 1.501146e+07 	
1.72222222e+06 	 8.621258e-08 	 1.500668e+07 	
1.72272272e+06 	 7.880568e-08 	 1.500199e+07 	
1.72322322e+06 	 7.193252e-08 	 1.499741e+07 	
1.72372372e+06 	 6.556461e-08 	 1.499293e+07 	
1.72422422e+06 	 5.967411e-08 	 1.498855e+07 	
1.72472472e+06 	 5.423388e-08 	 1.498427e+07 	
1.72522523e+06 	 4.922009e-08 	 1.498002e+07 	
1.72572573e+06 	 4.460204e-08 	 1.497591e+07 	
1.72622623e+06 	 4.035751e-08 	 1.497189e+07 	
1.72672673e+06 	 3.646263e-08 	 1.496795e+07 	
1.72722723e+06 	 3.289443e-08 	 1.496409e+07 	
1.72772773e+06 	 2.963087e-08 	 1.496031e+07 	
1.72822823e+06 	 2.664933e-08 	 1.495667e+07 	
1.72872873e+06 	 2.393266e-08 	 1.495306e+07 	
1.72922923e+06 	 2.146022e-08 	 1.494952e+07 	
1.72972973e+06 	 1.921379e-08 	 1.494605e+07 	
1.73023023e+06 	 1.717712e-08 	 1.494256e+07 	
1.73073073e+06 	 1.533200e-08 	 1.493920e+07 	
1.73123123e+06 	 1.366398e-08 	 1.493591e+07 	
1.73173173e+06 	 1.215931e-08 	 1.493256e+07 	
1.73223223e+06 	 1.080312e-08 	 1.492933e+07 	
1.73273273e+06 	 9.582864e-09 	 1.492625e+07 	
1.73323323e+06 	 8.487572e-09 	 1.492313e+07 	
1.73373373e+06 	 7.505416e-09 	 1.492016e+07 	
1.73423423e+06 	 6.626812e-09 	 1.491713e+07 	
1.73473473e+06 	 5.841776e-09 	 1.491421e+07 	
1.73523524e+06 	 5.141807e-09 	 1.491123e+07 	
1.73573574e+06 	 4.518681e-09 	 1.490819e+07 	
1.73623624e+06 	 3.964476e-09 	 1.490561e+07 	
1.73673674e+06 	 3.473041e-09 	 1.490271e+07 	
1.73723724e+06 	 3.037602e-09 	 1.490009e+07 	
1.73773774e+06 	 2.652681e-09 	 1.489728e+07 	
1.73823824e+06 	 2.312797e-09 	 1.489477e+07 	
1.73873874e+06 	 2.013301e-09 	 1.489229e+07 	
1.73923924e+06 	 1.749933e-09 	 1.488937e+07 	
1.73973974e+06 	 1.518553e-09 	 1.488688e+07 	
1.74024024e+06 	 1.315731e-09 	 1.488401e+07 	
1.74074074e+06 	 1.138229e-09 	 1.488092e+07 	
1.74124124e+06 	 9.830624e-10 	 1.487884e+07 	
1.74174174e+06 	 8.477613e-10 	 1.487595e+07 	
1.74224224e+06 	 7.299076e-10 	 1.487372e+07 	
1.74274274e+06 	 6.274715e-10 	 1.487101e+07 	
1.74324324e+06 	 5.385578e-10 	 1.486863e+07 	
1.74374374e+06 	 4.615271e-10 	 1.486600e+07 	
1.74424424e+06 	 3.948928e-10 	 1.486358e+07 	
1.74474474e+06 	 3.373543e-10 	 1.486105e+07 	
1.74524525e+06 	 2.877501e-10 	 1.485857e+07 	
1.74574575e+06 	 2.450584e-10 	 1.485605e+07 	
1.74624625e+06 	 2.083761e-10 	 1.485358e+07 	
1.74674675e+06 	 1.769101e-10 	 1.485109e+07 	
1.98843301e+06 	 1.000000e-20 	 1.379011e+07 	
2.26355987e+06 	 1.000000e-20 	 1.282311e+07 	
2.57675429e+06 	 1.000000e-20 	 1.193778e+07 	
2.93328343e+06 	 1.000000e-20 	 1.112431e+07 	
3.33914325e+06 	 1.000000e-20 	 1.037468e+07 	
3.80115932e+06 	 1.000000e-20 	 9.682190e+06 	
4.32710162e+06 	 1.000000e-20 	 9.041165e+06 	
4.92581521e+06 	 1.000000e-20 	 8.446759e+06 	
5.60736901e+06 	 1.000000e-20 	 7.894777e+06 	
6.38322508e+06 	 1.000000e-20 	 7.381551e+06 	
7.26643144e+06 	 1.000000e-20 	 6.903853e+06 	
8.27184146e+06 	 1.000000e-20 	 6.458819e+06 	
9.41636368e+06 	 1.000000e-20 	 6.043888e+06 	
1.07192462e+07 	 1.000000e-20 	 5.656764e+06 	
1.22024003e+07 	 1.000000e-20 	 5.295370e+06 	
1.38907690e+07 	 1.000000e-20 	 4.957826e+06 	
1.58127465e+07 	 1.000000e-20 	 4.642419e+06 	
1.80006560e+07 	 1.000000e-20 	 4.347585e+06 	
2.04912925e+07 	 1.000000e-20 	 4.071890e+06 	
2.33265426e+07 	 1.000000e-20 	 3.814016e+06 	
2.65540884e+07 	 1.000000e-20 	 3.572752e+06 	
3.02282091e+07 	 1.000000e-20 	 3.346976e+06 	
3.44106946e+07 	 1.000000e-20 	 3.135655e+06 	
3.91718841e+07 	 1.000000e-20 	 2.937829e+06 	
4.45918492e+07 	 1.000000e-20 	 2.752609e+06 	
5.07617404e+07 	 1.000000e-20 	 2.579169e+06 	
5.77853204e+07 	 1.000000e-20 	 2.416743e+06 	
6.57807085e+07 	 1.000000e-20 	 2.264614e+06 	
7.48823678e+07 	 1.000000e-20 	 2.122120e+06 	
8.52433660e+07 	 1.000000e-20 	 1.988638e+06 	
9.70379497e+07 	 1.000000e-20 	 1.863591e+06 	
1.10464475e+08 	 1.000000e-20 	 1.746438e+06 	
1.25748744e+08 	 1.000000e-20 	 1.636677e+06 	
1.43147800e+08 	 1.000000e-20 	 1.533835e+06 	
1.62954252e+08 	 1.000000e-20 	 1.437473e+06 	
1.85501198e+08 	 1.000000e-20 	 1.347179e+06 	
2.11167822e+08 	 1.000000e-20 	 1.262569e+06 	
2.40385774e+08 	 1.000000e-20 	 1.183283e+06 	
2.73646428e+08 	 1.000000e-20 	 1.108984e+06 	
3.11509149e+08 	 1.000000e-20 	 1.039357e+06 	
3.54610693e+08 	 1.000000e-20 	 9.741069e+05 	
4.03675925e+08 	 1.000000e-20 	 9.129576e+05 	
4.59530001e+08 	 1.000000e-20 	 8.556507e+05 	
5.23112252e+08 	 1.000000e-20 	 8.019440e+05 	
5.95491976e+08 	 1.000000e-20 	 7.516108e+05 	
6.77886422e+08 	 1.000000e-20 	 7.044388e+05 	
7.71681266e+08 	 1.000000e-20 	 6.602291e+05 	
8.78453906e+08 	 1.000000e-20 	 6.187954e+05 	
1.00000000e+09 	 1.000000e-20 	 5.799630e+05 	
