r (cm)        	 rho (g/cm3) 	 T (K)       		 Linf = 3.254597e+38
1.20000030e+06 	 1.276140e+05 	 1.250049e+09 	
1.20004829e+06 	 1.195262e+05 	 1.229379e+09 	
1.20015400e+06 	 1.031955e+05 	 1.184253e+09 	
1.20025740e+06 	 8.905124e+04 	 1.140665e+09 	
1.20036080e+06 	 7.655350e+04 	 1.097645e+09 	
1.20046420e+06 	 6.554972e+04 	 1.055215e+09 	
1.20054850e+06 	 5.758464e+04 	 1.021073e+09 	
1.20063280e+06 	 5.044484e+04 	 9.873496e+08 	
1.20071710e+06 	 4.406180e+04 	 9.540573e+08 	
1.20080140e+06 	 3.837101e+04 	 9.212091e+08 	
1.20088570e+06 	 3.331186e+04 	 8.888182e+08 	
1.20096893e+06 	 2.888148e+04 	 8.573036e+08 	
1.20105215e+06 	 2.496018e+04 	 8.262617e+08 	
1.20113537e+06 	 2.150019e+04 	 7.957066e+08 	
1.20120423e+06 	 1.895443e+04 	 7.708042e+08 	
1.20127308e+06 	 1.667039e+04 	 7.462529e+08 	
1.20134194e+06 	 1.462592e+04 	 7.220610e+08 	
1.20141080e+06 	 1.280029e+04 	 6.982371e+08 	
1.20147965e+06 	 1.117409e+04 	 6.747896e+08 	
1.20154830e+06 	 9.733395e+03 	 6.517978e+08 	
1.20161694e+06 	 8.456168e+03 	 6.291973e+08 	
1.20168559e+06 	 7.326863e+03 	 6.069967e+08 	
1.20174220e+06 	 6.496558e+03 	 5.889945e+08 	
1.20179881e+06 	 5.749509e+03 	 5.712750e+08 	
1.20185542e+06 	 5.078666e+03 	 5.538431e+08 	
1.20191203e+06 	 4.477443e+03 	 5.367036e+08 	
1.20196865e+06 	 3.939694e+03 	 5.198612e+08 	
1.20202526e+06 	 3.459701e+03 	 5.033205e+08 	
1.20208232e+06 	 3.028940e+03 	 4.869581e+08 	
1.20213938e+06 	 2.646419e+03 	 4.709116e+08 	
1.20219645e+06 	 2.307475e+03 	 4.551854e+08 	
1.20224377e+06 	 2.056362e+03 	 4.423901e+08 	
1.20229109e+06 	 1.829980e+03 	 4.298205e+08 	
1.20233841e+06 	 1.626210e+03 	 4.174789e+08 	
1.20238573e+06 	 1.443081e+03 	 4.053675e+08 	
1.20243305e+06 	 1.278762e+03 	 3.934883e+08 	
1.20248037e+06 	 1.131556e+03 	 3.818434e+08 	
1.20252769e+06 	 9.998915e+02 	 3.704347e+08 	
1.20257674e+06 	 8.782787e+02 	 3.588610e+08 	
1.20262579e+06 	 7.703150e+02 	 3.475445e+08 	
1.20266649e+06 	 6.900977e+02 	 3.383494e+08 	
1.20270720e+06 	 6.176185e+02 	 3.293333e+08 	
1.20274790e+06 	 5.522093e+02 	 3.204971e+08 	
1.20278860e+06 	 4.932508e+02 	 3.118412e+08 	
1.20282931e+06 	 4.401698e+02 	 3.033661e+08 	
1.20287001e+06 	 3.924370e+02 	 2.950723e+08 	
1.20291072e+06 	 3.495638e+02 	 2.869600e+08 	
1.20295142e+06 	 3.111002e+02 	 2.790294e+08 	
1.20299212e+06 	 2.766325e+02 	 2.712805e+08 	
1.20303518e+06 	 2.440976e+02 	 2.632805e+08 	
1.20307073e+06 	 2.199990e+02 	 2.568303e+08 	
1.20310627e+06 	 1.981643e+02 	 2.505180e+08 	
1.20314181e+06 	 1.783971e+02 	 2.443435e+08 	
1.20317735e+06 	 1.605162e+02 	 2.383062e+08 	
1.20321290e+06 	 1.443545e+02 	 2.324057e+08 	
1.20324844e+06 	 1.297580e+02 	 2.266415e+08 	
1.20328398e+06 	 1.165852e+02 	 2.210129e+08 	
1.20331952e+06 	 1.047060e+02 	 2.155190e+08 	
1.20335506e+06 	 9.400093e+01 	 2.101592e+08 	
1.20339061e+06 	 8.436070e+01 	 2.049326e+08 	
1.20342615e+06 	 7.568515e+01 	 1.998381e+08 	
1.20346169e+06 	 6.788276e+01 	 1.948746e+08 	
1.20349723e+06 	 6.086993e+01 	 1.900410e+08 	
1.20353278e+06 	 5.457044e+01 	 1.853362e+08 	
1.20356832e+06 	 4.891484e+01 	 1.807587e+08 	
1.20360279e+06 	 4.398539e+01 	 1.764399e+08 	
1.20363725e+06 	 3.954962e+01 	 1.722382e+08 	
1.20367172e+06 	 3.555978e+01 	 1.681523e+08 	
1.20370619e+06 	 3.197246e+01 	 1.641807e+08 	
1.20374066e+06 	 2.874819e+01 	 1.603218e+08 	
1.20377513e+06 	 2.585118e+01 	 1.565741e+08 	
1.20380960e+06 	 2.324895e+01 	 1.529359e+08 	
1.20384406e+06 	 2.091210e+01 	 1.494055e+08 	
1.20387853e+06 	 1.881400e+01 	 1.459812e+08 	
1.20391300e+06 	 1.693059e+01 	 1.426612e+08 	
1.20394747e+06 	 1.524014e+01 	 1.394436e+08 	
1.20398194e+06 	 1.372302e+01 	 1.363266e+08 	
1.20401640e+06 	 1.236152e+01 	 1.333081e+08 	
1.20405087e+06 	 1.113972e+01 	 1.303864e+08 	
1.20408534e+06 	 1.004324e+01 	 1.275593e+08 	
1.20411981e+06 	 9.059169e+00 	 1.248248e+08 	
1.20415428e+06 	 8.175888e+00 	 1.221810e+08 	
1.20419381e+06 	 7.273388e+00 	 1.192573e+08 	
1.20423335e+06 	 6.475759e+00 	 1.164469e+08 	
1.20427289e+06 	 5.770595e+00 	 1.137467e+08 	
1.20431243e+06 	 5.146946e+00 	 1.111535e+08 	
1.20435196e+06 	 4.595152e+00 	 1.086642e+08 	
1.20439150e+06 	 4.106695e+00 	 1.062755e+08 	
1.20443104e+06 	 3.674070e+00 	 1.039842e+08 	
1.20447057e+06 	 3.290665e+00 	 1.017873e+08 	
1.20451011e+06 	 2.950658e+00 	 9.968144e+07 	
1.20454965e+06 	 2.648925e+00 	 9.766364e+07 	
1.20458919e+06 	 2.380955e+00 	 9.573077e+07 	
1.20462872e+06 	 2.142779e+00 	 9.387977e+07 	
1.20466826e+06 	 1.930906e+00 	 9.210765e+07 	
1.20470780e+06 	 1.742262e+00 	 9.041143e+07 	
1.20474733e+06 	 1.574144e+00 	 8.878821e+07 	
1.20479284e+06 	 1.402978e+00 	 8.700661e+07 	
1.20483835e+06 	 1.252698e+00 	 8.531369e+07 	
1.20488385e+06 	 1.120575e+00 	 8.370532e+07 	
1.20492936e+06 	 1.004247e+00 	 8.217749e+07 	
1.20497486e+06 	 9.016767e-01 	 8.072631e+07 	
1.20502037e+06 	 8.111000e-01 	 7.934801e+07 	
1.20506587e+06 	 7.309916e-01 	 7.803898e+07 	
1.20511138e+06 	 6.600307e-01 	 7.679570e+07 	
1.20517315e+06 	 5.763210e-01 	 7.520734e+07 	
1.20523492e+06 	 5.049511e-01 	 7.372596e+07 	
1.20529668e+06 	 4.439192e-01 	 7.234403e+07 	
1.20535845e+06 	 3.915698e-01 	 7.105446e+07 	
1.20542022e+06 	 3.465315e-01 	 6.985058e+07 	
1.20548199e+06 	 3.076655e-01 	 6.872619e+07 	
1.20554376e+06 	 2.740244e-01 	 6.767547e+07 	
1.20561676e+06 	 2.399269e-01 	 6.652119e+07 	
1.20568977e+06 	 2.109568e-01 	 6.545407e+07 	
1.20576278e+06 	 1.862420e-01 	 6.446655e+07 	
1.20583579e+06 	 1.650723e-01 	 6.355176e+07 	
1.20590880e+06 	 1.468674e-01 	 6.270340e+07 	
1.20600893e+06 	 1.258665e-01 	 6.163757e+07 	
1.20610906e+06 	 1.085796e-01 	 6.067278e+07 	
1.20620918e+06 	 9.425266e-02 	 5.979745e+07 	
1.20630931e+06 	 8.230059e-02 	 5.900142e+07 	
1.20644562e+06 	 6.904097e-02 	 5.802936e+07 	
1.20658193e+06 	 5.847607e-02 	 5.716868e+07 	
1.20671824e+06 	 4.996989e-02 	 5.640330e+07 	
1.20685455e+06 	 4.305378e-02 	 5.571976e+07 	
1.20702902e+06 	 3.597465e-02 	 5.494647e+07 	
1.20720348e+06 	 3.040190e-02 	 5.426940e+07 	
1.20737795e+06 	 2.595816e-02 	 5.367285e+07 	
1.20760521e+06 	 2.142528e-02 	 5.299588e+07 	
1.20783247e+06 	 1.793521e-02 	 5.241191e+07 	
1.20805973e+06 	 1.520351e-02 	 5.190372e+07 	
1.20836079e+06 	 1.242526e-02 	 5.132465e+07 	
1.20866185e+06 	 1.033005e-02 	 5.083145e+07 	
1.20896291e+06 	 8.717508e-03 	 5.040642e+07 	
1.20936841e+06 	 7.079562e-03 	 4.991874e+07 	
1.20977391e+06 	 5.866969e-03 	 4.950702e+07 	
1.21017941e+06 	 4.947147e-03 	 4.915423e+07 	
1.21075125e+06 	 3.988271e-03 	 4.873349e+07 	
1.21132310e+06 	 3.295575e-03 	 4.838104e+07 	
1.21179092e+06 	 2.863429e-03 	 4.813157e+07 	
1.21260770e+06 	 2.303960e-03 	 4.775954e+07 	
1.21342448e+06 	 1.909425e-03 	 4.744815e+07 	
1.21424126e+06 	 1.621096e-03 	 4.718126e+07 	
1.21529369e+06 	 1.351442e-03 	 4.688581e+07 	
1.21634612e+06 	 1.156995e-03 	 4.663078e+07 	
1.21739855e+06 	 1.012153e-03 	 4.640581e+07 	
1.21889568e+06 	 8.622052e-04 	 4.612406e+07 	
1.22039280e+06 	 7.552869e-04 	 4.587539e+07 	
1.22188993e+06 	 6.763381e-04 	 4.565091e+07 	
1.22417038e+06 	 5.905612e-04 	 4.534255e+07 	
1.22550896e+06 	 5.532598e-04 	 4.517563e+07 	
1.22831451e+06 	 4.951857e-04 	 4.485007e+07 	
1.23059522e+06 	 4.614674e-04 	 4.460336e+07 	
1.23429205e+06 	 4.225034e-04 	 4.422700e+07 	
1.23723933e+06 	 4.002614e-04 	 4.394174e+07 	
1.24218804e+06 	 3.732090e-04 	 4.348267e+07 	
1.24585576e+06 	 3.582419e-04 	 4.315384e+07 	
1.25298609e+06 	 3.358656e-04 	 4.253348e+07 	
1.25645715e+06 	 3.268878e-04 	 4.223832e+07 	
1.26579324e+06 	 3.060405e-04 	 4.146139e+07 	
1.27229936e+06 	 2.932260e-04 	 4.093233e+07 	
1.27767046e+06 	 2.833181e-04 	 4.050236e+07 	
1.28304157e+06 	 2.738798e-04 	 4.007818e+07 	
1.28631651e+06 	 2.683228e-04 	 3.982230e+07 	
1.29280329e+06 	 2.577088e-04 	 3.932141e+07 	
1.29843556e+06 	 2.488802e-04 	 3.889278e+07 	
1.30406782e+06 	 2.403840e-04 	 3.846984e+07 	
1.30970008e+06 	 2.322006e-04 	 3.805246e+07 	
1.31347177e+06 	 2.268874e-04 	 3.777602e+07 	
1.31880510e+06 	 2.195939e-04 	 3.738922e+07 	
1.32680510e+06 	 2.091144e-04 	 3.681790e+07 	
1.33480510e+06 	 1.991596e-04 	 3.625696e+07 	
1.34280510e+06 	 1.896999e-04 	 3.570614e+07 	
1.35080510e+06 	 1.807081e-04 	 3.516518e+07 	
1.35880510e+06 	 1.721586e-04 	 3.463384e+07 	
1.36413843e+06 	 1.666929e-04 	 3.428483e+07 	
1.36642415e+06 	 1.644058e-04 	 3.413652e+07 	
1.36842415e+06 	 1.624312e-04 	 3.400735e+07 	
1.37042415e+06 	 1.604810e-04 	 3.387876e+07 	
1.37575748e+06 	 1.553974e-04 	 3.353859e+07 	
1.38109081e+06 	 1.504791e-04 	 3.320238e+07 	
1.38178647e+06 	 1.498495e-04 	 3.315881e+07 	
1.38498647e+06 	 1.469881e-04 	 3.295926e+07 	
1.38818647e+06 	 1.441826e-04 	 3.276109e+07 	
1.39047218e+06 	 1.422123e-04 	 3.262037e+07 	
1.39247218e+06 	 1.405109e-04 	 3.249782e+07 	
1.39447218e+06 	 1.388302e-04 	 3.237579e+07 	
1.39675789e+06 	 1.369344e-04 	 3.223698e+07 	
1.40209123e+06 	 1.326124e-04 	 3.191571e+07 	
1.40609123e+06 	 1.294622e-04 	 3.167716e+07 	
1.40929123e+06 	 1.269969e-04 	 3.148778e+07 	
1.41195789e+06 	 1.249787e-04 	 3.133095e+07 	
1.41395789e+06 	 1.234864e-04 	 3.121390e+07 	
1.41595789e+06 	 1.220120e-04 	 3.109735e+07 	
1.42129123e+06 	 1.181663e-04 	 3.078895e+07 	
1.42662456e+06 	 1.144421e-04 	 3.048399e+07 	
1.42742456e+06 	 1.138937e-04 	 3.043854e+07 	
1.43062456e+06 	 1.117265e-04 	 3.025750e+07 	
1.43382456e+06 	 1.096006e-04 	 3.007767e+07 	
1.43611028e+06 	 1.081067e-04 	 2.994995e+07 	
1.43839599e+06 	 1.066332e-04 	 2.982284e+07 	
1.44106266e+06 	 1.049391e-04 	 2.967530e+07 	
1.44426266e+06 	 1.029414e-04 	 2.949932e+07 	
1.44959599e+06 	 9.969502e-05 	 2.920860e+07 	
1.45043810e+06 	 9.919173e-05 	 2.916299e+07 	
1.45363810e+06 	 9.730220e-05 	 2.899038e+07 	
1.45683810e+06 	 9.544806e-05 	 2.881890e+07 	
1.45912381e+06 	 9.414493e-05 	 2.869710e+07 	
1.46140952e+06 	 9.285920e-05 	 2.857587e+07 	
1.46407619e+06 	 9.138078e-05 	 2.843515e+07 	
1.46940952e+06 	 8.849220e-05 	 2.815597e+07 	
1.47340952e+06 	 8.638418e-05 	 2.794856e+07 	
1.47660952e+06 	 8.473294e-05 	 2.778383e+07 	
1.47927619e+06 	 8.338018e-05 	 2.764737e+07 	
1.48156190e+06 	 8.223721e-05 	 2.753098e+07 	
1.48422857e+06 	 8.092271e-05 	 2.739586e+07 	
1.48822857e+06 	 7.898846e-05 	 2.719454e+07 	
1.49356190e+06 	 7.647787e-05 	 2.692859e+07 	
1.49676190e+06 	 7.500818e-05 	 2.677037e+07 	
1.49942857e+06 	 7.380386e-05 	 2.663929e+07 	
1.50171429e+06 	 7.278612e-05 	 2.652748e+07 	
1.50491429e+06 	 7.138333e-05 	 2.637179e+07 	
1.51024762e+06 	 6.910127e-05 	 2.611448e+07 	
1.51424762e+06 	 6.743456e-05 	 2.592325e+07 	
1.51824762e+06 	 6.580515e-05 	 2.573352e+07 	
1.52144762e+06 	 6.452785e-05 	 2.558280e+07 	
1.52411429e+06 	 6.348084e-05 	 2.545791e+07 	
1.52640000e+06 	 6.259580e-05 	 2.535138e+07 	
1.52960000e+06 	 6.137555e-05 	 2.520302e+07 	
1.53360000e+06 	 5.988050e-05 	 2.501887e+07 	
1.53893333e+06 	 5.793812e-05 	 2.477552e+07 	
1.54213333e+06 	 5.680004e-05 	 2.463071e+07 	
1.54533333e+06 	 5.568187e-05 	 2.448678e+07 	
1.54800000e+06 	 5.476500e-05 	 2.436751e+07 	
1.55120000e+06 	 5.368228e-05 	 2.422519e+07 	
1.55520000e+06 	 5.235520e-05 	 2.404850e+07 	
1.56053333e+06 	 5.063015e-05 	 2.381500e+07 	
1.56320000e+06 	 4.978623e-05 	 2.369913e+07 	
1.56586667e+06 	 4.895438e-05 	 2.358384e+07 	
1.56906667e+06 	 4.797178e-05 	 2.344626e+07 	
1.57706667e+06 	 4.558765e-05 	 2.310590e+07 	
1.58026667e+06 	 4.466217e-05 	 2.297119e+07 	
1.58346667e+06 	 4.375225e-05 	 2.283727e+07 	
1.58613333e+06 	 4.300565e-05 	 2.272629e+07 	
1.58880000e+06 	 4.226943e-05 	 2.261585e+07 	
1.59200000e+06 	 4.139943e-05 	 2.248405e+07 	
1.60000000e+06 	 3.928676e-05 	 2.215794e+07 	
1.60025013e+06 	 3.922211e-05 	 2.214782e+07 	
1.60050025e+06 	 3.915754e-05 	 2.213771e+07 	
1.60075038e+06 	 3.909306e-05 	 2.212760e+07 	
1.60100050e+06 	 3.902866e-05 	 2.211749e+07 	
1.60125063e+06 	 3.896434e-05 	 2.210739e+07 	
1.60150075e+06 	 3.890011e-05 	 2.209730e+07 	
1.60175088e+06 	 3.883596e-05 	 2.208721e+07 	
1.60200100e+06 	 3.877189e-05 	 2.207712e+07 	
1.60225113e+06 	 3.870790e-05 	 2.206704e+07 	
1.60250125e+06 	 3.864400e-05 	 2.205697e+07 	
1.60275138e+06 	 3.858018e-05 	 2.204689e+07 	
1.60300150e+06 	 3.851644e-05 	 2.203683e+07 	
1.60325163e+06 	 3.845278e-05 	 2.202676e+07 	
1.60350175e+06 	 3.838921e-05 	 2.201671e+07 	
1.60375188e+06 	 3.832571e-05 	 2.200665e+07 	
1.60400200e+06 	 3.826230e-05 	 2.199660e+07 	
1.60425213e+06 	 3.819897e-05 	 2.198656e+07 	
1.60450225e+06 	 3.813572e-05 	 2.197652e+07 	
1.60475238e+06 	 3.807255e-05 	 2.196649e+07 	
1.60500250e+06 	 3.800947e-05 	 2.195646e+07 	
1.60525263e+06 	 3.794646e-05 	 2.194643e+07 	
1.60550275e+06 	 3.788353e-05 	 2.193641e+07 	
1.60575288e+06 	 3.782069e-05 	 2.192640e+07 	
1.60600300e+06 	 3.775792e-05 	 2.191638e+07 	
1.60625313e+06 	 3.769523e-05 	 2.190638e+07 	
1.60650325e+06 	 3.763263e-05 	 2.189637e+07 	
1.60675338e+06 	 3.757010e-05 	 2.188638e+07 	
1.60700350e+06 	 3.750765e-05 	 2.187638e+07 	
1.60725363e+06 	 3.744529e-05 	 2.186640e+07 	
1.60750375e+06 	 3.738300e-05 	 2.185641e+07 	
1.60775388e+06 	 3.732079e-05 	 2.184643e+07 	
1.60800400e+06 	 3.725866e-05 	 2.183646e+07 	
1.60825413e+06 	 3.719661e-05 	 2.182649e+07 	
1.60850425e+06 	 3.713464e-05 	 2.181652e+07 	
1.60875438e+06 	 3.707275e-05 	 2.180656e+07 	
1.60900450e+06 	 3.701094e-05 	 2.179660e+07 	
1.60925463e+06 	 3.694920e-05 	 2.178665e+07 	
1.60950475e+06 	 3.688755e-05 	 2.177671e+07 	
1.60975488e+06 	 3.682597e-05 	 2.176676e+07 	
1.61000500e+06 	 3.676447e-05 	 2.175682e+07 	
1.61025513e+06 	 3.670305e-05 	 2.174689e+07 	
1.61050525e+06 	 3.664171e-05 	 2.173696e+07 	
1.61075538e+06 	 3.658044e-05 	 2.172704e+07 	
1.61100550e+06 	 3.651925e-05 	 2.171712e+07 	
1.61125563e+06 	 3.645814e-05 	 2.170720e+07 	
1.61150575e+06 	 3.639711e-05 	 2.169729e+07 	
1.61175588e+06 	 3.633616e-05 	 2.168739e+07 	
1.61200600e+06 	 3.627528e-05 	 2.167748e+07 	
1.61225613e+06 	 3.621448e-05 	 2.166759e+07 	
1.61250625e+06 	 3.615375e-05 	 2.165769e+07 	
1.61275638e+06 	 3.609311e-05 	 2.164781e+07 	
1.61300650e+06 	 3.603254e-05 	 2.163792e+07 	
1.61325663e+06 	 3.597204e-05 	 2.162804e+07 	
1.61350675e+06 	 3.591163e-05 	 2.161817e+07 	
1.61375688e+06 	 3.585129e-05 	 2.160830e+07 	
1.61400700e+06 	 3.579102e-05 	 2.159843e+07 	
1.61425713e+06 	 3.573083e-05 	 2.158857e+07 	
1.61450725e+06 	 3.567072e-05 	 2.157872e+07 	
1.61475738e+06 	 3.561069e-05 	 2.156886e+07 	
1.61500750e+06 	 3.555072e-05 	 2.155902e+07 	
1.61525763e+06 	 3.549084e-05 	 2.154917e+07 	
1.61550775e+06 	 3.543103e-05 	 2.153934e+07 	
1.61575788e+06 	 3.537130e-05 	 2.152950e+07 	
1.61600800e+06 	 3.531164e-05 	 2.151967e+07 	
1.61625813e+06 	 3.525205e-05 	 2.150985e+07 	
1.61650825e+06 	 3.519254e-05 	 2.150003e+07 	
1.61675838e+06 	 3.513311e-05 	 2.149021e+07 	
1.61700850e+06 	 3.507375e-05 	 2.148040e+07 	
1.61725863e+06 	 3.501447e-05 	 2.147059e+07 	
1.61750875e+06 	 3.495526e-05 	 2.146079e+07 	
1.61775888e+06 	 3.489612e-05 	 2.145099e+07 	
1.61800900e+06 	 3.483706e-05 	 2.144120e+07 	
1.61825913e+06 	 3.477807e-05 	 2.143141e+07 	
1.61850925e+06 	 3.471916e-05 	 2.142163e+07 	
1.61875938e+06 	 3.466032e-05 	 2.141185e+07 	
1.61900950e+06 	 3.460156e-05 	 2.140207e+07 	
1.61925963e+06 	 3.454286e-05 	 2.139230e+07 	
1.61950975e+06 	 3.448424e-05 	 2.138253e+07 	
1.61975988e+06 	 3.442570e-05 	 2.137277e+07 	
1.62001001e+06 	 3.436723e-05 	 2.136301e+07 	
1.62026013e+06 	 3.430883e-05 	 2.135326e+07 	
1.62051026e+06 	 3.425050e-05 	 2.134351e+07 	
1.62076038e+06 	 3.419225e-05 	 2.133377e+07 	
1.62101051e+06 	 3.413407e-05 	 2.132403e+07 	
1.62126063e+06 	 3.407596e-05 	 2.131429e+07 	
1.62151076e+06 	 3.401793e-05 	 2.130456e+07 	
1.62176088e+06 	 3.395997e-05 	 2.129484e+07 	
1.62201101e+06 	 3.390208e-05 	 2.128511e+07 	
1.62226113e+06 	 3.384426e-05 	 2.127540e+07 	
1.62251126e+06 	 3.378651e-05 	 2.126568e+07 	
1.62276138e+06 	 3.372884e-05 	 2.125597e+07 	
1.62301151e+06 	 3.367124e-05 	 2.124627e+07 	
1.62326163e+06 	 3.361371e-05 	 2.123657e+07 	
1.62351176e+06 	 3.355625e-05 	 2.122688e+07 	
1.62376188e+06 	 3.349886e-05 	 2.121718e+07 	
1.62401201e+06 	 3.344154e-05 	 2.120750e+07 	
1.62426213e+06 	 3.338430e-05 	 2.119782e+07 	
1.62451226e+06 	 3.332712e-05 	 2.118814e+07 	
1.62476238e+06 	 3.327002e-05 	 2.117847e+07 	
1.62501251e+06 	 3.321299e-05 	 2.116880e+07 	
1.62526263e+06 	 3.315602e-05 	 2.115913e+07 	
1.62551276e+06 	 3.309913e-05 	 2.114947e+07 	
1.62576288e+06 	 3.304231e-05 	 2.113982e+07 	
1.62601301e+06 	 3.298556e-05 	 2.113017e+07 	
1.62626313e+06 	 3.292888e-05 	 2.112052e+07 	
1.62651326e+06 	 3.287227e-05 	 2.111088e+07 	
1.62676338e+06 	 3.281573e-05 	 2.110124e+07 	
1.62701351e+06 	 3.275926e-05 	 2.109160e+07 	
1.62726363e+06 	 3.270285e-05 	 2.108197e+07 	
1.62751376e+06 	 3.264652e-05 	 2.107235e+07 	
1.62776388e+06 	 3.259026e-05 	 2.106273e+07 	
1.62801401e+06 	 3.253407e-05 	 2.105311e+07 	
1.62826413e+06 	 3.247794e-05 	 2.104350e+07 	
1.62851426e+06 	 3.242189e-05 	 2.103389e+07 	
1.62876438e+06 	 3.236590e-05 	 2.102429e+07 	
1.62901451e+06 	 3.230998e-05 	 2.101469e+07 	
1.62926463e+06 	 3.225414e-05 	 2.100510e+07 	
1.62951476e+06 	 3.219836e-05 	 2.099551e+07 	
1.62976488e+06 	 3.214264e-05 	 2.098592e+07 	
1.63001501e+06 	 3.208700e-05 	 2.097634e+07 	
1.63026513e+06 	 3.203142e-05 	 2.096677e+07 	
1.63051526e+06 	 3.197592e-05 	 2.095719e+07 	
1.63076538e+06 	 3.192048e-05 	 2.094762e+07 	
1.63101551e+06 	 3.186511e-05 	 2.093806e+07 	
1.63126563e+06 	 3.180980e-05 	 2.092850e+07 	
1.63151576e+06 	 3.175457e-05 	 2.091895e+07 	
1.63176588e+06 	 3.169940e-05 	 2.090940e+07 	
1.63201601e+06 	 3.164429e-05 	 2.089985e+07 	
1.63226613e+06 	 3.158926e-05 	 2.089031e+07 	
1.63251626e+06 	 3.153429e-05 	 2.088077e+07 	
1.63276638e+06 	 3.147939e-05 	 2.087124e+07 	
1.63301651e+06 	 3.142456e-05 	 2.086171e+07 	
1.63326663e+06 	 3.136979e-05 	 2.085218e+07 	
1.63351676e+06 	 3.131509e-05 	 2.084266e+07 	
1.63376688e+06 	 3.126046e-05 	 2.083315e+07 	
1.63401701e+06 	 3.120589e-05 	 2.082364e+07 	
1.63426713e+06 	 3.115139e-05 	 2.081413e+07 	
1.63451726e+06 	 3.109695e-05 	 2.080462e+07 	
1.63476738e+06 	 3.104258e-05 	 2.079513e+07 	
1.63501751e+06 	 3.098828e-05 	 2.078563e+07 	
1.63526763e+06 	 3.093404e-05 	 2.077614e+07 	
1.63551776e+06 	 3.087987e-05 	 2.076666e+07 	
1.63576788e+06 	 3.082577e-05 	 2.075717e+07 	
1.63601801e+06 	 3.077173e-05 	 2.074770e+07 	
1.63626813e+06 	 3.071775e-05 	 2.073822e+07 	
1.63651826e+06 	 3.066384e-05 	 2.072876e+07 	
1.63676838e+06 	 3.061000e-05 	 2.071929e+07 	
1.63701851e+06 	 3.055622e-05 	 2.070983e+07 	
1.63726863e+06 	 3.050250e-05 	 2.070038e+07 	
1.63751876e+06 	 3.044885e-05 	 2.069092e+07 	
1.63776888e+06 	 3.039527e-05 	 2.068148e+07 	
1.63801901e+06 	 3.034175e-05 	 2.067203e+07 	
1.63826913e+06 	 3.028829e-05 	 2.066260e+07 	
1.63851926e+06 	 3.023490e-05 	 2.065316e+07 	
1.63876938e+06 	 3.018158e-05 	 2.064373e+07 	
1.63901951e+06 	 3.012831e-05 	 2.063431e+07 	
1.63926963e+06 	 3.007511e-05 	 2.062488e+07 	
1.63951976e+06 	 3.002198e-05 	 2.061547e+07 	
1.63976988e+06 	 2.996891e-05 	 2.060605e+07 	
1.64002001e+06 	 2.991590e-05 	 2.059664e+07 	
1.64027014e+06 	 2.986296e-05 	 2.058724e+07 	
1.64052026e+06 	 2.981008e-05 	 2.057784e+07 	
1.64077039e+06 	 2.975726e-05 	 2.056844e+07 	
1.64102051e+06 	 2.970451e-05 	 2.055905e+07 	
1.64127064e+06 	 2.965182e-05 	 2.054967e+07 	
1.64152076e+06 	 2.959919e-05 	 2.054028e+07 	
1.64177089e+06 	 2.954662e-05 	 2.053090e+07 	
1.64202101e+06 	 2.949412e-05 	 2.052153e+07 	
1.64227114e+06 	 2.944168e-05 	 2.051216e+07 	
1.64252126e+06 	 2.938931e-05 	 2.050279e+07 	
1.64277139e+06 	 2.933699e-05 	 2.049343e+07 	
1.64302151e+06 	 2.928474e-05 	 2.048407e+07 	
1.64327164e+06 	 2.923255e-05 	 2.047472e+07 	
1.64352176e+06 	 2.918043e-05 	 2.046537e+07 	
1.64377189e+06 	 2.912836e-05 	 2.045603e+07 	
1.64402201e+06 	 2.907636e-05 	 2.044668e+07 	
1.64427214e+06 	 2.902442e-05 	 2.043735e+07 	
1.64452226e+06 	 2.897254e-05 	 2.042802e+07 	
1.64477239e+06 	 2.892072e-05 	 2.041869e+07 	
1.64502251e+06 	 2.886896e-05 	 2.040936e+07 	
1.64527264e+06 	 2.881727e-05 	 2.040004e+07 	
1.64552276e+06 	 2.876563e-05 	 2.039073e+07 	
1.64577289e+06 	 2.871406e-05 	 2.038142e+07 	
1.64602301e+06 	 2.866255e-05 	 2.037211e+07 	
1.64627314e+06 	 2.861109e-05 	 2.036281e+07 	
1.64652326e+06 	 2.855970e-05 	 2.035351e+07 	
1.64677339e+06 	 2.850837e-05 	 2.034422e+07 	
1.64702351e+06 	 2.845710e-05 	 2.033493e+07 	
1.64727364e+06 	 2.840590e-05 	 2.032564e+07 	
1.64752376e+06 	 2.835475e-05 	 2.031636e+07 	
1.64777389e+06 	 2.830366e-05 	 2.030708e+07 	
1.64802401e+06 	 2.825263e-05 	 2.029781e+07 	
1.64827414e+06 	 2.820166e-05 	 2.028854e+07 	
1.64852426e+06 	 2.815075e-05 	 2.027927e+07 	
1.64877439e+06 	 2.809991e-05 	 2.027001e+07 	
1.64902451e+06 	 2.804912e-05 	 2.026076e+07 	
1.64927464e+06 	 2.799839e-05 	 2.025150e+07 	
1.64952476e+06 	 2.794914e-05 	 2.024223e+07 	
1.64977489e+06 	 2.789855e-05 	 2.023299e+07 	
1.65002501e+06 	 2.784803e-05 	 2.022375e+07 	
1.65027514e+06 	 2.779757e-05 	 2.021451e+07 	
1.65052526e+06 	 2.774717e-05 	 2.020528e+07 	
1.65077539e+06 	 2.769682e-05 	 2.019605e+07 	
1.65102551e+06 	 2.764654e-05 	 2.018683e+07 	
1.65127564e+06 	 2.759632e-05 	 2.017761e+07 	
1.65152576e+06 	 2.754615e-05 	 2.016839e+07 	
1.65177589e+06 	 2.749605e-05 	 2.015918e+07 	
1.65202601e+06 	 2.744600e-05 	 2.014998e+07 	
1.65227614e+06 	 2.739601e-05 	 2.014077e+07 	
1.65252626e+06 	 2.734608e-05 	 2.013157e+07 	
1.65277639e+06 	 2.729621e-05 	 2.012238e+07 	
1.65302651e+06 	 2.724640e-05 	 2.011319e+07 	
1.65327664e+06 	 2.719665e-05 	 2.010400e+07 	
1.65352676e+06 	 2.714695e-05 	 2.009482e+07 	
1.65377689e+06 	 2.709732e-05 	 2.008564e+07 	
1.65402701e+06 	 2.704774e-05 	 2.007647e+07 	
1.65427714e+06 	 2.699822e-05 	 2.006730e+07 	
1.65452726e+06 	 2.694876e-05 	 2.005813e+07 	
1.65477739e+06 	 2.689935e-05 	 2.004897e+07 	
1.65502751e+06 	 2.685001e-05 	 2.003981e+07 	
1.65527764e+06 	 2.680072e-05 	 2.003066e+07 	
1.65552776e+06 	 2.675149e-05 	 2.002151e+07 	
1.65577789e+06 	 2.670231e-05 	 2.001237e+07 	
1.65602801e+06 	 2.665320e-05 	 2.000322e+07 	
1.65627814e+06 	 2.660414e-05 	 1.999409e+07 	
1.65652826e+06 	 2.655514e-05 	 1.998496e+07 	
1.65677839e+06 	 2.650620e-05 	 1.997583e+07 	
1.65702851e+06 	 2.645731e-05 	 1.996670e+07 	
1.65727864e+06 	 2.640714e-05 	 1.995760e+07 	
1.65752876e+06 	 2.635834e-05 	 1.994849e+07 	
1.65777889e+06 	 2.630960e-05 	 1.993938e+07 	
1.65802901e+06 	 2.626091e-05 	 1.993027e+07 	
1.65827914e+06 	 2.621228e-05 	 1.992116e+07 	
1.65852926e+06 	 2.616370e-05 	 1.991206e+07 	
1.65877939e+06 	 2.611518e-05 	 1.990297e+07 	
1.65902951e+06 	 2.606672e-05 	 1.989388e+07 	
1.65927964e+06 	 2.601831e-05 	 1.988479e+07 	
1.65952976e+06 	 2.596996e-05 	 1.987571e+07 	
1.65977989e+06 	 2.592166e-05 	 1.986663e+07 	
1.66003002e+06 	 2.587342e-05 	 1.985755e+07 	
1.66028014e+06 	 2.582524e-05 	 1.984848e+07 	
1.66053027e+06 	 2.577710e-05 	 1.983942e+07 	
1.66078039e+06 	 2.572903e-05 	 1.983035e+07 	
1.66103052e+06 	 2.568101e-05 	 1.982129e+07 	
1.66128064e+06 	 2.563304e-05 	 1.981224e+07 	
1.66153077e+06 	 2.558513e-05 	 1.980319e+07 	
1.66178089e+06 	 2.553728e-05 	 1.979414e+07 	
1.66203102e+06 	 2.548948e-05 	 1.978510e+07 	
1.66228114e+06 	 2.544173e-05 	 1.977606e+07 	
1.66253127e+06 	 2.539404e-05 	 1.976703e+07 	
1.66278139e+06 	 2.534640e-05 	 1.975800e+07 	
1.66303152e+06 	 2.529881e-05 	 1.974897e+07 	
1.66328164e+06 	 2.525128e-05 	 1.973995e+07 	
1.66353177e+06 	 2.520381e-05 	 1.973093e+07 	
1.66378189e+06 	 2.515639e-05 	 1.972192e+07 	
1.66403202e+06 	 2.510902e-05 	 1.971291e+07 	
1.66428214e+06 	 2.506171e-05 	 1.970390e+07 	
1.66453227e+06 	 2.501445e-05 	 1.969490e+07 	
1.66478239e+06 	 2.496724e-05 	 1.968590e+07 	
1.66503252e+06 	 2.491884e-05 	 1.967693e+07 	
1.66528264e+06 	 2.487171e-05 	 1.966794e+07 	
1.66553277e+06 	 2.482464e-05 	 1.965896e+07 	
1.66578289e+06 	 2.477762e-05 	 1.964998e+07 	
1.66603302e+06 	 2.473065e-05 	 1.964100e+07 	
1.66628314e+06 	 2.468374e-05 	 1.963203e+07 	
1.66653327e+06 	 2.463688e-05 	 1.962306e+07 	
1.66678339e+06 	 2.459007e-05 	 1.961409e+07 	
1.66703352e+06 	 2.454331e-05 	 1.960513e+07 	
1.66728364e+06 	 2.449660e-05 	 1.959617e+07 	
1.66753377e+06 	 2.444995e-05 	 1.958722e+07 	
1.66778389e+06 	 2.440335e-05 	 1.957827e+07 	
1.66803402e+06 	 2.435680e-05 	 1.956933e+07 	
1.66828414e+06 	 2.431030e-05 	 1.956039e+07 	
1.66853427e+06 	 2.426385e-05 	 1.955145e+07 	
1.66878439e+06 	 2.421746e-05 	 1.954252e+07 	
1.66903452e+06 	 2.417111e-05 	 1.953359e+07 	
1.66928464e+06 	 2.412482e-05 	 1.952467e+07 	
1.66953477e+06 	 2.407858e-05 	 1.951574e+07 	
1.66978489e+06 	 2.403239e-05 	 1.950683e+07 	
1.67003502e+06 	 2.398625e-05 	 1.949792e+07 	
1.67028514e+06 	 2.394016e-05 	 1.948901e+07 	
1.67053527e+06 	 2.389412e-05 	 1.948010e+07 	
1.67078539e+06 	 2.384813e-05 	 1.947120e+07 	
1.67103552e+06 	 2.380219e-05 	 1.946231e+07 	
1.67128564e+06 	 2.375631e-05 	 1.945341e+07 	
1.67153577e+06 	 2.371047e-05 	 1.944453e+07 	
1.67178589e+06 	 2.366468e-05 	 1.943564e+07 	
1.67203602e+06 	 2.361895e-05 	 1.942676e+07 	
1.67228614e+06 	 2.357326e-05 	 1.941788e+07 	
1.67253627e+06 	 2.352762e-05 	 1.940901e+07 	
1.67278639e+06 	 2.348204e-05 	 1.940014e+07 	
1.67303652e+06 	 2.343769e-05 	 1.939126e+07 	
1.67328664e+06 	 2.339222e-05 	 1.938240e+07 	
1.67353677e+06 	 2.334681e-05 	 1.937354e+07 	
1.67378689e+06 	 2.330144e-05 	 1.936469e+07 	
1.67403702e+06 	 2.325613e-05 	 1.935584e+07 	
1.67428714e+06 	 2.321086e-05 	 1.934699e+07 	
1.67453727e+06 	 2.316565e-05 	 1.933815e+07 	
1.67478739e+06 	 2.312048e-05 	 1.932932e+07 	
1.67503752e+06 	 2.307537e-05 	 1.932048e+07 	
1.67528764e+06 	 2.303030e-05 	 1.931165e+07 	
1.67553777e+06 	 2.298528e-05 	 1.930283e+07 	
1.67578789e+06 	 2.294031e-05 	 1.929401e+07 	
1.67603802e+06 	 2.289539e-05 	 1.928519e+07 	
1.67628814e+06 	 2.285052e-05 	 1.927638e+07 	
1.67653827e+06 	 2.280570e-05 	 1.926757e+07 	
1.67678839e+06 	 2.276093e-05 	 1.925876e+07 	
1.67703852e+06 	 2.271620e-05 	 1.924996e+07 	
1.67728864e+06 	 2.267153e-05 	 1.924116e+07 	
1.67753877e+06 	 2.262690e-05 	 1.923237e+07 	
1.67778889e+06 	 2.258232e-05 	 1.922358e+07 	
1.67803902e+06 	 2.253779e-05 	 1.921480e+07 	
1.67828914e+06 	 2.249330e-05 	 1.920601e+07 	
1.67853927e+06 	 2.244887e-05 	 1.919724e+07 	
1.67878939e+06 	 2.240448e-05 	 1.918846e+07 	
1.67903952e+06 	 2.236014e-05 	 1.917969e+07 	
1.67928964e+06 	 2.231585e-05 	 1.917093e+07 	
1.67953977e+06 	 2.227161e-05 	 1.916217e+07 	
1.67978989e+06 	 2.222741e-05 	 1.915341e+07 	
1.68004002e+06 	 2.218326e-05 	 1.914465e+07 	
1.68029015e+06 	 2.213916e-05 	 1.913590e+07 	
1.68054027e+06 	 2.209511e-05 	 1.912716e+07 	
1.68079040e+06 	 2.205000e-05 	 1.911844e+07 	
1.68104052e+06 	 2.200601e-05 	 1.910970e+07 	
1.68129065e+06 	 2.196208e-05 	 1.910097e+07 	
1.68154077e+06 	 2.191819e-05 	 1.909224e+07 	
1.68179090e+06 	 2.187435e-05 	 1.908351e+07 	
1.68204102e+06 	 2.183055e-05 	 1.907479e+07 	
1.68229115e+06 	 2.178680e-05 	 1.906607e+07 	
1.68254127e+06 	 2.174310e-05 	 1.905736e+07 	
1.68279140e+06 	 2.169944e-05 	 1.904865e+07 	
1.68304152e+06 	 2.165583e-05 	 1.903994e+07 	
1.68329165e+06 	 2.161226e-05 	 1.903124e+07 	
1.68354177e+06 	 2.156874e-05 	 1.902254e+07 	
1.68379190e+06 	 2.152526e-05 	 1.901384e+07 	
1.68404202e+06 	 2.148183e-05 	 1.900515e+07 	
1.68429215e+06 	 2.143845e-05 	 1.899647e+07 	
1.68454227e+06 	 2.139511e-05 	 1.898778e+07 	
1.68479240e+06 	 2.135182e-05 	 1.897911e+07 	
1.68504252e+06 	 2.130857e-05 	 1.897043e+07 	
1.68529265e+06 	 2.126536e-05 	 1.896176e+07 	
1.68554277e+06 	 2.122221e-05 	 1.895309e+07 	
1.68579290e+06 	 2.117909e-05 	 1.894443e+07 	
1.68604302e+06 	 2.113602e-05 	 1.893577e+07 	
1.68629315e+06 	 2.109300e-05 	 1.892712e+07 	
1.68654327e+06 	 2.105002e-05 	 1.891846e+07 	
1.68679340e+06 	 2.100708e-05 	 1.890982e+07 	
1.68704352e+06 	 2.096419e-05 	 1.890117e+07 	
1.68729365e+06 	 2.092134e-05 	 1.889253e+07 	
1.68754377e+06 	 2.087854e-05 	 1.888390e+07 	
1.68779390e+06 	 2.083578e-05 	 1.887527e+07 	
1.68804402e+06 	 2.079306e-05 	 1.886664e+07 	
1.68829415e+06 	 2.075039e-05 	 1.885801e+07 	
1.68854427e+06 	 2.070776e-05 	 1.884939e+07 	
1.68879440e+06 	 2.066622e-05 	 1.884076e+07 	
1.68904452e+06 	 2.062370e-05 	 1.883215e+07 	
1.68929465e+06 	 2.058122e-05 	 1.882354e+07 	
1.68954477e+06 	 2.053879e-05 	 1.881493e+07 	
1.68979490e+06 	 2.049640e-05 	 1.880633e+07 	
1.69004502e+06 	 2.045406e-05 	 1.879773e+07 	
1.69029515e+06 	 2.041175e-05 	 1.878914e+07 	
1.69054527e+06 	 2.036950e-05 	 1.878055e+07 	
1.69079540e+06 	 2.032728e-05 	 1.877196e+07 	
1.69104552e+06 	 2.028511e-05 	 1.876338e+07 	
1.69129565e+06 	 2.024298e-05 	 1.875481e+07 	
1.69154577e+06 	 2.020089e-05 	 1.874623e+07 	
1.69179590e+06 	 2.015885e-05 	 1.873766e+07 	
1.69204602e+06 	 2.011685e-05 	 1.872910e+07 	
1.69229615e+06 	 2.007489e-05 	 1.872053e+07 	
1.69254627e+06 	 2.003297e-05 	 1.871197e+07 	
1.69279640e+06 	 1.999110e-05 	 1.870342e+07 	
1.69304652e+06 	 1.994927e-05 	 1.869487e+07 	
1.69329665e+06 	 1.990748e-05 	 1.868632e+07 	
1.69354677e+06 	 1.986573e-05 	 1.867778e+07 	
1.69379690e+06 	 1.982403e-05 	 1.866924e+07 	
1.69404702e+06 	 1.978237e-05 	 1.866071e+07 	
1.69429715e+06 	 1.974075e-05 	 1.865217e+07 	
1.69454727e+06 	 1.969917e-05 	 1.864365e+07 	
1.69479740e+06 	 1.965763e-05 	 1.863512e+07 	
1.69504752e+06 	 1.961613e-05 	 1.862660e+07 	
1.69529765e+06 	 1.957468e-05 	 1.861809e+07 	
1.69554777e+06 	 1.953327e-05 	 1.860958e+07 	
1.69579790e+06 	 1.949190e-05 	 1.860107e+07 	
1.69604802e+06 	 1.945057e-05 	 1.859256e+07 	
1.69629815e+06 	 1.940928e-05 	 1.858406e+07 	
1.69654827e+06 	 1.936803e-05 	 1.857557e+07 	
1.69679840e+06 	 1.932585e-05 	 1.856709e+07 	
1.69704852e+06 	 1.928466e-05 	 1.855861e+07 	
1.69729865e+06 	 1.924352e-05 	 1.855012e+07 	
1.69754877e+06 	 1.920241e-05 	 1.854164e+07 	
1.69779890e+06 	 1.916135e-05 	 1.853316e+07 	
1.69804902e+06 	 1.912032e-05 	 1.852469e+07 	
1.69829915e+06 	 1.907934e-05 	 1.851622e+07 	
1.69854927e+06 	 1.903840e-05 	 1.850776e+07 	
1.69879940e+06 	 1.899749e-05 	 1.849929e+07 	
1.69904952e+06 	 1.895663e-05 	 1.849084e+07 	
1.69929965e+06 	 1.891580e-05 	 1.848238e+07 	
1.69954977e+06 	 1.887502e-05 	 1.847393e+07 	
1.69979990e+06 	 1.883427e-05 	 1.846549e+07 	
1.70005003e+06 	 1.879357e-05 	 1.845704e+07 	
1.70030015e+06 	 1.875290e-05 	 1.844861e+07 	
1.70055028e+06 	 1.871227e-05 	 1.844017e+07 	
1.70080040e+06 	 1.867168e-05 	 1.843174e+07 	
1.70105053e+06 	 1.863113e-05 	 1.842331e+07 	
1.70130065e+06 	 1.859062e-05 	 1.841489e+07 	
1.70155078e+06 	 1.855015e-05 	 1.840647e+07 	
1.70180090e+06 	 1.850972e-05 	 1.839806e+07 	
1.70205103e+06 	 1.846932e-05 	 1.838964e+07 	
1.70230115e+06 	 1.842897e-05 	 1.838124e+07 	
1.70255128e+06 	 1.838865e-05 	 1.837283e+07 	
1.70280140e+06 	 1.834837e-05 	 1.836443e+07 	
1.70305153e+06 	 1.830813e-05 	 1.835604e+07 	
1.70330165e+06 	 1.826792e-05 	 1.834765e+07 	
1.70355178e+06 	 1.822776e-05 	 1.833926e+07 	
1.70380190e+06 	 1.818763e-05 	 1.833087e+07 	
1.70405203e+06 	 1.814754e-05 	 1.832249e+07 	
1.70430215e+06 	 1.810748e-05 	 1.831411e+07 	
1.70455228e+06 	 1.806747e-05 	 1.830574e+07 	
1.70480240e+06 	 1.802841e-05 	 1.829735e+07 	
1.70505253e+06 	 1.798849e-05 	 1.828899e+07 	
1.70530265e+06 	 1.794861e-05 	 1.828062e+07 	
1.70555278e+06 	 1.790876e-05 	 1.827227e+07 	
1.70580290e+06 	 1.786895e-05 	 1.826391e+07 	
1.70605303e+06 	 1.782918e-05 	 1.825556e+07 	
1.70630315e+06 	 1.778944e-05 	 1.824721e+07 	
1.70655328e+06 	 1.774974e-05 	 1.823887e+07 	
1.70680340e+06 	 1.771008e-05 	 1.823053e+07 	
1.70705353e+06 	 1.767046e-05 	 1.822220e+07 	
1.70730365e+06 	 1.763087e-05 	 1.821387e+07 	
1.70755378e+06 	 1.759132e-05 	 1.820554e+07 	
1.70780390e+06 	 1.755181e-05 	 1.819721e+07 	
1.70805403e+06 	 1.751233e-05 	 1.818889e+07 	
1.70830415e+06 	 1.747289e-05 	 1.818058e+07 	
1.70855428e+06 	 1.743348e-05 	 1.817227e+07 	
1.70880440e+06 	 1.739411e-05 	 1.816396e+07 	
1.70905453e+06 	 1.735478e-05 	 1.815565e+07 	
1.70930465e+06 	 1.731548e-05 	 1.814735e+07 	
1.70955478e+06 	 1.727622e-05 	 1.813905e+07 	
1.70980490e+06 	 1.723700e-05 	 1.813076e+07 	
1.71005503e+06 	 1.719781e-05 	 1.812247e+07 	
1.71030515e+06 	 1.715866e-05 	 1.811419e+07 	
1.71055528e+06 	 1.711954e-05 	 1.810590e+07 	
1.71080540e+06 	 1.708046e-05 	 1.809763e+07 	
1.71105553e+06 	 1.704141e-05 	 1.808935e+07 	
1.71130565e+06 	 1.700240e-05 	 1.808108e+07 	
1.71155578e+06 	 1.696342e-05 	 1.807282e+07 	
1.71180590e+06 	 1.692448e-05 	 1.806455e+07 	
1.71205603e+06 	 1.688557e-05 	 1.805629e+07 	
1.71230615e+06 	 1.684670e-05 	 1.804804e+07 	
1.71255628e+06 	 1.680871e-05 	 1.803977e+07 	
1.71280640e+06 	 1.676992e-05 	 1.803152e+07 	
1.71305653e+06 	 1.673117e-05 	 1.802327e+07 	
1.71330665e+06 	 1.669246e-05 	 1.801503e+07 	
1.71355678e+06 	 1.665378e-05 	 1.800680e+07 	
1.71380690e+06 	 1.661513e-05 	 1.799857e+07 	
1.71405703e+06 	 1.657652e-05 	 1.799034e+07 	
1.71430715e+06 	 1.653794e-05 	 1.798211e+07 	
1.71455728e+06 	 1.649940e-05 	 1.797389e+07 	
1.71480740e+06 	 1.646089e-05 	 1.796567e+07 	
1.71505753e+06 	 1.642241e-05 	 1.795746e+07 	
1.71530765e+06 	 1.638397e-05 	 1.794925e+07 	
1.71555778e+06 	 1.634557e-05 	 1.794104e+07 	
1.71580790e+06 	 1.630720e-05 	 1.793284e+07 	
1.71605803e+06 	 1.626886e-05 	 1.792464e+07 	
1.71630815e+06 	 1.623055e-05 	 1.791645e+07 	
1.71655828e+06 	 1.619228e-05 	 1.790826e+07 	
1.71680840e+06 	 1.615404e-05 	 1.790007e+07 	
1.71705853e+06 	 1.611584e-05 	 1.789189e+07 	
1.71730865e+06 	 1.607767e-05 	 1.788371e+07 	
1.71755878e+06 	 1.603953e-05 	 1.787553e+07 	
1.71780890e+06 	 1.600142e-05 	 1.786736e+07 	
1.71805903e+06 	 1.596335e-05 	 1.785919e+07 	
1.71830915e+06 	 1.592531e-05 	 1.785103e+07 	
1.71855928e+06 	 1.588731e-05 	 1.784287e+07 	
1.71880940e+06 	 1.584934e-05 	 1.783471e+07 	
1.71905953e+06 	 1.581140e-05 	 1.782656e+07 	
1.71930965e+06 	 1.577349e-05 	 1.781841e+07 	
1.71955978e+06 	 1.573561e-05 	 1.781026e+07 	
1.71980990e+06 	 1.569777e-05 	 1.780212e+07 	
1.72006003e+06 	 1.565996e-05 	 1.779398e+07 	
1.72031016e+06 	 1.562218e-05 	 1.778585e+07 	
1.72056028e+06 	 1.558365e-05 	 1.777774e+07 	
1.72081041e+06 	 1.554592e-05 	 1.776961e+07 	
1.72106053e+06 	 1.550823e-05 	 1.776149e+07 	
1.72131066e+06 	 1.547056e-05 	 1.775337e+07 	
1.72156078e+06 	 1.543293e-05 	 1.774526e+07 	
1.72181091e+06 	 1.539532e-05 	 1.773715e+07 	
1.72206103e+06 	 1.535775e-05 	 1.772904e+07 	
1.72231116e+06 	 1.532021e-05 	 1.772094e+07 	
1.72256128e+06 	 1.528270e-05 	 1.771284e+07 	
1.72281141e+06 	 1.524523e-05 	 1.770475e+07 	
1.72306153e+06 	 1.520778e-05 	 1.769665e+07 	
1.72331166e+06 	 1.517036e-05 	 1.768857e+07 	
1.72356178e+06 	 1.513298e-05 	 1.768048e+07 	
1.72381191e+06 	 1.509562e-05 	 1.767240e+07 	
1.72406203e+06 	 1.505830e-05 	 1.766433e+07 	
1.72431216e+06 	 1.502101e-05 	 1.765625e+07 	
1.72456228e+06 	 1.498374e-05 	 1.764819e+07 	
1.72481241e+06 	 1.494651e-05 	 1.764012e+07 	
1.72506253e+06 	 1.490931e-05 	 1.763206e+07 	
1.72531266e+06 	 1.487214e-05 	 1.762400e+07 	
1.72556278e+06 	 1.483499e-05 	 1.761595e+07 	
1.72581291e+06 	 1.479788e-05 	 1.760790e+07 	
1.72606303e+06 	 1.476080e-05 	 1.759985e+07 	
1.72631316e+06 	 1.472375e-05 	 1.759181e+07 	
1.72656328e+06 	 1.468672e-05 	 1.758377e+07 	
1.72681341e+06 	 1.464973e-05 	 1.757574e+07 	
1.72706353e+06 	 1.461276e-05 	 1.756771e+07 	
1.72731366e+06 	 1.457583e-05 	 1.755968e+07 	
1.72756378e+06 	 1.453892e-05 	 1.755166e+07 	
1.72781391e+06 	 1.450205e-05 	 1.754364e+07 	
1.72806403e+06 	 1.446520e-05 	 1.753563e+07 	
1.72831416e+06 	 1.442838e-05 	 1.752761e+07 	
1.72856428e+06 	 1.439086e-05 	 1.751963e+07 	
1.72881441e+06 	 1.435409e-05 	 1.751162e+07 	
1.72906453e+06 	 1.431734e-05 	 1.750363e+07 	
1.72931466e+06 	 1.428062e-05 	 1.749563e+07 	
1.72956478e+06 	 1.424393e-05 	 1.748764e+07 	
1.72981491e+06 	 1.420727e-05 	 1.747965e+07 	
1.73006503e+06 	 1.417063e-05 	 1.747167e+07 	
1.73031516e+06 	 1.413403e-05 	 1.746369e+07 	
1.73056528e+06 	 1.409745e-05 	 1.745571e+07 	
1.73081541e+06 	 1.406090e-05 	 1.744774e+07 	
1.73106553e+06 	 1.402437e-05 	 1.743977e+07 	
1.73131566e+06 	 1.398788e-05 	 1.743181e+07 	
1.73156578e+06 	 1.395141e-05 	 1.742384e+07 	
1.73181591e+06 	 1.391497e-05 	 1.741589e+07 	
1.73206603e+06 	 1.387856e-05 	 1.740793e+07 	
1.73231616e+06 	 1.384217e-05 	 1.739999e+07 	
1.73256628e+06 	 1.380581e-05 	 1.739204e+07 	
1.73281641e+06 	 1.376948e-05 	 1.738410e+07 	
1.73306653e+06 	 1.373317e-05 	 1.737616e+07 	
1.73331666e+06 	 1.369689e-05 	 1.736823e+07 	
1.73356678e+06 	 1.366064e-05 	 1.736030e+07 	
1.73381691e+06 	 1.362441e-05 	 1.735237e+07 	
1.73406703e+06 	 1.358821e-05 	 1.734445e+07 	
1.73431716e+06 	 1.355204e-05 	 1.733653e+07 	
1.73456728e+06 	 1.351589e-05 	 1.732862e+07 	
1.73481741e+06 	 1.347977e-05 	 1.732071e+07 	
1.73506753e+06 	 1.344367e-05 	 1.731280e+07 	
1.73531766e+06 	 1.340760e-05 	 1.730490e+07 	
1.73556778e+06 	 1.337156e-05 	 1.729700e+07 	
1.73581791e+06 	 1.333554e-05 	 1.728910e+07 	
1.73606803e+06 	 1.329955e-05 	 1.728121e+07 	
1.73631816e+06 	 1.326358e-05 	 1.727333e+07 	
1.73656828e+06 	 1.322697e-05 	 1.726546e+07 	
1.73681841e+06 	 1.319104e-05 	 1.725758e+07 	
1.73706853e+06 	 1.315513e-05 	 1.724971e+07 	
1.73731866e+06 	 1.311925e-05 	 1.724184e+07 	
1.73756878e+06 	 1.308340e-05 	 1.723397e+07 	
1.73781891e+06 	 1.304757e-05 	 1.722611e+07 	
1.73806903e+06 	 1.301176e-05 	 1.721825e+07 	
1.73831916e+06 	 1.297598e-05 	 1.721039e+07 	
1.73856928e+06 	 1.294022e-05 	 1.720254e+07 	
1.73881941e+06 	 1.290449e-05 	 1.719469e+07 	
1.73906953e+06 	 1.286878e-05 	 1.718685e+07 	
1.73931966e+06 	 1.283309e-05 	 1.717901e+07 	
1.73956978e+06 	 1.279743e-05 	 1.717118e+07 	
1.73981991e+06 	 1.276179e-05 	 1.716334e+07 	
1.74007004e+06 	 1.272618e-05 	 1.715552e+07 	
1.74032016e+06 	 1.269059e-05 	 1.714769e+07 	
1.74057029e+06 	 1.265502e-05 	 1.713987e+07 	
1.74082041e+06 	 1.261948e-05 	 1.713206e+07 	
1.74107054e+06 	 1.258396e-05 	 1.712425e+07 	
1.74132066e+06 	 1.254846e-05 	 1.711644e+07 	
1.74157079e+06 	 1.251298e-05 	 1.710863e+07 	
1.74182091e+06 	 1.247753e-05 	 1.710083e+07 	
1.74207104e+06 	 1.244210e-05 	 1.709304e+07 	
1.74232116e+06 	 1.240670e-05 	 1.708525e+07 	
1.74257129e+06 	 1.237131e-05 	 1.707746e+07 	
1.74282141e+06 	 1.233595e-05 	 1.706967e+07 	
1.74307154e+06 	 1.230061e-05 	 1.706189e+07 	
1.74332166e+06 	 1.226529e-05 	 1.705412e+07 	
1.74357179e+06 	 1.223000e-05 	 1.704635e+07 	
1.74382191e+06 	 1.219472e-05 	 1.703858e+07 	
1.74407204e+06 	 1.215947e-05 	 1.703081e+07 	
1.74432216e+06 	 1.212424e-05 	 1.702305e+07 	
1.74457229e+06 	 1.208842e-05 	 1.701532e+07 	
1.74482241e+06 	 1.205322e-05 	 1.700757e+07 	
1.74507254e+06 	 1.201805e-05 	 1.699982e+07 	
1.74532266e+06 	 1.198289e-05 	 1.699208e+07 	
1.74557279e+06 	 1.194775e-05 	 1.698434e+07 	
1.74582291e+06 	 1.191264e-05 	 1.697660e+07 	
1.74607304e+06 	 1.187755e-05 	 1.696887e+07 	
1.74632316e+06 	 1.184247e-05 	 1.696114e+07 	
1.74657329e+06 	 1.180742e-05 	 1.695342e+07 	
1.74682341e+06 	 1.177239e-05 	 1.694570e+07 	
1.74707354e+06 	 1.173738e-05 	 1.693799e+07 	
1.74732366e+06 	 1.170239e-05 	 1.693028e+07 	
1.74757379e+06 	 1.166741e-05 	 1.692257e+07 	
1.74782391e+06 	 1.163246e-05 	 1.691487e+07 	
1.74807404e+06 	 1.159753e-05 	 1.690717e+07 	
1.74832416e+06 	 1.156262e-05 	 1.689947e+07 	
1.74857429e+06 	 1.152772e-05 	 1.689178e+07 	
1.74882441e+06 	 1.149285e-05 	 1.688410e+07 	
1.74907454e+06 	 1.145800e-05 	 1.687642e+07 	
1.74932466e+06 	 1.142316e-05 	 1.686874e+07 	
1.74957479e+06 	 1.138835e-05 	 1.686106e+07 	
1.74982491e+06 	 1.135355e-05 	 1.685339e+07 	
1.75007504e+06 	 1.131877e-05 	 1.684573e+07 	
1.75032516e+06 	 1.128401e-05 	 1.683807e+07 	
1.75057529e+06 	 1.124927e-05 	 1.683041e+07 	
1.75082541e+06 	 1.121455e-05 	 1.682276e+07 	
1.75107554e+06 	 1.117984e-05 	 1.681511e+07 	
1.75132566e+06 	 1.114516e-05 	 1.680746e+07 	
1.75157579e+06 	 1.111049e-05 	 1.679982e+07 	
1.75182591e+06 	 1.107584e-05 	 1.679219e+07 	
1.75207604e+06 	 1.104121e-05 	 1.678456e+07 	
1.75232616e+06 	 1.100660e-05 	 1.677693e+07 	
1.75257629e+06 	 1.097256e-05 	 1.676928e+07 	
1.75282641e+06 	 1.093799e-05 	 1.676166e+07 	
1.75307654e+06 	 1.090344e-05 	 1.675405e+07 	
1.75332666e+06 	 1.086891e-05 	 1.674644e+07 	
1.75357679e+06 	 1.083439e-05 	 1.673883e+07 	
1.75382691e+06 	 1.079989e-05 	 1.673123e+07 	
1.75407704e+06 	 1.076541e-05 	 1.672363e+07 	
1.75432716e+06 	 1.073095e-05 	 1.671604e+07 	
1.75457729e+06 	 1.069650e-05 	 1.670845e+07 	
1.75482741e+06 	 1.066207e-05 	 1.670086e+07 	
1.75507754e+06 	 1.062765e-05 	 1.669328e+07 	
1.75532766e+06 	 1.059326e-05 	 1.668570e+07 	
1.75557779e+06 	 1.055888e-05 	 1.667813e+07 	
1.75582791e+06 	 1.052451e-05 	 1.667056e+07 	
1.75607804e+06 	 1.049016e-05 	 1.666300e+07 	
1.75632816e+06 	 1.045583e-05 	 1.665544e+07 	
1.75657829e+06 	 1.042151e-05 	 1.664788e+07 	
1.75682841e+06 	 1.038721e-05 	 1.664033e+07 	
1.75707854e+06 	 1.035293e-05 	 1.663278e+07 	
1.75732866e+06 	 1.031866e-05 	 1.662524e+07 	
1.75757879e+06 	 1.028440e-05 	 1.661770e+07 	
1.75782891e+06 	 1.025017e-05 	 1.661017e+07 	
1.75807904e+06 	 1.021594e-05 	 1.660264e+07 	
1.75832916e+06 	 1.018173e-05 	 1.659512e+07 	
1.75857929e+06 	 1.014754e-05 	 1.658760e+07 	
1.75882941e+06 	 1.011336e-05 	 1.658008e+07 	
1.75907954e+06 	 1.007920e-05 	 1.657257e+07 	
1.75932966e+06 	 1.004505e-05 	 1.656506e+07 	
1.75957979e+06 	 1.001092e-05 	 1.655756e+07 	
1.75982991e+06 	 9.976797e-06 	 1.655006e+07 	
1.76008004e+06 	 9.942692e-06 	 1.654257e+07 	
1.76033017e+06 	 9.908600e-06 	 1.653508e+07 	
1.76058029e+06 	 9.875028e-06 	 1.652758e+07 	
1.76083042e+06 	 9.840974e-06 	 1.652010e+07 	
1.76108054e+06 	 9.806934e-06 	 1.651262e+07 	
1.76133067e+06 	 9.772908e-06 	 1.650515e+07 	
1.76158079e+06 	 9.738897e-06 	 1.649768e+07 	
1.76183092e+06 	 9.704898e-06 	 1.649022e+07 	
1.76208104e+06 	 9.670914e-06 	 1.648276e+07 	
1.76233117e+06 	 9.636943e-06 	 1.647531e+07 	
1.76258129e+06 	 9.602985e-06 	 1.646786e+07 	
1.76283142e+06 	 9.569040e-06 	 1.646042e+07 	
1.76308154e+06 	 9.535109e-06 	 1.645298e+07 	
1.76333167e+06 	 9.501191e-06 	 1.644554e+07 	
1.76358179e+06 	 9.467286e-06 	 1.643811e+07 	
1.76383192e+06 	 9.433393e-06 	 1.643069e+07 	
1.76408204e+06 	 9.399513e-06 	 1.642327e+07 	
1.76433217e+06 	 9.365646e-06 	 1.641585e+07 	
1.76458229e+06 	 9.331792e-06 	 1.640844e+07 	
1.76483242e+06 	 9.297950e-06 	 1.640104e+07 	
1.76508254e+06 	 9.264120e-06 	 1.639363e+07 	
1.76533267e+06 	 9.230303e-06 	 1.638624e+07 	
1.76558279e+06 	 9.196497e-06 	 1.637884e+07 	
1.76583292e+06 	 9.162704e-06 	 1.637146e+07 	
1.76608304e+06 	 9.128922e-06 	 1.636407e+07 	
1.76633317e+06 	 9.095153e-06 	 1.635670e+07 	
1.76658329e+06 	 9.061395e-06 	 1.634932e+07 	
1.76683342e+06 	 9.027648e-06 	 1.634196e+07 	
1.76708354e+06 	 8.993914e-06 	 1.633459e+07 	
1.76733367e+06 	 8.960190e-06 	 1.632723e+07 	
1.76758379e+06 	 8.926478e-06 	 1.631988e+07 	
1.76783392e+06 	 8.892777e-06 	 1.631253e+07 	
1.76808404e+06 	 8.859088e-06 	 1.630519e+07 	
1.76833417e+06 	 8.824966e-06 	 1.629787e+07 	
1.76858429e+06 	 8.791290e-06 	 1.629054e+07 	
1.76883442e+06 	 8.757625e-06 	 1.628321e+07 	
1.76908454e+06 	 8.723971e-06 	 1.627589e+07 	
1.76933467e+06 	 8.690327e-06 	 1.626857e+07 	
1.76958479e+06 	 8.656694e-06 	 1.626125e+07 	
1.76983492e+06 	 8.623071e-06 	 1.625395e+07 	
1.77008504e+06 	 8.589458e-06 	 1.624664e+07 	
1.77033517e+06 	 8.555855e-06 	 1.623934e+07 	
1.77058529e+06 	 8.522263e-06 	 1.623205e+07 	
1.77083542e+06 	 8.488680e-06 	 1.622476e+07 	
1.77108554e+06 	 8.455107e-06 	 1.621748e+07 	
1.77133567e+06 	 8.421545e-06 	 1.621020e+07 	
1.77158579e+06 	 8.387991e-06 	 1.620293e+07 	
1.77183592e+06 	 8.354448e-06 	 1.619566e+07 	
1.77208604e+06 	 8.320914e-06 	 1.618840e+07 	
1.77233617e+06 	 8.287390e-06 	 1.618115e+07 	
1.77258629e+06 	 8.253875e-06 	 1.617389e+07 	
1.77283642e+06 	 8.220370e-06 	 1.616665e+07 	
1.77308654e+06 	 8.186874e-06 	 1.615941e+07 	
1.77333667e+06 	 8.153387e-06 	 1.615217e+07 	
1.77358679e+06 	 8.119909e-06 	 1.614494e+07 	
1.77383692e+06 	 8.086440e-06 	 1.613772e+07 	
1.77408704e+06 	 8.052980e-06 	 1.613050e+07 	
1.77433717e+06 	 8.019530e-06 	 1.612329e+07 	
1.77458729e+06 	 7.986088e-06 	 1.611608e+07 	
1.77483742e+06 	 7.952655e-06 	 1.610887e+07 	
1.77508754e+06 	 7.919230e-06 	 1.610168e+07 	
1.77533767e+06 	 7.885815e-06 	 1.609448e+07 	
1.77558779e+06 	 7.852408e-06 	 1.608730e+07 	
1.77583792e+06 	 7.819010e-06 	 1.608012e+07 	
1.77608804e+06 	 7.785620e-06 	 1.607294e+07 	
1.77633817e+06 	 7.751848e-06 	 1.606579e+07 	
1.77658829e+06 	 7.718468e-06 	 1.605863e+07 	
1.77683842e+06 	 7.685097e-06 	 1.605147e+07 	
1.77708854e+06 	 7.651734e-06 	 1.604432e+07 	
1.77733867e+06 	 7.618379e-06 	 1.603717e+07 	
1.77758879e+06 	 7.585032e-06 	 1.603003e+07 	
1.77783892e+06 	 7.551694e-06 	 1.602290e+07 	
1.77808904e+06 	 7.518363e-06 	 1.601577e+07 	
1.77833917e+06 	 7.485041e-06 	 1.600865e+07 	
1.77858929e+06 	 7.451727e-06 	 1.600153e+07 	
1.77883942e+06 	 7.418421e-06 	 1.599442e+07 	
1.77908954e+06 	 7.385122e-06 	 1.598731e+07 	
1.77933967e+06 	 7.351832e-06 	 1.598021e+07 	
1.77958979e+06 	 7.318550e-06 	 1.597312e+07 	
1.77983992e+06 	 7.285275e-06 	 1.596603e+07 	
1.78009005e+06 	 7.252009e-06 	 1.595895e+07 	
1.78034017e+06 	 7.218751e-06 	 1.595188e+07 	
1.78059030e+06 	 7.185500e-06 	 1.594481e+07 	
1.78084042e+06 	 7.152258e-06 	 1.593774e+07 	
1.78109055e+06 	 7.119023e-06 	 1.593069e+07 	
1.78134067e+06 	 7.085796e-06 	 1.592364e+07 	
1.78159080e+06 	 7.052578e-06 	 1.591659e+07 	
1.78184092e+06 	 7.019367e-06 	 1.590955e+07 	
1.78209105e+06 	 6.986164e-06 	 1.590252e+07 	
1.78234117e+06 	 6.952969e-06 	 1.589550e+07 	
1.78259130e+06 	 6.919783e-06 	 1.588848e+07 	
1.78284142e+06 	 6.886604e-06 	 1.588147e+07 	
1.78309155e+06 	 6.853433e-06 	 1.587446e+07 	
1.78334167e+06 	 6.820271e-06 	 1.586746e+07 	
1.78359180e+06 	 6.787117e-06 	 1.586047e+07 	
1.78384192e+06 	 6.753971e-06 	 1.585348e+07 	
1.78409205e+06 	 6.720833e-06 	 1.584650e+07 	
1.78434217e+06 	 6.687364e-06 	 1.583955e+07 	
1.78459230e+06 	 6.654237e-06 	 1.583258e+07 	
1.78484242e+06 	 6.621119e-06 	 1.582562e+07 	
1.78509255e+06 	 6.588008e-06 	 1.581867e+07 	
1.78534267e+06 	 6.554907e-06 	 1.581172e+07 	
1.78559280e+06 	 6.521814e-06 	 1.580478e+07 	
1.78584292e+06 	 6.488730e-06 	 1.579785e+07 	
1.78609305e+06 	 6.455654e-06 	 1.579093e+07 	
1.78634317e+06 	 6.422587e-06 	 1.578401e+07 	
1.78659330e+06 	 6.389529e-06 	 1.577710e+07 	
1.78684342e+06 	 6.356480e-06 	 1.577019e+07 	
1.78709355e+06 	 6.323441e-06 	 1.576330e+07 	
1.78734367e+06 	 6.290410e-06 	 1.575641e+07 	
1.78759380e+06 	 6.257389e-06 	 1.574952e+07 	
1.78784392e+06 	 6.224378e-06 	 1.574265e+07 	
1.78809405e+06 	 6.191376e-06 	 1.573578e+07 	
1.78834417e+06 	 6.158384e-06 	 1.572892e+07 	
1.78859430e+06 	 6.125402e-06 	 1.572207e+07 	
1.78884442e+06 	 6.092430e-06 	 1.571522e+07 	
1.78909455e+06 	 6.059468e-06 	 1.570838e+07 	
1.78934467e+06 	 6.026516e-06 	 1.570155e+07 	
1.78959480e+06 	 5.993575e-06 	 1.569473e+07 	
1.78984492e+06 	 5.960645e-06 	 1.568791e+07 	
1.79009505e+06 	 5.927726e-06 	 1.568110e+07 	
1.79034517e+06 	 5.894818e-06 	 1.567430e+07 	
1.79059530e+06 	 5.861921e-06 	 1.566751e+07 	
1.79084542e+06 	 5.829036e-06 	 1.566073e+07 	
1.79109555e+06 	 5.796162e-06 	 1.565395e+07 	
1.79134567e+06 	 5.763300e-06 	 1.564718e+07 	
1.79159580e+06 	 5.730451e-06 	 1.564042e+07 	
1.79184592e+06 	 5.697614e-06 	 1.563366e+07 	
1.79209605e+06 	 5.664506e-06 	 1.562694e+07 	
1.79234617e+06 	 5.631690e-06 	 1.562020e+07 	
1.79259630e+06 	 5.598887e-06 	 1.561347e+07 	
1.79284642e+06 	 5.566097e-06 	 1.560675e+07 	
1.79309655e+06 	 5.533321e-06 	 1.560004e+07 	
1.79334667e+06 	 5.500560e-06 	 1.559334e+07 	
1.79359680e+06 	 5.467812e-06 	 1.558664e+07 	
1.79384692e+06 	 5.435079e-06 	 1.557996e+07 	
1.79409705e+06 	 5.402361e-06 	 1.557328e+07 	
1.79434717e+06 	 5.369658e-06 	 1.556661e+07 	
1.79459730e+06 	 5.336970e-06 	 1.555995e+07 	
1.79484742e+06 	 5.304298e-06 	 1.555330e+07 	
1.79509755e+06 	 5.271643e-06 	 1.554666e+07 	
1.79534767e+06 	 5.239004e-06 	 1.554002e+07 	
1.79559780e+06 	 5.206382e-06 	 1.553340e+07 	
1.79584792e+06 	 5.173778e-06 	 1.552678e+07 	
1.79609805e+06 	 5.141191e-06 	 1.552017e+07 	
1.79634817e+06 	 5.108622e-06 	 1.551357e+07 	
1.79659830e+06 	 5.076072e-06 	 1.550698e+07 	
1.79684842e+06 	 5.043541e-06 	 1.550041e+07 	
1.79709855e+06 	 5.011029e-06 	 1.549383e+07 	
1.79734867e+06 	 4.978537e-06 	 1.548727e+07 	
1.79759880e+06 	 4.946065e-06 	 1.548072e+07 	
1.79784892e+06 	 4.913614e-06 	 1.547418e+07 	
1.79809905e+06 	 4.881184e-06 	 1.546765e+07 	
1.79834917e+06 	 4.848776e-06 	 1.546112e+07 	
1.79859930e+06 	 4.816390e-06 	 1.545461e+07 	
1.79884942e+06 	 4.784027e-06 	 1.544811e+07 	
1.79909955e+06 	 4.751687e-06 	 1.544161e+07 	
1.79934967e+06 	 4.719371e-06 	 1.543513e+07 	
1.79959980e+06 	 4.687079e-06 	 1.542866e+07 	
1.79984992e+06 	 4.654813e-06 	 1.542219e+07 	
1.80010005e+06 	 4.622337e-06 	 1.541576e+07 	
1.80035018e+06 	 4.590118e-06 	 1.540932e+07 	
1.80060030e+06 	 4.557926e-06 	 1.540289e+07 	
1.80085043e+06 	 4.525761e-06 	 1.539646e+07 	
1.80110055e+06 	 4.493624e-06 	 1.539005e+07 	
1.80135068e+06 	 4.461515e-06 	 1.538365e+07 	
1.80160080e+06 	 4.429436e-06 	 1.537726e+07 	
1.80185093e+06 	 4.397387e-06 	 1.537088e+07 	
1.80210105e+06 	 4.365368e-06 	 1.536451e+07 	
1.80235118e+06 	 4.333380e-06 	 1.535816e+07 	
1.80260130e+06 	 4.301424e-06 	 1.535181e+07 	
1.80285143e+06 	 4.269501e-06 	 1.534548e+07 	
1.80310155e+06 	 4.237611e-06 	 1.533915e+07 	
1.80335168e+06 	 4.205755e-06 	 1.533284e+07 	
1.80360180e+06 	 4.173934e-06 	 1.532654e+07 	
1.80385193e+06 	 4.142149e-06 	 1.532025e+07 	
1.80410205e+06 	 4.110401e-06 	 1.531397e+07 	
1.80435218e+06 	 4.078689e-06 	 1.530770e+07 	
1.80460230e+06 	 4.047016e-06 	 1.530144e+07 	
1.80485243e+06 	 4.015381e-06 	 1.529520e+07 	
1.80510255e+06 	 3.983787e-06 	 1.528897e+07 	
1.80535268e+06 	 3.952233e-06 	 1.528275e+07 	
1.80560280e+06 	 3.920721e-06 	 1.527654e+07 	
1.80585293e+06 	 3.889251e-06 	 1.527034e+07 	
1.80610305e+06 	 3.857824e-06 	 1.526416e+07 	
1.80635318e+06 	 3.826442e-06 	 1.525799e+07 	
1.80660330e+06 	 3.795105e-06 	 1.525183e+07 	
1.80685343e+06 	 3.763814e-06 	 1.524568e+07 	
1.80710355e+06 	 3.732571e-06 	 1.523955e+07 	
1.80735368e+06 	 3.701376e-06 	 1.523343e+07 	
1.80760380e+06 	 3.670229e-06 	 1.522732e+07 	
1.80785393e+06 	 3.638950e-06 	 1.522125e+07 	
1.80810405e+06 	 3.607902e-06 	 1.521516e+07 	
1.80835418e+06 	 3.576907e-06 	 1.520910e+07 	
1.80860430e+06 	 3.545966e-06 	 1.520304e+07 	
1.80885443e+06 	 3.515079e-06 	 1.519700e+07 	
1.80910455e+06 	 3.484247e-06 	 1.519097e+07 	
1.80935468e+06 	 3.453472e-06 	 1.518495e+07 	
1.80960480e+06 	 3.422755e-06 	 1.517895e+07 	
1.80985493e+06 	 3.392097e-06 	 1.517296e+07 	
1.81010505e+06 	 3.361499e-06 	 1.516699e+07 	
1.81035518e+06 	 3.330963e-06 	 1.516103e+07 	
1.81060530e+06 	 3.300489e-06 	 1.515508e+07 	
1.81085543e+06 	 3.270079e-06 	 1.514915e+07 	
1.81110555e+06 	 3.239733e-06 	 1.514324e+07 	
1.81135568e+06 	 3.209454e-06 	 1.513733e+07 	
1.81160580e+06 	 3.179243e-06 	 1.513144e+07 	
1.81185593e+06 	 3.149100e-06 	 1.512557e+07 	
1.81210605e+06 	 3.119027e-06 	 1.511971e+07 	
1.81235618e+06 	 3.089026e-06 	 1.511387e+07 	
1.81260630e+06 	 3.059097e-06 	 1.510804e+07 	
1.81285643e+06 	 3.029243e-06 	 1.510222e+07 	
1.81310655e+06 	 2.999464e-06 	 1.509642e+07 	
1.81335668e+06 	 2.969761e-06 	 1.509064e+07 	
1.81360680e+06 	 2.940137e-06 	 1.508487e+07 	
1.81385693e+06 	 2.910592e-06 	 1.507912e+07 	
1.81410705e+06 	 2.881129e-06 	 1.507338e+07 	
1.81435718e+06 	 2.851747e-06 	 1.506766e+07 	
1.81460730e+06 	 2.822450e-06 	 1.506195e+07 	
1.81485743e+06 	 2.793238e-06 	 1.505626e+07 	
1.81510755e+06 	 2.764113e-06 	 1.505059e+07 	
1.81535768e+06 	 2.735075e-06 	 1.504493e+07 	
1.81560780e+06 	 2.706265e-06 	 1.503927e+07 	
1.81585793e+06 	 2.677410e-06 	 1.503364e+07 	
1.81610805e+06 	 2.648649e-06 	 1.502804e+07 	
1.81635818e+06 	 2.619981e-06 	 1.502244e+07 	
1.81660830e+06 	 2.591410e-06 	 1.501687e+07 	
1.81685843e+06 	 2.562936e-06 	 1.501131e+07 	
1.81710855e+06 	 2.534561e-06 	 1.500577e+07 	
1.81735868e+06 	 2.506286e-06 	 1.500024e+07 	
1.81760880e+06 	 2.478114e-06 	 1.499474e+07 	
1.81785893e+06 	 2.450045e-06 	 1.498925e+07 	
1.81810905e+06 	 2.422082e-06 	 1.498378e+07 	
1.81835918e+06 	 2.394225e-06 	 1.497832e+07 	
1.81860930e+06 	 2.366478e-06 	 1.497288e+07 	
1.81885943e+06 	 2.338840e-06 	 1.496747e+07 	
1.81910955e+06 	 2.311314e-06 	 1.496206e+07 	
1.81935968e+06 	 2.283902e-06 	 1.495668e+07 	
1.81960980e+06 	 2.256605e-06 	 1.495132e+07 	
1.81985993e+06 	 2.229425e-06 	 1.494597e+07 	
1.82011006e+06 	 2.202363e-06 	 1.494064e+07 	
1.82036018e+06 	 2.175421e-06 	 1.493534e+07 	
1.82061031e+06 	 2.148601e-06 	 1.493004e+07 	
1.82086043e+06 	 2.121905e-06 	 1.492477e+07 	
1.82111056e+06 	 2.095334e-06 	 1.491952e+07 	
1.82136068e+06 	 2.068889e-06 	 1.491429e+07 	
1.82161081e+06 	 2.042574e-06 	 1.490907e+07 	
1.82186093e+06 	 2.016388e-06 	 1.490388e+07 	
1.82211106e+06 	 1.990334e-06 	 1.489870e+07 	
1.82236118e+06 	 1.964414e-06 	 1.489355e+07 	
1.82261131e+06 	 1.938629e-06 	 1.488841e+07 	
1.82286143e+06 	 1.912981e-06 	 1.488330e+07 	
1.82311156e+06 	 1.887472e-06 	 1.487820e+07 	
1.82336168e+06 	 1.862198e-06 	 1.487310e+07 	
1.82361181e+06 	 1.836972e-06 	 1.486805e+07 	
1.82386193e+06 	 1.811889e-06 	 1.486301e+07 	
1.82411206e+06 	 1.786952e-06 	 1.485799e+07 	
1.82436218e+06 	 1.762162e-06 	 1.485300e+07 	
1.82461231e+06 	 1.737520e-06 	 1.484802e+07 	
1.82486243e+06 	 1.713029e-06 	 1.484307e+07 	
1.82511256e+06 	 1.688689e-06 	 1.483814e+07 	
1.82536268e+06 	 1.664503e-06 	 1.483322e+07 	
1.82561281e+06 	 1.640472e-06 	 1.482833e+07 	
1.82586293e+06 	 1.616598e-06 	 1.482346e+07 	
1.82611306e+06 	 1.592883e-06 	 1.481861e+07 	
1.82636318e+06 	 1.569327e-06 	 1.481379e+07 	
1.82661331e+06 	 1.545932e-06 	 1.480898e+07 	
1.82686343e+06 	 1.522701e-06 	 1.480420e+07 	
1.82711356e+06 	 1.499634e-06 	 1.479944e+07 	
1.82736368e+06 	 1.476734e-06 	 1.479470e+07 	
1.82761381e+06 	 1.454000e-06 	 1.478998e+07 	
1.82786393e+06 	 1.431436e-06 	 1.478528e+07 	
1.82811406e+06 	 1.409043e-06 	 1.478061e+07 	
1.82836418e+06 	 1.386821e-06 	 1.477596e+07 	
1.82861431e+06 	 1.364772e-06 	 1.477133e+07 	
1.82886443e+06 	 1.342899e-06 	 1.476672e+07 	
1.82911456e+06 	 1.321201e-06 	 1.476213e+07 	
1.82936468e+06 	 1.299681e-06 	 1.475757e+07 	
1.82961481e+06 	 1.278340e-06 	 1.475303e+07 	
1.82986493e+06 	 1.257179e-06 	 1.474852e+07 	
1.83011506e+06 	 1.236199e-06 	 1.474402e+07 	
1.83036518e+06 	 1.215402e-06 	 1.473955e+07 	
1.83061531e+06 	 1.194789e-06 	 1.473511e+07 	
1.83086543e+06 	 1.174301e-06 	 1.473071e+07 	
1.83111556e+06 	 1.154058e-06 	 1.472631e+07 	
1.83136568e+06 	 1.134003e-06 	 1.472193e+07 	
1.83161581e+06 	 1.114136e-06 	 1.471758e+07 	
1.83186593e+06 	 1.094459e-06 	 1.471325e+07 	
1.83211606e+06 	 1.074972e-06 	 1.470894e+07 	
1.83236618e+06 	 1.055677e-06 	 1.470466e+07 	
1.83261631e+06 	 1.036574e-06 	 1.470040e+07 	
1.83286643e+06 	 1.017664e-06 	 1.469617e+07 	
1.83311656e+06 	 9.989481e-07 	 1.469196e+07 	
1.83336668e+06 	 9.804275e-07 	 1.468777e+07 	
1.83361681e+06 	 9.621027e-07 	 1.468361e+07 	
1.83386693e+06 	 9.439744e-07 	 1.467947e+07 	
1.83411706e+06 	 9.260434e-07 	 1.467536e+07 	
1.83436718e+06 	 9.083104e-07 	 1.467127e+07 	
1.83461731e+06 	 8.907759e-07 	 1.466721e+07 	
1.83486743e+06 	 8.734405e-07 	 1.466317e+07 	
1.83511756e+06 	 8.563049e-07 	 1.465915e+07 	
1.83536768e+06 	 8.393695e-07 	 1.465516e+07 	
1.83561781e+06 	 8.226347e-07 	 1.465119e+07 	
1.83586793e+06 	 8.061010e-07 	 1.464725e+07 	
1.83611806e+06 	 7.897687e-07 	 1.464333e+07 	
1.83636818e+06 	 7.736381e-07 	 1.463944e+07 	
1.83661831e+06 	 7.577095e-07 	 1.463557e+07 	
1.83686843e+06 	 7.419832e-07 	 1.463173e+07 	
1.83711856e+06 	 7.264592e-07 	 1.462791e+07 	
1.83736868e+06 	 7.111377e-07 	 1.462412e+07 	
1.83761881e+06 	 6.960188e-07 	 1.462035e+07 	
1.83786893e+06 	 6.811025e-07 	 1.461661e+07 	
1.83811906e+06 	 6.663546e-07 	 1.461291e+07 	
1.83836918e+06 	 6.518432e-07 	 1.460922e+07 	
1.83861931e+06 	 6.375343e-07 	 1.460555e+07 	
1.83886943e+06 	 6.234274e-07 	 1.460190e+07 	
1.83911956e+06 	 6.095226e-07 	 1.459829e+07 	
1.83936968e+06 	 5.958194e-07 	 1.459469e+07 	
1.83961981e+06 	 5.823175e-07 	 1.459113e+07 	
1.83986993e+06 	 5.690166e-07 	 1.458758e+07 	
1.84012006e+06 	 5.559163e-07 	 1.458407e+07 	
1.84037019e+06 	 5.430159e-07 	 1.458057e+07 	
1.84062031e+06 	 5.303151e-07 	 1.457711e+07 	
1.84087044e+06 	 5.178132e-07 	 1.457366e+07 	
1.84112056e+06 	 5.055096e-07 	 1.457025e+07 	
1.84137069e+06 	 4.934035e-07 	 1.456685e+07 	
1.84162081e+06 	 4.814943e-07 	 1.456349e+07 	
1.84187094e+06 	 4.697812e-07 	 1.456014e+07 	
1.84212106e+06 	 4.582633e-07 	 1.455683e+07 	
1.84237119e+06 	 4.469397e-07 	 1.455353e+07 	
1.84262131e+06 	 4.358096e-07 	 1.455027e+07 	
1.84287144e+06 	 4.248719e-07 	 1.454702e+07 	
1.84312156e+06 	 4.141255e-07 	 1.454381e+07 	
1.84337169e+06 	 4.035695e-07 	 1.454061e+07 	
1.84362181e+06 	 3.932027e-07 	 1.453744e+07 	
1.84387194e+06 	 3.830240e-07 	 1.453430e+07 	
1.84412206e+06 	 3.730320e-07 	 1.453118e+07 	
1.84437219e+06 	 3.632256e-07 	 1.452809e+07 	
1.84462231e+06 	 3.535857e-07 	 1.452504e+07 	
1.84487244e+06 	 3.441465e-07 	 1.452200e+07 	
1.84512256e+06 	 3.348887e-07 	 1.451898e+07 	
1.84537269e+06 	 3.258111e-07 	 1.451598e+07 	
1.84562281e+06 	 3.169121e-07 	 1.451301e+07 	
1.84587294e+06 	 3.081902e-07 	 1.451006e+07 	
1.84612306e+06 	 2.996438e-07 	 1.450714e+07 	
1.84637319e+06 	 2.912715e-07 	 1.450424e+07 	
1.84662331e+06 	 2.830715e-07 	 1.450137e+07 	
1.84687344e+06 	 2.750422e-07 	 1.449852e+07 	
1.84712356e+06 	 2.671820e-07 	 1.449569e+07 	
1.84737369e+06 	 2.594890e-07 	 1.449289e+07 	
1.84762381e+06 	 2.519616e-07 	 1.449011e+07 	
1.84787394e+06 	 2.445979e-07 	 1.448735e+07 	
1.84812406e+06 	 2.373962e-07 	 1.448462e+07 	
1.84837419e+06 	 2.303546e-07 	 1.448191e+07 	
1.84862431e+06 	 2.234712e-07 	 1.447922e+07 	
1.84887444e+06 	 2.167441e-07 	 1.447656e+07 	
1.84912456e+06 	 2.101715e-07 	 1.447392e+07 	
1.84937469e+06 	 2.037513e-07 	 1.447130e+07 	
1.84962481e+06 	 1.974816e-07 	 1.446871e+07 	
1.84987494e+06 	 1.913605e-07 	 1.446614e+07 	
1.85012506e+06 	 1.853858e-07 	 1.446359e+07 	
1.85037519e+06 	 1.795557e-07 	 1.446107e+07 	
1.85062531e+06 	 1.738593e-07 	 1.445859e+07 	
1.85087544e+06 	 1.683120e-07 	 1.445611e+07 	
1.85112556e+06 	 1.629030e-07 	 1.445365e+07 	
1.85137569e+06 	 1.576303e-07 	 1.445122e+07 	
1.85162581e+06 	 1.524917e-07 	 1.444880e+07 	
1.85187594e+06 	 1.474852e-07 	 1.444641e+07 	
1.85212606e+06 	 1.426086e-07 	 1.444404e+07 	
1.85237619e+06 	 1.378599e-07 	 1.444169e+07 	
1.85262631e+06 	 1.332368e-07 	 1.443936e+07 	
1.85287644e+06 	 1.287373e-07 	 1.443706e+07 	
1.85312656e+06 	 1.243593e-07 	 1.443477e+07 	
1.85337669e+06 	 1.201005e-07 	 1.443251e+07 	
1.85362681e+06 	 1.159590e-07 	 1.443026e+07 	
1.85387694e+06 	 1.119324e-07 	 1.442804e+07 	
1.85412706e+06 	 1.080188e-07 	 1.442583e+07 	
1.85437719e+06 	 1.042160e-07 	 1.442365e+07 	
1.85462731e+06 	 1.005218e-07 	 1.442149e+07 	
1.85487744e+06 	 9.693413e-08 	 1.441935e+07 	
1.85512756e+06 	 9.345091e-08 	 1.441722e+07 	
1.85537769e+06 	 9.007002e-08 	 1.441512e+07 	
1.85562781e+06 	 8.679373e-08 	 1.441300e+07 	
1.85587794e+06 	 8.361122e-08 	 1.441093e+07 	
1.85612806e+06 	 8.052479e-08 	 1.440889e+07 	
1.85637819e+06 	 7.753239e-08 	 1.440686e+07 	
1.85662831e+06 	 7.463195e-08 	 1.440485e+07 	
1.85687844e+06 	 7.182145e-08 	 1.440286e+07 	
1.85712856e+06 	 6.909888e-08 	 1.440088e+07 	
1.85737869e+06 	 6.646223e-08 	 1.439893e+07 	
1.85762881e+06 	 6.390952e-08 	 1.439699e+07 	
1.85787894e+06 	 6.143878e-08 	 1.439507e+07 	
1.85812906e+06 	 5.904808e-08 	 1.439317e+07 	
1.85837919e+06 	 5.673547e-08 	 1.439128e+07 	
1.85862931e+06 	 5.449907e-08 	 1.438941e+07 	
1.85887944e+06 	 5.233698e-08 	 1.438756e+07 	
1.85912956e+06 	 5.024734e-08 	 1.438573e+07 	
1.85937969e+06 	 4.822831e-08 	 1.438391e+07 	
1.85962981e+06 	 4.628043e-08 	 1.438206e+07 	
1.85987994e+06 	 4.439721e-08 	 1.438028e+07 	
1.86013007e+06 	 4.257924e-08 	 1.437850e+07 	
1.86038019e+06 	 4.082475e-08 	 1.437675e+07 	
1.86063032e+06 	 3.913203e-08 	 1.437500e+07 	
1.86088044e+06 	 3.749940e-08 	 1.437328e+07 	
1.86113057e+06 	 3.592518e-08 	 1.437156e+07 	
1.86138069e+06 	 3.440773e-08 	 1.436986e+07 	
1.86163082e+06 	 3.294545e-08 	 1.436818e+07 	
1.86188094e+06 	 3.153674e-08 	 1.436651e+07 	
1.86213107e+06 	 3.018006e-08 	 1.436485e+07 	
1.86238119e+06 	 2.887386e-08 	 1.436321e+07 	
1.86263132e+06 	 2.761525e-08 	 1.436164e+07 	
1.86288144e+06 	 2.640553e-08 	 1.436003e+07 	
1.86313157e+06 	 2.524188e-08 	 1.435843e+07 	
1.86338169e+06 	 2.412288e-08 	 1.435684e+07 	
1.86363182e+06 	 2.304714e-08 	 1.435526e+07 	
1.86388194e+06 	 2.201330e-08 	 1.435370e+07 	
1.86413207e+06 	 2.102004e-08 	 1.435215e+07 	
1.86438219e+06 	 2.006605e-08 	 1.435061e+07 	
1.86463232e+06 	 1.915005e-08 	 1.434908e+07 	
1.86488244e+06 	 1.826989e-08 	 1.434763e+07 	
1.86513257e+06 	 1.742615e-08 	 1.434613e+07 	
1.86538269e+06 	 1.661675e-08 	 1.434464e+07 	
1.86563282e+06 	 1.584053e-08 	 1.434316e+07 	
1.86588294e+06 	 1.509636e-08 	 1.434169e+07 	
1.86613307e+06 	 1.438315e-08 	 1.434023e+07 	
1.86638319e+06 	 1.369980e-08 	 1.433877e+07 	
1.86663332e+06 	 1.304527e-08 	 1.433732e+07 	
1.86688344e+06 	 1.241786e-08 	 1.433599e+07 	
1.86713357e+06 	 1.181790e-08 	 1.433457e+07 	
1.86738369e+06 	 1.124377e-08 	 1.433316e+07 	
1.86763382e+06 	 1.069453e-08 	 1.433175e+07 	
1.86788394e+06 	 1.016926e-08 	 1.433035e+07 	
1.86813407e+06 	 9.666585e-09 	 1.432908e+07 	
1.86838419e+06 	 9.186581e-09 	 1.432771e+07 	
1.86863432e+06 	 8.727951e-09 	 1.432634e+07 	
1.86888444e+06 	 8.289882e-09 	 1.432498e+07 	
1.86913457e+06 	 7.871583e-09 	 1.432362e+07 	
1.86938469e+06 	 7.471870e-09 	 1.432242e+07 	
1.86963482e+06 	 7.090781e-09 	 1.432110e+07 	
1.86988494e+06 	 6.727222e-09 	 1.431979e+07 	
1.87013507e+06 	 6.380495e-09 	 1.431848e+07 	
1.87038519e+06 	 6.049575e-09 	 1.431737e+07 	
1.87063532e+06 	 5.734451e-09 	 1.431612e+07 	
1.87088544e+06 	 5.434183e-09 	 1.431489e+07 	
1.87113557e+06 	 5.148438e-09 	 1.431347e+07 	
1.87138569e+06 	 4.876113e-09 	 1.431222e+07 	
1.87163582e+06 	 4.616872e-09 	 1.431099e+07 	
1.87188594e+06 	 4.370417e-09 	 1.430951e+07 	
1.87213607e+06 	 4.135767e-09 	 1.430820e+07 	
1.87238619e+06 	 3.912414e-09 	 1.430714e+07 	
1.87263632e+06 	 3.700215e-09 	 1.430589e+07 	
1.87288644e+06 	 3.498531e-09 	 1.430464e+07 	
1.87313657e+06 	 3.306690e-09 	 1.430373e+07 	
1.87338669e+06 	 3.124608e-09 	 1.430261e+07 	
1.87363682e+06 	 2.951978e-09 	 1.430096e+07 	
1.87388694e+06 	 2.787909e-09 	 1.429969e+07 	
1.87413707e+06 	 2.632226e-09 	 1.429835e+07 	
1.87438719e+06 	 2.484409e-09 	 1.429736e+07 	
1.87463732e+06 	 2.344323e-09 	 1.429607e+07 	
1.87488744e+06 	 2.211446e-09 	 1.429496e+07 	
1.87513757e+06 	 2.085570e-09 	 1.429362e+07 	
1.87538769e+06 	 1.966210e-09 	 1.429267e+07 	
1.87563782e+06 	 1.853224e-09 	 1.429139e+07 	
1.87588794e+06 	 1.746179e-09 	 1.429033e+07 	
1.87613807e+06 	 1.644899e-09 	 1.428904e+07 	
1.87638819e+06 	 1.548985e-09 	 1.428811e+07 	
1.87663832e+06 	 1.458296e-09 	 1.428693e+07 	
1.87688844e+06 	 1.372528e-09 	 1.428573e+07 	
1.87713857e+06 	 1.291420e-09 	 1.428462e+07 	
1.87738869e+06 	 1.214777e-09 	 1.428338e+07 	
1.87763882e+06 	 1.142331e-09 	 1.428235e+07 	
1.87788894e+06 	 1.073922e-09 	 1.428113e+07 	
1.87813907e+06 	 1.009305e-09 	 1.428006e+07 	
1.87838919e+06 	 9.483271e-10 	 1.427876e+07 	
1.87863932e+06 	 8.907597e-10 	 1.427780e+07 	
1.87888944e+06 	 8.364690e-10 	 1.427645e+07 	
1.87913957e+06 	 7.852431e-10 	 1.427555e+07 	
1.87938969e+06 	 7.369658e-10 	 1.427414e+07 	
1.87963982e+06 	 6.914379e-10 	 1.427334e+07 	
1.87988994e+06 	 6.485532e-10 	 1.427214e+07 	
1.88014007e+06 	 6.081493e-10 	 1.427110e+07 	
1.88039020e+06 	 5.701108e-10 	 1.426970e+07 	
1.88064032e+06 	 5.342851e-10 	 1.426890e+07 	
1.88089045e+06 	 5.005776e-10 	 1.426776e+07 	
1.88114057e+06 	 4.688620e-10 	 1.426668e+07 	
1.88139070e+06 	 4.390326e-10 	 1.426557e+07 	
1.88164082e+06 	 4.109859e-10 	 1.426439e+07 	
1.88189095e+06 	 3.846186e-10 	 1.426337e+07 	
1.88214107e+06 	 3.598443e-10 	 1.426220e+07 	
1.88239120e+06 	 3.365688e-10 	 1.426117e+07 	
1.88264132e+06 	 3.147110e-10 	 1.426006e+07 	
1.88289145e+06 	 2.941895e-10 	 1.425897e+07 	
1.88314157e+06 	 2.749297e-10 	 1.425777e+07 	
1.88339170e+06 	 2.568566e-10 	 1.425678e+07 	
1.88364182e+06 	 2.399054e-10 	 1.425562e+07 	
1.88389195e+06 	 2.240088e-10 	 1.425459e+07 	
1.88414207e+06 	 2.091075e-10 	 1.425347e+07 	
1.88439220e+06 	 1.951422e-10 	 1.425240e+07 	
1.88464232e+06 	 1.820588e-10 	 1.425127e+07 	
1.88489245e+06 	 1.698045e-10 	 1.425023e+07 	
1.88514257e+06 	 1.583310e-10 	 1.424912e+07 	
1.88539270e+06 	 1.475912e-10 	 1.424805e+07 	
1.88564282e+06 	 1.375416e-10 	 1.424691e+07 	
1.88589295e+06 	 1.281400e-10 	 1.424588e+07 	
1.88614307e+06 	 1.193479e-10 	 1.424479e+07 	
1.88639320e+06 	 1.111280e-10 	 1.424371e+07 	
1.88664332e+06 	 1.034455e-10 	 1.424260e+07 	
1.88689345e+06 	 9.626701e-11 	 1.424154e+07 	
1.88714357e+06 	 8.956182e-11 	 1.424044e+07 	
1.88739370e+06 	 8.330038e-11 	 1.423937e+07 	
1.88764382e+06 	 7.745517e-11 	 1.423829e+07 	
1.88789395e+06 	 7.200007e-11 	 1.423721e+07 	
1.88814407e+06 	 6.691060e-11 	 1.423611e+07 	
1.88839420e+06 	 6.216357e-11 	 1.423505e+07 	
1.88864432e+06 	 5.773733e-11 	 1.423397e+07 	
1.88889445e+06 	 5.361137e-11 	 1.423289e+07 	
1.88914457e+06 	 4.976646e-11 	 1.423181e+07 	
1.88939470e+06 	 4.618453e-11 	 1.423074e+07 	
1.88964482e+06 	 4.284852e-11 	 1.422966e+07 	
1.88989495e+06 	 3.974252e-11 	 1.422858e+07 	
1.89014507e+06 	 3.685147e-11 	 1.422750e+07 	
1.89039520e+06 	 3.416129e-11 	 1.422643e+07 	
1.89064532e+06 	 3.165878e-11 	 1.422535e+07 	
1.89089545e+06 	 2.933149e-11 	 1.422428e+07 	
1.89114557e+06 	 2.716782e-11 	 1.422320e+07 	
1.89139570e+06 	 2.515681e-11 	 1.422213e+07 	
1.89164582e+06 	 2.328828e-11 	 1.422105e+07 	
1.89189595e+06 	 2.155259e-11 	 1.421998e+07 	
1.89214607e+06 	 1.994081e-11 	 1.421891e+07 	
1.89239620e+06 	 1.844448e-11 	 1.421783e+07 	
1.89264632e+06 	 1.705578e-11 	 1.421676e+07 	
1.89289645e+06 	 1.576730e-11 	 1.421569e+07 	
1.89314657e+06 	 1.457217e-11 	 1.421461e+07 	
1.89339670e+06 	 1.346396e-11 	 1.421354e+07 	
1.89364682e+06 	 1.243662e-11 	 1.421247e+07 	
1.89389695e+06 	 1.148456e-11 	 1.421140e+07 	
1.89414707e+06 	 1.060244e-11 	 1.421033e+07 	
1.89439720e+06 	 9.785451e-12 	 1.420926e+07 	
1.89464732e+06 	 9.028943e-12 	 1.420819e+07 	
1.89489745e+06 	 8.328653e-12 	 1.420712e+07 	
1.89514757e+06 	 7.680603e-12 	 1.420605e+07 	
1.89539770e+06 	 7.081020e-12 	 1.420498e+07 	
1.89564782e+06 	 6.526502e-12 	 1.420391e+07 	
1.89589795e+06 	 6.013769e-12 	 1.420284e+07 	
1.89614807e+06 	 5.539809e-12 	 1.420177e+07 	
1.89639820e+06 	 5.101849e-12 	 1.420070e+07 	
1.89664832e+06 	 4.697198e-12 	 1.419963e+07 	
1.89689845e+06 	 4.323488e-12 	 1.419857e+07 	
1.89714857e+06 	 3.978463e-12 	 1.419750e+07 	
1.89739870e+06 	 3.659951e-12 	 1.419643e+07 	
1.89764882e+06 	 3.366032e-12 	 1.419536e+07 	
1.89789895e+06 	 3.094904e-12 	 1.419430e+07 	
1.89814907e+06 	 2.844835e-12 	 1.419323e+07 	
1.89839920e+06 	 2.614269e-12 	 1.419216e+07 	
1.89864932e+06 	 2.401757e-12 	 1.419110e+07 	
1.89889945e+06 	 2.205905e-12 	 1.419003e+07 	
1.89914957e+06 	 2.025490e-12 	 1.418897e+07 	
1.89939970e+06 	 1.859353e-12 	 1.418790e+07 	
1.89964982e+06 	 1.706356e-12 	 1.418684e+07 	
1.89989995e+06 	 1.565522e-12 	 1.418577e+07 	
1.90015008e+06 	 1.435951e-12 	 1.418471e+07 	
1.90040020e+06 	 1.316751e-12 	 1.418364e+07 	
1.90065033e+06 	 1.207117e-12 	 1.418258e+07 	
1.90090045e+06 	 1.106318e-12 	 1.418151e+07 	
1.90115058e+06 	 1.013664e-12 	 1.418045e+07 	
1.90140070e+06 	 9.285233e-13 	 1.417939e+07 	
1.90165083e+06 	 8.503074e-13 	 1.417832e+07 	
1.90190095e+06 	 7.784728e-13 	 1.417726e+07 	
1.90215108e+06 	 7.125175e-13 	 1.417620e+07 	
1.90240120e+06 	 6.519909e-13 	 1.417514e+07 	
1.90265133e+06 	 5.964228e-13 	 1.417407e+07 	
1.90290145e+06 	 5.454458e-13 	 1.417301e+07 	
1.90315158e+06 	 4.987077e-13 	 1.417195e+07 	
1.90340170e+06 	 4.558609e-13 	 1.417089e+07 	
1.90365183e+06 	 4.165828e-13 	 1.416983e+07 	
1.90390195e+06 	 3.805687e-13 	 1.416877e+07 	
1.90415208e+06 	 3.475803e-13 	 1.416771e+07 	
1.90440220e+06 	 3.173792e-13 	 1.416665e+07 	
1.90465233e+06 	 2.897276e-13 	 1.416559e+07 	
1.90490245e+06 	 2.644099e-13 	 1.416453e+07 	
1.90515258e+06 	 2.412414e-13 	 1.416347e+07 	
1.90540270e+06 	 2.200454e-13 	 1.416241e+07 	
1.90565283e+06 	 2.006592e-13 	 1.416135e+07 	
1.90590295e+06 	 1.829326e-13 	 1.416029e+07 	
1.90615308e+06 	 1.667267e-13 	 1.415923e+07 	
1.90640320e+06 	 1.519189e-13 	 1.415817e+07 	
1.90665333e+06 	 1.383965e-13 	 1.415711e+07 	
1.90690345e+06 	 1.260339e-13 	 1.415606e+07 	
1.90715358e+06 	 1.147429e-13 	 1.415500e+07 	
1.90740370e+06 	 1.044402e-13 	 1.415394e+07 	
1.90765383e+06 	 9.504262e-14 	 1.415288e+07 	
1.90790395e+06 	 8.646738e-14 	 1.415183e+07 	
1.90815408e+06 	 7.864321e-14 	 1.415077e+07 	
1.90840420e+06 	 7.150864e-14 	 1.414971e+07 	
1.90865433e+06 	 6.500423e-14 	 1.414866e+07 	
1.90890445e+06 	 5.907620e-14 	 1.414760e+07 	
1.90915458e+06 	 5.367489e-14 	 1.414655e+07 	
1.90940470e+06 	 4.875462e-14 	 1.414549e+07 	
1.90965483e+06 	 4.427369e-14 	 1.414443e+07 	
1.90990495e+06 	 4.019486e-14 	 1.414338e+07 	
1.91015508e+06 	 3.648224e-14 	 1.414232e+07 	
1.91040520e+06 	 3.310276e-14 	 1.414127e+07 	
1.91065533e+06 	 3.002930e-14 	 1.414022e+07 	
1.91090545e+06 	 2.723476e-14 	 1.413916e+07 	
1.91115558e+06 	 2.469347e-14 	 1.413811e+07 	
1.91140570e+06 	 2.238351e-14 	 1.413705e+07 	
1.91165583e+06 	 2.028453e-14 	 1.413600e+07 	
1.91190595e+06 	 1.837740e-14 	 1.413495e+07 	
1.91215608e+06 	 1.664549e-14 	 1.413389e+07 	
1.91240620e+06 	 1.507291e-14 	 1.413284e+07 	
1.91265633e+06 	 1.364526e-14 	 1.413179e+07 	
1.91290645e+06 	 1.234981e-14 	 1.413074e+07 	
1.91315658e+06 	 1.117441e-14 	 1.412968e+07 	
1.91340670e+06 	 1.010832e-14 	 1.412863e+07 	
1.91365683e+06 	 9.141566e-15 	 1.412758e+07 	
1.91390695e+06 	 8.265164e-15 	 1.412653e+07 	
1.91415708e+06 	 7.470950e-15 	 1.412548e+07 	
1.91440720e+06 	 6.751182e-15 	 1.412443e+07 	
1.91465733e+06 	 6.099283e-15 	 1.412338e+07 	
1.91490745e+06 	 5.508986e-15 	 1.412233e+07 	
1.91515758e+06 	 4.974433e-15 	 1.412128e+07 	
1.91540770e+06 	 4.490657e-15 	 1.412023e+07 	
1.91565783e+06 	 4.052952e-15 	 1.411918e+07 	
1.91590795e+06 	 3.656893e-15 	 1.411813e+07 	
1.91615808e+06 	 3.298729e-15 	 1.411708e+07 	
1.91640820e+06 	 2.974926e-15 	 1.411603e+07 	
1.91665833e+06 	 2.682182e-15 	 1.411498e+07 	
1.91690845e+06 	 2.417653e-15 	 1.411393e+07 	
1.91715858e+06 	 2.178678e-15 	 1.411288e+07 	
1.91740870e+06 	 1.962779e-15 	 1.411184e+07 	
1.91765883e+06 	 1.767863e-15 	 1.411079e+07 	
1.91790895e+06 	 1.591906e-15 	 1.410974e+07 	
1.91815908e+06 	 1.433081e-15 	 1.410869e+07 	
1.91840920e+06 	 1.289797e-15 	 1.410765e+07 	
1.91865933e+06 	 1.160533e-15 	 1.410660e+07 	
1.91890945e+06 	 1.043950e-15 	 1.410555e+07 	
1.91915958e+06 	 9.388647e-16 	 1.410451e+07 	
1.91940970e+06 	 8.441384e-16 	 1.410346e+07 	
1.91965983e+06 	 7.587724e-16 	 1.410242e+07 	
1.91990995e+06 	 6.818819e-16 	 1.410137e+07 	
1.92016008e+06 	 6.126159e-16 	 1.410032e+07 	
1.92041021e+06 	 5.502457e-16 	 1.409928e+07 	
1.92066033e+06 	 4.941140e-16 	 1.409823e+07 	
1.92091046e+06 	 4.435925e-16 	 1.409719e+07 	
1.92116058e+06 	 3.981351e-16 	 1.409615e+07 	
1.92141071e+06 	 3.572514e-16 	 1.409510e+07 	
1.92166083e+06 	 3.204804e-16 	 1.409406e+07 	
1.92191096e+06 	 2.874260e-16 	 1.409301e+07 	
1.92216108e+06 	 2.577159e-16 	 1.409197e+07 	
1.92241121e+06 	 2.310191e-16 	 1.409093e+07 	
1.92266133e+06 	 2.070371e-16 	 1.408988e+07 	
1.92291146e+06 	 1.854966e-16 	 1.408884e+07 	
1.92316158e+06 	 1.661597e-16 	 1.408780e+07 	
1.92341171e+06 	 1.487982e-16 	 1.408676e+07 	
1.92366183e+06 	 1.332164e-16 	 1.408571e+07 	
1.92391196e+06 	 1.192406e-16 	 1.408467e+07 	
1.92416208e+06 	 1.067033e-16 	 1.408363e+07 	
1.92441221e+06 	 9.546000e-17 	 1.408259e+07 	
1.92466233e+06 	 8.538159e-17 	 1.408155e+07 	
1.92491246e+06 	 7.634655e-17 	 1.408051e+07 	
1.92516258e+06 	 6.825187e-17 	 1.407947e+07 	
1.92541271e+06 	 6.100392e-17 	 1.407843e+07 	
1.92566283e+06 	 5.450617e-17 	 1.407739e+07 	
1.92591296e+06 	 4.868778e-17 	 1.407635e+07 	
1.92616308e+06 	 4.348318e-17 	 1.407531e+07 	
1.92641321e+06 	 3.882681e-17 	 1.407427e+07 	
1.92666333e+06 	 3.465899e-17 	 1.407323e+07 	
1.92691346e+06 	 3.093048e-17 	 1.407219e+07 	
1.92716358e+06 	 2.759700e-17 	 1.407115e+07 	
1.92741371e+06 	 2.461645e-17 	 1.407011e+07 	
1.92766383e+06 	 2.195217e-17 	 1.406907e+07 	
1.92791396e+06 	 1.957195e-17 	 1.406803e+07 	
1.92816408e+06 	 1.744526e-17 	 1.406700e+07 	
1.92841421e+06 	 1.554591e-17 	 1.406596e+07 	
1.92866433e+06 	 1.385014e-17 	 1.406492e+07 	
1.92891446e+06 	 1.233600e-17 	 1.406388e+07 	
1.92916458e+06 	 1.098497e-17 	 1.406285e+07 	
1.92941471e+06 	 9.779674e-18 	 1.406181e+07 	
1.92966483e+06 	 8.704005e-18 	 1.406077e+07 	
1.92991496e+06 	 7.745038e-18 	 1.405974e+07 	
1.93016508e+06 	 6.890204e-18 	 1.405870e+07 	
1.93041521e+06 	 6.128065e-18 	 1.405766e+07 	
1.93066533e+06 	 5.448973e-18 	 1.405663e+07 	
1.93091546e+06 	 4.843963e-18 	 1.405559e+07 	
1.93116558e+06 	 4.304956e-18 	 1.405456e+07 	
1.93141571e+06 	 3.825158e-18 	 1.405352e+07 	
2.19414866e+06 	 1.000000e-20 	 1.307920e+07 	
2.49262152e+06 	 1.000000e-20 	 1.218676e+07 	
2.83169602e+06 	 1.000000e-20 	 1.136636e+07 	
3.21689527e+06 	 1.000000e-20 	 1.060991e+07 	
3.65449366e+06 	 1.000000e-20 	 9.910686e+06 	
4.15161912e+06 	 1.000000e-20 	 9.263015e+06 	
4.71636919e+06 	 1.000000e-20 	 8.662034e+06 	
5.35794294e+06 	 1.000000e-20 	 8.103546e+06 	
6.08679079e+06 	 1.000000e-20 	 7.583885e+06 	
6.91478475e+06 	 1.000000e-20 	 7.099825e+06 	
7.85541179e+06 	 1.000000e-20 	 6.648504e+06 	
8.92399353e+06 	 1.000000e-20 	 6.227370e+06 	
1.01379358e+07 	 1.000000e-20 	 5.834130e+06 	
1.15170122e+07 	 1.000000e-20 	 5.466715e+06 	
1.30836862e+07 	 1.000000e-20 	 5.123249e+06 	
1.48634768e+07 	 1.000000e-20 	 4.802025e+06 	
1.68853746e+07 	 1.000000e-20 	 4.501485e+06 	
1.91823138e+07 	 1.000000e-20 	 4.220200e+06 	
2.17917085e+07 	 1.000000e-20 	 3.956856e+06 	
2.47560626e+07 	 1.000000e-20 	 3.710244e+06 	
2.81236615e+07 	 1.000000e-20 	 3.479249e+06 	
3.19493593e+07 	 1.000000e-20 	 3.262837e+06 	
3.62954716e+07 	 1.000000e-20 	 3.060054e+06 	
4.12327911e+07 	 1.000000e-20 	 2.870009e+06 	
4.68417406e+07 	 1.000000e-20 	 2.691881e+06 	
5.32136827e+07 	 1.000000e-20 	 2.524901e+06 	
6.04524082e+07 	 1.000000e-20 	 2.368355e+06 	
6.86758268e+07 	 1.000000e-20 	 2.221579e+06 	
7.80178876e+07 	 1.000000e-20 	 2.083951e+06 	
8.86307610e+07 	 1.000000e-20 	 1.954891e+06 	
1.00687317e+08 	 1.000000e-20 	 1.833860e+06 	
1.14383942e+08 	 1.000000e-20 	 1.720352e+06 	
1.29943736e+08 	 1.000000e-20 	 1.613893e+06 	
1.47620149e+08 	 1.000000e-20 	 1.514041e+06 	
1.67701108e+08 	 1.000000e-20 	 1.420384e+06 	
1.90513704e+08 	 1.000000e-20 	 1.332534e+06 	
2.16429528e+08 	 1.000000e-20 	 1.250129e+06 	
2.45870714e+08 	 1.000000e-20 	 1.172829e+06 	
2.79316823e+08 	 1.000000e-20 	 1.100316e+06 	
3.17312649e+08 	 1.000000e-20 	 1.032293e+06 	
3.60477095e+08 	 1.000000e-20 	 9.684804e+05 	
4.09513257e+08 	 1.000000e-20 	 9.086166e+05 	
4.65219871e+08 	 1.000000e-20 	 8.524567e+05 	
5.28504326e+08 	 1.000000e-20 	 7.997708e+05 	
6.00397448e+08 	 1.000000e-20 	 7.503436e+05 	
6.82070283e+08 	 1.000000e-20 	 7.039730e+05 	
7.74853178e+08 	 1.000000e-20 	 6.604698e+05 	
8.80257450e+08 	 1.000000e-20 	 6.196562e+05 	
1.00000000e+09 	 1.000000e-20 	 5.813659e+05 	
