r (cm)        	 rho (g/cm3) 	 T (K)       		 Linf = 3.281541e+38
1.19999899e+06 	 1.268099e+05 	 1.252306e+09 	
1.20003353e+06 	 1.210126e+05 	 1.237488e+09 	
1.20013691e+06 	 1.049512e+05 	 1.193483e+09 	
1.20024029e+06 	 9.069648e+04 	 1.150025e+09 	
1.20034156e+06 	 7.832827e+04 	 1.108000e+09 	
1.20044284e+06 	 6.739677e+04 	 1.066537e+09 	
1.20054412e+06 	 5.776857e+04 	 1.025657e+09 	
1.20062689e+06 	 5.078008e+04 	 9.926925e+08 	
1.20070966e+06 	 4.451477e+04 	 9.601432e+08 	
1.20079244e+06 	 3.891240e+04 	 9.280208e+08 	
1.20087521e+06 	 3.391631e+04 	 8.963379e+08 	
1.20095798e+06 	 2.947329e+04 	 8.651073e+08 	
1.20103781e+06 	 2.566572e+04 	 8.354297e+08 	
1.20111763e+06 	 2.228433e+04 	 8.061969e+08 	
1.20119746e+06 	 1.929002e+04 	 7.774212e+08 	
1.20127728e+06 	 1.664632e+04 	 7.491152e+08 	
1.20134363e+06 	 1.469126e+04 	 7.259536e+08 	
1.20140998e+06 	 1.293676e+04 	 7.031328e+08 	
1.20147633e+06 	 1.136577e+04 	 6.806601e+08 	
1.20154268e+06 	 9.962299e+03 	 6.585430e+08 	
1.20160903e+06 	 8.711430e+03 	 6.367892e+08 	
1.20167538e+06 	 7.599352e+03 	 6.154083e+08 	
1.20174172e+06 	 6.612994e+03 	 5.944057e+08 	
1.20180806e+06 	 5.740346e+03 	 5.737891e+08 	
1.20186309e+06 	 5.094853e+03 	 5.569878e+08 	
1.20191812e+06 	 4.514014e+03 	 5.404615e+08 	
1.20197314e+06 	 3.992315e+03 	 5.242142e+08 	
1.20202817e+06 	 3.524608e+03 	 5.082503e+08 	
1.20208319e+06 	 3.106101e+03 	 4.925737e+08 	
1.20213822e+06 	 2.732339e+03 	 4.771884e+08 	
1.20219491e+06 	 2.389687e+03 	 4.616457e+08 	
1.20225161e+06 	 2.085967e+03 	 4.464204e+08 	
1.20229816e+06 	 1.862939e+03 	 4.341571e+08 	
1.20234472e+06 	 1.661587e+03 	 4.221127e+08 	
1.20239128e+06 	 1.480069e+03 	 4.102890e+08 	
1.20243784e+06 	 1.316672e+03 	 3.986881e+08 	
1.20248440e+06 	 1.169804e+03 	 3.873117e+08 	
1.20253096e+06 	 1.037987e+03 	 3.761614e+08 	
1.20257751e+06 	 9.198560e+02 	 3.652389e+08 	
1.20262407e+06 	 8.141468e+02 	 3.545455e+08 	
1.20267243e+06 	 7.162582e+02 	 3.436831e+08 	
1.20272078e+06 	 6.293125e+02 	 3.330706e+08 	
1.20276088e+06 	 5.647243e+02 	 3.244605e+08 	
1.20280098e+06 	 5.063251e+02 	 3.160234e+08 	
1.20284108e+06 	 4.535795e+02 	 3.077596e+08 	
1.20288118e+06 	 4.059917e+02 	 2.996695e+08 	
1.20292127e+06 	 3.631033e+02 	 2.917533e+08 	
1.20296137e+06 	 3.244914e+02 	 2.840110e+08 	
1.20300147e+06 	 2.897661e+02 	 2.764425e+08 	
1.20304157e+06 	 2.585684e+02 	 2.690479e+08 	
1.20308167e+06 	 2.305685e+02 	 2.618266e+08 	
1.20312176e+06 	 2.054637e+02 	 2.547785e+08 	
1.20315737e+06 	 1.853719e+02 	 2.486640e+08 	
1.20319298e+06 	 1.671658e+02 	 2.426851e+08 	
1.20322859e+06 	 1.506806e+02 	 2.368413e+08 	
1.20326420e+06 	 1.357644e+02 	 2.311320e+08 	
1.20329981e+06 	 1.222773e+02 	 2.255566e+08 	
1.20333542e+06 	 1.100908e+02 	 2.201142e+08 	
1.20337103e+06 	 9.908649e+01 	 2.148040e+08 	
1.20340664e+06 	 8.915611e+01 	 2.096251e+08 	
1.20344225e+06 	 8.020027e+01 	 2.045765e+08 	
1.20347786e+06 	 7.212801e+01 	 1.996571e+08 	
1.20351347e+06 	 6.485619e+01 	 1.948657e+08 	
1.20354908e+06 	 5.830886e+01 	 1.902010e+08 	
1.20358469e+06 	 5.241674e+01 	 1.856618e+08 	
1.20362030e+06 	 4.711670e+01 	 1.812466e+08 	
1.20365591e+06 	 4.235130e+01 	 1.769540e+08 	
1.20369152e+06 	 3.806828e+01 	 1.727825e+08 	
1.20372713e+06 	 3.422020e+01 	 1.687304e+08 	
1.20376274e+06 	 3.076400e+01 	 1.647960e+08 	
1.20379900e+06 	 2.760761e+01 	 1.609097e+08 	
1.20383525e+06 	 2.477969e+01 	 1.571417e+08 	
1.20387150e+06 	 2.224662e+01 	 1.534901e+08 	
1.20390776e+06 	 1.997803e+01 	 1.499529e+08 	
1.20394401e+06 	 1.794659e+01 	 1.465279e+08 	
1.20398026e+06 	 1.612765e+01 	 1.432131e+08 	
1.20401651e+06 	 1.449905e+01 	 1.400063e+08 	
1.20405277e+06 	 1.304088e+01 	 1.369053e+08 	
1.20408902e+06 	 1.173524e+01 	 1.339078e+08 	
1.20412527e+06 	 1.056608e+01 	 1.310116e+08 	
1.20416153e+06 	 9.518980e+00 	 1.282142e+08 	
1.20419778e+06 	 8.581039e+00 	 1.255135e+08 	
1.20423403e+06 	 7.740690e+00 	 1.229070e+08 	
1.20427029e+06 	 6.987577e+00 	 1.203924e+08 	
1.20430654e+06 	 6.312438e+00 	 1.179673e+08 	
1.20434279e+06 	 5.706987e+00 	 1.156293e+08 	
1.20437905e+06 	 5.163819e+00 	 1.133760e+08 	
1.20442348e+06 	 4.573378e+00 	 1.107262e+08 	
1.20446792e+06 	 4.055851e+00 	 1.081958e+08 	
1.20451235e+06 	 3.601876e+00 	 1.057802e+08 	
1.20455679e+06 	 3.203308e+00 	 1.034753e+08 	
1.20460122e+06 	 2.853065e+00 	 1.012768e+08 	
1.20464566e+06 	 2.544984e+00 	 9.918036e+07 	
1.20469009e+06 	 2.273708e+00 	 9.718195e+07 	
1.20473453e+06 	 2.034578e+00 	 9.527747e+07 	
1.20477896e+06 	 1.823544e+00 	 9.346293e+07 	
1.20482339e+06 	 1.637081e+00 	 9.173445e+07 	
1.20486783e+06 	 1.472125e+00 	 9.008820e+07 	
1.20491226e+06 	 1.326007e+00 	 8.852051e+07 	
1.20495670e+06 	 1.196407e+00 	 8.702776e+07 	
1.20500113e+06 	 1.081302e+00 	 8.560649e+07 	
1.20505548e+06 	 9.576792e-01 	 8.396053e+07 	
1.20510982e+06 	 8.503436e-01 	 8.241050e+07 	
1.20516416e+06 	 7.569493e-01 	 8.095072e+07 	
1.20521850e+06 	 6.755089e-01 	 7.957579e+07 	
1.20527285e+06 	 6.043363e-01 	 7.828057e+07 	
1.20532719e+06 	 5.419991e-01 	 7.706016e+07 	
1.20539502e+06 	 4.747523e-01 	 7.563479e+07 	
1.20546285e+06 	 4.174037e-01 	 7.431037e+07 	
1.20553068e+06 	 3.683268e-01 	 7.307902e+07 	
1.20559852e+06 	 3.261835e-01 	 7.193348e+07 	
1.20566635e+06 	 2.898702e-01 	 7.086699e+07 	
1.20573418e+06 	 2.584746e-01 	 6.987333e+07 	
1.20581477e+06 	 2.265298e-01 	 6.877955e+07 	
1.20589536e+06 	 1.994255e-01 	 6.777169e+07 	
1.20597594e+06 	 1.763241e-01 	 6.684179e+07 	
1.20605653e+06 	 1.565474e-01 	 6.598265e+07 	
1.20613712e+06 	 1.395440e-01 	 6.518778e+07 	
1.20625135e+06 	 1.193328e-01 	 6.415991e+07 	
1.20636558e+06 	 1.027896e-01 	 6.323475e+07 	
1.20647981e+06 	 8.914379e-02 	 6.239961e+07 	
1.20659404e+06 	 7.780484e-02 	 6.164350e+07 	
1.20671972e+06 	 6.745324e-02 	 6.089166e+07 	
1.20684540e+06 	 5.887630e-02 	 6.021321e+07 	
1.20697108e+06 	 5.171577e-02 	 5.959891e+07 	
1.20714835e+06 	 4.350146e-02 	 5.882647e+07 	
1.20732562e+06 	 3.698425e-02 	 5.814761e+07 	
1.20750288e+06 	 3.175004e-02 	 5.754740e+07 	
1.20773513e+06 	 2.634376e-02 	 5.686004e+07 	
1.20796738e+06 	 2.215514e-02 	 5.626527e+07 	
1.20819963e+06 	 1.885822e-02 	 5.574621e+07 	
1.20850984e+06 	 1.546166e-02 	 5.514849e+07 	
1.20882006e+06 	 1.289055e-02 	 5.463845e+07 	
1.20913028e+06 	 1.090512e-02 	 5.419819e+07 	
1.20955230e+06 	 8.864214e-03 	 5.368749e+07 	
1.20997432e+06 	 7.352197e-03 	 5.325624e+07 	
1.21039634e+06 	 6.204430e-03 	 5.288659e+07 	
1.21099368e+06 	 5.003242e-03 	 5.244409e+07 	
1.21159103e+06 	 4.135673e-03 	 5.207344e+07 	
1.21218838e+06 	 3.490026e-03 	 5.175693e+07 	
1.21297998e+06 	 2.862038e-03 	 5.140023e+07 	
1.21377159e+06 	 2.406821e-03 	 5.109729e+07 	
1.21456320e+06 	 2.066594e-03 	 5.083472e+07 	
1.21535481e+06 	 1.805732e-03 	 5.060323e+07 	
1.21654906e+06 	 1.513976e-03 	 5.029858e+07 	
1.21774331e+06 	 1.303916e-03 	 5.003412e+07 	
1.21893757e+06 	 1.147614e-03 	 4.979946e+07 	
1.22071552e+06 	 9.797205e-04 	 4.949059e+07 	
1.22177813e+06 	 9.046058e-04 	 4.932352e+07 	
1.22395229e+06 	 7.893652e-04 	 4.901164e+07 	
1.22573752e+06 	 7.211262e-04 	 4.877827e+07 	
1.22858840e+06 	 6.430665e-04 	 4.843556e+07 	
1.23143928e+06 	 5.891001e-04 	 4.811902e+07 	
1.23429016e+06 	 5.500754e-04 	 4.782073e+07 	
1.23863253e+06 	 5.081368e-04 	 4.739054e+07 	
1.24219516e+06 	 4.834214e-04 	 4.705282e+07 	
1.24858309e+06 	 4.512939e-04 	 4.647011e+07 	
1.25077665e+06 	 4.425096e-04 	 4.627502e+07 	
1.25883130e+06 	 4.157531e-04 	 4.557459e+07 	
1.26357312e+06 	 4.025260e-04 	 4.517168e+07 	
1.27525094e+06 	 3.740629e-04 	 4.420312e+07 	
1.28012698e+06 	 3.632753e-04 	 4.380752e+07 	
1.28579365e+06 	 3.513062e-04 	 4.335379e+07 	
1.29429365e+06 	 3.342986e-04 	 4.268482e+07 	
1.30279365e+06 	 3.182639e-04 	 4.202926e+07 	
1.30704365e+06 	 3.105759e-04 	 4.170634e+07 	
1.31271032e+06 	 3.006446e-04 	 4.128073e+07 	
1.32121032e+06 	 2.863956e-04 	 4.065267e+07 	
1.32687698e+06 	 2.773058e-04 	 4.024070e+07 	
1.33537698e+06 	 2.642519e-04 	 3.963262e+07 	
1.34387698e+06 	 2.518585e-04 	 3.903609e+07 	
1.34954365e+06 	 2.439444e-04 	 3.864467e+07 	
1.35166865e+06 	 2.410461e-04 	 3.849916e+07 	
1.35355754e+06 	 2.385008e-04 	 3.837039e+07 	
1.35544643e+06 	 2.359843e-04 	 3.824216e+07 	
1.35827976e+06 	 2.322625e-04 	 3.805081e+07 	
1.36677976e+06 	 2.214683e-04 	 3.748389e+07 	
1.37017976e+06 	 2.173024e-04 	 3.726007e+07 	
1.37357976e+06 	 2.132199e-04 	 3.703790e+07 	
1.37600833e+06 	 2.103540e-04 	 3.688021e+07 	
1.37813333e+06 	 2.078800e-04 	 3.674291e+07 	
1.38025833e+06 	 2.054368e-04 	 3.660624e+07 	
1.38592500e+06 	 1.990694e-04 	 3.624485e+07 	
1.39159167e+06 	 1.929111e-04 	 3.588784e+07 	
1.39499167e+06 	 1.893137e-04 	 3.567571e+07 	
1.39782500e+06 	 1.863702e-04 	 3.550010e+07 	
1.40025357e+06 	 1.838857e-04 	 3.535042e+07 	
1.40237857e+06 	 1.817405e-04 	 3.522008e+07 	
1.40480714e+06 	 1.793211e-04 	 3.507185e+07 	
1.41047381e+06 	 1.738066e-04 	 3.472890e+07 	
1.41472381e+06 	 1.697883e-04 	 3.447436e+07 	
1.41812381e+06 	 1.666444e-04 	 3.427236e+07 	
1.42095714e+06 	 1.640712e-04 	 3.410511e+07 	
1.42338571e+06 	 1.618988e-04 	 3.396255e+07 	
1.42581429e+06 	 1.597565e-04 	 3.382070e+07 	
1.42864762e+06 	 1.572945e-04 	 3.365612e+07 	
1.43204762e+06 	 1.543925e-04 	 3.345989e+07 	
1.43771429e+06 	 1.496794e-04 	 3.313588e+07 	
1.44111429e+06 	 1.469241e-04 	 3.294328e+07 	
1.44451429e+06 	 1.442217e-04 	 3.275202e+07 	
1.44694286e+06 	 1.423231e-04 	 3.261622e+07 	
1.44937143e+06 	 1.404505e-04 	 3.248109e+07 	
1.45220476e+06 	 1.382979e-04 	 3.232428e+07 	
1.45560476e+06 	 1.357599e-04 	 3.213729e+07 	
1.46127143e+06 	 1.316366e-04 	 3.182849e+07 	
1.46467143e+06 	 1.292252e-04 	 3.164490e+07 	
1.46750476e+06 	 1.272505e-04 	 3.149286e+07 	
1.46993333e+06 	 1.255827e-04 	 3.136323e+07 	
1.47276667e+06 	 1.236653e-04 	 3.121278e+07 	
1.47843333e+06 	 1.199200e-04 	 3.091443e+07 	
1.48268333e+06 	 1.171877e-04 	 3.069287e+07 	
1.48608333e+06 	 1.150479e-04 	 3.051695e+07 	
1.48891667e+06 	 1.132953e-04 	 3.037126e+07 	
1.49175000e+06 	 1.115699e-04 	 3.022638e+07 	
1.49515000e+06 	 1.095347e-04 	 3.005358e+07 	
1.50365000e+06 	 1.046098e-04 	 2.962658e+07 	
1.50705000e+06 	 1.027034e-04 	 2.945775e+07 	
1.51045000e+06 	 1.008322e-04 	 2.929004e+07 	
1.51328333e+06 	 9.929914e-05 	 2.915112e+07 	
1.51611667e+06 	 9.778956e-05 	 2.901296e+07 	
1.51951667e+06 	 9.600844e-05 	 2.884816e+07 	
1.52801667e+06 	 9.169640e-05 	 2.844083e+07 	
1.53141667e+06 	 9.002643e-05 	 2.827975e+07 	
1.53481667e+06 	 8.838675e-05 	 2.811970e+07 	
1.53765000e+06 	 8.704307e-05 	 2.798712e+07 	
1.54105000e+06 	 8.545732e-05 	 2.782896e+07 	
1.54671667e+06 	 8.287752e-05 	 2.756761e+07 	
1.55096667e+06 	 8.099329e-05 	 2.737342e+07 	
1.55436667e+06 	 7.951636e-05 	 2.721918e+07 	
1.55720000e+06 	 7.830578e-05 	 2.709140e+07 	
1.56060000e+06 	 7.687681e-05 	 2.693895e+07 	
1.56626667e+06 	 7.455138e-05 	 2.668700e+07 	
1.57051667e+06 	 7.285235e-05 	 2.649978e+07 	
1.57391667e+06 	 7.152023e-05 	 2.635105e+07 	
1.57675000e+06 	 7.042811e-05 	 2.622783e+07 	
1.58015000e+06 	 6.913869e-05 	 2.608080e+07 	
1.58865000e+06 	 6.601319e-05 	 2.571723e+07 	
1.59205000e+06 	 6.480114e-05 	 2.557338e+07 	
1.59545000e+06 	 6.361027e-05 	 2.543042e+07 	
1.59885000e+06 	 6.244010e-05 	 2.528834e+07 	
1.60225000e+06 	 6.129019e-05 	 2.514713e+07 	
1.60650000e+06 	 5.988069e-05 	 2.497183e+07 	
1.61216667e+06 	 5.804836e-05 	 2.474019e+07 	
1.61556667e+06 	 5.697418e-05 	 2.460233e+07 	
1.61896667e+06 	 5.591839e-05 	 2.446531e+07 	
1.62746667e+06 	 5.335686e-05 	 2.412638e+07 	
1.63086667e+06 	 5.236266e-05 	 2.399224e+07 	
1.63426667e+06 	 5.138527e-05 	 2.385891e+07 	
1.63766667e+06 	 5.042435e-05 	 2.372638e+07 	
1.64191667e+06 	 4.924584e-05 	 2.356182e+07 	
1.64758333e+06 	 4.771268e-05 	 2.334433e+07 	
1.65098333e+06 	 4.681328e-05 	 2.321487e+07 	
1.65438333e+06 	 4.592882e-05 	 2.308617e+07 	
1.66288333e+06 	 4.378103e-05 	 2.276776e+07 	
1.66628333e+06 	 4.294662e-05 	 2.264171e+07 	
1.66968333e+06 	 4.212586e-05 	 2.251640e+07 	
1.67308333e+06 	 4.131849e-05 	 2.239183e+07 	
1.67733333e+06 	 4.032767e-05 	 2.223714e+07 	
1.68300000e+06 	 3.903761e-05 	 2.203264e+07 	
1.70000000e+06 	 3.536947e-05 	 2.143091e+07 	
1.70025013e+06 	 3.531766e-05 	 2.142219e+07 	
1.70050025e+06 	 3.526591e-05 	 2.141347e+07 	
1.70075038e+06 	 3.521422e-05 	 2.140475e+07 	
1.70100050e+06 	 3.516259e-05 	 2.139604e+07 	
1.70125063e+06 	 3.511102e-05 	 2.138733e+07 	
1.70150075e+06 	 3.505952e-05 	 2.137863e+07 	
1.70175088e+06 	 3.500807e-05 	 2.136993e+07 	
1.70200100e+06 	 3.495668e-05 	 2.136123e+07 	
1.70225113e+06 	 3.490535e-05 	 2.135253e+07 	
1.70250125e+06 	 3.485409e-05 	 2.134384e+07 	
1.70275138e+06 	 3.480288e-05 	 2.133516e+07 	
1.70300150e+06 	 3.475173e-05 	 2.132647e+07 	
1.70325163e+06 	 3.470064e-05 	 2.131779e+07 	
1.70350175e+06 	 3.464961e-05 	 2.130912e+07 	
1.70375188e+06 	 3.459864e-05 	 2.130045e+07 	
1.70400200e+06 	 3.454773e-05 	 2.129178e+07 	
1.70425213e+06 	 3.449688e-05 	 2.128311e+07 	
1.70450225e+06 	 3.444609e-05 	 2.127445e+07 	
1.70475238e+06 	 3.439536e-05 	 2.126580e+07 	
1.70500250e+06 	 3.434468e-05 	 2.125714e+07 	
1.70525263e+06 	 3.429407e-05 	 2.124849e+07 	
1.70550275e+06 	 3.424351e-05 	 2.123985e+07 	
1.70575288e+06 	 3.419301e-05 	 2.123120e+07 	
1.70600300e+06 	 3.414257e-05 	 2.122257e+07 	
1.70625313e+06 	 3.409219e-05 	 2.121393e+07 	
1.70650325e+06 	 3.404187e-05 	 2.120530e+07 	
1.70675338e+06 	 3.399160e-05 	 2.119667e+07 	
1.70700350e+06 	 3.394139e-05 	 2.118805e+07 	
1.70725363e+06 	 3.389125e-05 	 2.117943e+07 	
1.70750375e+06 	 3.384115e-05 	 2.117081e+07 	
1.70775388e+06 	 3.379112e-05 	 2.116220e+07 	
1.70800400e+06 	 3.374115e-05 	 2.115359e+07 	
1.70825413e+06 	 3.369123e-05 	 2.114498e+07 	
1.70850425e+06 	 3.364137e-05 	 2.113638e+07 	
1.70875438e+06 	 3.359156e-05 	 2.112778e+07 	
1.70900450e+06 	 3.354182e-05 	 2.111919e+07 	
1.70925463e+06 	 3.349213e-05 	 2.111059e+07 	
1.70950475e+06 	 3.344250e-05 	 2.110201e+07 	
1.70975488e+06 	 3.339293e-05 	 2.109342e+07 	
1.71000500e+06 	 3.334341e-05 	 2.108484e+07 	
1.71025513e+06 	 3.329395e-05 	 2.107626e+07 	
1.71050525e+06 	 3.324455e-05 	 2.106769e+07 	
1.71075538e+06 	 3.319520e-05 	 2.105912e+07 	
1.71100550e+06 	 3.314592e-05 	 2.105056e+07 	
1.71125563e+06 	 3.309668e-05 	 2.104199e+07 	
1.71150575e+06 	 3.304751e-05 	 2.103343e+07 	
1.71175588e+06 	 3.299839e-05 	 2.102488e+07 	
1.71200600e+06 	 3.294933e-05 	 2.101633e+07 	
1.71225613e+06 	 3.290032e-05 	 2.100778e+07 	
1.71250625e+06 	 3.285137e-05 	 2.099924e+07 	
1.71275638e+06 	 3.280248e-05 	 2.099070e+07 	
1.71300650e+06 	 3.275364e-05 	 2.098216e+07 	
1.71325663e+06 	 3.270486e-05 	 2.097362e+07 	
1.71350675e+06 	 3.265614e-05 	 2.096509e+07 	
1.71375688e+06 	 3.260747e-05 	 2.095657e+07 	
1.71400700e+06 	 3.255885e-05 	 2.094805e+07 	
1.71425713e+06 	 3.251030e-05 	 2.093953e+07 	
1.71450725e+06 	 3.246179e-05 	 2.093101e+07 	
1.71475738e+06 	 3.241335e-05 	 2.092250e+07 	
1.71500750e+06 	 3.236496e-05 	 2.091399e+07 	
1.71525763e+06 	 3.231662e-05 	 2.090549e+07 	
1.71550775e+06 	 3.226834e-05 	 2.089699e+07 	
1.71575788e+06 	 3.222012e-05 	 2.088849e+07 	
1.71600800e+06 	 3.217195e-05 	 2.087999e+07 	
1.71625813e+06 	 3.212383e-05 	 2.087150e+07 	
1.71650825e+06 	 3.207577e-05 	 2.086302e+07 	
1.71675838e+06 	 3.202777e-05 	 2.085453e+07 	
1.71700850e+06 	 3.197982e-05 	 2.084605e+07 	
1.71725863e+06 	 3.193192e-05 	 2.083758e+07 	
1.71750875e+06 	 3.188408e-05 	 2.082911e+07 	
1.71775888e+06 	 3.183630e-05 	 2.082064e+07 	
1.71800900e+06 	 3.178856e-05 	 2.081217e+07 	
1.71825913e+06 	 3.174089e-05 	 2.080371e+07 	
1.71850925e+06 	 3.169326e-05 	 2.079525e+07 	
1.71875938e+06 	 3.164570e-05 	 2.078680e+07 	
1.71900950e+06 	 3.159818e-05 	 2.077835e+07 	
1.71925963e+06 	 3.155072e-05 	 2.076990e+07 	
1.71950975e+06 	 3.150332e-05 	 2.076145e+07 	
1.71975988e+06 	 3.145596e-05 	 2.075301e+07 	
1.72001001e+06 	 3.140867e-05 	 2.074458e+07 	
1.72026013e+06 	 3.136142e-05 	 2.073614e+07 	
1.72051026e+06 	 3.131423e-05 	 2.072771e+07 	
1.72076038e+06 	 3.126709e-05 	 2.071929e+07 	
1.72101051e+06 	 3.122001e-05 	 2.071087e+07 	
1.72126063e+06 	 3.117298e-05 	 2.070245e+07 	
1.72151076e+06 	 3.112600e-05 	 2.069403e+07 	
1.72176088e+06 	 3.107908e-05 	 2.068562e+07 	
1.72201101e+06 	 3.103221e-05 	 2.067721e+07 	
1.72226113e+06 	 3.098539e-05 	 2.066881e+07 	
1.72251126e+06 	 3.093863e-05 	 2.066040e+07 	
1.72276138e+06 	 3.089192e-05 	 2.065201e+07 	
1.72301151e+06 	 3.084526e-05 	 2.064361e+07 	
1.72326163e+06 	 3.079865e-05 	 2.063522e+07 	
1.72351176e+06 	 3.075210e-05 	 2.062683e+07 	
1.72376188e+06 	 3.070560e-05 	 2.061845e+07 	
1.72401201e+06 	 3.065915e-05 	 2.061007e+07 	
1.72426213e+06 	 3.061276e-05 	 2.060169e+07 	
1.72451226e+06 	 3.056642e-05 	 2.059332e+07 	
1.72476238e+06 	 3.052013e-05 	 2.058495e+07 	
1.72501251e+06 	 3.047389e-05 	 2.057659e+07 	
1.72526263e+06 	 3.042770e-05 	 2.056822e+07 	
1.72551276e+06 	 3.038157e-05 	 2.055986e+07 	
1.72576288e+06 	 3.033549e-05 	 2.055151e+07 	
1.72601301e+06 	 3.028946e-05 	 2.054316e+07 	
1.72626313e+06 	 3.024348e-05 	 2.053481e+07 	
1.72651326e+06 	 3.019755e-05 	 2.052646e+07 	
1.72676338e+06 	 3.015168e-05 	 2.051812e+07 	
1.72701351e+06 	 3.010586e-05 	 2.050978e+07 	
1.72726363e+06 	 3.006008e-05 	 2.050145e+07 	
1.72751376e+06 	 3.001436e-05 	 2.049312e+07 	
1.72776388e+06 	 2.996869e-05 	 2.048479e+07 	
1.72801401e+06 	 2.992308e-05 	 2.047647e+07 	
1.72826413e+06 	 2.987751e-05 	 2.046814e+07 	
1.72851426e+06 	 2.983200e-05 	 2.045983e+07 	
1.72876438e+06 	 2.978653e-05 	 2.045151e+07 	
1.72901451e+06 	 2.974112e-05 	 2.044320e+07 	
1.72926463e+06 	 2.969576e-05 	 2.043490e+07 	
1.72951476e+06 	 2.965044e-05 	 2.042659e+07 	
1.72976488e+06 	 2.960518e-05 	 2.041829e+07 	
1.73001501e+06 	 2.955997e-05 	 2.041000e+07 	
1.73026513e+06 	 2.951481e-05 	 2.040171e+07 	
1.73051526e+06 	 2.946970e-05 	 2.039342e+07 	
1.73076538e+06 	 2.942464e-05 	 2.038513e+07 	
1.73101551e+06 	 2.937963e-05 	 2.037685e+07 	
1.73126563e+06 	 2.933468e-05 	 2.036857e+07 	
1.73151576e+06 	 2.928977e-05 	 2.036029e+07 	
1.73176588e+06 	 2.924491e-05 	 2.035202e+07 	
1.73201601e+06 	 2.920010e-05 	 2.034375e+07 	
1.73226613e+06 	 2.915534e-05 	 2.033549e+07 	
1.73251626e+06 	 2.911063e-05 	 2.032723e+07 	
1.73276638e+06 	 2.906597e-05 	 2.031897e+07 	
1.73301651e+06 	 2.902136e-05 	 2.031071e+07 	
1.73326663e+06 	 2.897680e-05 	 2.030246e+07 	
1.73351676e+06 	 2.893229e-05 	 2.029422e+07 	
1.73376688e+06 	 2.888783e-05 	 2.028597e+07 	
1.73401701e+06 	 2.884342e-05 	 2.027773e+07 	
1.73426713e+06 	 2.879906e-05 	 2.026949e+07 	
1.73451726e+06 	 2.875474e-05 	 2.026126e+07 	
1.73476738e+06 	 2.871048e-05 	 2.025303e+07 	
1.73501751e+06 	 2.866627e-05 	 2.024480e+07 	
1.73526763e+06 	 2.862210e-05 	 2.023658e+07 	
1.73551776e+06 	 2.857798e-05 	 2.022836e+07 	
1.73576788e+06 	 2.853391e-05 	 2.022014e+07 	
1.73601801e+06 	 2.848989e-05 	 2.021193e+07 	
1.73626813e+06 	 2.844592e-05 	 2.020372e+07 	
1.73651826e+06 	 2.840200e-05 	 2.019551e+07 	
1.73676838e+06 	 2.835813e-05 	 2.018731e+07 	
1.73701851e+06 	 2.831430e-05 	 2.017911e+07 	
1.73726863e+06 	 2.827053e-05 	 2.017091e+07 	
1.73751876e+06 	 2.822680e-05 	 2.016272e+07 	
1.73776888e+06 	 2.818312e-05 	 2.015453e+07 	
1.73801901e+06 	 2.813948e-05 	 2.014634e+07 	
1.73826913e+06 	 2.809590e-05 	 2.013816e+07 	
1.73851926e+06 	 2.805236e-05 	 2.012998e+07 	
1.73876938e+06 	 2.800888e-05 	 2.012181e+07 	
1.73901951e+06 	 2.796544e-05 	 2.011364e+07 	
1.73926963e+06 	 2.792204e-05 	 2.010547e+07 	
1.73951976e+06 	 2.787870e-05 	 2.009730e+07 	
1.73976988e+06 	 2.783540e-05 	 2.008914e+07 	
1.74002001e+06 	 2.779215e-05 	 2.008098e+07 	
1.74027014e+06 	 2.774895e-05 	 2.007283e+07 	
1.74052026e+06 	 2.770580e-05 	 2.006467e+07 	
1.74077039e+06 	 2.766269e-05 	 2.005653e+07 	
1.74102051e+06 	 2.761963e-05 	 2.004838e+07 	
1.74127064e+06 	 2.757662e-05 	 2.004024e+07 	
1.74152076e+06 	 2.753365e-05 	 2.003210e+07 	
1.74177089e+06 	 2.749073e-05 	 2.002397e+07 	
1.74202101e+06 	 2.744786e-05 	 2.001583e+07 	
1.74227114e+06 	 2.740504e-05 	 2.000771e+07 	
1.74252126e+06 	 2.736226e-05 	 1.999958e+07 	
1.74277139e+06 	 2.731953e-05 	 1.999146e+07 	
1.74302151e+06 	 2.727685e-05 	 1.998334e+07 	
1.74327164e+06 	 2.723421e-05 	 1.997523e+07 	
1.74352176e+06 	 2.719162e-05 	 1.996712e+07 	
1.74377189e+06 	 2.714907e-05 	 1.995901e+07 	
1.74402201e+06 	 2.710657e-05 	 1.995091e+07 	
1.74427214e+06 	 2.706412e-05 	 1.994280e+07 	
1.74452226e+06 	 2.702172e-05 	 1.993471e+07 	
1.74477239e+06 	 2.697936e-05 	 1.992661e+07 	
1.74502251e+06 	 2.693705e-05 	 1.991852e+07 	
1.74527264e+06 	 2.689478e-05 	 1.991043e+07 	
1.74552276e+06 	 2.685256e-05 	 1.990235e+07 	
1.74577289e+06 	 2.681038e-05 	 1.989427e+07 	
1.74602301e+06 	 2.676825e-05 	 1.988619e+07 	
1.74627314e+06 	 2.672617e-05 	 1.987812e+07 	
1.74652326e+06 	 2.668413e-05 	 1.987005e+07 	
1.74677339e+06 	 2.664214e-05 	 1.986198e+07 	
1.74702351e+06 	 2.660019e-05 	 1.985392e+07 	
1.74727364e+06 	 2.655829e-05 	 1.984586e+07 	
1.74752376e+06 	 2.651644e-05 	 1.983780e+07 	
1.74777389e+06 	 2.647463e-05 	 1.982974e+07 	
1.74802401e+06 	 2.643286e-05 	 1.982169e+07 	
1.74827414e+06 	 2.639114e-05 	 1.981365e+07 	
1.74852426e+06 	 2.634947e-05 	 1.980560e+07 	
1.74877439e+06 	 2.630784e-05 	 1.979756e+07 	
1.74902451e+06 	 2.626625e-05 	 1.978953e+07 	
1.74927464e+06 	 2.622471e-05 	 1.978149e+07 	
1.74952476e+06 	 2.618322e-05 	 1.977346e+07 	
1.74977489e+06 	 2.614177e-05 	 1.976543e+07 	
1.75002501e+06 	 2.610036e-05 	 1.975741e+07 	
1.75027514e+06 	 2.605900e-05 	 1.974939e+07 	
1.75052526e+06 	 2.601768e-05 	 1.974137e+07 	
1.75077539e+06 	 2.597641e-05 	 1.973336e+07 	
1.75102551e+06 	 2.593518e-05 	 1.972535e+07 	
1.75127564e+06 	 2.589400e-05 	 1.971734e+07 	
1.75152576e+06 	 2.585286e-05 	 1.970934e+07 	
1.75177589e+06 	 2.581177e-05 	 1.970134e+07 	
1.75202601e+06 	 2.577072e-05 	 1.969334e+07 	
1.75227614e+06 	 2.572971e-05 	 1.968535e+07 	
1.75252626e+06 	 2.568875e-05 	 1.967736e+07 	
1.75277639e+06 	 2.564783e-05 	 1.966937e+07 	
1.75302651e+06 	 2.560695e-05 	 1.966138e+07 	
1.75327664e+06 	 2.556612e-05 	 1.965340e+07 	
1.75352676e+06 	 2.552533e-05 	 1.964543e+07 	
1.75377689e+06 	 2.548459e-05 	 1.963745e+07 	
1.75402701e+06 	 2.544389e-05 	 1.962948e+07 	
1.75427714e+06 	 2.540323e-05 	 1.962152e+07 	
1.75452726e+06 	 2.536262e-05 	 1.961355e+07 	
1.75477739e+06 	 2.532205e-05 	 1.960559e+07 	
1.75502751e+06 	 2.528152e-05 	 1.959763e+07 	
1.75527764e+06 	 2.524103e-05 	 1.958968e+07 	
1.75552776e+06 	 2.520059e-05 	 1.958173e+07 	
1.75577789e+06 	 2.516019e-05 	 1.957378e+07 	
1.75602801e+06 	 2.511984e-05 	 1.956584e+07 	
1.75627814e+06 	 2.507952e-05 	 1.955790e+07 	
1.75652826e+06 	 2.504052e-05 	 1.954994e+07 	
1.75677839e+06 	 2.500032e-05 	 1.954200e+07 	
1.75702851e+06 	 2.496016e-05 	 1.953407e+07 	
1.75727864e+06 	 2.492004e-05 	 1.952614e+07 	
1.75752876e+06 	 2.487996e-05 	 1.951822e+07 	
1.75777889e+06 	 2.483993e-05 	 1.951030e+07 	
1.75802901e+06 	 2.479994e-05 	 1.950238e+07 	
1.75827914e+06 	 2.476000e-05 	 1.949446e+07 	
1.75852926e+06 	 2.472009e-05 	 1.948655e+07 	
1.75877939e+06 	 2.468023e-05 	 1.947864e+07 	
1.75902951e+06 	 2.464041e-05 	 1.947074e+07 	
1.75927964e+06 	 2.460064e-05 	 1.946284e+07 	
1.75952976e+06 	 2.456090e-05 	 1.945494e+07 	
1.75977989e+06 	 2.452121e-05 	 1.944704e+07 	
1.76003002e+06 	 2.448156e-05 	 1.943915e+07 	
1.76028014e+06 	 2.444196e-05 	 1.943126e+07 	
1.76053027e+06 	 2.440239e-05 	 1.942337e+07 	
1.76078039e+06 	 2.436287e-05 	 1.941549e+07 	
1.76103052e+06 	 2.432339e-05 	 1.940761e+07 	
1.76128064e+06 	 2.428395e-05 	 1.939974e+07 	
1.76153077e+06 	 2.424456e-05 	 1.939186e+07 	
1.76178089e+06 	 2.420521e-05 	 1.938400e+07 	
1.76203102e+06 	 2.416589e-05 	 1.937613e+07 	
1.76228114e+06 	 2.412662e-05 	 1.936827e+07 	
1.76253127e+06 	 2.408740e-05 	 1.936041e+07 	
1.76278139e+06 	 2.404821e-05 	 1.935255e+07 	
1.76303152e+06 	 2.400906e-05 	 1.934470e+07 	
1.76328164e+06 	 2.396996e-05 	 1.933685e+07 	
1.76353177e+06 	 2.393090e-05 	 1.932900e+07 	
1.76378189e+06 	 2.389188e-05 	 1.932116e+07 	
1.76403202e+06 	 2.385290e-05 	 1.931332e+07 	
1.76428214e+06 	 2.381396e-05 	 1.930548e+07 	
1.76453227e+06 	 2.377506e-05 	 1.929765e+07 	
1.76478239e+06 	 2.373621e-05 	 1.928982e+07 	
1.76503252e+06 	 2.369740e-05 	 1.928199e+07 	
1.76528264e+06 	 2.365744e-05 	 1.927419e+07 	
1.76553277e+06 	 2.361869e-05 	 1.926637e+07 	
1.76578289e+06 	 2.357997e-05 	 1.925855e+07 	
1.76603302e+06 	 2.354130e-05 	 1.925073e+07 	
1.76628314e+06 	 2.350267e-05 	 1.924292e+07 	
1.76653327e+06 	 2.346408e-05 	 1.923512e+07 	
1.76678339e+06 	 2.342553e-05 	 1.922731e+07 	
1.76703352e+06 	 2.338702e-05 	 1.921951e+07 	
1.76728364e+06 	 2.334855e-05 	 1.921171e+07 	
1.76753377e+06 	 2.331012e-05 	 1.920392e+07 	
1.76778389e+06 	 2.327173e-05 	 1.919613e+07 	
1.76803402e+06 	 2.323338e-05 	 1.918834e+07 	
1.76828414e+06 	 2.319507e-05 	 1.918055e+07 	
1.76853427e+06 	 2.315680e-05 	 1.917277e+07 	
1.76878439e+06 	 2.311857e-05 	 1.916499e+07 	
1.76903452e+06 	 2.308038e-05 	 1.915722e+07 	
1.76928464e+06 	 2.304223e-05 	 1.914945e+07 	
1.76953477e+06 	 2.300412e-05 	 1.914168e+07 	
1.76978489e+06 	 2.296605e-05 	 1.913391e+07 	
1.77003502e+06 	 2.292802e-05 	 1.912615e+07 	
1.77028514e+06 	 2.289003e-05 	 1.911839e+07 	
1.77053527e+06 	 2.285208e-05 	 1.911063e+07 	
1.77078539e+06 	 2.281417e-05 	 1.910288e+07 	
1.77103552e+06 	 2.277629e-05 	 1.909513e+07 	
1.77128564e+06 	 2.273846e-05 	 1.908738e+07 	
1.77153577e+06 	 2.270067e-05 	 1.907964e+07 	
1.77178589e+06 	 2.266291e-05 	 1.907190e+07 	
1.77203602e+06 	 2.262519e-05 	 1.906416e+07 	
1.77228614e+06 	 2.258752e-05 	 1.905643e+07 	
1.77253627e+06 	 2.254988e-05 	 1.904870e+07 	
1.77278639e+06 	 2.251228e-05 	 1.904097e+07 	
1.77303652e+06 	 2.247472e-05 	 1.903325e+07 	
1.77328664e+06 	 2.243720e-05 	 1.902553e+07 	
1.77353677e+06 	 2.239972e-05 	 1.901781e+07 	
1.77378689e+06 	 2.236227e-05 	 1.901009e+07 	
1.77403702e+06 	 2.232487e-05 	 1.900238e+07 	
1.77428714e+06 	 2.228638e-05 	 1.899470e+07 	
1.77453727e+06 	 2.224903e-05 	 1.898699e+07 	
1.77478739e+06 	 2.221172e-05 	 1.897929e+07 	
1.77503752e+06 	 2.217445e-05 	 1.897159e+07 	
1.77528764e+06 	 2.213722e-05 	 1.896390e+07 	
1.77553777e+06 	 2.210002e-05 	 1.895620e+07 	
1.77578789e+06 	 2.206286e-05 	 1.894852e+07 	
1.77603802e+06 	 2.202574e-05 	 1.894083e+07 	
1.77628814e+06 	 2.198866e-05 	 1.893315e+07 	
1.77653827e+06 	 2.195162e-05 	 1.892547e+07 	
1.77678839e+06 	 2.191461e-05 	 1.891779e+07 	
1.77703852e+06 	 2.187764e-05 	 1.891012e+07 	
1.77728864e+06 	 2.184071e-05 	 1.890245e+07 	
1.77753877e+06 	 2.180381e-05 	 1.889478e+07 	
1.77778889e+06 	 2.176696e-05 	 1.888712e+07 	
1.77803902e+06 	 2.173014e-05 	 1.887946e+07 	
1.77828914e+06 	 2.169335e-05 	 1.887180e+07 	
1.77853927e+06 	 2.165661e-05 	 1.886415e+07 	
1.77878939e+06 	 2.161990e-05 	 1.885650e+07 	
1.77903952e+06 	 2.158323e-05 	 1.884885e+07 	
1.77928964e+06 	 2.154659e-05 	 1.884120e+07 	
1.77953977e+06 	 2.151000e-05 	 1.883356e+07 	
1.77978989e+06 	 2.147344e-05 	 1.882592e+07 	
1.78004002e+06 	 2.143691e-05 	 1.881829e+07 	
1.78029015e+06 	 2.140043e-05 	 1.881066e+07 	
1.78054027e+06 	 2.136398e-05 	 1.880303e+07 	
1.78079040e+06 	 2.132756e-05 	 1.879540e+07 	
1.78104052e+06 	 2.129119e-05 	 1.878778e+07 	
1.78129065e+06 	 2.125485e-05 	 1.878016e+07 	
1.78154077e+06 	 2.121854e-05 	 1.877255e+07 	
1.78179090e+06 	 2.118228e-05 	 1.876493e+07 	
1.78204102e+06 	 2.114605e-05 	 1.875732e+07 	
1.78229115e+06 	 2.110985e-05 	 1.874972e+07 	
1.78254127e+06 	 2.107369e-05 	 1.874211e+07 	
1.78279140e+06 	 2.103757e-05 	 1.873451e+07 	
1.78304152e+06 	 2.100043e-05 	 1.872693e+07 	
1.78329165e+06 	 2.096436e-05 	 1.871934e+07 	
1.78354177e+06 	 2.092833e-05 	 1.871175e+07 	
1.78379190e+06 	 2.089233e-05 	 1.870416e+07 	
1.78404202e+06 	 2.085637e-05 	 1.869658e+07 	
1.78429215e+06 	 2.082044e-05 	 1.868900e+07 	
1.78454227e+06 	 2.078455e-05 	 1.868142e+07 	
1.78479240e+06 	 2.074870e-05 	 1.867384e+07 	
1.78504252e+06 	 2.071288e-05 	 1.866627e+07 	
1.78529265e+06 	 2.067709e-05 	 1.865870e+07 	
1.78554277e+06 	 2.064134e-05 	 1.865114e+07 	
1.78579290e+06 	 2.060563e-05 	 1.864357e+07 	
1.78604302e+06 	 2.056995e-05 	 1.863601e+07 	
1.78629315e+06 	 2.053430e-05 	 1.862846e+07 	
1.78654327e+06 	 2.049869e-05 	 1.862091e+07 	
1.78679340e+06 	 2.046312e-05 	 1.861336e+07 	
1.78704352e+06 	 2.042758e-05 	 1.860581e+07 	
1.78729365e+06 	 2.039207e-05 	 1.859826e+07 	
1.78754377e+06 	 2.035660e-05 	 1.859072e+07 	
1.78779390e+06 	 2.032116e-05 	 1.858319e+07 	
1.78804402e+06 	 2.028576e-05 	 1.857565e+07 	
1.78829415e+06 	 2.025039e-05 	 1.856812e+07 	
1.78854427e+06 	 2.021506e-05 	 1.856059e+07 	
1.78879440e+06 	 2.017976e-05 	 1.855307e+07 	
1.78904452e+06 	 2.014450e-05 	 1.854555e+07 	
1.78929465e+06 	 2.010927e-05 	 1.853803e+07 	
1.78954477e+06 	 2.007407e-05 	 1.853051e+07 	
1.78979490e+06 	 2.003891e-05 	 1.852300e+07 	
1.79004502e+06 	 2.000378e-05 	 1.851549e+07 	
1.79029515e+06 	 1.996869e-05 	 1.850798e+07 	
1.79054527e+06 	 1.993363e-05 	 1.850048e+07 	
1.79079540e+06 	 1.989860e-05 	 1.849298e+07 	
1.79104552e+06 	 1.986361e-05 	 1.848548e+07 	
1.79129565e+06 	 1.982865e-05 	 1.847799e+07 	
1.79154577e+06 	 1.979372e-05 	 1.847050e+07 	
1.79179590e+06 	 1.975883e-05 	 1.846301e+07 	
1.79204602e+06 	 1.972496e-05 	 1.845550e+07 	
1.79229615e+06 	 1.969016e-05 	 1.844802e+07 	
1.79254627e+06 	 1.965538e-05 	 1.844054e+07 	
1.79279640e+06 	 1.962064e-05 	 1.843307e+07 	
1.79304652e+06 	 1.958593e-05 	 1.842559e+07 	
1.79329665e+06 	 1.955126e-05 	 1.841812e+07 	
1.79354677e+06 	 1.951662e-05 	 1.841066e+07 	
1.79379690e+06 	 1.948201e-05 	 1.840319e+07 	
1.79404702e+06 	 1.944744e-05 	 1.839573e+07 	
1.79429715e+06 	 1.941290e-05 	 1.838828e+07 	
1.79454727e+06 	 1.937839e-05 	 1.838082e+07 	
1.79479740e+06 	 1.934392e-05 	 1.837337e+07 	
1.79504752e+06 	 1.930948e-05 	 1.836592e+07 	
1.79529765e+06 	 1.927507e-05 	 1.835848e+07 	
1.79554777e+06 	 1.924069e-05 	 1.835103e+07 	
1.79579790e+06 	 1.920635e-05 	 1.834360e+07 	
1.79604802e+06 	 1.917204e-05 	 1.833616e+07 	
1.79629815e+06 	 1.913776e-05 	 1.832873e+07 	
1.79654827e+06 	 1.910352e-05 	 1.832130e+07 	
1.79679840e+06 	 1.906931e-05 	 1.831387e+07 	
1.79704852e+06 	 1.903513e-05 	 1.830645e+07 	
1.79729865e+06 	 1.900098e-05 	 1.829903e+07 	
1.79754877e+06 	 1.896687e-05 	 1.829161e+07 	
1.79779890e+06 	 1.893278e-05 	 1.828419e+07 	
1.79804902e+06 	 1.889873e-05 	 1.827678e+07 	
1.79829915e+06 	 1.886472e-05 	 1.826938e+07 	
1.79854927e+06 	 1.883073e-05 	 1.826197e+07 	
1.79879940e+06 	 1.879678e-05 	 1.825457e+07 	
1.79904952e+06 	 1.876286e-05 	 1.824717e+07 	
1.79929965e+06 	 1.872897e-05 	 1.823977e+07 	
1.79954977e+06 	 1.869511e-05 	 1.823238e+07 	
1.79979990e+06 	 1.866129e-05 	 1.822499e+07 	
1.80005003e+06 	 1.862749e-05 	 1.821760e+07 	
1.80030015e+06 	 1.859373e-05 	 1.821022e+07 	
1.80055028e+06 	 1.856000e-05 	 1.820284e+07 	
1.80080040e+06 	 1.852630e-05 	 1.819546e+07 	
1.80105053e+06 	 1.849170e-05 	 1.818811e+07 	
1.80130065e+06 	 1.845805e-05 	 1.818074e+07 	
1.80155078e+06 	 1.842443e-05 	 1.817337e+07 	
1.80180090e+06 	 1.839084e-05 	 1.816600e+07 	
1.80205103e+06 	 1.835728e-05 	 1.815864e+07 	
1.80230115e+06 	 1.832376e-05 	 1.815128e+07 	
1.80255128e+06 	 1.829026e-05 	 1.814393e+07 	
1.80280140e+06 	 1.825679e-05 	 1.813657e+07 	
1.80305153e+06 	 1.822336e-05 	 1.812922e+07 	
1.80330165e+06 	 1.818996e-05 	 1.812188e+07 	
1.80355178e+06 	 1.815658e-05 	 1.811453e+07 	
1.80380190e+06 	 1.812324e-05 	 1.810719e+07 	
1.80405203e+06 	 1.808993e-05 	 1.809985e+07 	
1.80430215e+06 	 1.805665e-05 	 1.809252e+07 	
1.80455228e+06 	 1.802340e-05 	 1.808519e+07 	
1.80480240e+06 	 1.799018e-05 	 1.807786e+07 	
1.80505253e+06 	 1.795698e-05 	 1.807053e+07 	
1.80530265e+06 	 1.792382e-05 	 1.806321e+07 	
1.80555278e+06 	 1.789069e-05 	 1.805589e+07 	
1.80580290e+06 	 1.785759e-05 	 1.804858e+07 	
1.80605303e+06 	 1.782452e-05 	 1.804126e+07 	
1.80630315e+06 	 1.779148e-05 	 1.803395e+07 	
1.80655328e+06 	 1.775847e-05 	 1.802664e+07 	
1.80680340e+06 	 1.772549e-05 	 1.801934e+07 	
1.80705353e+06 	 1.769254e-05 	 1.801204e+07 	
1.80730365e+06 	 1.765962e-05 	 1.800474e+07 	
1.80755378e+06 	 1.762673e-05 	 1.799745e+07 	
1.80780390e+06 	 1.759387e-05 	 1.799015e+07 	
1.80805403e+06 	 1.756104e-05 	 1.798287e+07 	
1.80830415e+06 	 1.752824e-05 	 1.797558e+07 	
1.80855428e+06 	 1.749546e-05 	 1.796830e+07 	
1.80880440e+06 	 1.746272e-05 	 1.796102e+07 	
1.80905453e+06 	 1.743000e-05 	 1.795374e+07 	
1.80930465e+06 	 1.739732e-05 	 1.794647e+07 	
1.80955478e+06 	 1.736466e-05 	 1.793919e+07 	
1.80980490e+06 	 1.733204e-05 	 1.793193e+07 	
1.81005503e+06 	 1.730031e-05 	 1.792464e+07 	
1.81030515e+06 	 1.726775e-05 	 1.791738e+07 	
1.81055528e+06 	 1.723523e-05 	 1.791012e+07 	
1.81080540e+06 	 1.720273e-05 	 1.790286e+07 	
1.81105553e+06 	 1.717027e-05 	 1.789561e+07 	
1.81130565e+06 	 1.713783e-05 	 1.788836e+07 	
1.81155578e+06 	 1.710542e-05 	 1.788111e+07 	
1.81180590e+06 	 1.707304e-05 	 1.787387e+07 	
1.81205603e+06 	 1.704069e-05 	 1.786663e+07 	
1.81230615e+06 	 1.700836e-05 	 1.785939e+07 	
1.81255628e+06 	 1.697607e-05 	 1.785216e+07 	
1.81280640e+06 	 1.694380e-05 	 1.784492e+07 	
1.81305653e+06 	 1.691157e-05 	 1.783770e+07 	
1.81330665e+06 	 1.687936e-05 	 1.783047e+07 	
1.81355678e+06 	 1.684718e-05 	 1.782325e+07 	
1.81380690e+06 	 1.681502e-05 	 1.781603e+07 	
1.81405703e+06 	 1.678290e-05 	 1.780881e+07 	
1.81430715e+06 	 1.675080e-05 	 1.780160e+07 	
1.81455728e+06 	 1.671874e-05 	 1.779439e+07 	
1.81480740e+06 	 1.668670e-05 	 1.778718e+07 	
1.81505753e+06 	 1.665469e-05 	 1.777997e+07 	
1.81530765e+06 	 1.662270e-05 	 1.777277e+07 	
1.81555778e+06 	 1.659075e-05 	 1.776557e+07 	
1.81580790e+06 	 1.655882e-05 	 1.775838e+07 	
1.81605803e+06 	 1.652692e-05 	 1.775118e+07 	
1.81630815e+06 	 1.649504e-05 	 1.774399e+07 	
1.81655828e+06 	 1.646320e-05 	 1.773681e+07 	
1.81680840e+06 	 1.643138e-05 	 1.772962e+07 	
1.81705853e+06 	 1.639959e-05 	 1.772244e+07 	
1.81730865e+06 	 1.636783e-05 	 1.771526e+07 	
1.81755878e+06 	 1.633609e-05 	 1.770809e+07 	
1.81780890e+06 	 1.630438e-05 	 1.770092e+07 	
1.81805903e+06 	 1.627270e-05 	 1.769375e+07 	
1.81830915e+06 	 1.624105e-05 	 1.768658e+07 	
1.81855928e+06 	 1.620942e-05 	 1.767942e+07 	
1.81880940e+06 	 1.617782e-05 	 1.767226e+07 	
1.81905953e+06 	 1.614706e-05 	 1.766508e+07 	
1.81930965e+06 	 1.611553e-05 	 1.765793e+07 	
1.81955978e+06 	 1.608403e-05 	 1.765078e+07 	
1.81980990e+06 	 1.605255e-05 	 1.764363e+07 	
1.82006003e+06 	 1.602110e-05 	 1.763649e+07 	
1.82031016e+06 	 1.598968e-05 	 1.762934e+07 	
1.82056028e+06 	 1.595828e-05 	 1.762220e+07 	
1.82081041e+06 	 1.592691e-05 	 1.761507e+07 	
1.82106053e+06 	 1.589557e-05 	 1.760793e+07 	
1.82131066e+06 	 1.586425e-05 	 1.760080e+07 	
1.82156078e+06 	 1.583296e-05 	 1.759368e+07 	
1.82181091e+06 	 1.580170e-05 	 1.758655e+07 	
1.82206103e+06 	 1.577046e-05 	 1.757943e+07 	
1.82231116e+06 	 1.573925e-05 	 1.757231e+07 	
1.82256128e+06 	 1.570806e-05 	 1.756520e+07 	
1.82281141e+06 	 1.567691e-05 	 1.755809e+07 	
1.82306153e+06 	 1.564577e-05 	 1.755098e+07 	
1.82331166e+06 	 1.561467e-05 	 1.754387e+07 	
1.82356178e+06 	 1.558359e-05 	 1.753677e+07 	
1.82381191e+06 	 1.555254e-05 	 1.752967e+07 	
1.82406203e+06 	 1.552151e-05 	 1.752257e+07 	
1.82431216e+06 	 1.549051e-05 	 1.751547e+07 	
1.82456228e+06 	 1.545953e-05 	 1.750838e+07 	
1.82481241e+06 	 1.542858e-05 	 1.750129e+07 	
1.82506253e+06 	 1.539766e-05 	 1.749421e+07 	
1.82531266e+06 	 1.536676e-05 	 1.748713e+07 	
1.82556278e+06 	 1.533589e-05 	 1.748005e+07 	
1.82581291e+06 	 1.530504e-05 	 1.747297e+07 	
1.82606303e+06 	 1.527422e-05 	 1.746590e+07 	
1.82631316e+06 	 1.524342e-05 	 1.745883e+07 	
1.82656328e+06 	 1.521265e-05 	 1.745176e+07 	
1.82681341e+06 	 1.518191e-05 	 1.744469e+07 	
1.82706353e+06 	 1.515119e-05 	 1.743763e+07 	
1.82731366e+06 	 1.512049e-05 	 1.743057e+07 	
1.82756378e+06 	 1.508982e-05 	 1.742352e+07 	
1.82781391e+06 	 1.505918e-05 	 1.741647e+07 	
1.82806403e+06 	 1.502931e-05 	 1.740940e+07 	
1.82831416e+06 	 1.499873e-05 	 1.740235e+07 	
1.82856428e+06 	 1.496817e-05 	 1.739530e+07 	
1.82881441e+06 	 1.493764e-05 	 1.738826e+07 	
1.82906453e+06 	 1.490713e-05 	 1.738123e+07 	
1.82931466e+06 	 1.487665e-05 	 1.737419e+07 	
1.82956478e+06 	 1.484620e-05 	 1.736716e+07 	
1.82981491e+06 	 1.481576e-05 	 1.736013e+07 	
1.83006503e+06 	 1.478536e-05 	 1.735310e+07 	
1.83031516e+06 	 1.475498e-05 	 1.734608e+07 	
1.83056528e+06 	 1.472462e-05 	 1.733906e+07 	
1.83081541e+06 	 1.469429e-05 	 1.733204e+07 	
1.83106553e+06 	 1.466398e-05 	 1.732503e+07 	
1.83131566e+06 	 1.463369e-05 	 1.731801e+07 	
1.83156578e+06 	 1.460343e-05 	 1.731101e+07 	
1.83181591e+06 	 1.457320e-05 	 1.730400e+07 	
1.83206603e+06 	 1.454299e-05 	 1.729700e+07 	
1.83231616e+06 	 1.451280e-05 	 1.729000e+07 	
1.83256628e+06 	 1.448264e-05 	 1.728300e+07 	
1.83281641e+06 	 1.445250e-05 	 1.727601e+07 	
1.83306653e+06 	 1.442239e-05 	 1.726902e+07 	
1.83331666e+06 	 1.439230e-05 	 1.726203e+07 	
1.83356678e+06 	 1.436223e-05 	 1.725504e+07 	
1.83381691e+06 	 1.433219e-05 	 1.724806e+07 	
1.83406703e+06 	 1.430217e-05 	 1.724108e+07 	
1.83431716e+06 	 1.427218e-05 	 1.723411e+07 	
1.83456728e+06 	 1.424221e-05 	 1.722714e+07 	
1.83481741e+06 	 1.421226e-05 	 1.722017e+07 	
1.83506753e+06 	 1.418234e-05 	 1.721320e+07 	
1.83531766e+06 	 1.415244e-05 	 1.720623e+07 	
1.83556778e+06 	 1.412256e-05 	 1.719927e+07 	
1.83581791e+06 	 1.409271e-05 	 1.719231e+07 	
1.83606803e+06 	 1.406288e-05 	 1.718536e+07 	
1.83631816e+06 	 1.403307e-05 	 1.717841e+07 	
1.83656828e+06 	 1.400329e-05 	 1.717146e+07 	
1.83681841e+06 	 1.397353e-05 	 1.716451e+07 	
1.83706853e+06 	 1.394379e-05 	 1.715757e+07 	
1.83731866e+06 	 1.391338e-05 	 1.715065e+07 	
1.83756878e+06 	 1.388367e-05 	 1.714371e+07 	
1.83781891e+06 	 1.385400e-05 	 1.713678e+07 	
1.83806903e+06 	 1.382434e-05 	 1.712985e+07 	
1.83831916e+06 	 1.379471e-05 	 1.712292e+07 	
1.83856928e+06 	 1.376509e-05 	 1.711599e+07 	
1.83881941e+06 	 1.373551e-05 	 1.710907e+07 	
1.83906953e+06 	 1.370594e-05 	 1.710215e+07 	
1.83931966e+06 	 1.367640e-05 	 1.709524e+07 	
1.83956978e+06 	 1.364687e-05 	 1.708832e+07 	
1.83981991e+06 	 1.361738e-05 	 1.708141e+07 	
1.84007004e+06 	 1.358790e-05 	 1.707450e+07 	
1.84032016e+06 	 1.355845e-05 	 1.706760e+07 	
1.84057029e+06 	 1.352901e-05 	 1.706070e+07 	
1.84082041e+06 	 1.349960e-05 	 1.705380e+07 	
1.84107054e+06 	 1.347022e-05 	 1.704691e+07 	
1.84132066e+06 	 1.344085e-05 	 1.704001e+07 	
1.84157079e+06 	 1.341151e-05 	 1.703312e+07 	
1.84182091e+06 	 1.338218e-05 	 1.702624e+07 	
1.84207104e+06 	 1.335288e-05 	 1.701935e+07 	
1.84232116e+06 	 1.332360e-05 	 1.701247e+07 	
1.84257129e+06 	 1.329435e-05 	 1.700560e+07 	
1.84282141e+06 	 1.326511e-05 	 1.699872e+07 	
1.84307154e+06 	 1.323590e-05 	 1.699185e+07 	
1.84332166e+06 	 1.320671e-05 	 1.698498e+07 	
1.84357179e+06 	 1.317753e-05 	 1.697811e+07 	
1.84382191e+06 	 1.314839e-05 	 1.697125e+07 	
1.84407204e+06 	 1.311926e-05 	 1.696439e+07 	
1.84432216e+06 	 1.309015e-05 	 1.695754e+07 	
1.84457229e+06 	 1.306106e-05 	 1.695068e+07 	
1.84482241e+06 	 1.303200e-05 	 1.694383e+07 	
1.84507254e+06 	 1.300296e-05 	 1.693698e+07 	
1.84532266e+06 	 1.297393e-05 	 1.693014e+07 	
1.84557279e+06 	 1.294493e-05 	 1.692330e+07 	
1.84582291e+06 	 1.291595e-05 	 1.691646e+07 	
1.84607304e+06 	 1.288699e-05 	 1.690962e+07 	
1.84632316e+06 	 1.285741e-05 	 1.690281e+07 	
1.84657329e+06 	 1.282848e-05 	 1.689598e+07 	
1.84682341e+06 	 1.279957e-05 	 1.688915e+07 	
1.84707354e+06 	 1.277068e-05 	 1.688233e+07 	
1.84732366e+06 	 1.274181e-05 	 1.687551e+07 	
1.84757379e+06 	 1.271296e-05 	 1.686869e+07 	
1.84782391e+06 	 1.268414e-05 	 1.686188e+07 	
1.84807404e+06 	 1.265533e-05 	 1.685507e+07 	
1.84832416e+06 	 1.262654e-05 	 1.684826e+07 	
1.84857429e+06 	 1.259777e-05 	 1.684145e+07 	
1.84882441e+06 	 1.256903e-05 	 1.683465e+07 	
1.84907454e+06 	 1.254030e-05 	 1.682785e+07 	
1.84932466e+06 	 1.251159e-05 	 1.682105e+07 	
1.84957479e+06 	 1.248290e-05 	 1.681426e+07 	
1.84982491e+06 	 1.245424e-05 	 1.680747e+07 	
1.85007504e+06 	 1.242559e-05 	 1.680068e+07 	
1.85032516e+06 	 1.239696e-05 	 1.679390e+07 	
1.85057529e+06 	 1.236835e-05 	 1.678712e+07 	
1.85082541e+06 	 1.233976e-05 	 1.678034e+07 	
1.85107554e+06 	 1.231119e-05 	 1.677356e+07 	
1.85132566e+06 	 1.228264e-05 	 1.676679e+07 	
1.85157579e+06 	 1.225411e-05 	 1.676002e+07 	
1.85182591e+06 	 1.222559e-05 	 1.675325e+07 	
1.85207604e+06 	 1.219710e-05 	 1.674649e+07 	
1.85232616e+06 	 1.216862e-05 	 1.673973e+07 	
1.85257629e+06 	 1.214017e-05 	 1.673297e+07 	
1.85282641e+06 	 1.211173e-05 	 1.672622e+07 	
1.85307654e+06 	 1.208331e-05 	 1.671947e+07 	
1.85332666e+06 	 1.205492e-05 	 1.671272e+07 	
1.85357679e+06 	 1.202654e-05 	 1.670597e+07 	
1.85382691e+06 	 1.199817e-05 	 1.669923e+07 	
1.85407704e+06 	 1.196983e-05 	 1.669249e+07 	
1.85432716e+06 	 1.194151e-05 	 1.668575e+07 	
1.85457729e+06 	 1.191320e-05 	 1.667902e+07 	
1.85482741e+06 	 1.188491e-05 	 1.667229e+07 	
1.85507754e+06 	 1.185664e-05 	 1.666556e+07 	
1.85532766e+06 	 1.182839e-05 	 1.665884e+07 	
1.85557779e+06 	 1.179956e-05 	 1.665214e+07 	
1.85582791e+06 	 1.177133e-05 	 1.664542e+07 	
1.85607804e+06 	 1.174313e-05 	 1.663871e+07 	
1.85632816e+06 	 1.171494e-05 	 1.663199e+07 	
1.85657829e+06 	 1.168677e-05 	 1.662529e+07 	
1.85682841e+06 	 1.165861e-05 	 1.661858e+07 	
1.85707854e+06 	 1.163048e-05 	 1.661188e+07 	
1.85732866e+06 	 1.160236e-05 	 1.660518e+07 	
1.85757879e+06 	 1.157426e-05 	 1.659848e+07 	
1.85782891e+06 	 1.154618e-05 	 1.659179e+07 	
1.85807904e+06 	 1.151811e-05 	 1.658510e+07 	
1.85832916e+06 	 1.149006e-05 	 1.657841e+07 	
1.85857929e+06 	 1.146203e-05 	 1.657173e+07 	
1.85882941e+06 	 1.143402e-05 	 1.656505e+07 	
1.85907954e+06 	 1.140602e-05 	 1.655837e+07 	
1.85932966e+06 	 1.137804e-05 	 1.655169e+07 	
1.85957979e+06 	 1.135008e-05 	 1.654502e+07 	
1.85982991e+06 	 1.132213e-05 	 1.653835e+07 	
1.86008004e+06 	 1.129420e-05 	 1.653169e+07 	
1.86033017e+06 	 1.126629e-05 	 1.652502e+07 	
1.86058029e+06 	 1.123839e-05 	 1.651837e+07 	
1.86083042e+06 	 1.121051e-05 	 1.651171e+07 	
1.86108054e+06 	 1.118265e-05 	 1.650506e+07 	
1.86133067e+06 	 1.115480e-05 	 1.649841e+07 	
1.86158079e+06 	 1.112697e-05 	 1.649176e+07 	
1.86183092e+06 	 1.109916e-05 	 1.648511e+07 	
1.86208104e+06 	 1.107136e-05 	 1.647847e+07 	
1.86233117e+06 	 1.104358e-05 	 1.647184e+07 	
1.86258129e+06 	 1.101582e-05 	 1.646520e+07 	
1.86283142e+06 	 1.098807e-05 	 1.645857e+07 	
1.86308154e+06 	 1.096033e-05 	 1.645194e+07 	
1.86333167e+06 	 1.093261e-05 	 1.644532e+07 	
1.86358179e+06 	 1.090491e-05 	 1.643869e+07 	
1.86383192e+06 	 1.087723e-05 	 1.643207e+07 	
1.86408204e+06 	 1.084956e-05 	 1.642546e+07 	
1.86433217e+06 	 1.082190e-05 	 1.641884e+07 	
1.86458229e+06 	 1.079481e-05 	 1.641222e+07 	
1.86483242e+06 	 1.076719e-05 	 1.640561e+07 	
1.86508254e+06 	 1.073959e-05 	 1.639900e+07 	
1.86533267e+06 	 1.071201e-05 	 1.639240e+07 	
1.86558279e+06 	 1.068444e-05 	 1.638581e+07 	
1.86583292e+06 	 1.065689e-05 	 1.637921e+07 	
1.86608304e+06 	 1.062935e-05 	 1.637262e+07 	
1.86633317e+06 	 1.060183e-05 	 1.636603e+07 	
1.86658329e+06 	 1.057432e-05 	 1.635945e+07 	
1.86683342e+06 	 1.054683e-05 	 1.635286e+07 	
1.86708354e+06 	 1.051935e-05 	 1.634629e+07 	
1.86733367e+06 	 1.049189e-05 	 1.633971e+07 	
1.86758379e+06 	 1.046444e-05 	 1.633314e+07 	
1.86783392e+06 	 1.043701e-05 	 1.632657e+07 	
1.86808404e+06 	 1.040959e-05 	 1.632000e+07 	
1.86833417e+06 	 1.038218e-05 	 1.631344e+07 	
1.86858429e+06 	 1.035479e-05 	 1.630688e+07 	
1.86883442e+06 	 1.032742e-05 	 1.630032e+07 	
1.86908454e+06 	 1.030006e-05 	 1.629377e+07 	
1.86933467e+06 	 1.027271e-05 	 1.628722e+07 	
1.86958479e+06 	 1.024538e-05 	 1.628067e+07 	
1.86983492e+06 	 1.021806e-05 	 1.627413e+07 	
1.87008504e+06 	 1.019076e-05 	 1.626759e+07 	
1.87033517e+06 	 1.016347e-05 	 1.626105e+07 	
1.87058529e+06 	 1.013619e-05 	 1.625452e+07 	
1.87083542e+06 	 1.010893e-05 	 1.624799e+07 	
1.87108554e+06 	 1.008168e-05 	 1.624146e+07 	
1.87133567e+06 	 1.005445e-05 	 1.623493e+07 	
1.87158579e+06 	 1.002723e-05 	 1.622841e+07 	
1.87183592e+06 	 1.000002e-05 	 1.622189e+07 	
1.87208604e+06 	 9.972826e-06 	 1.621538e+07 	
1.87233617e+06 	 9.945645e-06 	 1.620887e+07 	
1.87258629e+06 	 9.918478e-06 	 1.620236e+07 	
1.87283642e+06 	 9.891324e-06 	 1.619585e+07 	
1.87308654e+06 	 9.864184e-06 	 1.618935e+07 	
1.87333667e+06 	 9.837056e-06 	 1.618285e+07 	
1.87358679e+06 	 9.810433e-06 	 1.617634e+07 	
1.87383692e+06 	 9.783340e-06 	 1.616984e+07 	
1.87408704e+06 	 9.756259e-06 	 1.616336e+07 	
1.87433717e+06 	 9.729192e-06 	 1.615687e+07 	
1.87458729e+06 	 9.702137e-06 	 1.615039e+07 	
1.87483742e+06 	 9.675096e-06 	 1.614391e+07 	
1.87508754e+06 	 9.648067e-06 	 1.613743e+07 	
1.87533767e+06 	 9.621051e-06 	 1.613096e+07 	
1.87558779e+06 	 9.594047e-06 	 1.612449e+07 	
1.87583792e+06 	 9.567056e-06 	 1.611802e+07 	
1.87608804e+06 	 9.540077e-06 	 1.611156e+07 	
1.87633817e+06 	 9.513111e-06 	 1.610510e+07 	
1.87658829e+06 	 9.486157e-06 	 1.609864e+07 	
1.87683842e+06 	 9.459215e-06 	 1.609219e+07 	
1.87708854e+06 	 9.432286e-06 	 1.608574e+07 	
1.87733867e+06 	 9.405368e-06 	 1.607929e+07 	
1.87758879e+06 	 9.378463e-06 	 1.607285e+07 	
1.87783892e+06 	 9.351569e-06 	 1.606641e+07 	
1.87808904e+06 	 9.324688e-06 	 1.605997e+07 	
1.87833917e+06 	 9.297818e-06 	 1.605354e+07 	
1.87858929e+06 	 9.270960e-06 	 1.604711e+07 	
1.87883942e+06 	 9.244113e-06 	 1.604069e+07 	
1.87908954e+06 	 9.217279e-06 	 1.603426e+07 	
1.87933967e+06 	 9.190455e-06 	 1.602784e+07 	
1.87958979e+06 	 9.163644e-06 	 1.602143e+07 	
1.87983992e+06 	 9.136843e-06 	 1.601501e+07 	
1.88009005e+06 	 9.110054e-06 	 1.600860e+07 	
1.88034017e+06 	 9.083276e-06 	 1.600220e+07 	
1.88059030e+06 	 9.056509e-06 	 1.599580e+07 	
1.88084042e+06 	 9.029754e-06 	 1.598940e+07 	
1.88109055e+06 	 9.003009e-06 	 1.598300e+07 	
1.88134067e+06 	 8.976276e-06 	 1.597661e+07 	
1.88159080e+06 	 8.949553e-06 	 1.597022e+07 	
1.88184092e+06 	 8.922841e-06 	 1.596383e+07 	
1.88209105e+06 	 8.896140e-06 	 1.595745e+07 	
1.88234117e+06 	 8.869449e-06 	 1.595107e+07 	
1.88259130e+06 	 8.842769e-06 	 1.594470e+07 	
1.88284142e+06 	 8.816546e-06 	 1.593831e+07 	
1.88309155e+06 	 8.789894e-06 	 1.593194e+07 	
1.88334167e+06 	 8.763253e-06 	 1.592557e+07 	
1.88359180e+06 	 8.736622e-06 	 1.591921e+07 	
1.88384192e+06 	 8.710002e-06 	 1.591286e+07 	
1.88409205e+06 	 8.683391e-06 	 1.590650e+07 	
1.88434217e+06 	 8.656791e-06 	 1.590015e+07 	
1.88459230e+06 	 8.630201e-06 	 1.589380e+07 	
1.88484242e+06 	 8.603622e-06 	 1.588746e+07 	
1.88509255e+06 	 8.577052e-06 	 1.588112e+07 	
1.88534267e+06 	 8.550492e-06 	 1.587478e+07 	
1.88559280e+06 	 8.523942e-06 	 1.586845e+07 	
1.88584292e+06 	 8.497402e-06 	 1.586212e+07 	
1.88609305e+06 	 8.470871e-06 	 1.585579e+07 	
1.88634317e+06 	 8.444351e-06 	 1.584947e+07 	
1.88659330e+06 	 8.417840e-06 	 1.584315e+07 	
1.88684342e+06 	 8.391338e-06 	 1.583684e+07 	
1.88709355e+06 	 8.364846e-06 	 1.583052e+07 	
1.88734367e+06 	 8.338363e-06 	 1.582422e+07 	
1.88759380e+06 	 8.311890e-06 	 1.581791e+07 	
1.88784392e+06 	 8.285426e-06 	 1.581161e+07 	
1.88809405e+06 	 8.258971e-06 	 1.580531e+07 	
1.88834417e+06 	 8.232525e-06 	 1.579902e+07 	
1.88859430e+06 	 8.206088e-06 	 1.579273e+07 	
1.88884442e+06 	 8.179661e-06 	 1.578644e+07 	
1.88909455e+06 	 8.153242e-06 	 1.578016e+07 	
1.88934467e+06 	 8.126832e-06 	 1.577388e+07 	
1.88959480e+06 	 8.100431e-06 	 1.576761e+07 	
1.88984492e+06 	 8.074039e-06 	 1.576133e+07 	
1.89009505e+06 	 8.047656e-06 	 1.575507e+07 	
1.89034517e+06 	 8.021281e-06 	 1.574880e+07 	
1.89059530e+06 	 7.994914e-06 	 1.574254e+07 	
1.89084542e+06 	 7.968557e-06 	 1.573629e+07 	
1.89109555e+06 	 7.942207e-06 	 1.573003e+07 	
1.89134567e+06 	 7.915866e-06 	 1.572378e+07 	
1.89159580e+06 	 7.889534e-06 	 1.571754e+07 	
1.89184592e+06 	 7.863604e-06 	 1.571128e+07 	
1.89209605e+06 	 7.837294e-06 	 1.570504e+07 	
1.89234617e+06 	 7.810993e-06 	 1.569881e+07 	
1.89259630e+06 	 7.784699e-06 	 1.569258e+07 	
1.89284642e+06 	 7.758414e-06 	 1.568635e+07 	
1.89309655e+06 	 7.732137e-06 	 1.568013e+07 	
1.89334667e+06 	 7.705867e-06 	 1.567391e+07 	
1.89359680e+06 	 7.679606e-06 	 1.566769e+07 	
1.89384692e+06 	 7.653353e-06 	 1.566148e+07 	
1.89409705e+06 	 7.627107e-06 	 1.565528e+07 	
1.89434717e+06 	 7.600870e-06 	 1.564907e+07 	
1.89459730e+06 	 7.574640e-06 	 1.564287e+07 	
1.89484742e+06 	 7.548417e-06 	 1.563668e+07 	
1.89509755e+06 	 7.522203e-06 	 1.563049e+07 	
1.89534767e+06 	 7.495996e-06 	 1.562430e+07 	
1.89559780e+06 	 7.469796e-06 	 1.561812e+07 	
1.89584792e+06 	 7.443604e-06 	 1.561194e+07 	
1.89609805e+06 	 7.417420e-06 	 1.560576e+07 	
1.89634817e+06 	 7.391242e-06 	 1.559959e+07 	
1.89659830e+06 	 7.365073e-06 	 1.559342e+07 	
1.89684842e+06 	 7.338910e-06 	 1.558726e+07 	
1.89709855e+06 	 7.312755e-06 	 1.558110e+07 	
1.89734867e+06 	 7.286607e-06 	 1.557494e+07 	
1.89759880e+06 	 7.260466e-06 	 1.556879e+07 	
1.89784892e+06 	 7.234332e-06 	 1.556265e+07 	
1.89809905e+06 	 7.208205e-06 	 1.555650e+07 	
1.89834917e+06 	 7.182086e-06 	 1.555036e+07 	
1.89859930e+06 	 7.155973e-06 	 1.554423e+07 	
1.89884942e+06 	 7.129868e-06 	 1.553810e+07 	
1.89909955e+06 	 7.103769e-06 	 1.553197e+07 	
1.89934967e+06 	 7.077677e-06 	 1.552585e+07 	
1.89959980e+06 	 7.051592e-06 	 1.551973e+07 	
1.89984992e+06 	 7.025514e-06 	 1.551362e+07 	
1.90010005e+06 	 6.999442e-06 	 1.550751e+07 	
1.90035018e+06 	 6.973377e-06 	 1.550140e+07 	
1.90060030e+06 	 6.947319e-06 	 1.549530e+07 	
1.90085043e+06 	 6.921268e-06 	 1.548920e+07 	
1.90110055e+06 	 6.895574e-06 	 1.548309e+07 	
1.90135068e+06 	 6.869541e-06 	 1.547700e+07 	
1.90160080e+06 	 6.843515e-06 	 1.547092e+07 	
1.90185093e+06 	 6.817496e-06 	 1.546484e+07 	
1.90210105e+06 	 6.791483e-06 	 1.545877e+07 	
1.90235118e+06 	 6.765477e-06 	 1.545269e+07 	
1.90260130e+06 	 6.739477e-06 	 1.544663e+07 	
1.90285143e+06 	 6.713484e-06 	 1.544057e+07 	
1.90310155e+06 	 6.687497e-06 	 1.543451e+07 	
1.90335168e+06 	 6.661517e-06 	 1.542845e+07 	
1.90360180e+06 	 6.635544e-06 	 1.542241e+07 	
1.90385193e+06 	 6.609577e-06 	 1.541636e+07 	
1.90410205e+06 	 6.583616e-06 	 1.541032e+07 	
1.90435218e+06 	 6.557662e-06 	 1.540429e+07 	
1.90460230e+06 	 6.531714e-06 	 1.539825e+07 	
1.90485243e+06 	 6.505773e-06 	 1.539223e+07 	
1.90510255e+06 	 6.479838e-06 	 1.538621e+07 	
1.90535268e+06 	 6.453909e-06 	 1.538019e+07 	
1.90560280e+06 	 6.427987e-06 	 1.537418e+07 	
1.90585293e+06 	 6.402071e-06 	 1.536817e+07 	
1.90610305e+06 	 6.376162e-06 	 1.536217e+07 	
1.90635318e+06 	 6.350259e-06 	 1.535617e+07 	
1.90660330e+06 	 6.324363e-06 	 1.535017e+07 	
1.90685343e+06 	 6.298473e-06 	 1.534418e+07 	
1.90710355e+06 	 6.272589e-06 	 1.533820e+07 	
1.90735368e+06 	 6.246712e-06 	 1.533222e+07 	
1.90760380e+06 	 6.220841e-06 	 1.532625e+07 	
1.90785393e+06 	 6.194976e-06 	 1.532028e+07 	
1.90810405e+06 	 6.169118e-06 	 1.531431e+07 	
1.90835418e+06 	 6.143267e-06 	 1.530835e+07 	
1.90860430e+06 	 6.117422e-06 	 1.530240e+07 	
1.90885443e+06 	 6.091583e-06 	 1.529645e+07 	
1.90910455e+06 	 6.065751e-06 	 1.529050e+07 	
1.90935468e+06 	 6.039926e-06 	 1.528456e+07 	
1.90960480e+06 	 6.014107e-06 	 1.527862e+07 	
1.90985493e+06 	 5.988295e-06 	 1.527269e+07 	
1.91010505e+06 	 5.962791e-06 	 1.526675e+07 	
1.91035518e+06 	 5.936996e-06 	 1.526083e+07 	
1.91060530e+06 	 5.911209e-06 	 1.525491e+07 	
1.91085543e+06 	 5.885428e-06 	 1.524900e+07 	
1.91110555e+06 	 5.859654e-06 	 1.524310e+07 	
1.91135568e+06 	 5.833887e-06 	 1.523720e+07 	
1.91160580e+06 	 5.808126e-06 	 1.523130e+07 	
1.91185593e+06 	 5.782373e-06 	 1.522541e+07 	
1.91210605e+06 	 5.756627e-06 	 1.521953e+07 	
1.91235618e+06 	 5.730888e-06 	 1.521365e+07 	
1.91260630e+06 	 5.705156e-06 	 1.520777e+07 	
1.91285643e+06 	 5.679431e-06 	 1.520190e+07 	
1.91310655e+06 	 5.653713e-06 	 1.519604e+07 	
1.91335668e+06 	 5.628003e-06 	 1.519018e+07 	
1.91360680e+06 	 5.602300e-06 	 1.518433e+07 	
1.91385693e+06 	 5.576605e-06 	 1.517848e+07 	
1.91410705e+06 	 5.550917e-06 	 1.517264e+07 	
1.91435718e+06 	 5.525237e-06 	 1.516680e+07 	
1.91460730e+06 	 5.499564e-06 	 1.516097e+07 	
1.91485743e+06 	 5.473899e-06 	 1.515515e+07 	
1.91510755e+06 	 5.448242e-06 	 1.514933e+07 	
1.91535768e+06 	 5.422593e-06 	 1.514351e+07 	
1.91560780e+06 	 5.396953e-06 	 1.513770e+07 	
1.91585793e+06 	 5.371320e-06 	 1.513190e+07 	
1.91610805e+06 	 5.345695e-06 	 1.512610e+07 	
1.91635818e+06 	 5.320079e-06 	 1.512031e+07 	
1.91660830e+06 	 5.294471e-06 	 1.511453e+07 	
1.91685843e+06 	 5.268872e-06 	 1.510875e+07 	
1.91710855e+06 	 5.243282e-06 	 1.510297e+07 	
1.91735868e+06 	 5.217700e-06 	 1.509720e+07 	
1.91760880e+06 	 5.192127e-06 	 1.509144e+07 	
1.91785893e+06 	 5.166563e-06 	 1.508568e+07 	
1.91810905e+06 	 5.141009e-06 	 1.507993e+07 	
1.91835918e+06 	 5.115463e-06 	 1.507419e+07 	
1.91860930e+06 	 5.089927e-06 	 1.506845e+07 	
1.91885943e+06 	 5.064401e-06 	 1.506272e+07 	
1.91910955e+06 	 5.039138e-06 	 1.505697e+07 	
1.91935968e+06 	 5.013635e-06 	 1.505125e+07 	
1.91960980e+06 	 4.988142e-06 	 1.504554e+07 	
1.91985993e+06 	 4.962659e-06 	 1.503983e+07 	
1.92011006e+06 	 4.937187e-06 	 1.503412e+07 	
1.92036018e+06 	 4.911725e-06 	 1.502843e+07 	
1.92061031e+06 	 4.886274e-06 	 1.502274e+07 	
1.92086043e+06 	 4.860833e-06 	 1.501706e+07 	
1.92111056e+06 	 4.835404e-06 	 1.501138e+07 	
1.92136068e+06 	 4.809986e-06 	 1.500571e+07 	
1.92161081e+06 	 4.784580e-06 	 1.500004e+07 	
1.92186093e+06 	 4.759185e-06 	 1.499439e+07 	
1.92211106e+06 	 4.733802e-06 	 1.498873e+07 	
1.92236118e+06 	 4.708431e-06 	 1.498309e+07 	
1.92261131e+06 	 4.683072e-06 	 1.497745e+07 	
1.92286143e+06 	 4.657726e-06 	 1.497182e+07 	
1.92311156e+06 	 4.632392e-06 	 1.496620e+07 	
1.92336168e+06 	 4.607072e-06 	 1.496058e+07 	
1.92361181e+06 	 4.581764e-06 	 1.495497e+07 	
1.92386193e+06 	 4.556470e-06 	 1.494936e+07 	
1.92411206e+06 	 4.531189e-06 	 1.494376e+07 	
1.92436218e+06 	 4.505923e-06 	 1.493817e+07 	
1.92461231e+06 	 4.480670e-06 	 1.493259e+07 	
1.92486243e+06 	 4.455432e-06 	 1.492701e+07 	
1.92511256e+06 	 4.430208e-06 	 1.492144e+07 	
1.92536268e+06 	 4.404999e-06 	 1.491588e+07 	
1.92561281e+06 	 4.379806e-06 	 1.491032e+07 	
1.92586293e+06 	 4.354628e-06 	 1.490478e+07 	
1.92611306e+06 	 4.329465e-06 	 1.489923e+07 	
1.92636318e+06 	 4.304319e-06 	 1.489370e+07 	
1.92661331e+06 	 4.279189e-06 	 1.488817e+07 	
1.92686343e+06 	 4.254075e-06 	 1.488265e+07 	
1.92711356e+06 	 4.228979e-06 	 1.487714e+07 	
1.92736368e+06 	 4.203900e-06 	 1.487164e+07 	
1.92761381e+06 	 4.178838e-06 	 1.486614e+07 	
1.92786393e+06 	 4.153794e-06 	 1.486065e+07 	
1.92811406e+06 	 4.128977e-06 	 1.485515e+07 	
1.92836418e+06 	 4.103972e-06 	 1.484967e+07 	
1.92861431e+06 	 4.078987e-06 	 1.484421e+07 	
1.92886443e+06 	 4.054021e-06 	 1.483875e+07 	
1.92911456e+06 	 4.029074e-06 	 1.483330e+07 	
1.92936468e+06 	 4.004148e-06 	 1.482785e+07 	
1.92961481e+06 	 3.979242e-06 	 1.482242e+07 	
1.92986493e+06 	 3.954356e-06 	 1.481699e+07 	
1.93011506e+06 	 3.929492e-06 	 1.481157e+07 	
1.93036518e+06 	 3.904650e-06 	 1.480615e+07 	
1.93061531e+06 	 3.879829e-06 	 1.480075e+07 	
1.93086543e+06 	 3.855030e-06 	 1.479535e+07 	
1.93111556e+06 	 3.830255e-06 	 1.478997e+07 	
1.93136568e+06 	 3.805502e-06 	 1.478459e+07 	
1.93161581e+06 	 3.780774e-06 	 1.477922e+07 	
1.93186593e+06 	 3.756069e-06 	 1.477385e+07 	
1.93211606e+06 	 3.731389e-06 	 1.476850e+07 	
1.93236618e+06 	 3.706733e-06 	 1.476315e+07 	
1.93261631e+06 	 3.682103e-06 	 1.475781e+07 	
1.93286643e+06 	 3.657499e-06 	 1.475248e+07 	
1.93311656e+06 	 3.632921e-06 	 1.474716e+07 	
1.93336668e+06 	 3.608370e-06 	 1.474185e+07 	
1.93361681e+06 	 3.583847e-06 	 1.473655e+07 	
1.93386693e+06 	 3.559351e-06 	 1.473125e+07 	
1.93411706e+06 	 3.534883e-06 	 1.472597e+07 	
1.93436718e+06 	 3.510444e-06 	 1.472069e+07 	
1.93461731e+06 	 3.486035e-06 	 1.471542e+07 	
1.93486743e+06 	 3.461655e-06 	 1.471016e+07 	
1.93511756e+06 	 3.437306e-06 	 1.470491e+07 	
1.93536768e+06 	 3.412987e-06 	 1.469967e+07 	
1.93561781e+06 	 3.388700e-06 	 1.469444e+07 	
1.93586793e+06 	 3.364446e-06 	 1.468922e+07 	
1.93611806e+06 	 3.340223e-06 	 1.468401e+07 	
1.93636818e+06 	 3.316034e-06 	 1.467880e+07 	
1.93661831e+06 	 3.291879e-06 	 1.467361e+07 	
1.93686843e+06 	 3.267757e-06 	 1.466842e+07 	
1.93711856e+06 	 3.243507e-06 	 1.466327e+07 	
1.93736868e+06 	 3.219454e-06 	 1.465810e+07 	
1.93761881e+06 	 3.195438e-06 	 1.465295e+07 	
1.93786893e+06 	 3.171458e-06 	 1.464780e+07 	
1.93811906e+06 	 3.147515e-06 	 1.464267e+07 	
1.93836918e+06 	 3.123611e-06 	 1.463754e+07 	
1.93861931e+06 	 3.099745e-06 	 1.463242e+07 	
1.93886943e+06 	 3.075918e-06 	 1.462732e+07 	
1.93911956e+06 	 3.052131e-06 	 1.462222e+07 	
1.93936968e+06 	 3.028385e-06 	 1.461714e+07 	
1.93961981e+06 	 3.004680e-06 	 1.461206e+07 	
1.93986993e+06 	 2.981018e-06 	 1.460699e+07 	
1.94012006e+06 	 2.957397e-06 	 1.460194e+07 	
1.94037019e+06 	 2.933821e-06 	 1.459689e+07 	
1.94062031e+06 	 2.910288e-06 	 1.459186e+07 	
1.94087044e+06 	 2.886800e-06 	 1.458684e+07 	
1.94112056e+06 	 2.863357e-06 	 1.458182e+07 	
1.94137069e+06 	 2.839961e-06 	 1.457682e+07 	
1.94162081e+06 	 2.816612e-06 	 1.457183e+07 	
1.94187094e+06 	 2.793310e-06 	 1.456685e+07 	
1.94212106e+06 	 2.770057e-06 	 1.456188e+07 	
1.94237119e+06 	 2.746853e-06 	 1.455692e+07 	
1.94262131e+06 	 2.723699e-06 	 1.455197e+07 	
1.94287144e+06 	 2.700596e-06 	 1.454703e+07 	
1.94312156e+06 	 2.677544e-06 	 1.454211e+07 	
1.94337169e+06 	 2.654545e-06 	 1.453719e+07 	
1.94362181e+06 	 2.631599e-06 	 1.453229e+07 	
1.94387194e+06 	 2.608706e-06 	 1.452740e+07 	
1.94412206e+06 	 2.585869e-06 	 1.452252e+07 	
1.94437219e+06 	 2.563087e-06 	 1.451765e+07 	
1.94462231e+06 	 2.540361e-06 	 1.451279e+07 	
1.94487244e+06 	 2.517693e-06 	 1.450795e+07 	
1.94512256e+06 	 2.495083e-06 	 1.450311e+07 	
1.94537269e+06 	 2.472531e-06 	 1.449829e+07 	
1.94562281e+06 	 2.450040e-06 	 1.449348e+07 	
1.94587294e+06 	 2.427730e-06 	 1.448866e+07 	
1.94612306e+06 	 2.405362e-06 	 1.448388e+07 	
1.94637319e+06 	 2.383056e-06 	 1.447910e+07 	
1.94662331e+06 	 2.360813e-06 	 1.447434e+07 	
1.94687344e+06 	 2.338635e-06 	 1.446959e+07 	
1.94712356e+06 	 2.316521e-06 	 1.446485e+07 	
1.94737369e+06 	 2.294474e-06 	 1.446013e+07 	
1.94762381e+06 	 2.272493e-06 	 1.445541e+07 	
1.94787394e+06 	 2.250580e-06 	 1.445071e+07 	
1.94812406e+06 	 2.228735e-06 	 1.444603e+07 	
1.94837419e+06 	 2.206960e-06 	 1.444135e+07 	
1.94862431e+06 	 2.185255e-06 	 1.443669e+07 	
1.94887444e+06 	 2.163622e-06 	 1.443204e+07 	
1.94912456e+06 	 2.142061e-06 	 1.442740e+07 	
1.94937469e+06 	 2.120574e-06 	 1.442278e+07 	
1.94962481e+06 	 2.099160e-06 	 1.441817e+07 	
1.94987494e+06 	 2.077822e-06 	 1.441357e+07 	
1.95012506e+06 	 2.056559e-06 	 1.440899e+07 	
1.95037519e+06 	 2.035374e-06 	 1.440442e+07 	
1.95062531e+06 	 2.014266e-06 	 1.439986e+07 	
1.95087544e+06 	 1.993238e-06 	 1.439532e+07 	
1.95112556e+06 	 1.972289e-06 	 1.439079e+07 	
1.95137569e+06 	 1.951421e-06 	 1.438627e+07 	
1.95162581e+06 	 1.930635e-06 	 1.438177e+07 	
1.95187594e+06 	 1.909932e-06 	 1.437728e+07 	
1.95212606e+06 	 1.889312e-06 	 1.437280e+07 	
1.95237619e+06 	 1.868777e-06 	 1.436834e+07 	
1.95262631e+06 	 1.848327e-06 	 1.436390e+07 	
1.95287644e+06 	 1.827964e-06 	 1.435946e+07 	
1.95312656e+06 	 1.807689e-06 	 1.435504e+07 	
1.95337669e+06 	 1.787502e-06 	 1.435064e+07 	
1.95362681e+06 	 1.767405e-06 	 1.434625e+07 	
1.95387694e+06 	 1.747398e-06 	 1.434187e+07 	
1.95412706e+06 	 1.727483e-06 	 1.433751e+07 	
1.95437719e+06 	 1.707660e-06 	 1.433316e+07 	
1.95462731e+06 	 1.687846e-06 	 1.432885e+07 	
1.95487744e+06 	 1.668210e-06 	 1.432453e+07 	
1.95512756e+06 	 1.648669e-06 	 1.432023e+07 	
1.95537769e+06 	 1.629225e-06 	 1.431594e+07 	
1.95562781e+06 	 1.609877e-06 	 1.431167e+07 	
1.95587794e+06 	 1.590628e-06 	 1.430741e+07 	
1.95612806e+06 	 1.571478e-06 	 1.430317e+07 	
1.95637819e+06 	 1.552428e-06 	 1.429894e+07 	
1.95662831e+06 	 1.533479e-06 	 1.429472e+07 	
1.95687844e+06 	 1.514632e-06 	 1.429053e+07 	
1.95712856e+06 	 1.495888e-06 	 1.428635e+07 	
1.95737869e+06 	 1.477247e-06 	 1.428218e+07 	
1.95762881e+06 	 1.458711e-06 	 1.427803e+07 	
1.95787894e+06 	 1.440281e-06 	 1.427389e+07 	
1.95812906e+06 	 1.421958e-06 	 1.426977e+07 	
1.95837919e+06 	 1.403741e-06 	 1.426567e+07 	
1.95862931e+06 	 1.385634e-06 	 1.426158e+07 	
1.95887944e+06 	 1.367635e-06 	 1.425750e+07 	
1.95912956e+06 	 1.349746e-06 	 1.425345e+07 	
1.95937969e+06 	 1.331969e-06 	 1.424941e+07 	
1.95962981e+06 	 1.314303e-06 	 1.424538e+07 	
1.95987994e+06 	 1.296750e-06 	 1.424137e+07 	
1.96013007e+06 	 1.279311e-06 	 1.423738e+07 	
1.96038019e+06 	 1.261986e-06 	 1.423340e+07 	
1.96063032e+06 	 1.244776e-06 	 1.422944e+07 	
1.96088044e+06 	 1.227682e-06 	 1.422550e+07 	
1.96113057e+06 	 1.210705e-06 	 1.422157e+07 	
1.96138069e+06 	 1.193845e-06 	 1.421766e+07 	
1.96163082e+06 	 1.177104e-06 	 1.421377e+07 	
1.96188094e+06 	 1.160483e-06 	 1.420989e+07 	
1.96213107e+06 	 1.143981e-06 	 1.420603e+07 	
1.96238119e+06 	 1.127599e-06 	 1.420218e+07 	
1.96263132e+06 	 1.111339e-06 	 1.419835e+07 	
1.96288144e+06 	 1.095202e-06 	 1.419454e+07 	
1.96313157e+06 	 1.079187e-06 	 1.419075e+07 	
1.96338169e+06 	 1.063241e-06 	 1.418699e+07 	
1.96363182e+06 	 1.047474e-06 	 1.418323e+07 	
1.96388194e+06 	 1.031831e-06 	 1.417949e+07 	
1.96413207e+06 	 1.016314e-06 	 1.417576e+07 	
1.96438219e+06 	 1.000923e-06 	 1.417206e+07 	
1.96463232e+06 	 9.856580e-07 	 1.416837e+07 	
1.96488244e+06 	 9.705208e-07 	 1.416469e+07 	
1.96513257e+06 	 9.555115e-07 	 1.416104e+07 	
1.96538269e+06 	 9.406306e-07 	 1.415740e+07 	
1.96563282e+06 	 9.258786e-07 	 1.415377e+07 	
1.96588294e+06 	 9.112561e-07 	 1.415017e+07 	
1.96613307e+06 	 8.967636e-07 	 1.414658e+07 	
1.96638319e+06 	 8.824015e-07 	 1.414301e+07 	
1.96663332e+06 	 8.681704e-07 	 1.413946e+07 	
1.96688344e+06 	 8.540706e-07 	 1.413593e+07 	
1.96713357e+06 	 8.401025e-07 	 1.413241e+07 	
1.96738369e+06 	 8.262666e-07 	 1.412891e+07 	
1.96763382e+06 	 8.125633e-07 	 1.412543e+07 	
1.96788394e+06 	 7.989929e-07 	 1.412197e+07 	
1.96813407e+06 	 7.855557e-07 	 1.411853e+07 	
1.96838419e+06 	 7.722521e-07 	 1.411510e+07 	
1.96863432e+06 	 7.590823e-07 	 1.411169e+07 	
1.96888444e+06 	 7.460466e-07 	 1.410830e+07 	
1.96913457e+06 	 7.331453e-07 	 1.410492e+07 	
1.96938469e+06 	 7.203785e-07 	 1.410157e+07 	
1.96963482e+06 	 7.077466e-07 	 1.409823e+07 	
1.96988494e+06 	 6.952496e-07 	 1.409491e+07 	
1.97013507e+06 	 6.828877e-07 	 1.409161e+07 	
1.97038519e+06 	 6.706610e-07 	 1.408833e+07 	
1.97063532e+06 	 6.585697e-07 	 1.408506e+07 	
1.97088544e+06 	 6.466138e-07 	 1.408181e+07 	
1.97113557e+06 	 6.347934e-07 	 1.407859e+07 	
1.97138569e+06 	 6.231085e-07 	 1.407538e+07 	
1.97163582e+06 	 6.115280e-07 	 1.407220e+07 	
1.97188594e+06 	 6.001140e-07 	 1.406903e+07 	
1.97213607e+06 	 5.888355e-07 	 1.406587e+07 	
1.97238619e+06 	 5.776923e-07 	 1.406274e+07 	
1.97263632e+06 	 5.666845e-07 	 1.405962e+07 	
1.97288644e+06 	 5.558118e-07 	 1.405652e+07 	
1.97313657e+06 	 5.450742e-07 	 1.405344e+07 	
1.97338669e+06 	 5.344714e-07 	 1.405037e+07 	
1.97363682e+06 	 5.240033e-07 	 1.404732e+07 	
1.97388694e+06 	 5.136697e-07 	 1.404430e+07 	
1.97413707e+06 	 5.034702e-07 	 1.404129e+07 	
1.97438719e+06 	 4.934047e-07 	 1.403830e+07 	
1.97463732e+06 	 4.834729e-07 	 1.403532e+07 	
1.97488744e+06 	 4.736743e-07 	 1.403237e+07 	
1.97513757e+06 	 4.640087e-07 	 1.402943e+07 	
1.97538769e+06 	 4.544757e-07 	 1.402651e+07 	
1.97563782e+06 	 4.450750e-07 	 1.402361e+07 	
1.97588794e+06 	 4.358059e-07 	 1.402073e+07 	
1.97613807e+06 	 4.266683e-07 	 1.401787e+07 	
1.97638819e+06 	 4.176615e-07 	 1.401502e+07 	
1.97663832e+06 	 4.087850e-07 	 1.401220e+07 	
1.97688844e+06 	 4.000384e-07 	 1.400939e+07 	
1.97713857e+06 	 3.914211e-07 	 1.400660e+07 	
1.97738869e+06 	 3.829325e-07 	 1.400383e+07 	
1.97763882e+06 	 3.745721e-07 	 1.400107e+07 	
1.97788894e+06 	 3.663392e-07 	 1.399833e+07 	
1.97813907e+06 	 3.582332e-07 	 1.399562e+07 	
1.97838919e+06 	 3.502534e-07 	 1.399292e+07 	
1.97863932e+06 	 3.423991e-07 	 1.399023e+07 	
1.97888944e+06 	 3.346697e-07 	 1.398757e+07 	
1.97913957e+06 	 3.270480e-07 	 1.398495e+07 	
1.97938969e+06 	 3.195660e-07 	 1.398232e+07 	
1.97963982e+06 	 3.122066e-07 	 1.397971e+07 	
1.97988994e+06 	 3.049690e-07 	 1.397712e+07 	
1.98014007e+06 	 2.978523e-07 	 1.397454e+07 	
1.98039020e+06 	 2.908558e-07 	 1.397199e+07 	
1.98064032e+06 	 2.839786e-07 	 1.396945e+07 	
1.98089045e+06 	 2.772198e-07 	 1.396693e+07 	
1.98114057e+06 	 2.705785e-07 	 1.396442e+07 	
1.98139070e+06 	 2.640538e-07 	 1.396194e+07 	
1.98164082e+06 	 2.576448e-07 	 1.395947e+07 	
1.98189095e+06 	 2.513505e-07 	 1.395702e+07 	
1.98214107e+06 	 2.451700e-07 	 1.395458e+07 	
1.98239120e+06 	 2.391023e-07 	 1.395217e+07 	
1.98264132e+06 	 2.331463e-07 	 1.394977e+07 	
1.98289145e+06 	 2.273012e-07 	 1.394739e+07 	
1.98314157e+06 	 2.215657e-07 	 1.394502e+07 	
1.98339170e+06 	 2.159390e-07 	 1.394267e+07 	
1.98364182e+06 	 2.104199e-07 	 1.394034e+07 	
1.98389195e+06 	 2.050073e-07 	 1.393803e+07 	
1.98414207e+06 	 1.997003e-07 	 1.393573e+07 	
1.98439220e+06 	 1.944976e-07 	 1.393345e+07 	
1.98464232e+06 	 1.893982e-07 	 1.393119e+07 	
1.98489245e+06 	 1.844010e-07 	 1.392895e+07 	
1.98514257e+06 	 1.795048e-07 	 1.392672e+07 	
1.98539270e+06 	 1.747084e-07 	 1.392450e+07 	
1.98564282e+06 	 1.700108e-07 	 1.392231e+07 	
1.98589295e+06 	 1.654107e-07 	 1.392013e+07 	
1.98614307e+06 	 1.608988e-07 	 1.391799e+07 	
1.98639320e+06 	 1.564903e-07 	 1.391584e+07 	
1.98664332e+06 	 1.521759e-07 	 1.391371e+07 	
1.98689345e+06 	 1.479543e-07 	 1.391160e+07 	
1.98714357e+06 	 1.438243e-07 	 1.390950e+07 	
1.98739370e+06 	 1.397848e-07 	 1.390742e+07 	
1.98764382e+06 	 1.358344e-07 	 1.390535e+07 	
1.98789395e+06 	 1.319721e-07 	 1.390330e+07 	
1.98814407e+06 	 1.281965e-07 	 1.390127e+07 	
1.98839420e+06 	 1.245065e-07 	 1.389925e+07 	
1.98864432e+06 	 1.209008e-07 	 1.389724e+07 	
1.98889445e+06 	 1.173783e-07 	 1.389525e+07 	
1.98914457e+06 	 1.139376e-07 	 1.389328e+07 	
1.98939470e+06 	 1.105775e-07 	 1.389132e+07 	
1.98964482e+06 	 1.072968e-07 	 1.388938e+07 	
1.98989495e+06 	 1.040943e-07 	 1.388745e+07 	
1.99014507e+06 	 1.009688e-07 	 1.388554e+07 	
1.99039520e+06 	 9.791897e-08 	 1.388364e+07 	
1.99064532e+06 	 9.494363e-08 	 1.388175e+07 	
1.99089545e+06 	 9.204153e-08 	 1.387988e+07 	
1.99114557e+06 	 8.921147e-08 	 1.387803e+07 	
1.99139570e+06 	 8.645222e-08 	 1.387619e+07 	
1.99164582e+06 	 8.375833e-08 	 1.387440e+07 	
1.99189595e+06 	 8.113703e-08 	 1.387258e+07 	
1.99214607e+06 	 7.858291e-08 	 1.387079e+07 	
1.99239620e+06 	 7.609474e-08 	 1.386900e+07 	
1.99264632e+06 	 7.367134e-08 	 1.386724e+07 	
1.99289645e+06 	 7.131151e-08 	 1.386548e+07 	
1.99314657e+06 	 6.901407e-08 	 1.386374e+07 	
1.99339670e+06 	 6.677783e-08 	 1.386201e+07 	
1.99364682e+06 	 6.460163e-08 	 1.386029e+07 	
1.99389695e+06 	 6.248430e-08 	 1.385859e+07 	
1.99414707e+06 	 6.042469e-08 	 1.385690e+07 	
1.99439720e+06 	 5.842163e-08 	 1.385523e+07 	
1.99464732e+06 	 5.647401e-08 	 1.385357e+07 	
1.99489745e+06 	 5.458068e-08 	 1.385192e+07 	
1.99514757e+06 	 5.274053e-08 	 1.385028e+07 	
1.99539770e+06 	 5.095246e-08 	 1.384865e+07 	
1.99564782e+06 	 4.921535e-08 	 1.384704e+07 	
1.99589795e+06 	 4.752811e-08 	 1.384544e+07 	
1.99614807e+06 	 4.588736e-08 	 1.384390e+07 	
1.99639820e+06 	 4.429664e-08 	 1.384232e+07 	
1.99664832e+06 	 4.275259e-08 	 1.384076e+07 	
1.99689845e+06 	 4.125418e-08 	 1.383921e+07 	
1.99714857e+06 	 3.980037e-08 	 1.383768e+07 	
1.99739870e+06 	 3.839014e-08 	 1.383615e+07 	
1.99764882e+06 	 3.702249e-08 	 1.383464e+07 	
1.99789895e+06 	 3.569641e-08 	 1.383314e+07 	
1.99814907e+06 	 3.441093e-08 	 1.383164e+07 	
1.99839920e+06 	 3.316508e-08 	 1.383017e+07 	
1.99864932e+06 	 3.195790e-08 	 1.382870e+07 	
1.99889945e+06 	 3.078845e-08 	 1.382724e+07 	
1.99914957e+06 	 2.965580e-08 	 1.382580e+07 	
1.99939970e+06 	 2.855904e-08 	 1.382436e+07 	
1.99964982e+06 	 2.749867e-08 	 1.382288e+07 	
1.99989995e+06 	 2.647101e-08 	 1.382146e+07 	
2.00015008e+06 	 2.547658e-08 	 1.382006e+07 	
2.00040020e+06 	 2.451451e-08 	 1.381866e+07 	
2.00065033e+06 	 2.358396e-08 	 1.381727e+07 	
2.00090045e+06 	 2.268410e-08 	 1.381590e+07 	
2.00115058e+06 	 2.181411e-08 	 1.381453e+07 	
2.00140070e+06 	 2.097319e-08 	 1.381318e+07 	
2.00165083e+06 	 2.016054e-08 	 1.381183e+07 	
2.00190095e+06 	 1.937539e-08 	 1.381049e+07 	
2.00215108e+06 	 1.861699e-08 	 1.380917e+07 	
2.00240120e+06 	 1.788554e-08 	 1.380777e+07 	
2.00265133e+06 	 1.717844e-08 	 1.380646e+07 	
2.00290145e+06 	 1.649589e-08 	 1.380515e+07 	
2.00315158e+06 	 1.583718e-08 	 1.380385e+07 	
2.00340170e+06 	 1.520163e-08 	 1.380256e+07 	
2.00365183e+06 	 1.458856e-08 	 1.380128e+07 	
2.00390195e+06 	 1.399732e-08 	 1.380001e+07 	
2.00415208e+06 	 1.342725e-08 	 1.379874e+07 	
2.00440220e+06 	 1.287840e-08 	 1.379738e+07 	
2.00465233e+06 	 1.234883e-08 	 1.379612e+07 	
2.00490245e+06 	 1.183859e-08 	 1.379486e+07 	
2.00515258e+06 	 1.134707e-08 	 1.379361e+07 	
2.00540270e+06 	 1.087370e-08 	 1.379236e+07 	
2.00565283e+06 	 1.041791e-08 	 1.379111e+07 	
2.00590295e+06 	 9.978654e-09 	 1.378999e+07 	
2.00615308e+06 	 9.556360e-09 	 1.378877e+07 	
2.00640320e+06 	 9.150031e-09 	 1.378754e+07 	
2.00665333e+06 	 8.759157e-09 	 1.378632e+07 	
2.00690345e+06 	 8.383236e-09 	 1.378511e+07 	
2.00715358e+06 	 8.021782e-09 	 1.378388e+07 	
2.00740370e+06 	 7.673881e-09 	 1.378283e+07 	
2.00765383e+06 	 7.339899e-09 	 1.378163e+07 	
2.00790395e+06 	 7.018991e-09 	 1.378043e+07 	
2.00815408e+06 	 6.710717e-09 	 1.377923e+07 	
2.00840420e+06 	 6.414299e-09 	 1.377821e+07 	
2.00865433e+06 	 6.129976e-09 	 1.377703e+07 	
2.00890445e+06 	 5.857034e-09 	 1.377585e+07 	
2.00915458e+06 	 5.595082e-09 	 1.377467e+07 	
2.00940470e+06 	 5.343422e-09 	 1.377370e+07 	
2.00965483e+06 	 5.102259e-09 	 1.377254e+07 	
2.00990495e+06 	 4.870962e-09 	 1.377139e+07 	
2.01015508e+06 	 4.648920e-09 	 1.377046e+07 	
2.01040520e+06 	 4.436263e-09 	 1.376936e+07 	
2.01065533e+06 	 4.232440e-09 	 1.376825e+07 	
2.01090545e+06 	 4.036902e-09 	 1.376741e+07 	
2.01115558e+06 	 3.849741e-09 	 1.376640e+07 	
2.01140570e+06 	 3.670464e-09 	 1.376541e+07 	
2.01165583e+06 	 3.498985e-09 	 1.376418e+07 	
2.01190595e+06 	 3.334642e-09 	 1.376320e+07 	
2.01215608e+06 	 3.177493e-09 	 1.376198e+07 	
2.01240620e+06 	 3.026978e-09 	 1.376100e+07 	
2.01265633e+06 	 2.882966e-09 	 1.376006e+07 	
2.01290645e+06 	 2.745387e-09 	 1.375878e+07 	
2.01315658e+06 	 2.613681e-09 	 1.375782e+07 	
2.01340670e+06 	 2.488013e-09 	 1.375620e+07 	
2.01365683e+06 	 2.367736e-09 	 1.375496e+07 	
2.01390695e+06 	 2.252843e-09 	 1.375343e+07 	
2.01415708e+06 	 2.142819e-09 	 1.375308e+07 	
2.01440720e+06 	 2.037934e-09 	 1.375184e+07 	
2.01465733e+06 	 1.937721e-09 	 1.375089e+07 	
2.01490745e+06 	 1.842128e-09 	 1.374936e+07 	
2.01515758e+06 	 1.750682e-09 	 1.374915e+07 	
2.01540770e+06 	 1.663554e-09 	 1.374810e+07 	
2.01565783e+06 	 1.580431e-09 	 1.374705e+07 	
2.01590795e+06 	 1.501096e-09 	 1.374627e+07 	
2.01615808e+06 	 1.425463e-09 	 1.374539e+07 	
2.01640820e+06 	 1.353419e-09 	 1.374404e+07 	
2.01665833e+06 	 1.284704e-09 	 1.374301e+07 	
2.01690845e+06 	 1.219171e-09 	 1.374234e+07 	
2.01715858e+06 	 1.156753e-09 	 1.374157e+07 	
2.01740870e+06 	 1.097392e-09 	 1.373989e+07 	
2.01765883e+06 	 1.040814e-09 	 1.373859e+07 	
2.01790895e+06 	 9.868952e-10 	 1.373799e+07 	
2.01815908e+06 	 9.356042e-10 	 1.373698e+07 	
2.01840920e+06 	 8.867937e-10 	 1.373594e+07 	
2.01865933e+06 	 8.403439e-10 	 1.373495e+07 	
2.01890945e+06 	 7.961729e-10 	 1.373379e+07 	
2.01915958e+06 	 7.541490e-10 	 1.373297e+07 	
2.01940970e+06 	 7.142073e-10 	 1.373183e+07 	
2.01965983e+06 	 6.762269e-10 	 1.373100e+07 	
2.01990995e+06 	 6.401423e-10 	 1.372987e+07 	
2.02016008e+06 	 6.058442e-10 	 1.372905e+07 	
2.02041021e+06 	 5.732710e-10 	 1.372805e+07 	
2.02066033e+06 	 5.423380e-10 	 1.372694e+07 	
2.02091046e+06 	 5.129584e-10 	 1.372610e+07 	
2.02116058e+06 	 4.850738e-10 	 1.372510e+07 	
2.02141071e+06 	 4.586115e-10 	 1.372397e+07 	
2.02166083e+06 	 4.334937e-10 	 1.372315e+07 	
2.02191096e+06 	 4.096725e-10 	 1.372209e+07 	
2.02216108e+06 	 3.870761e-10 	 1.372119e+07 	
2.02241121e+06 	 3.656538e-10 	 1.372003e+07 	
2.02266133e+06 	 3.453400e-10 	 1.371925e+07 	
2.02291146e+06 	 3.260895e-10 	 1.371825e+07 	
2.02316158e+06 	 3.078469e-10 	 1.371730e+07 	
2.02341171e+06 	 2.905660e-10 	 1.371621e+07 	
2.02366183e+06 	 2.741955e-10 	 1.371536e+07 	
2.02391196e+06 	 2.586951e-10 	 1.371433e+07 	
2.02416208e+06 	 2.440191e-10 	 1.371343e+07 	
2.02441221e+06 	 2.301286e-10 	 1.371242e+07 	
2.02466233e+06 	 2.169831e-10 	 1.371149e+07 	
2.02491246e+06 	 2.045468e-10 	 1.371043e+07 	
2.02516258e+06 	 1.927820e-10 	 1.370956e+07 	
2.02541271e+06 	 1.816571e-10 	 1.370854e+07 	
2.02566283e+06 	 1.711381e-10 	 1.370763e+07 	
2.02591296e+06 	 1.611951e-10 	 1.370665e+07 	
2.02616308e+06 	 1.517983e-10 	 1.370570e+07 	
2.02641321e+06 	 1.429198e-10 	 1.370471e+07 	
2.02666333e+06 	 1.345325e-10 	 1.370378e+07 	
2.02691346e+06 	 1.266115e-10 	 1.370277e+07 	
2.02716358e+06 	 1.191320e-10 	 1.370186e+07 	
2.02741371e+06 	 1.120714e-10 	 1.370085e+07 	
2.02766383e+06 	 1.054073e-10 	 1.369994e+07 	
2.02791396e+06 	 9.911917e-11 	 1.369897e+07 	
2.02816408e+06 	 9.318692e-11 	 1.369802e+07 	
2.02841421e+06 	 8.759177e-11 	 1.369702e+07 	
2.02866433e+06 	 8.231545e-11 	 1.369610e+07 	
2.02891446e+06 	 7.734123e-11 	 1.369510e+07 	
2.02916458e+06 	 7.265249e-11 	 1.369419e+07 	
2.02941471e+06 	 6.823410e-11 	 1.369321e+07 	
2.02966483e+06 	 6.407120e-11 	 1.369228e+07 	
2.02991496e+06 	 6.014999e-11 	 1.369131e+07 	
2.03016508e+06 	 5.645715e-11 	 1.369036e+07 	
2.03041521e+06 	 5.298020e-11 	 1.368941e+07 	
2.03066533e+06 	 4.970725e-11 	 1.368842e+07 	
2.03091546e+06 	 4.662681e-11 	 1.368750e+07 	
2.03116558e+06 	 4.372842e-11 	 1.368655e+07 	
2.03141571e+06 	 4.100054e-11 	 1.368611e+07 	
2.03166583e+06 	 3.843404e-11 	 1.368586e+07 	
2.03191596e+06 	 3.602481e-11 	 1.368419e+07 	
2.03216608e+06 	 3.375603e-11 	 1.368395e+07 	
2.03241621e+06 	 3.162720e-11 	 1.368229e+07 	
2.03266633e+06 	 2.962331e-11 	 1.368205e+07 	
2.03291646e+06 	 2.774383e-11 	 1.368039e+07 	
2.03316658e+06 	 2.597542e-11 	 1.368015e+07 	
2.03341671e+06 	 2.431751e-11 	 1.367849e+07 	
2.03366683e+06 	 2.275825e-11 	 1.367825e+07 	
2.03391696e+06 	 2.129705e-11 	 1.367659e+07 	
2.03416708e+06 	 1.992339e-11 	 1.367636e+07 	
2.03441721e+06 	 1.863665e-11 	 1.367469e+07 	
2.03466733e+06 	 1.742752e-11 	 1.367446e+07 	
2.03491746e+06 	 1.629540e-11 	 1.367279e+07 	
2.03516758e+06 	 1.523201e-11 	 1.367256e+07 	
2.03541771e+06 	 1.423674e-11 	 1.367090e+07 	
2.03566783e+06 	 1.330233e-11 	 1.367067e+07 	
2.03591796e+06 	 1.242815e-11 	 1.366900e+07 	
2.03616808e+06 	 1.160776e-11 	 1.366878e+07 	
2.03641821e+06 	 1.084058e-11 	 1.366711e+07 	
2.03666833e+06 	 1.012092e-11 	 1.366688e+07 	
2.03691846e+06 	 9.448194e-12 	 1.366521e+07 	
2.03716858e+06 	 8.817422e-12 	 1.366499e+07 	
2.03741871e+06 	 8.228043e-12 	 1.366332e+07 	
2.03766883e+06 	 7.675650e-12 	 1.366310e+07 	
2.03791896e+06 	 7.159724e-12 	 1.366143e+07 	
2.03816908e+06 	 6.676378e-12 	 1.366121e+07 	
2.03841921e+06 	 6.225120e-12 	 1.365953e+07 	
2.03866933e+06 	 5.802547e-12 	 1.365932e+07 	
2.03891946e+06 	 5.408188e-12 	 1.365764e+07 	
2.03916958e+06 	 5.039057e-12 	 1.365743e+07 	
2.03941971e+06 	 4.694721e-12 	 1.365575e+07 	
2.03966983e+06 	 4.372544e-12 	 1.365554e+07 	
2.03991996e+06 	 4.072126e-12 	 1.365386e+07 	
2.04017009e+06 	 3.791165e-12 	 1.365365e+07 	
2.04042021e+06 	 3.529284e-12 	 1.365198e+07 	
2.04067034e+06 	 3.284470e-12 	 1.365176e+07 	
2.04092046e+06 	 3.056378e-12 	 1.365009e+07 	
2.04117059e+06 	 2.843240e-12 	 1.364987e+07 	
2.04142071e+06 	 2.644742e-12 	 1.364820e+07 	
2.04167084e+06 	 2.459335e-12 	 1.364799e+07 	
2.04192096e+06 	 2.286728e-12 	 1.364632e+07 	
2.04217109e+06 	 2.125578e-12 	 1.364610e+07 	
2.04242121e+06 	 1.975617e-12 	 1.364443e+07 	
2.04267134e+06 	 1.835665e-12 	 1.364422e+07 	
2.04292146e+06 	 1.705492e-12 	 1.364255e+07 	
2.04317159e+06 	 1.584050e-12 	 1.364233e+07 	
2.04342171e+06 	 1.471129e-12 	 1.364048e+07 	
2.04367184e+06 	 1.365848e-12 	 1.364027e+07 	
2.04392196e+06 	 1.267974e-12 	 1.363876e+07 	
2.04417209e+06 	 1.176761e-12 	 1.363854e+07 	
2.04442221e+06 	 1.092015e-12 	 1.363690e+07 	
2.04467234e+06 	 1.013061e-12 	 1.363668e+07 	
2.04492246e+06 	 9.397360e-13 	 1.363502e+07 	
2.04517259e+06 	 8.714499e-13 	 1.363480e+07 	
2.04542271e+06 	 8.080580e-13 	 1.363314e+07 	
2.04567284e+06 	 7.490469e-13 	 1.363292e+07 	
2.04592296e+06 	 6.942992e-13 	 1.363100e+07 	
2.04617309e+06 	 6.433513e-13 	 1.363079e+07 	
2.04642321e+06 	 5.960710e-13 	 1.362947e+07 	
2.04667334e+06 	 5.521071e-13 	 1.362926e+07 	
2.04692346e+06 	 5.113389e-13 	 1.362751e+07 	
2.04717359e+06 	 4.734415e-13 	 1.362730e+07 	
2.04742371e+06 	 4.383291e-13 	 1.362537e+07 	
2.04767384e+06 	 4.056896e-13 	 1.362515e+07 	
2.04792396e+06 	 3.754373e-13 	 1.362384e+07 	
2.04817409e+06 	 3.473406e-13 	 1.362363e+07 	
2.04842421e+06 	 3.213183e-13 	 1.362162e+07 	
2.04867434e+06 	 2.971608e-13 	 1.362141e+07 	
2.04892446e+06 	 2.747928e-13 	 1.361997e+07 	
2.04917459e+06 	 2.540323e-13 	 1.361975e+07 	
2.04942471e+06 	 2.348211e-13 	 1.361812e+07 	
2.04967484e+06 	 2.169962e-13 	 1.361791e+07 	
2.04992496e+06 	 2.005081e-13 	 1.361625e+07 	
2.05017509e+06 	 1.852162e-13 	 1.361604e+07 	
2.05042521e+06 	 1.710772e-13 	 1.361438e+07 	
2.05067534e+06 	 1.579689e-13 	 1.361417e+07 	
2.05092546e+06 	 1.458561e-13 	 1.361212e+07 	
2.05117559e+06 	 1.346308e-13 	 1.361191e+07 	
2.05142571e+06 	 1.242576e-13 	 1.361059e+07 	
2.05167584e+06 	 1.146487e-13 	 1.361038e+07 	
2.05192596e+06 	 1.057671e-13 	 1.360858e+07 	
2.05217609e+06 	 9.755115e-14 	 1.360837e+07 	
2.05242621e+06 	 8.996551e-14 	 1.360663e+07 	
2.05267634e+06 	 8.294553e-14 	 1.360641e+07 	
2.05292646e+06 	 7.646712e-14 	 1.360481e+07 	
2.05317659e+06 	 7.047326e-14 	 1.360460e+07 	
2.05342671e+06 	 6.494295e-14 	 1.360295e+07 	
2.05367684e+06 	 5.982951e-14 	 1.360274e+07 	
2.05392696e+06 	 5.511327e-14 	 1.360109e+07 	
2.05417709e+06 	 5.075441e-14 	 1.360088e+07 	
2.05442721e+06 	 4.673478e-14 	 1.359953e+07 	
2.05467734e+06 	 4.302160e-14 	 1.359932e+07 	
2.05492746e+06 	 3.960144e-14 	 1.359731e+07 	
2.05517759e+06 	 3.644169e-14 	 1.359710e+07 	
2.05542771e+06 	 3.353001e-14 	 1.359579e+07 	
2.05567784e+06 	 3.084252e-14 	 1.359558e+07 	
2.05592796e+06 	 2.836842e-14 	 1.359384e+07 	
2.05617809e+06 	 2.608483e-14 	 1.359363e+07 	
2.05642821e+06 	 2.398330e-14 	 1.359197e+07 	
2.05667834e+06 	 2.204435e-14 	 1.359176e+07 	
2.05692846e+06 	 2.026056e-14 	 1.359011e+07 	
2.05717859e+06 	 1.861554e-14 	 1.358990e+07 	
2.05742871e+06 	 1.710273e-14 	 1.358824e+07 	
2.05767884e+06 	 1.570817e-14 	 1.358804e+07 	
2.05792896e+06 	 1.442618e-14 	 1.358638e+07 	
2.05817909e+06 	 1.324487e-14 	 1.358618e+07 	
2.05842921e+06 	 1.215933e-14 	 1.358452e+07 	
2.05867934e+06 	 1.115944e-14 	 1.358432e+07 	
2.05892946e+06 	 1.024096e-14 	 1.358266e+07 	
2.05917959e+06 	 9.395288e-15 	 1.358246e+07 	
2.05942971e+06 	 8.618773e-15 	 1.358081e+07 	
2.05967984e+06 	 7.904087e-15 	 1.358060e+07 	
2.05992996e+06 	 7.248277e-15 	 1.357887e+07 	
2.06018009e+06 	 6.644764e-15 	 1.357866e+07 	
2.06043022e+06 	 6.090791e-15 	 1.357690e+07 	
2.06068034e+06 	 5.581591e-15 	 1.357669e+07 	
2.06093047e+06 	 5.114557e-15 	 1.357497e+07 	
2.06118059e+06 	 4.685235e-15 	 1.357476e+07 	
2.06143072e+06 	 4.291452e-15 	 1.357347e+07 	
2.06168084e+06 	 3.929696e-15 	 1.357326e+07 	
2.06193097e+06 	 3.598194e-15 	 1.357154e+07 	
2.06218109e+06 	 3.293660e-15 	 1.357133e+07 	
2.06243122e+06 	 3.014683e-15 	 1.356967e+07 	
2.06268134e+06 	 2.758509e-15 	 1.356946e+07 	
2.06293147e+06 	 2.523912e-15 	 1.356782e+07 	
2.06318159e+06 	 2.308584e-15 	 1.356761e+07 	
2.06343172e+06 	 2.111470e-15 	 1.356597e+07 	
2.06368184e+06 	 1.930613e-15 	 1.356576e+07 	
2.06393197e+06 	 1.765115e-15 	 1.356393e+07 	
2.06418209e+06 	 1.613339e-15 	 1.356373e+07 	
2.06443222e+06 	 1.474457e-15 	 1.356237e+07 	
2.06468234e+06 	 1.347161e-15 	 1.356216e+07 	
2.06493247e+06 	 1.230794e-15 	 1.356016e+07 	
2.06518259e+06 	 1.124134e-15 	 1.355996e+07 	
2.06543272e+06 	 1.026608e-15 	 1.355865e+07 	
2.06568284e+06 	 9.372848e-16 	 1.355845e+07 	
2.06593297e+06 	 8.556664e-16 	 1.355646e+07 	
2.06618309e+06 	 7.809390e-16 	 1.355626e+07 	
2.06643322e+06 	 7.126770e-16 	 1.355484e+07 	
2.06668334e+06 	 6.501927e-16 	 1.355463e+07 	
2.06693347e+06 	 5.931382e-16 	 1.355284e+07 	
2.06718359e+06 	 5.409389e-16 	 1.355263e+07 	
2.06743372e+06 	 4.932820e-16 	 1.355128e+07 	
2.06768384e+06 	 4.497015e-16 	 1.355108e+07 	
2.06793397e+06 	 4.099430e-16 	 1.354934e+07 	
2.06818409e+06 	 3.735900e-16 	 1.354914e+07 	
2.06843422e+06 	 3.404372e-16 	 1.354731e+07 	
2.06868434e+06 	 3.101361e-16 	 1.354710e+07 	
2.06893447e+06 	 2.825085e-16 	 1.354562e+07 	
2.06918459e+06 	 2.572686e-16 	 1.354541e+07 	
2.06943472e+06 	 2.342602e-16 	 1.354361e+07 	
2.06968484e+06 	 2.132540e-16 	 1.354341e+07 	
2.06993497e+06 	 1.941141e-16 	 1.354193e+07 	
2.07018509e+06 	 1.766428e-16 	 1.354173e+07 	
2.07043522e+06 	 1.607323e-16 	 1.353993e+07 	
2.07068534e+06 	 1.462132e-16 	 1.353972e+07 	
2.07093547e+06 	 1.329911e-16 	 1.353838e+07 	
2.07118559e+06 	 1.209328e-16 	 1.353817e+07 	
2.07143572e+06 	 1.099605e-16 	 1.353644e+07 	
2.07168584e+06 	 9.995449e-17 	 1.353624e+07 	
2.07193597e+06 	 9.085286e-17 	 1.353441e+07 	
2.07218609e+06 	 8.255637e-17 	 1.353421e+07 	
2.07243622e+06 	 7.500906e-17 	 1.353286e+07 	
2.07268634e+06 	 6.813399e-17 	 1.353266e+07 	
2.07293647e+06 	 6.188501e-17 	 1.353093e+07 	
2.07318659e+06 	 5.619279e-17 	 1.353072e+07 	
2.07343672e+06 	 5.102069e-17 	 1.352890e+07 	
2.07368684e+06 	 4.631146e-17 	 1.352870e+07 	
2.07393697e+06 	 4.203207e-17 	 1.352735e+07 	
2.07418709e+06 	 3.813834e-17 	 1.352715e+07 	
2.07443722e+06 	 3.460312e-17 	 1.352542e+07 	
2.07468734e+06 	 3.138644e-17 	 1.352521e+07 	
2.07493747e+06 	 2.846666e-17 	 1.352357e+07 	
2.07518759e+06 	 2.581118e-17 	 1.352337e+07 	
2.07543772e+06 	 2.340153e-17 	 1.352156e+07 	
2.07568784e+06 	 2.121110e-17 	 1.352135e+07 	
2.07593797e+06 	 1.922369e-17 	 1.352001e+07 	
2.07618809e+06 	 1.741789e-17 	 1.351981e+07 	
2.07643822e+06 	 1.578052e-17 	 1.351808e+07 	
2.07668834e+06 	 1.429312e-17 	 1.351788e+07 	
2.07693847e+06 	 1.294506e-17 	 1.351606e+07 	
2.07718859e+06 	 1.172083e-17 	 1.351586e+07 	
2.07743872e+06 	 1.061151e-17 	 1.351438e+07 	
2.07768884e+06 	 9.604484e-18 	 1.351418e+07 	
2.07793897e+06 	 8.692067e-18 	 1.351240e+07 	
2.07818909e+06 	 7.864452e-18 	 1.351219e+07 	
2.07843922e+06 	 7.114954e-18 	 1.351072e+07 	
2.07868934e+06 	 6.435180e-18 	 1.351052e+07 	
2.07893947e+06 	 5.819960e-18 	 1.350874e+07 	
2.07918959e+06 	 5.262081e-18 	 1.350853e+07 	
2.35847321e+06 	 1.000000e-20 	 1.259040e+07 	
2.67527113e+06 	 1.000000e-20 	 1.174773e+07 	
3.03462240e+06 	 1.000000e-20 	 1.097097e+07 	
3.44224291e+06 	 1.000000e-20 	 1.025309e+07 	
3.90461636e+06 	 1.000000e-20 	 9.588135e+06 	
4.42909733e+06 	 1.000000e-20 	 8.971071e+06 	
5.02402833e+06 	 1.000000e-20 	 8.397539e+06 	
5.69887243e+06 	 1.000000e-20 	 7.863752e+06 	
6.46436381e+06 	 1.000000e-20 	 7.366383e+06 	
7.33267853e+06 	 1.000000e-20 	 6.902489e+06 	
8.31762815e+06 	 1.000000e-20 	 6.469448e+06 	
9.43487946e+06 	 1.000000e-20 	 6.064911e+06 	
1.07022037e+07 	 1.000000e-20 	 5.686760e+06 	
1.21397590e+07 	 1.000000e-20 	 5.333080e+06 	
1.37704116e+07 	 1.000000e-20 	 5.002126e+06 	
1.56200988e+07 	 1.000000e-20 	 4.692310e+06 	
1.77182421e+07 	 1.000000e-20 	 4.402175e+06 	
2.00982150e+07 	 1.000000e-20 	 4.130383e+06 	
2.27978737e+07 	 1.000000e-20 	 3.875705e+06 	
2.58601594e+07 	 1.000000e-20 	 3.637003e+06 	
2.93337815e+07 	 1.000000e-20 	 3.413229e+06 	
3.32739920e+07 	 1.000000e-20 	 3.203408e+06 	
3.77434647e+07 	 1.000000e-20 	 3.006639e+06 	
4.28132916e+07 	 1.000000e-20 	 2.822083e+06 	
4.85641145e+07 	 1.000000e-20 	 2.648959e+06 	
5.50874069e+07 	 1.000000e-20 	 2.486543e+06 	
6.24869295e+07 	 1.000000e-20 	 2.334155e+06 	
7.08803804e+07 	 1.000000e-20 	 2.191166e+06 	
8.04012675e+07 	 1.000000e-20 	 2.056984e+06 	
9.12010315e+07 	 1.000000e-20 	 1.931060e+06 	
1.03451456e+08 	 1.000000e-20 	 1.812877e+06 	
1.17347397e+08 	 1.000000e-20 	 1.701955e+06 	
1.33109887e+08 	 1.000000e-20 	 1.597843e+06 	
1.50989648e+08 	 1.000000e-20 	 1.500118e+06 	
1.71271076e+08 	 1.000000e-20 	 1.408385e+06 	
1.94276773e+08 	 1.000000e-20 	 1.322275e+06 	
2.20372672e+08 	 1.000000e-20 	 1.241440e+06 	
2.49973858e+08 	 1.000000e-20 	 1.165556e+06 	
2.83551173e+08 	 1.000000e-20 	 1.094317e+06 	
3.21638703e+08 	 1.000000e-20 	 1.027438e+06 	
3.64842277e+08 	 1.000000e-20 	 9.646522e+05 	
4.13849098e+08 	 1.000000e-20 	 9.057069e+05 	
4.69438677e+08 	 1.000000e-20 	 8.503668e+05 	
5.32495232e+08 	 1.000000e-20 	 7.984109e+05 	
6.04021752e+08 	 1.000000e-20 	 7.496318e+05 	
6.85155951e+08 	 1.000000e-20 	 7.038348e+05 	
7.77188364e+08 	 1.000000e-20 	 6.608372e+05 	
8.81582874e+08 	 1.000000e-20 	 6.204677e+05 	
1.00000000e+09 	 1.000000e-20 	 5.825654e+05 	
