r (cm)        	 rho (g/cm3) 	 T (K)       		 Linf = 3.304952e+38
1.19999899e+06 	 1.261153e+05 	 1.254254e+09 	
1.20003235e+06 	 1.205672e+05 	 1.239997e+09 	
1.20013995e+06 	 1.040281e+05 	 1.194388e+09 	
1.20024755e+06 	 8.941542e+04 	 1.149372e+09 	
1.20035515e+06 	 7.655062e+04 	 1.104971e+09 	
1.20044282e+06 	 6.724359e+04 	 1.069261e+09 	
1.20053050e+06 	 5.890124e+04 	 1.033987e+09 	
1.20061818e+06 	 5.144347e+04 	 9.991642e+08 	
1.20070586e+06 	 4.479492e+04 	 9.648052e+08 	
1.20079354e+06 	 3.888473e+04 	 9.309245e+08 	
1.20088008e+06 	 3.371083e+04 	 8.979694e+08 	
1.20096661e+06 	 2.913170e+04 	 8.655089e+08 	
1.20105315e+06 	 2.509155e+04 	 8.335577e+08 	
1.20112472e+06 	 2.212009e+04 	 8.075269e+08 	
1.20119629e+06 	 1.945418e+04 	 7.818636e+08 	
1.20126786e+06 	 1.706801e+04 	 7.565766e+08 	
1.20133943e+06 	 1.493734e+04 	 7.316751e+08 	
1.20141101e+06 	 1.303951e+04 	 7.071682e+08 	
1.20148235e+06 	 1.135850e+04 	 6.831423e+08 	
1.20155369e+06 	 9.868273e+03 	 6.595267e+08 	
1.20162503e+06 	 8.550694e+03 	 6.363306e+08 	
1.20168386e+06 	 7.582092e+03 	 6.175244e+08 	
1.20174269e+06 	 6.710633e+03 	 5.990149e+08 	
1.20180152e+06 	 5.928089e+03 	 5.808072e+08 	
1.20186035e+06 	 5.226771e+03 	 5.629066e+08 	
1.20191918e+06 	 4.599506e+03 	 5.453180e+08 	
1.20197801e+06 	 4.039620e+03 	 5.280464e+08 	
1.20203731e+06 	 3.537144e+03 	 5.109623e+08 	
1.20209661e+06 	 3.090943e+03 	 4.942103e+08 	
1.20215591e+06 	 2.695574e+03 	 4.777951e+08 	
1.20220511e+06 	 2.402541e+03 	 4.644358e+08 	
1.20225430e+06 	 2.138375e+03 	 4.513141e+08 	
1.20230350e+06 	 1.900600e+03 	 4.384325e+08 	
1.20235270e+06 	 1.686914e+03 	 4.257933e+08 	
1.20240190e+06 	 1.495176e+03 	 4.133989e+08 	
1.20245109e+06 	 1.323405e+03 	 4.012512e+08 	
1.20250029e+06 	 1.169765e+03 	 3.893524e+08 	
1.20255129e+06 	 1.027819e+03 	 3.772817e+08 	
1.20260230e+06 	 9.017999e+02 	 3.654822e+08 	
1.20264468e+06 	 8.080355e+02 	 3.558835e+08 	
1.20268707e+06 	 7.233227e+02 	 3.464741e+08 	
1.20272946e+06 	 6.468780e+02 	 3.372548e+08 	
1.20277185e+06 	 5.779754e+02 	 3.282262e+08 	
1.20281423e+06 	 5.159433e+02 	 3.193890e+08 	
1.20285662e+06 	 4.601615e+02 	 3.107433e+08 	
1.20289901e+06 	 4.100578e+02 	 3.022897e+08 	
1.20294139e+06 	 3.651054e+02 	 2.940280e+08 	
1.20298378e+06 	 3.248200e+02 	 2.859585e+08 	
1.20302863e+06 	 2.867809e+02 	 2.776287e+08 	
1.20306600e+06 	 2.583538e+02 	 2.708533e+08 	
1.20310336e+06 	 2.326177e+02 	 2.642266e+08 	
1.20314073e+06 	 2.093368e+02 	 2.577482e+08 	
1.20317809e+06 	 1.882935e+02 	 2.514175e+08 	
1.20321545e+06 	 1.692876e+02 	 2.452340e+08 	
1.20325282e+06 	 1.521347e+02 	 2.391970e+08 	
1.20329018e+06 	 1.366657e+02 	 2.333058e+08 	
1.20332755e+06 	 1.227250e+02 	 2.275596e+08 	
1.20336491e+06 	 1.101702e+02 	 2.219574e+08 	
1.20340228e+06 	 9.887114e+01 	 2.164981e+08 	
1.20343964e+06 	 8.870848e+01 	 2.111806e+08 	
1.20347700e+06 	 7.957346e+01 	 2.060038e+08 	
1.20351437e+06 	 7.136682e+01 	 2.009662e+08 	
1.20355173e+06 	 6.399818e+01 	 1.960665e+08 	
1.20358801e+06 	 5.756812e+01 	 1.914402e+08 	
1.20362428e+06 	 5.178185e+01 	 1.869409e+08 	
1.20366056e+06 	 4.657704e+01 	 1.825672e+08 	
1.20369683e+06 	 4.189698e+01 	 1.783175e+08 	
1.20373311e+06 	 3.769020e+01 	 1.741900e+08 	
1.20376938e+06 	 3.390996e+01 	 1.701832e+08 	
1.20380566e+06 	 3.051389e+01 	 1.662950e+08 	
1.20384193e+06 	 2.746365e+01 	 1.625238e+08 	
1.20387821e+06 	 2.472450e+01 	 1.588675e+08 	
1.20391448e+06 	 2.226509e+01 	 1.553242e+08 	
1.20395075e+06 	 2.005706e+01 	 1.518918e+08 	
1.20398703e+06 	 1.807484e+01 	 1.485683e+08 	
1.20402330e+06 	 1.629539e+01 	 1.453515e+08 	
1.20405958e+06 	 1.469791e+01 	 1.422393e+08 	
1.20409585e+06 	 1.326372e+01 	 1.392295e+08 	
1.20413213e+06 	 1.197598e+01 	 1.363198e+08 	
1.20416840e+06 	 1.081957e+01 	 1.335079e+08 	
1.20420468e+06 	 9.780910e+00 	 1.307917e+08 	
1.20424708e+06 	 8.699878e+00 	 1.277350e+08 	
1.20428947e+06 	 7.745742e+00 	 1.248020e+08 	
1.20433187e+06 	 6.903237e+00 	 1.219890e+08 	
1.20437427e+06 	 6.158930e+00 	 1.192923e+08 	
1.20441667e+06 	 5.501004e+00 	 1.167082e+08 	
1.20445907e+06 	 4.919074e+00 	 1.142329e+08 	
1.20450146e+06 	 4.404010e+00 	 1.118627e+08 	
1.20454386e+06 	 3.947793e+00 	 1.095940e+08 	
1.20458626e+06 	 3.543380e+00 	 1.074231e+08 	
1.20462866e+06 	 3.184588e+00 	 1.053464e+08 	
1.20467106e+06 	 2.865986e+00 	 1.033604e+08 	
1.20471346e+06 	 2.582807e+00 	 1.014616e+08 	
1.20475585e+06 	 2.330866e+00 	 9.964648e+07 	
1.20479825e+06 	 2.106489e+00 	 9.791181e+07 	
1.20484065e+06 	 1.906447e+00 	 9.625425e+07 	
1.20488305e+06 	 1.727908e+00 	 9.467058e+07 	
1.20493485e+06 	 1.535366e+00 	 9.283160e+07 	
1.20498664e+06 	 1.367278e+00 	 9.109272e+07 	
1.20503844e+06 	 1.220277e+00 	 8.944859e+07 	
1.20509023e+06 	 1.091485e+00 	 8.789409e+07 	
1.20514203e+06 	 9.784368e-01 	 8.642429e+07 	
1.20519383e+06 	 8.790220e-01 	 8.503447e+07 	
1.20524562e+06 	 7.914304e-01 	 8.372012e+07 	
1.20531041e+06 	 6.961692e-01 	 8.217592e+07 	
1.20537519e+06 	 6.144197e-01 	 8.073511e+07 	
1.20543998e+06 	 5.440528e-01 	 7.939022e+07 	
1.20550476e+06 	 4.833000e-01 	 7.813429e+07 	
1.20556954e+06 	 4.306892e-01 	 7.696080e+07 	
1.20563433e+06 	 3.849923e-01 	 7.586368e+07 	
1.20569911e+06 	 3.451827e-01 	 7.483730e+07 	
1.20577959e+06 	 3.026453e-01 	 7.365294e+07 	
1.20586007e+06 	 2.665146e-01 	 7.256049e+07 	
1.20594055e+06 	 2.356909e-01 	 7.155161e+07 	
1.20602102e+06 	 2.092819e-01 	 7.061872e+07 	
1.20610150e+06 	 1.865606e-01 	 6.975496e+07 	
1.20618198e+06 	 1.669325e-01 	 6.895412e+07 	
1.20629368e+06 	 1.439174e-01 	 6.793649e+07 	
1.20640539e+06 	 1.248916e-01 	 6.701609e+07 	
1.20651709e+06 	 1.090529e-01 	 6.618137e+07 	
1.20662879e+06 	 9.577866e-02 	 6.542233e+07 	
1.20676122e+06 	 8.270129e-02 	 6.460859e+07 	
1.20689365e+06 	 7.192324e-02 	 6.387655e+07 	
1.20702608e+06 	 6.296872e-02 	 6.321564e+07 	
1.20715851e+06 	 5.547281e-02 	 6.261684e+07 	
1.20734595e+06 	 4.681991e-02 	 6.186077e+07 	
1.20753339e+06 	 3.993488e-02 	 6.119580e+07 	
1.20772083e+06 	 3.438954e-02 	 6.060735e+07 	
1.20796789e+06 	 2.861330e-02 	 5.992890e+07 	
1.20821495e+06 	 2.412881e-02 	 5.934148e+07 	
1.20846202e+06 	 2.059168e-02 	 5.882843e+07 	
1.20879507e+06 	 1.690984e-02 	 5.823195e+07 	
1.20912812e+06 	 1.412192e-02 	 5.772295e+07 	
1.20946117e+06 	 1.196791e-02 	 5.728341e+07 	
1.20991887e+06 	 9.732635e-03 	 5.676842e+07 	
1.21037658e+06 	 8.079393e-03 	 5.633372e+07 	
1.21083429e+06 	 6.825845e-03 	 5.596108e+07 	
1.21148938e+06 	 5.502741e-03 	 5.551019e+07 	
1.21214447e+06 	 4.550736e-03 	 5.513268e+07 	
1.21279956e+06 	 3.844250e-03 	 5.481023e+07 	
1.21367336e+06 	 3.154951e-03 	 5.444426e+07 	
1.21454715e+06 	 2.657219e-03 	 5.413315e+07 	
1.21542095e+06 	 2.286300e-03 	 5.386305e+07 	
1.21629474e+06 	 2.002542e-03 	 5.362441e+07 	
1.21762001e+06 	 1.684431e-03 	 5.330779e+07 	
1.21894527e+06 	 1.456203e-03 	 5.303196e+07 	
1.22027054e+06 	 1.286850e-03 	 5.278623e+07 	
1.22226105e+06 	 1.104095e-03 	 5.245843e+07 	
1.22344665e+06 	 1.022952e-03 	 5.228095e+07 	
1.22588836e+06 	 8.981725e-04 	 5.194587e+07 	
1.22788798e+06 	 8.248298e-04 	 5.169437e+07 	
1.23109147e+06 	 7.409929e-04 	 5.132159e+07 	
1.23367968e+06 	 6.928412e-04 	 5.103993e+07 	
1.23793297e+06 	 6.366658e-04 	 5.060301e+07 	
1.24118453e+06 	 6.058562e-04 	 5.028443e+07 	
1.24726322e+06 	 5.643500e-04 	 4.971288e+07 	
1.25334191e+06 	 5.346458e-04 	 4.916277e+07 	
1.25942059e+06 	 5.111583e-04 	 4.862757e+07 	
1.26972386e+06 	 4.785600e-04 	 4.774558e+07 	
1.27547696e+06 	 4.625578e-04 	 4.726442e+07 	
1.28123006e+06 	 4.475420e-04 	 4.679046e+07 	
1.28410783e+06 	 4.403252e-04 	 4.655595e+07 	
1.29106628e+06 	 4.235482e-04 	 4.599567e+07 	
1.29596898e+06 	 4.122294e-04 	 4.560650e+07 	
1.30087167e+06 	 4.012802e-04 	 4.522182e+07 	
1.30577436e+06 	 3.906737e-04 	 4.484154e+07 	
1.31152110e+06 	 3.786507e-04 	 4.440125e+07 	
1.31453643e+06 	 3.725108e-04 	 4.417256e+07 	
1.31483796e+06 	 3.719030e-04 	 4.414978e+07 	
1.31486811e+06 	 3.718423e-04 	 4.414750e+07 	
1.31487113e+06 	 3.718362e-04 	 4.414727e+07 	
1.31487143e+06 	 3.718356e-04 	 4.414725e+07 	
1.32087143e+06 	 3.599724e-04 	 4.369721e+07 	
1.32987143e+06 	 3.429605e-04 	 4.303356e+07 	
1.33887143e+06 	 3.268344e-04 	 4.238325e+07 	
1.34787143e+06 	 3.115400e-04 	 4.174589e+07 	
1.35147143e+06 	 3.056441e-04 	 4.149449e+07 	
1.35347143e+06 	 3.024218e-04 	 4.135568e+07 	
1.35527143e+06 	 2.995536e-04 	 4.123128e+07 	
1.35727143e+06 	 2.964015e-04 	 4.109363e+07 	
1.36177143e+06 	 2.894409e-04 	 4.078612e+07 	
1.36777143e+06 	 2.804366e-04 	 4.038078e+07 	
1.36877143e+06 	 2.789658e-04 	 4.031374e+07 	
1.37177143e+06 	 2.746047e-04 	 4.011348e+07 	
1.37434286e+06 	 2.709258e-04 	 3.994287e+07 	
1.37659286e+06 	 2.677509e-04 	 3.979436e+07 	
1.37959286e+06 	 2.635805e-04 	 3.959745e+07 	
1.38859286e+06 	 2.514874e-04 	 3.901430e+07 	
1.39219286e+06 	 2.468209e-04 	 3.878416e+07 	
1.39519286e+06 	 2.430042e-04 	 3.859371e+07 	
1.39776429e+06 	 2.397837e-04 	 3.843144e+07 	
1.40001429e+06 	 2.370037e-04 	 3.829017e+07 	
1.40301429e+06 	 2.333513e-04 	 3.810285e+07 	
1.41201429e+06 	 2.227546e-04 	 3.754792e+07 	
1.41561429e+06 	 2.186632e-04 	 3.732886e+07 	
1.41861429e+06 	 2.153159e-04 	 3.714756e+07 	
1.42118571e+06 	 2.124908e-04 	 3.699305e+07 	
1.42375714e+06 	 2.097057e-04 	 3.683937e+07 	
1.42675714e+06 	 2.065059e-04 	 3.666109e+07 	
1.43125714e+06 	 2.018043e-04 	 3.639574e+07 	
1.43575714e+06 	 1.972181e-04 	 3.613283e+07 	
1.43875714e+06 	 1.942232e-04 	 3.595890e+07 	
1.44132857e+06 	 1.916951e-04 	 3.581066e+07 	
1.44432857e+06 	 1.887900e-04 	 3.563868e+07 	
1.44792857e+06 	 1.853662e-04 	 3.543369e+07 	
1.45392857e+06 	 1.798068e-04 	 3.509534e+07 	
1.45752857e+06 	 1.765574e-04 	 3.489428e+07 	
1.46052857e+06 	 1.738976e-04 	 3.472784e+07 	
1.46310000e+06 	 1.716518e-04 	 3.458597e+07 	
1.46610000e+06 	 1.690708e-04 	 3.442138e+07 	
1.47210000e+06 	 1.640317e-04 	 3.409511e+07 	
1.47660000e+06 	 1.603578e-04 	 3.385295e+07 	
1.48020000e+06 	 1.574818e-04 	 3.366076e+07 	
1.48320000e+06 	 1.551271e-04 	 3.350164e+07 	
1.48620000e+06 	 1.528097e-04 	 3.334346e+07 	
1.48920000e+06 	 1.505289e-04 	 3.318621e+07 	
1.49280000e+06 	 1.478395e-04 	 3.299871e+07 	
1.49880000e+06 	 1.434695e-04 	 3.268912e+07 	
1.50240000e+06 	 1.409134e-04 	 3.250509e+07 	
1.50540000e+06 	 1.388201e-04 	 3.235271e+07 	
1.50840000e+06 	 1.367595e-04 	 3.220121e+07 	
1.51290000e+06 	 1.337287e-04 	 3.197558e+07 	
1.51890000e+06 	 1.297970e-04 	 3.167776e+07 	
1.52190000e+06 	 1.278771e-04 	 3.153012e+07 	
1.52490000e+06 	 1.259869e-04 	 3.138333e+07 	
1.52850000e+06 	 1.237572e-04 	 3.120827e+07 	
1.53750000e+06 	 1.183612e-04 	 3.077581e+07 	
1.54110000e+06 	 1.162722e-04 	 3.060487e+07 	
1.54470000e+06 	 1.142216e-04 	 3.043507e+07 	
1.54770000e+06 	 1.125415e-04 	 3.029445e+07 	
1.55070000e+06 	 1.108871e-04 	 3.015461e+07 	
1.55670000e+06 	 1.076531e-04 	 2.987726e+07 	
1.56120000e+06 	 1.052919e-04 	 2.967126e+07 	
1.56480000e+06 	 1.034416e-04 	 2.950769e+07 	
1.56780000e+06 	 1.019253e-04 	 2.937220e+07 	
1.57140000e+06 	 1.001358e-04 	 2.921060e+07 	
1.58040000e+06 	 9.580181e-05 	 2.881123e+07 	
1.58400000e+06 	 9.412259e-05 	 2.865330e+07 	
1.58760000e+06 	 9.247342e-05 	 2.849641e+07 	
1.59060000e+06 	 9.112166e-05 	 2.836644e+07 	
1.59420000e+06 	 8.952603e-05 	 2.821140e+07 	
1.60320000e+06 	 8.565977e-05 	 2.782817e+07 	
1.60680000e+06 	 8.416114e-05 	 2.767660e+07 	
1.60980000e+06 	 8.293254e-05 	 2.755103e+07 	
1.61340000e+06 	 8.148201e-05 	 2.740123e+07 	
1.61940000e+06 	 7.912079e-05 	 2.715369e+07 	
1.62390000e+06 	 7.739507e-05 	 2.696974e+07 	
1.62750000e+06 	 7.604170e-05 	 2.682363e+07 	
1.63110000e+06 	 7.471193e-05 	 2.667845e+07 	
1.63470000e+06 	 7.340528e-05 	 2.653417e+07 	
1.64070000e+06 	 7.127762e-05 	 2.629573e+07 	
1.64520000e+06 	 6.972208e-05 	 2.611852e+07 	
1.64880000e+06 	 6.850184e-05 	 2.597775e+07 	
1.65240000e+06 	 6.730258e-05 	 2.583785e+07 	
1.65690000e+06 	 6.583237e-05 	 2.566419e+07 	
1.66290000e+06 	 6.392080e-05 	 2.543474e+07 	
1.66650000e+06 	 6.279999e-05 	 2.529820e+07 	
1.67010000e+06 	 6.169823e-05 	 2.516249e+07 	
1.67460000e+06 	 6.034725e-05 	 2.499403e+07 	
1.68060000e+06 	 5.859018e-05 	 2.477140e+07 	
1.68510000e+06 	 5.730473e-05 	 2.460592e+07 	
1.68870000e+06 	 5.629584e-05 	 2.447443e+07 	
1.69230000e+06 	 5.530384e-05 	 2.434374e+07 	
1.69590000e+06 	 5.432843e-05 	 2.421384e+07 	
1.70490000e+06 	 5.196030e-05 	 2.389249e+07 	
1.70850000e+06 	 5.104051e-05 	 2.376529e+07 	
1.71210000e+06 	 5.013592e-05 	 2.363886e+07 	
1.72110000e+06 	 4.793896e-05 	 2.332605e+07 	
1.72470000e+06 	 4.708536e-05 	 2.320223e+07 	
1.72830000e+06 	 4.624568e-05 	 2.307914e+07 	
1.73190000e+06 	 4.541966e-05 	 2.295677e+07 	
1.74090000e+06 	 4.341266e-05 	 2.265399e+07 	
1.74450000e+06 	 4.263250e-05 	 2.253412e+07 	
1.74810000e+06 	 4.186487e-05 	 2.241494e+07 	
1.75170000e+06 	 4.110953e-05 	 2.229647e+07 	
1.76070000e+06 	 3.927338e-05 	 2.200327e+07 	
1.76430000e+06 	 3.855929e-05 	 2.188718e+07 	
1.76790000e+06 	 3.785646e-05 	 2.177176e+07 	
1.77150000e+06 	 3.716469e-05 	 2.165700e+07 	
1.77600000e+06 	 3.631518e-05 	 2.151448e+07 	
1.78200000e+06 	 3.520818e-05 	 2.132604e+07 	
1.80000000e+06 	 3.205459e-05 	 2.077138e+07 	
1.80025013e+06 	 3.201246e-05 	 2.076378e+07 	
1.80050025e+06 	 3.197038e-05 	 2.075619e+07 	
1.80075038e+06 	 3.192834e-05 	 2.074860e+07 	
1.80100050e+06 	 3.188634e-05 	 2.074101e+07 	
1.80125063e+06 	 3.184439e-05 	 2.073342e+07 	
1.80150075e+06 	 3.180249e-05 	 2.072584e+07 	
1.80175088e+06 	 3.176063e-05 	 2.071826e+07 	
1.80200100e+06 	 3.171881e-05 	 2.071069e+07 	
1.80225113e+06 	 3.167704e-05 	 2.070311e+07 	
1.80250125e+06 	 3.163531e-05 	 2.069554e+07 	
1.80275138e+06 	 3.159363e-05 	 2.068798e+07 	
1.80300150e+06 	 3.155199e-05 	 2.068041e+07 	
1.80325163e+06 	 3.151040e-05 	 2.067285e+07 	
1.80350175e+06 	 3.146884e-05 	 2.066529e+07 	
1.80375188e+06 	 3.142734e-05 	 2.065774e+07 	
1.80400200e+06 	 3.138588e-05 	 2.065019e+07 	
1.80425213e+06 	 3.134446e-05 	 2.064264e+07 	
1.80450225e+06 	 3.130309e-05 	 2.063509e+07 	
1.80475238e+06 	 3.126176e-05 	 2.062755e+07 	
1.80500250e+06 	 3.122047e-05 	 2.062001e+07 	
1.80525263e+06 	 3.117923e-05 	 2.061247e+07 	
1.80550275e+06 	 3.113803e-05 	 2.060494e+07 	
1.80575288e+06 	 3.109688e-05 	 2.059741e+07 	
1.80600300e+06 	 3.105576e-05 	 2.058988e+07 	
1.80625313e+06 	 3.101469e-05 	 2.058235e+07 	
1.80650325e+06 	 3.097367e-05 	 2.057483e+07 	
1.80675338e+06 	 3.093269e-05 	 2.056731e+07 	
1.80700350e+06 	 3.089175e-05 	 2.055979e+07 	
1.80725363e+06 	 3.085085e-05 	 2.055228e+07 	
1.80750375e+06 	 3.081000e-05 	 2.054477e+07 	
1.80775388e+06 	 3.076919e-05 	 2.053726e+07 	
1.80800400e+06 	 3.072843e-05 	 2.052976e+07 	
1.80825413e+06 	 3.068770e-05 	 2.052225e+07 	
1.80850425e+06 	 3.064702e-05 	 2.051475e+07 	
1.80875438e+06 	 3.060639e-05 	 2.050726e+07 	
1.80900450e+06 	 3.056579e-05 	 2.049977e+07 	
1.80925463e+06 	 3.052524e-05 	 2.049228e+07 	
1.80950475e+06 	 3.048473e-05 	 2.048479e+07 	
1.80975488e+06 	 3.044426e-05 	 2.047730e+07 	
1.81000500e+06 	 3.040384e-05 	 2.046982e+07 	
1.81025513e+06 	 3.036346e-05 	 2.046234e+07 	
1.81050525e+06 	 3.032312e-05 	 2.045487e+07 	
1.81075538e+06 	 3.028282e-05 	 2.044740e+07 	
1.81100550e+06 	 3.024257e-05 	 2.043993e+07 	
1.81125563e+06 	 3.020236e-05 	 2.043246e+07 	
1.81150575e+06 	 3.016219e-05 	 2.042500e+07 	
1.81175588e+06 	 3.012206e-05 	 2.041754e+07 	
1.81200600e+06 	 3.008197e-05 	 2.041008e+07 	
1.81225613e+06 	 3.004193e-05 	 2.040262e+07 	
1.81250625e+06 	 3.000193e-05 	 2.039517e+07 	
1.81275638e+06 	 2.996197e-05 	 2.038772e+07 	
1.81300650e+06 	 2.992205e-05 	 2.038028e+07 	
1.81325663e+06 	 2.988218e-05 	 2.037283e+07 	
1.81350675e+06 	 2.984234e-05 	 2.036539e+07 	
1.81375688e+06 	 2.980255e-05 	 2.035795e+07 	
1.81400700e+06 	 2.976280e-05 	 2.035052e+07 	
1.81425713e+06 	 2.972309e-05 	 2.034309e+07 	
1.81450725e+06 	 2.968343e-05 	 2.033566e+07 	
1.81475738e+06 	 2.964380e-05 	 2.032823e+07 	
1.81500750e+06 	 2.960422e-05 	 2.032081e+07 	
1.81525763e+06 	 2.956467e-05 	 2.031339e+07 	
1.81550775e+06 	 2.952517e-05 	 2.030597e+07 	
1.81575788e+06 	 2.948571e-05 	 2.029856e+07 	
1.81600800e+06 	 2.944629e-05 	 2.029115e+07 	
1.81625813e+06 	 2.940692e-05 	 2.028374e+07 	
1.81650825e+06 	 2.936758e-05 	 2.027633e+07 	
1.81675838e+06 	 2.932829e-05 	 2.026893e+07 	
1.81700850e+06 	 2.928903e-05 	 2.026153e+07 	
1.81725863e+06 	 2.924982e-05 	 2.025413e+07 	
1.81750875e+06 	 2.921065e-05 	 2.024674e+07 	
1.81775888e+06 	 2.917152e-05 	 2.023935e+07 	
1.81800900e+06 	 2.913242e-05 	 2.023196e+07 	
1.81825913e+06 	 2.909337e-05 	 2.022458e+07 	
1.81850925e+06 	 2.905437e-05 	 2.021719e+07 	
1.81875938e+06 	 2.901540e-05 	 2.020981e+07 	
1.81900950e+06 	 2.897647e-05 	 2.020244e+07 	
1.81925963e+06 	 2.893758e-05 	 2.019506e+07 	
1.81950975e+06 	 2.889874e-05 	 2.018769e+07 	
1.81975988e+06 	 2.885993e-05 	 2.018032e+07 	
1.82001001e+06 	 2.882116e-05 	 2.017296e+07 	
1.82026013e+06 	 2.878244e-05 	 2.016560e+07 	
1.82051026e+06 	 2.874375e-05 	 2.015824e+07 	
1.82076038e+06 	 2.870511e-05 	 2.015088e+07 	
1.82101051e+06 	 2.866650e-05 	 2.014353e+07 	
1.82126063e+06 	 2.862794e-05 	 2.013618e+07 	
1.82151076e+06 	 2.858941e-05 	 2.012883e+07 	
1.82176088e+06 	 2.855093e-05 	 2.012148e+07 	
1.82201101e+06 	 2.851248e-05 	 2.011414e+07 	
1.82226113e+06 	 2.847408e-05 	 2.010680e+07 	
1.82251126e+06 	 2.843571e-05 	 2.009947e+07 	
1.82276138e+06 	 2.839739e-05 	 2.009213e+07 	
1.82301151e+06 	 2.835910e-05 	 2.008480e+07 	
1.82326163e+06 	 2.832086e-05 	 2.007747e+07 	
1.82351176e+06 	 2.828265e-05 	 2.007015e+07 	
1.82376188e+06 	 2.824448e-05 	 2.006283e+07 	
1.82401201e+06 	 2.820636e-05 	 2.005551e+07 	
1.82426213e+06 	 2.816827e-05 	 2.004819e+07 	
1.82451226e+06 	 2.813022e-05 	 2.004088e+07 	
1.82476238e+06 	 2.809221e-05 	 2.003357e+07 	
1.82501251e+06 	 2.805424e-05 	 2.002626e+07 	
1.82526263e+06 	 2.801631e-05 	 2.001895e+07 	
1.82551276e+06 	 2.797842e-05 	 2.001165e+07 	
1.82576288e+06 	 2.794057e-05 	 2.000435e+07 	
1.82601301e+06 	 2.790275e-05 	 1.999705e+07 	
1.82626313e+06 	 2.786498e-05 	 1.998976e+07 	
1.82651326e+06 	 2.782724e-05 	 1.998247e+07 	
1.82676338e+06 	 2.778955e-05 	 1.997518e+07 	
1.82701351e+06 	 2.775189e-05 	 1.996790e+07 	
1.82726363e+06 	 2.771427e-05 	 1.996061e+07 	
1.82751376e+06 	 2.767669e-05 	 1.995333e+07 	
1.82776388e+06 	 2.763915e-05 	 1.994606e+07 	
1.82801401e+06 	 2.760164e-05 	 1.993878e+07 	
1.82826413e+06 	 2.756418e-05 	 1.993151e+07 	
1.82851426e+06 	 2.752675e-05 	 1.992424e+07 	
1.82876438e+06 	 2.748937e-05 	 1.991698e+07 	
1.82901451e+06 	 2.745202e-05 	 1.990972e+07 	
1.82926463e+06 	 2.741471e-05 	 1.990246e+07 	
1.82951476e+06 	 2.737744e-05 	 1.989520e+07 	
1.82976488e+06 	 2.734020e-05 	 1.988795e+07 	
1.83001501e+06 	 2.730301e-05 	 1.988069e+07 	
1.83026513e+06 	 2.726585e-05 	 1.987345e+07 	
1.83051526e+06 	 2.722873e-05 	 1.986620e+07 	
1.83076538e+06 	 2.719165e-05 	 1.985896e+07 	
1.83101551e+06 	 2.715460e-05 	 1.985172e+07 	
1.83126563e+06 	 2.711760e-05 	 1.984448e+07 	
1.83151576e+06 	 2.708063e-05 	 1.983725e+07 	
1.83176588e+06 	 2.704370e-05 	 1.983001e+07 	
1.83201601e+06 	 2.700681e-05 	 1.982279e+07 	
1.83226613e+06 	 2.696995e-05 	 1.981556e+07 	
1.83251626e+06 	 2.693313e-05 	 1.980834e+07 	
1.83276638e+06 	 2.689635e-05 	 1.980112e+07 	
1.83301651e+06 	 2.685961e-05 	 1.979390e+07 	
1.83326663e+06 	 2.682291e-05 	 1.978668e+07 	
1.83351676e+06 	 2.678624e-05 	 1.977947e+07 	
1.83376688e+06 	 2.674961e-05 	 1.977226e+07 	
1.83401701e+06 	 2.671302e-05 	 1.976506e+07 	
1.83426713e+06 	 2.667646e-05 	 1.975785e+07 	
1.83451726e+06 	 2.663994e-05 	 1.975065e+07 	
1.83476738e+06 	 2.660346e-05 	 1.974345e+07 	
1.83501751e+06 	 2.656702e-05 	 1.973626e+07 	
1.83526763e+06 	 2.653061e-05 	 1.972907e+07 	
1.83551776e+06 	 2.649424e-05 	 1.972188e+07 	
1.83576788e+06 	 2.645791e-05 	 1.971469e+07 	
1.83601801e+06 	 2.642161e-05 	 1.970750e+07 	
1.83626813e+06 	 2.638536e-05 	 1.970032e+07 	
1.83651826e+06 	 2.634913e-05 	 1.969314e+07 	
1.83676838e+06 	 2.631295e-05 	 1.968597e+07 	
1.83701851e+06 	 2.627680e-05 	 1.967880e+07 	
1.83726863e+06 	 2.624069e-05 	 1.967163e+07 	
1.83751876e+06 	 2.620461e-05 	 1.966446e+07 	
1.83776888e+06 	 2.616857e-05 	 1.965729e+07 	
1.83801901e+06 	 2.613257e-05 	 1.965013e+07 	
1.83826913e+06 	 2.609660e-05 	 1.964297e+07 	
1.83851926e+06 	 2.606067e-05 	 1.963582e+07 	
1.83876938e+06 	 2.602478e-05 	 1.962866e+07 	
1.83901951e+06 	 2.598892e-05 	 1.962151e+07 	
1.83926963e+06 	 2.595310e-05 	 1.961436e+07 	
1.83951976e+06 	 2.591732e-05 	 1.960722e+07 	
1.83976988e+06 	 2.588157e-05 	 1.960008e+07 	
1.84002001e+06 	 2.584586e-05 	 1.959294e+07 	
1.84027014e+06 	 2.581018e-05 	 1.958580e+07 	
1.84052026e+06 	 2.577454e-05 	 1.957866e+07 	
1.84077039e+06 	 2.573894e-05 	 1.957153e+07 	
1.84102051e+06 	 2.570337e-05 	 1.956440e+07 	
1.84127064e+06 	 2.566784e-05 	 1.955728e+07 	
1.84152076e+06 	 2.563234e-05 	 1.955015e+07 	
1.84177089e+06 	 2.559688e-05 	 1.954303e+07 	
1.84202101e+06 	 2.556145e-05 	 1.953592e+07 	
1.84227114e+06 	 2.552606e-05 	 1.952880e+07 	
1.84252126e+06 	 2.549071e-05 	 1.952169e+07 	
1.84277139e+06 	 2.545539e-05 	 1.951458e+07 	
1.84302151e+06 	 2.542011e-05 	 1.950747e+07 	
1.84327164e+06 	 2.538486e-05 	 1.950037e+07 	
1.84352176e+06 	 2.534965e-05 	 1.949327e+07 	
1.84377189e+06 	 2.531447e-05 	 1.948617e+07 	
1.84402201e+06 	 2.527933e-05 	 1.947907e+07 	
1.84427214e+06 	 2.524423e-05 	 1.947198e+07 	
1.84452226e+06 	 2.520916e-05 	 1.946489e+07 	
1.84477239e+06 	 2.517412e-05 	 1.945780e+07 	
1.84502251e+06 	 2.513912e-05 	 1.945072e+07 	
1.84527264e+06 	 2.510415e-05 	 1.944364e+07 	
1.84552276e+06 	 2.506922e-05 	 1.943656e+07 	
1.84577289e+06 	 2.503433e-05 	 1.942948e+07 	
1.84602301e+06 	 2.499947e-05 	 1.942241e+07 	
1.84627314e+06 	 2.496464e-05 	 1.941533e+07 	
1.84652326e+06 	 2.492985e-05 	 1.940827e+07 	
1.84677339e+06 	 2.489510e-05 	 1.940120e+07 	
1.84702351e+06 	 2.486037e-05 	 1.939414e+07 	
1.84727364e+06 	 2.482569e-05 	 1.938708e+07 	
1.84752376e+06 	 2.479104e-05 	 1.938002e+07 	
1.84777389e+06 	 2.475642e-05 	 1.937296e+07 	
1.84802401e+06 	 2.472184e-05 	 1.936591e+07 	
1.84827414e+06 	 2.468729e-05 	 1.935886e+07 	
1.84852426e+06 	 2.465277e-05 	 1.935182e+07 	
1.84877439e+06 	 2.461829e-05 	 1.934477e+07 	
1.84902451e+06 	 2.458385e-05 	 1.933773e+07 	
1.84927464e+06 	 2.454944e-05 	 1.933069e+07 	
1.84952476e+06 	 2.451506e-05 	 1.932366e+07 	
1.84977489e+06 	 2.448072e-05 	 1.931662e+07 	
1.85002501e+06 	 2.444641e-05 	 1.930959e+07 	
1.85027514e+06 	 2.441214e-05 	 1.930257e+07 	
1.85052526e+06 	 2.437790e-05 	 1.929554e+07 	
1.85077539e+06 	 2.434369e-05 	 1.928852e+07 	
1.85102551e+06 	 2.430952e-05 	 1.928150e+07 	
1.85127564e+06 	 2.427538e-05 	 1.927448e+07 	
1.85152576e+06 	 2.424128e-05 	 1.926747e+07 	
1.85177589e+06 	 2.420720e-05 	 1.926046e+07 	
1.85202601e+06 	 2.417317e-05 	 1.925345e+07 	
1.85227614e+06 	 2.413916e-05 	 1.924644e+07 	
1.85252626e+06 	 2.410519e-05 	 1.923944e+07 	
1.85277639e+06 	 2.407126e-05 	 1.923244e+07 	
1.85302651e+06 	 2.403736e-05 	 1.922544e+07 	
1.85327664e+06 	 2.400349e-05 	 1.921844e+07 	
1.85352676e+06 	 2.396965e-05 	 1.921145e+07 	
1.85377689e+06 	 2.393585e-05 	 1.920446e+07 	
1.85402701e+06 	 2.390208e-05 	 1.919747e+07 	
1.85427714e+06 	 2.386835e-05 	 1.919049e+07 	
1.85452726e+06 	 2.383464e-05 	 1.918351e+07 	
1.85477739e+06 	 2.380097e-05 	 1.917653e+07 	
1.85502751e+06 	 2.376734e-05 	 1.916955e+07 	
1.85527764e+06 	 2.373374e-05 	 1.916258e+07 	
1.85552776e+06 	 2.370017e-05 	 1.915561e+07 	
1.85577789e+06 	 2.366663e-05 	 1.914864e+07 	
1.85602801e+06 	 2.363313e-05 	 1.914167e+07 	
1.85627814e+06 	 2.359965e-05 	 1.913471e+07 	
1.85652826e+06 	 2.356622e-05 	 1.912775e+07 	
1.85677839e+06 	 2.353281e-05 	 1.912079e+07 	
1.85702851e+06 	 2.349944e-05 	 1.911384e+07 	
1.85727864e+06 	 2.346610e-05 	 1.910688e+07 	
1.85752876e+06 	 2.343279e-05 	 1.909993e+07 	
1.85777889e+06 	 2.339952e-05 	 1.909299e+07 	
1.85802901e+06 	 2.336628e-05 	 1.908604e+07 	
1.85827914e+06 	 2.333307e-05 	 1.907910e+07 	
1.85852926e+06 	 2.329989e-05 	 1.907216e+07 	
1.85877939e+06 	 2.326675e-05 	 1.906523e+07 	
1.85902951e+06 	 2.323363e-05 	 1.905829e+07 	
1.85927964e+06 	 2.320055e-05 	 1.905136e+07 	
1.85952976e+06 	 2.316751e-05 	 1.904443e+07 	
1.85977989e+06 	 2.313449e-05 	 1.903751e+07 	
1.86003002e+06 	 2.310151e-05 	 1.903058e+07 	
1.86028014e+06 	 2.306856e-05 	 1.902366e+07 	
1.86053027e+06 	 2.303564e-05 	 1.901675e+07 	
1.86078039e+06 	 2.300275e-05 	 1.900983e+07 	
1.86103052e+06 	 2.296990e-05 	 1.900292e+07 	
1.86128064e+06 	 2.293707e-05 	 1.899601e+07 	
1.86153077e+06 	 2.290428e-05 	 1.898910e+07 	
1.86178089e+06 	 2.287153e-05 	 1.898220e+07 	
1.86203102e+06 	 2.283880e-05 	 1.897530e+07 	
1.86228114e+06 	 2.280610e-05 	 1.896840e+07 	
1.86253127e+06 	 2.277344e-05 	 1.896150e+07 	
1.86278139e+06 	 2.274081e-05 	 1.895461e+07 	
1.86303152e+06 	 2.270821e-05 	 1.894771e+07 	
1.86328164e+06 	 2.267564e-05 	 1.894083e+07 	
1.86353177e+06 	 2.264423e-05 	 1.893392e+07 	
1.86378189e+06 	 2.261174e-05 	 1.892704e+07 	
1.86403202e+06 	 2.257929e-05 	 1.892015e+07 	
1.86428214e+06 	 2.254686e-05 	 1.891328e+07 	
1.86453227e+06 	 2.251447e-05 	 1.890640e+07 	
1.86478239e+06 	 2.248211e-05 	 1.889953e+07 	
1.86503252e+06 	 2.244978e-05 	 1.889266e+07 	
1.86528264e+06 	 2.241748e-05 	 1.888579e+07 	
1.86553277e+06 	 2.238522e-05 	 1.887892e+07 	
1.86578289e+06 	 2.235298e-05 	 1.887206e+07 	
1.86603302e+06 	 2.232078e-05 	 1.886520e+07 	
1.86628314e+06 	 2.228861e-05 	 1.885834e+07 	
1.86653327e+06 	 2.225647e-05 	 1.885149e+07 	
1.86678339e+06 	 2.222436e-05 	 1.884464e+07 	
1.86703352e+06 	 2.219228e-05 	 1.883779e+07 	
1.86728364e+06 	 2.216023e-05 	 1.883094e+07 	
1.86753377e+06 	 2.212822e-05 	 1.882410e+07 	
1.86778389e+06 	 2.209623e-05 	 1.881725e+07 	
1.86803402e+06 	 2.206428e-05 	 1.881041e+07 	
1.86828414e+06 	 2.203236e-05 	 1.880358e+07 	
1.86853427e+06 	 2.200047e-05 	 1.879674e+07 	
1.86878439e+06 	 2.196861e-05 	 1.878991e+07 	
1.86903452e+06 	 2.193678e-05 	 1.878308e+07 	
1.86928464e+06 	 2.190498e-05 	 1.877626e+07 	
1.86953477e+06 	 2.187321e-05 	 1.876943e+07 	
1.86978489e+06 	 2.184147e-05 	 1.876261e+07 	
1.87003502e+06 	 2.180977e-05 	 1.875580e+07 	
1.87028514e+06 	 2.177809e-05 	 1.874898e+07 	
1.87053527e+06 	 2.174645e-05 	 1.874217e+07 	
1.87078539e+06 	 2.171483e-05 	 1.873536e+07 	
1.87103552e+06 	 2.168325e-05 	 1.872855e+07 	
1.87128564e+06 	 2.165170e-05 	 1.872174e+07 	
1.87153577e+06 	 2.162017e-05 	 1.871494e+07 	
1.87178589e+06 	 2.158868e-05 	 1.870814e+07 	
1.87203602e+06 	 2.155722e-05 	 1.870134e+07 	
1.87228614e+06 	 2.152579e-05 	 1.869455e+07 	
1.87253627e+06 	 2.149439e-05 	 1.868776e+07 	
1.87278639e+06 	 2.146302e-05 	 1.868097e+07 	
1.87303652e+06 	 2.143168e-05 	 1.867418e+07 	
1.87328664e+06 	 2.140037e-05 	 1.866739e+07 	
1.87353677e+06 	 2.136909e-05 	 1.866061e+07 	
1.87378689e+06 	 2.133676e-05 	 1.865385e+07 	
1.87403702e+06 	 2.130552e-05 	 1.864708e+07 	
1.87428714e+06 	 2.127431e-05 	 1.864030e+07 	
1.87453727e+06 	 2.124314e-05 	 1.863353e+07 	
1.87478739e+06 	 2.121199e-05 	 1.862676e+07 	
1.87503752e+06 	 2.118087e-05 	 1.862000e+07 	
1.87528764e+06 	 2.114978e-05 	 1.861323e+07 	
1.87553777e+06 	 2.111873e-05 	 1.860647e+07 	
1.87578789e+06 	 2.108770e-05 	 1.859971e+07 	
1.87603802e+06 	 2.105670e-05 	 1.859296e+07 	
1.87628814e+06 	 2.102573e-05 	 1.858621e+07 	
1.87653827e+06 	 2.099479e-05 	 1.857945e+07 	
1.87678839e+06 	 2.096388e-05 	 1.857271e+07 	
1.87703852e+06 	 2.093300e-05 	 1.856596e+07 	
1.87728864e+06 	 2.090214e-05 	 1.855922e+07 	
1.87753877e+06 	 2.087132e-05 	 1.855248e+07 	
1.87778889e+06 	 2.084053e-05 	 1.854574e+07 	
1.87803902e+06 	 2.080976e-05 	 1.853901e+07 	
1.87828914e+06 	 2.077903e-05 	 1.853227e+07 	
1.87853927e+06 	 2.074832e-05 	 1.852554e+07 	
1.87878939e+06 	 2.071764e-05 	 1.851881e+07 	
1.87903952e+06 	 2.068700e-05 	 1.851209e+07 	
1.87928964e+06 	 2.065638e-05 	 1.850537e+07 	
1.87953977e+06 	 2.062579e-05 	 1.849865e+07 	
1.87978989e+06 	 2.059523e-05 	 1.849193e+07 	
1.88004002e+06 	 2.056469e-05 	 1.848522e+07 	
1.88029015e+06 	 2.053419e-05 	 1.847850e+07 	
1.88054027e+06 	 2.050372e-05 	 1.847179e+07 	
1.88079040e+06 	 2.047327e-05 	 1.846509e+07 	
1.88104052e+06 	 2.044285e-05 	 1.845838e+07 	
1.88129065e+06 	 2.041247e-05 	 1.845168e+07 	
1.88154077e+06 	 2.038211e-05 	 1.844498e+07 	
1.88179090e+06 	 2.035177e-05 	 1.843828e+07 	
1.88204102e+06 	 2.032147e-05 	 1.843159e+07 	
1.88229115e+06 	 2.029120e-05 	 1.842490e+07 	
1.88254127e+06 	 2.026095e-05 	 1.841821e+07 	
1.88279140e+06 	 2.023074e-05 	 1.841152e+07 	
1.88304152e+06 	 2.020055e-05 	 1.840484e+07 	
1.88329165e+06 	 2.017039e-05 	 1.839816e+07 	
1.88354177e+06 	 2.014025e-05 	 1.839148e+07 	
1.88379190e+06 	 2.010913e-05 	 1.838482e+07 	
1.88404202e+06 	 2.007904e-05 	 1.837815e+07 	
1.88429215e+06 	 2.004898e-05 	 1.837148e+07 	
1.88454227e+06 	 2.001894e-05 	 1.836481e+07 	
1.88479240e+06 	 1.998893e-05 	 1.835814e+07 	
1.88504252e+06 	 1.995895e-05 	 1.835148e+07 	
1.88529265e+06 	 1.992900e-05 	 1.834482e+07 	
1.88554277e+06 	 1.989908e-05 	 1.833816e+07 	
1.88579290e+06 	 1.986918e-05 	 1.833151e+07 	
1.88604302e+06 	 1.983931e-05 	 1.832485e+07 	
1.88629315e+06 	 1.980947e-05 	 1.831820e+07 	
1.88654327e+06 	 1.977965e-05 	 1.831155e+07 	
1.88679340e+06 	 1.974987e-05 	 1.830491e+07 	
1.88704352e+06 	 1.972011e-05 	 1.829826e+07 	
1.88729365e+06 	 1.969038e-05 	 1.829162e+07 	
1.88754377e+06 	 1.966067e-05 	 1.828499e+07 	
1.88779390e+06 	 1.963100e-05 	 1.827835e+07 	
1.88804402e+06 	 1.960135e-05 	 1.827172e+07 	
1.88829415e+06 	 1.957172e-05 	 1.826509e+07 	
1.88854427e+06 	 1.954213e-05 	 1.825846e+07 	
1.88879440e+06 	 1.951256e-05 	 1.825183e+07 	
1.88904452e+06 	 1.948302e-05 	 1.824521e+07 	
1.88929465e+06 	 1.945351e-05 	 1.823859e+07 	
1.88954477e+06 	 1.942402e-05 	 1.823197e+07 	
1.88979490e+06 	 1.939456e-05 	 1.822536e+07 	
1.89004502e+06 	 1.936513e-05 	 1.821874e+07 	
1.89029515e+06 	 1.933572e-05 	 1.821213e+07 	
1.89054527e+06 	 1.930634e-05 	 1.820553e+07 	
1.89079540e+06 	 1.927699e-05 	 1.819892e+07 	
1.89104552e+06 	 1.924767e-05 	 1.819232e+07 	
1.89129565e+06 	 1.921837e-05 	 1.818572e+07 	
1.89154577e+06 	 1.918910e-05 	 1.817912e+07 	
1.89179590e+06 	 1.915985e-05 	 1.817253e+07 	
1.89204602e+06 	 1.913064e-05 	 1.816593e+07 	
1.89229615e+06 	 1.910144e-05 	 1.815934e+07 	
1.89254627e+06 	 1.907228e-05 	 1.815276e+07 	
1.89279640e+06 	 1.904314e-05 	 1.814617e+07 	
1.89304652e+06 	 1.901403e-05 	 1.813959e+07 	
1.89329665e+06 	 1.898494e-05 	 1.813301e+07 	
1.89354677e+06 	 1.895588e-05 	 1.812643e+07 	
1.89379690e+06 	 1.892780e-05 	 1.811983e+07 	
1.89404702e+06 	 1.889881e-05 	 1.811326e+07 	
1.89429715e+06 	 1.886985e-05 	 1.810669e+07 	
1.89454727e+06 	 1.884091e-05 	 1.810012e+07 	
1.89479740e+06 	 1.881200e-05 	 1.809356e+07 	
1.89504752e+06 	 1.878311e-05 	 1.808700e+07 	
1.89529765e+06 	 1.875425e-05 	 1.808043e+07 	
1.89554777e+06 	 1.872542e-05 	 1.807388e+07 	
1.89579790e+06 	 1.869661e-05 	 1.806732e+07 	
1.89604802e+06 	 1.866783e-05 	 1.806077e+07 	
1.89629815e+06 	 1.863908e-05 	 1.805422e+07 	
1.89654827e+06 	 1.861035e-05 	 1.804767e+07 	
1.89679840e+06 	 1.858165e-05 	 1.804112e+07 	
1.89704852e+06 	 1.855297e-05 	 1.803458e+07 	
1.89729865e+06 	 1.852432e-05 	 1.802804e+07 	
1.89754877e+06 	 1.849570e-05 	 1.802150e+07 	
1.89779890e+06 	 1.846710e-05 	 1.801497e+07 	
1.89804902e+06 	 1.843853e-05 	 1.800843e+07 	
1.89829915e+06 	 1.840998e-05 	 1.800190e+07 	
1.89854927e+06 	 1.838146e-05 	 1.799538e+07 	
1.89879940e+06 	 1.835297e-05 	 1.798885e+07 	
1.89904952e+06 	 1.832450e-05 	 1.798233e+07 	
1.89929965e+06 	 1.829606e-05 	 1.797581e+07 	
1.89954977e+06 	 1.826764e-05 	 1.796929e+07 	
1.89979990e+06 	 1.823925e-05 	 1.796277e+07 	
1.90005003e+06 	 1.821088e-05 	 1.795626e+07 	
1.90030015e+06 	 1.818254e-05 	 1.794975e+07 	
1.90055028e+06 	 1.815423e-05 	 1.794324e+07 	
1.90080040e+06 	 1.812594e-05 	 1.793673e+07 	
1.90105053e+06 	 1.809767e-05 	 1.793023e+07 	
1.90130065e+06 	 1.806944e-05 	 1.792373e+07 	
1.90155078e+06 	 1.804122e-05 	 1.791723e+07 	
1.90180090e+06 	 1.801304e-05 	 1.791074e+07 	
1.90205103e+06 	 1.798487e-05 	 1.790424e+07 	
1.90230115e+06 	 1.795674e-05 	 1.789775e+07 	
1.90255128e+06 	 1.792863e-05 	 1.789126e+07 	
1.90280140e+06 	 1.790054e-05 	 1.788478e+07 	
1.90305153e+06 	 1.787248e-05 	 1.787829e+07 	
1.90330165e+06 	 1.784444e-05 	 1.787181e+07 	
1.90355178e+06 	 1.781643e-05 	 1.786533e+07 	
1.90380190e+06 	 1.778756e-05 	 1.785888e+07 	
1.90405203e+06 	 1.775958e-05 	 1.785240e+07 	
1.90430215e+06 	 1.773163e-05 	 1.784593e+07 	
1.90455228e+06 	 1.770371e-05 	 1.783946e+07 	
1.90480240e+06 	 1.767581e-05 	 1.783300e+07 	
1.90505253e+06 	 1.764793e-05 	 1.782653e+07 	
1.90530265e+06 	 1.762008e-05 	 1.782007e+07 	
1.90555278e+06 	 1.759226e-05 	 1.781361e+07 	
1.90580290e+06 	 1.756446e-05 	 1.780716e+07 	
1.90605303e+06 	 1.753668e-05 	 1.780070e+07 	
1.90630315e+06 	 1.750893e-05 	 1.779425e+07 	
1.90655328e+06 	 1.748120e-05 	 1.778780e+07 	
1.90680340e+06 	 1.745350e-05 	 1.778136e+07 	
1.90705353e+06 	 1.742582e-05 	 1.777491e+07 	
1.90730365e+06 	 1.739816e-05 	 1.776847e+07 	
1.90755378e+06 	 1.737053e-05 	 1.776203e+07 	
1.90780390e+06 	 1.734293e-05 	 1.775560e+07 	
1.90805403e+06 	 1.731534e-05 	 1.774916e+07 	
1.90830415e+06 	 1.728779e-05 	 1.774273e+07 	
1.90855428e+06 	 1.726025e-05 	 1.773630e+07 	
1.90880440e+06 	 1.723274e-05 	 1.772987e+07 	
1.90905453e+06 	 1.720526e-05 	 1.772345e+07 	
1.90930465e+06 	 1.717780e-05 	 1.771703e+07 	
1.90955478e+06 	 1.715036e-05 	 1.771061e+07 	
1.90980490e+06 	 1.712295e-05 	 1.770419e+07 	
1.91005503e+06 	 1.709556e-05 	 1.769778e+07 	
1.91030515e+06 	 1.706819e-05 	 1.769136e+07 	
1.91055528e+06 	 1.704085e-05 	 1.768495e+07 	
1.91080540e+06 	 1.701354e-05 	 1.767855e+07 	
1.91105553e+06 	 1.698624e-05 	 1.767214e+07 	
1.91130565e+06 	 1.695897e-05 	 1.766574e+07 	
1.91155578e+06 	 1.693173e-05 	 1.765934e+07 	
1.91180590e+06 	 1.690451e-05 	 1.765294e+07 	
1.91205603e+06 	 1.687731e-05 	 1.764655e+07 	
1.91230615e+06 	 1.685013e-05 	 1.764015e+07 	
1.91255628e+06 	 1.682298e-05 	 1.763376e+07 	
1.91280640e+06 	 1.679585e-05 	 1.762737e+07 	
1.91305653e+06 	 1.676875e-05 	 1.762099e+07 	
1.91330665e+06 	 1.674167e-05 	 1.761461e+07 	
1.91355678e+06 	 1.671461e-05 	 1.760823e+07 	
1.91380690e+06 	 1.668758e-05 	 1.760185e+07 	
1.91405703e+06 	 1.665973e-05 	 1.759549e+07 	
1.91430715e+06 	 1.663273e-05 	 1.758912e+07 	
1.91455728e+06 	 1.660575e-05 	 1.758275e+07 	
1.91480740e+06 	 1.657880e-05 	 1.757638e+07 	
1.91505753e+06 	 1.655186e-05 	 1.757001e+07 	
1.91530765e+06 	 1.652496e-05 	 1.756365e+07 	
1.91555778e+06 	 1.649807e-05 	 1.755729e+07 	
1.91580790e+06 	 1.647121e-05 	 1.755093e+07 	
1.91605803e+06 	 1.644437e-05 	 1.754458e+07 	
1.91630815e+06 	 1.641755e-05 	 1.753822e+07 	
1.91655828e+06 	 1.639076e-05 	 1.753187e+07 	
1.91680840e+06 	 1.636399e-05 	 1.752552e+07 	
1.91705853e+06 	 1.633724e-05 	 1.751918e+07 	
1.91730865e+06 	 1.631052e-05 	 1.751283e+07 	
1.91755878e+06 	 1.628381e-05 	 1.750649e+07 	
1.91780890e+06 	 1.625713e-05 	 1.750015e+07 	
1.91805903e+06 	 1.623048e-05 	 1.749381e+07 	
1.91830915e+06 	 1.620384e-05 	 1.748748e+07 	
1.91855928e+06 	 1.617723e-05 	 1.748115e+07 	
1.91880940e+06 	 1.615064e-05 	 1.747482e+07 	
1.91905953e+06 	 1.612407e-05 	 1.746849e+07 	
1.91930965e+06 	 1.609753e-05 	 1.746217e+07 	
1.91955978e+06 	 1.607100e-05 	 1.745585e+07 	
1.91980990e+06 	 1.604450e-05 	 1.744953e+07 	
1.92006003e+06 	 1.601802e-05 	 1.744321e+07 	
1.92031016e+06 	 1.599157e-05 	 1.743689e+07 	
1.92056028e+06 	 1.596513e-05 	 1.743058e+07 	
1.92081041e+06 	 1.593872e-05 	 1.742427e+07 	
1.92106053e+06 	 1.591233e-05 	 1.741796e+07 	
1.92131066e+06 	 1.588596e-05 	 1.741166e+07 	
1.92156078e+06 	 1.585962e-05 	 1.740535e+07 	
1.92181091e+06 	 1.583330e-05 	 1.739905e+07 	
1.92206103e+06 	 1.580699e-05 	 1.739276e+07 	
1.92231116e+06 	 1.578071e-05 	 1.738646e+07 	
1.92256128e+06 	 1.575446e-05 	 1.738017e+07 	
1.92281141e+06 	 1.572822e-05 	 1.737388e+07 	
1.92306153e+06 	 1.570201e-05 	 1.736759e+07 	
1.92331166e+06 	 1.567581e-05 	 1.736130e+07 	
1.92356178e+06 	 1.564964e-05 	 1.735502e+07 	
1.92381191e+06 	 1.562349e-05 	 1.734874e+07 	
1.92406203e+06 	 1.559737e-05 	 1.734246e+07 	
1.92431216e+06 	 1.557047e-05 	 1.733620e+07 	
1.92456228e+06 	 1.554438e-05 	 1.732993e+07 	
1.92481241e+06 	 1.551830e-05 	 1.732366e+07 	
1.92506253e+06 	 1.549225e-05 	 1.731739e+07 	
1.92531266e+06 	 1.546622e-05 	 1.731112e+07 	
1.92556278e+06 	 1.544021e-05 	 1.730486e+07 	
1.92581291e+06 	 1.541422e-05 	 1.729859e+07 	
1.92606303e+06 	 1.538825e-05 	 1.729234e+07 	
1.92631316e+06 	 1.536230e-05 	 1.728608e+07 	
1.92656328e+06 	 1.533637e-05 	 1.727982e+07 	
1.92681341e+06 	 1.531047e-05 	 1.727357e+07 	
1.92706353e+06 	 1.528458e-05 	 1.726732e+07 	
1.92731366e+06 	 1.525872e-05 	 1.726107e+07 	
1.92756378e+06 	 1.523288e-05 	 1.725483e+07 	
1.92781391e+06 	 1.520706e-05 	 1.724859e+07 	
1.92806403e+06 	 1.518126e-05 	 1.724235e+07 	
1.92831416e+06 	 1.515548e-05 	 1.723611e+07 	
1.92856428e+06 	 1.512972e-05 	 1.722987e+07 	
1.92881441e+06 	 1.510398e-05 	 1.722364e+07 	
1.92906453e+06 	 1.507826e-05 	 1.721741e+07 	
1.92931466e+06 	 1.505256e-05 	 1.721118e+07 	
1.92956478e+06 	 1.502689e-05 	 1.720496e+07 	
1.92981491e+06 	 1.500123e-05 	 1.719873e+07 	
1.93006503e+06 	 1.497559e-05 	 1.719251e+07 	
1.93031516e+06 	 1.494998e-05 	 1.718629e+07 	
1.93056528e+06 	 1.492438e-05 	 1.718008e+07 	
1.93081541e+06 	 1.489881e-05 	 1.717386e+07 	
1.93106553e+06 	 1.487326e-05 	 1.716765e+07 	
1.93131566e+06 	 1.484772e-05 	 1.716144e+07 	
1.93156578e+06 	 1.482221e-05 	 1.715524e+07 	
1.93181591e+06 	 1.479672e-05 	 1.714903e+07 	
1.93206603e+06 	 1.477124e-05 	 1.714283e+07 	
1.93231616e+06 	 1.474579e-05 	 1.713663e+07 	
1.93256628e+06 	 1.472036e-05 	 1.713043e+07 	
1.93281641e+06 	 1.469494e-05 	 1.712424e+07 	
1.93306653e+06 	 1.466955e-05 	 1.711805e+07 	
1.93331666e+06 	 1.464418e-05 	 1.711186e+07 	
1.93356678e+06 	 1.461883e-05 	 1.710567e+07 	
1.93381691e+06 	 1.459349e-05 	 1.709948e+07 	
1.93406703e+06 	 1.456818e-05 	 1.709330e+07 	
1.93431716e+06 	 1.454289e-05 	 1.708712e+07 	
1.93456728e+06 	 1.451835e-05 	 1.708092e+07 	
1.93481741e+06 	 1.449311e-05 	 1.707475e+07 	
1.93506753e+06 	 1.446788e-05 	 1.706857e+07 	
1.93531766e+06 	 1.444268e-05 	 1.706240e+07 	
1.93556778e+06 	 1.441750e-05 	 1.705623e+07 	
1.93581791e+06 	 1.439233e-05 	 1.705007e+07 	
1.93606803e+06 	 1.436719e-05 	 1.704390e+07 	
1.93631816e+06 	 1.434207e-05 	 1.703774e+07 	
1.93656828e+06 	 1.431696e-05 	 1.703158e+07 	
1.93681841e+06 	 1.429188e-05 	 1.702543e+07 	
1.93706853e+06 	 1.426681e-05 	 1.701927e+07 	
1.93731866e+06 	 1.424177e-05 	 1.701312e+07 	
1.93756878e+06 	 1.421674e-05 	 1.700697e+07 	
1.93781891e+06 	 1.419173e-05 	 1.700082e+07 	
1.93806903e+06 	 1.416675e-05 	 1.699468e+07 	
1.93831916e+06 	 1.414178e-05 	 1.698853e+07 	
1.93856928e+06 	 1.411683e-05 	 1.698239e+07 	
1.93881941e+06 	 1.409190e-05 	 1.697625e+07 	
1.93906953e+06 	 1.406699e-05 	 1.697012e+07 	
1.93931966e+06 	 1.404210e-05 	 1.696399e+07 	
1.93956978e+06 	 1.401723e-05 	 1.695786e+07 	
1.93981991e+06 	 1.399237e-05 	 1.695173e+07 	
1.94007004e+06 	 1.396754e-05 	 1.694560e+07 	
1.94032016e+06 	 1.394272e-05 	 1.693948e+07 	
1.94057029e+06 	 1.391793e-05 	 1.693336e+07 	
1.94082041e+06 	 1.389315e-05 	 1.692724e+07 	
1.94107054e+06 	 1.386839e-05 	 1.692112e+07 	
1.94132066e+06 	 1.384365e-05 	 1.691501e+07 	
1.94157079e+06 	 1.381893e-05 	 1.690889e+07 	
1.94182091e+06 	 1.379423e-05 	 1.690278e+07 	
1.94207104e+06 	 1.376955e-05 	 1.689668e+07 	
1.94232116e+06 	 1.374489e-05 	 1.689057e+07 	
1.94257129e+06 	 1.372024e-05 	 1.688447e+07 	
1.94282141e+06 	 1.369561e-05 	 1.687837e+07 	
1.94307154e+06 	 1.367101e-05 	 1.687227e+07 	
1.94332166e+06 	 1.364642e-05 	 1.686618e+07 	
1.94357179e+06 	 1.362184e-05 	 1.686008e+07 	
1.94382191e+06 	 1.359729e-05 	 1.685399e+07 	
1.94407204e+06 	 1.357276e-05 	 1.684790e+07 	
1.94432216e+06 	 1.354824e-05 	 1.684182e+07 	
1.94457229e+06 	 1.352374e-05 	 1.683574e+07 	
1.94482241e+06 	 1.349995e-05 	 1.682963e+07 	
1.94507254e+06 	 1.347550e-05 	 1.682356e+07 	
1.94532266e+06 	 1.345107e-05 	 1.681748e+07 	
1.94557279e+06 	 1.342665e-05 	 1.681140e+07 	
1.94582291e+06 	 1.340226e-05 	 1.680533e+07 	
1.94607304e+06 	 1.337788e-05 	 1.679926e+07 	
1.94632316e+06 	 1.335352e-05 	 1.679320e+07 	
1.94657329e+06 	 1.332918e-05 	 1.678713e+07 	
1.94682341e+06 	 1.330486e-05 	 1.678107e+07 	
1.94707354e+06 	 1.328055e-05 	 1.677501e+07 	
1.94732366e+06 	 1.325627e-05 	 1.676895e+07 	
1.94757379e+06 	 1.323200e-05 	 1.676289e+07 	
1.94782391e+06 	 1.320775e-05 	 1.675684e+07 	
1.94807404e+06 	 1.318352e-05 	 1.675079e+07 	
1.94832416e+06 	 1.315930e-05 	 1.674474e+07 	
1.94857429e+06 	 1.313511e-05 	 1.673870e+07 	
1.94882441e+06 	 1.311093e-05 	 1.673265e+07 	
1.94907454e+06 	 1.308677e-05 	 1.672661e+07 	
1.94932466e+06 	 1.306262e-05 	 1.672057e+07 	
1.94957479e+06 	 1.303850e-05 	 1.671453e+07 	
1.94982491e+06 	 1.301439e-05 	 1.670850e+07 	
1.95007504e+06 	 1.299030e-05 	 1.670247e+07 	
1.95032516e+06 	 1.296623e-05 	 1.669644e+07 	
1.95057529e+06 	 1.294217e-05 	 1.669041e+07 	
1.95082541e+06 	 1.291814e-05 	 1.668439e+07 	
1.95107554e+06 	 1.289412e-05 	 1.667836e+07 	
1.95132566e+06 	 1.287011e-05 	 1.667234e+07 	
1.95157579e+06 	 1.284613e-05 	 1.666633e+07 	
1.95182591e+06 	 1.282216e-05 	 1.666031e+07 	
1.95207604e+06 	 1.279821e-05 	 1.665430e+07 	
1.95232616e+06 	 1.277428e-05 	 1.664829e+07 	
1.95257629e+06 	 1.275036e-05 	 1.664228e+07 	
1.95282641e+06 	 1.272646e-05 	 1.663627e+07 	
1.95307654e+06 	 1.270258e-05 	 1.663027e+07 	
1.95332666e+06 	 1.267872e-05 	 1.662427e+07 	
1.95357679e+06 	 1.265487e-05 	 1.661827e+07 	
1.95382691e+06 	 1.263104e-05 	 1.661227e+07 	
1.95407704e+06 	 1.260723e-05 	 1.660628e+07 	
1.95432716e+06 	 1.258344e-05 	 1.660028e+07 	
1.95457729e+06 	 1.255966e-05 	 1.659429e+07 	
1.95482741e+06 	 1.253590e-05 	 1.658831e+07 	
1.95507754e+06 	 1.251152e-05 	 1.658234e+07 	
1.95532766e+06 	 1.248778e-05 	 1.657636e+07 	
1.95557779e+06 	 1.246406e-05 	 1.657038e+07 	
1.95582791e+06 	 1.244035e-05 	 1.656440e+07 	
1.95607804e+06 	 1.241667e-05 	 1.655843e+07 	
1.95632816e+06 	 1.239300e-05 	 1.655245e+07 	
1.95657829e+06 	 1.236934e-05 	 1.654648e+07 	
1.95682841e+06 	 1.234570e-05 	 1.654052e+07 	
1.95707854e+06 	 1.232208e-05 	 1.653455e+07 	
1.95732866e+06 	 1.229848e-05 	 1.652859e+07 	
1.95757879e+06 	 1.227489e-05 	 1.652263e+07 	
1.95782891e+06 	 1.225132e-05 	 1.651667e+07 	
1.95807904e+06 	 1.222776e-05 	 1.651071e+07 	
1.95832916e+06 	 1.220422e-05 	 1.650476e+07 	
1.95857929e+06 	 1.218070e-05 	 1.649880e+07 	
1.95882941e+06 	 1.215719e-05 	 1.649286e+07 	
1.95907954e+06 	 1.213370e-05 	 1.648691e+07 	
1.95932966e+06 	 1.211023e-05 	 1.648096e+07 	
1.95957979e+06 	 1.208677e-05 	 1.647502e+07 	
1.95982991e+06 	 1.206332e-05 	 1.646908e+07 	
1.96008004e+06 	 1.203990e-05 	 1.646314e+07 	
1.96033017e+06 	 1.201648e-05 	 1.645721e+07 	
1.96058029e+06 	 1.199309e-05 	 1.645128e+07 	
1.96083042e+06 	 1.196971e-05 	 1.644535e+07 	
1.96108054e+06 	 1.194635e-05 	 1.643942e+07 	
1.96133067e+06 	 1.192300e-05 	 1.643349e+07 	
1.96158079e+06 	 1.189967e-05 	 1.642757e+07 	
1.96183092e+06 	 1.187635e-05 	 1.642165e+07 	
1.96208104e+06 	 1.185305e-05 	 1.641573e+07 	
1.96233117e+06 	 1.182976e-05 	 1.640981e+07 	
1.96258129e+06 	 1.180649e-05 	 1.640390e+07 	
1.96283142e+06 	 1.178324e-05 	 1.639799e+07 	
1.96308154e+06 	 1.176000e-05 	 1.639208e+07 	
1.96333167e+06 	 1.173678e-05 	 1.638617e+07 	
1.96358179e+06 	 1.171357e-05 	 1.638027e+07 	
1.96383192e+06 	 1.169038e-05 	 1.637437e+07 	
1.96408204e+06 	 1.166720e-05 	 1.636847e+07 	
1.96433217e+06 	 1.164404e-05 	 1.636257e+07 	
1.96458229e+06 	 1.162089e-05 	 1.635667e+07 	
1.96483242e+06 	 1.159776e-05 	 1.635078e+07 	
1.96508254e+06 	 1.157465e-05 	 1.634489e+07 	
1.96533267e+06 	 1.155213e-05 	 1.633898e+07 	
1.96558279e+06 	 1.152905e-05 	 1.633310e+07 	
1.96583292e+06 	 1.150599e-05 	 1.632721e+07 	
1.96608304e+06 	 1.148294e-05 	 1.632133e+07 	
1.96633317e+06 	 1.145991e-05 	 1.631546e+07 	
1.96658329e+06 	 1.143689e-05 	 1.630958e+07 	
1.96683342e+06 	 1.141389e-05 	 1.630370e+07 	
1.96708354e+06 	 1.139090e-05 	 1.629783e+07 	
1.96733367e+06 	 1.136793e-05 	 1.629196e+07 	
1.96758379e+06 	 1.134498e-05 	 1.628610e+07 	
1.96783392e+06 	 1.132203e-05 	 1.628023e+07 	
1.96808404e+06 	 1.129911e-05 	 1.627437e+07 	
1.96833417e+06 	 1.127619e-05 	 1.626851e+07 	
1.96858429e+06 	 1.125329e-05 	 1.626265e+07 	
1.96883442e+06 	 1.123041e-05 	 1.625680e+07 	
1.96908454e+06 	 1.120754e-05 	 1.625095e+07 	
1.96933467e+06 	 1.118469e-05 	 1.624510e+07 	
1.96958479e+06 	 1.116185e-05 	 1.623925e+07 	
1.96983492e+06 	 1.113902e-05 	 1.623340e+07 	
1.97008504e+06 	 1.111621e-05 	 1.622756e+07 	
1.97033517e+06 	 1.109342e-05 	 1.622172e+07 	
1.97058529e+06 	 1.107063e-05 	 1.621588e+07 	
1.97083542e+06 	 1.104787e-05 	 1.621004e+07 	
1.97108554e+06 	 1.102511e-05 	 1.620421e+07 	
1.97133567e+06 	 1.100238e-05 	 1.619838e+07 	
1.97158579e+06 	 1.097965e-05 	 1.619255e+07 	
1.97183592e+06 	 1.095694e-05 	 1.618672e+07 	
1.97208604e+06 	 1.093424e-05 	 1.618090e+07 	
1.97233617e+06 	 1.091156e-05 	 1.617508e+07 	
1.97258629e+06 	 1.088889e-05 	 1.616926e+07 	
1.97283642e+06 	 1.086624e-05 	 1.616344e+07 	
1.97308654e+06 	 1.084360e-05 	 1.615763e+07 	
1.97333667e+06 	 1.082097e-05 	 1.615181e+07 	
1.97358679e+06 	 1.079836e-05 	 1.614600e+07 	
1.97383692e+06 	 1.077576e-05 	 1.614020e+07 	
1.97408704e+06 	 1.075318e-05 	 1.613439e+07 	
1.97433717e+06 	 1.073061e-05 	 1.612859e+07 	
1.97458729e+06 	 1.070805e-05 	 1.612279e+07 	
1.97483742e+06 	 1.068551e-05 	 1.611699e+07 	
1.97508754e+06 	 1.066298e-05 	 1.611119e+07 	
1.97533767e+06 	 1.064046e-05 	 1.610540e+07 	
1.97558779e+06 	 1.061743e-05 	 1.609963e+07 	
1.97583792e+06 	 1.059493e-05 	 1.609384e+07 	
1.97608804e+06 	 1.057245e-05 	 1.608806e+07 	
1.97633817e+06 	 1.054998e-05 	 1.608227e+07 	
1.97658829e+06 	 1.052752e-05 	 1.607649e+07 	
1.97683842e+06 	 1.050508e-05 	 1.607071e+07 	
1.97708854e+06 	 1.048265e-05 	 1.606494e+07 	
1.97733867e+06 	 1.046023e-05 	 1.605916e+07 	
1.97758879e+06 	 1.043783e-05 	 1.605339e+07 	
1.97783892e+06 	 1.041543e-05 	 1.604762e+07 	
1.97808904e+06 	 1.039306e-05 	 1.604186e+07 	
1.97833917e+06 	 1.037069e-05 	 1.603609e+07 	
1.97858929e+06 	 1.034834e-05 	 1.603033e+07 	
1.97883942e+06 	 1.032600e-05 	 1.602457e+07 	
1.97908954e+06 	 1.030368e-05 	 1.601882e+07 	
1.97933967e+06 	 1.028136e-05 	 1.601306e+07 	
1.97958979e+06 	 1.025906e-05 	 1.600731e+07 	
1.97983992e+06 	 1.023678e-05 	 1.600156e+07 	
1.98009005e+06 	 1.021450e-05 	 1.599581e+07 	
1.98034017e+06 	 1.019224e-05 	 1.599007e+07 	
1.98059030e+06 	 1.016999e-05 	 1.598433e+07 	
1.98084042e+06 	 1.014775e-05 	 1.597859e+07 	
1.98109055e+06 	 1.012553e-05 	 1.597285e+07 	
1.98134067e+06 	 1.010332e-05 	 1.596711e+07 	
1.98159080e+06 	 1.008112e-05 	 1.596138e+07 	
1.98184092e+06 	 1.005893e-05 	 1.595565e+07 	
1.98209105e+06 	 1.003676e-05 	 1.594992e+07 	
1.98234117e+06 	 1.001459e-05 	 1.594420e+07 	
1.98259130e+06 	 9.992443e-06 	 1.593847e+07 	
1.98284142e+06 	 9.970305e-06 	 1.593275e+07 	
1.98309155e+06 	 9.948180e-06 	 1.592704e+07 	
1.98334167e+06 	 9.926067e-06 	 1.592132e+07 	
1.98359180e+06 	 9.903965e-06 	 1.591561e+07 	
1.98384192e+06 	 9.881876e-06 	 1.590990e+07 	
1.98409205e+06 	 9.859799e-06 	 1.590419e+07 	
1.98434217e+06 	 9.837734e-06 	 1.589848e+07 	
1.98459230e+06 	 9.815680e-06 	 1.589278e+07 	
1.98484242e+06 	 9.793639e-06 	 1.588708e+07 	
1.98509255e+06 	 9.771609e-06 	 1.588138e+07 	
1.98534267e+06 	 9.749592e-06 	 1.587568e+07 	
1.98559280e+06 	 9.727586e-06 	 1.586999e+07 	
1.98584292e+06 	 9.706078e-06 	 1.586428e+07 	
1.98609305e+06 	 9.684103e-06 	 1.585859e+07 	
1.98634317e+06 	 9.662139e-06 	 1.585290e+07 	
1.98659330e+06 	 9.640187e-06 	 1.584722e+07 	
1.98684342e+06 	 9.618246e-06 	 1.584154e+07 	
1.98709355e+06 	 9.596318e-06 	 1.583586e+07 	
1.98734367e+06 	 9.574400e-06 	 1.583018e+07 	
1.98759380e+06 	 9.552494e-06 	 1.582451e+07 	
1.98784392e+06 	 9.530600e-06 	 1.581883e+07 	
1.98809405e+06 	 9.508717e-06 	 1.581317e+07 	
1.98834417e+06 	 9.486846e-06 	 1.580750e+07 	
1.98859430e+06 	 9.464986e-06 	 1.580183e+07 	
1.98884442e+06 	 9.443137e-06 	 1.579617e+07 	
1.98909455e+06 	 9.421299e-06 	 1.579051e+07 	
1.98934467e+06 	 9.399473e-06 	 1.578486e+07 	
1.98959480e+06 	 9.377658e-06 	 1.577920e+07 	
1.98984492e+06 	 9.355853e-06 	 1.577355e+07 	
1.99009505e+06 	 9.334060e-06 	 1.576790e+07 	
1.99034517e+06 	 9.312278e-06 	 1.576225e+07 	
1.99059530e+06 	 9.290507e-06 	 1.575661e+07 	
1.99084542e+06 	 9.268747e-06 	 1.575097e+07 	
1.99109555e+06 	 9.246998e-06 	 1.574533e+07 	
1.99134567e+06 	 9.225260e-06 	 1.573969e+07 	
1.99159580e+06 	 9.203533e-06 	 1.573405e+07 	
1.99184592e+06 	 9.181816e-06 	 1.572842e+07 	
1.99209605e+06 	 9.160110e-06 	 1.572279e+07 	
1.99234617e+06 	 9.138415e-06 	 1.571716e+07 	
1.99259630e+06 	 9.116730e-06 	 1.571154e+07 	
1.99284642e+06 	 9.095056e-06 	 1.570592e+07 	
1.99309655e+06 	 9.073393e-06 	 1.570030e+07 	
1.99334667e+06 	 9.051740e-06 	 1.569468e+07 	
1.99359680e+06 	 9.030097e-06 	 1.568907e+07 	
1.99384692e+06 	 9.008465e-06 	 1.568345e+07 	
1.99409705e+06 	 8.986844e-06 	 1.567785e+07 	
1.99434717e+06 	 8.965233e-06 	 1.567224e+07 	
1.99459730e+06 	 8.943632e-06 	 1.566663e+07 	
1.99484742e+06 	 8.922041e-06 	 1.566103e+07 	
1.99509755e+06 	 8.900461e-06 	 1.565543e+07 	
1.99534767e+06 	 8.878890e-06 	 1.564984e+07 	
1.99559780e+06 	 8.857330e-06 	 1.564424e+07 	
1.99584792e+06 	 8.835780e-06 	 1.563865e+07 	
1.99609805e+06 	 8.814240e-06 	 1.563306e+07 	
1.99634817e+06 	 8.793156e-06 	 1.562745e+07 	
1.99659830e+06 	 8.771643e-06 	 1.562187e+07 	
1.99684842e+06 	 8.750139e-06 	 1.561629e+07 	
1.99709855e+06 	 8.728645e-06 	 1.561071e+07 	
1.99734867e+06 	 8.707161e-06 	 1.560513e+07 	
1.99759880e+06 	 8.685688e-06 	 1.559956e+07 	
1.99784892e+06 	 8.664224e-06 	 1.559399e+07 	
1.99809905e+06 	 8.642769e-06 	 1.558842e+07 	
1.99834917e+06 	 8.621325e-06 	 1.558285e+07 	
1.99859930e+06 	 8.599890e-06 	 1.557729e+07 	
1.99884942e+06 	 8.578465e-06 	 1.557172e+07 	
1.99909955e+06 	 8.557049e-06 	 1.556616e+07 	
1.99934967e+06 	 8.535643e-06 	 1.556061e+07 	
1.99959980e+06 	 8.514247e-06 	 1.555505e+07 	
1.99984992e+06 	 8.492860e-06 	 1.554950e+07 	
2.00010005e+06 	 8.471483e-06 	 1.554395e+07 	
2.00035018e+06 	 8.450115e-06 	 1.553841e+07 	
2.00060030e+06 	 8.428756e-06 	 1.553287e+07 	
2.00085043e+06 	 8.407407e-06 	 1.552732e+07 	
2.00110055e+06 	 8.386067e-06 	 1.552179e+07 	
2.00135068e+06 	 8.364736e-06 	 1.551625e+07 	
2.00160080e+06 	 8.343415e-06 	 1.551072e+07 	
2.00185093e+06 	 8.322102e-06 	 1.550519e+07 	
2.00210105e+06 	 8.300799e-06 	 1.549966e+07 	
2.00235118e+06 	 8.279505e-06 	 1.549413e+07 	
2.00260130e+06 	 8.258220e-06 	 1.548861e+07 	
2.00285143e+06 	 8.236943e-06 	 1.548309e+07 	
2.00310155e+06 	 8.215676e-06 	 1.547758e+07 	
2.00335168e+06 	 8.194418e-06 	 1.547206e+07 	
2.00360180e+06 	 8.173169e-06 	 1.546655e+07 	
2.00385193e+06 	 8.151928e-06 	 1.546104e+07 	
2.00410205e+06 	 8.130696e-06 	 1.545553e+07 	
2.00435218e+06 	 8.109473e-06 	 1.545003e+07 	
2.00460230e+06 	 8.088259e-06 	 1.544453e+07 	
2.00485243e+06 	 8.067053e-06 	 1.543903e+07 	
2.00510255e+06 	 8.045857e-06 	 1.543353e+07 	
2.00535268e+06 	 8.024668e-06 	 1.542804e+07 	
2.00560280e+06 	 8.003488e-06 	 1.542255e+07 	
2.00585293e+06 	 7.982317e-06 	 1.541706e+07 	
2.00610305e+06 	 7.961154e-06 	 1.541158e+07 	
2.00635318e+06 	 7.940000e-06 	 1.540609e+07 	
2.00660330e+06 	 7.918454e-06 	 1.540063e+07 	
2.00685343e+06 	 7.897311e-06 	 1.539515e+07 	
2.00710355e+06 	 7.876176e-06 	 1.538968e+07 	
2.00735368e+06 	 7.855049e-06 	 1.538421e+07 	
2.00760380e+06 	 7.833930e-06 	 1.537874e+07 	
2.00785393e+06 	 7.812819e-06 	 1.537327e+07 	
2.00810405e+06 	 7.791717e-06 	 1.536781e+07 	
2.00835418e+06 	 7.770622e-06 	 1.536235e+07 	
2.00860430e+06 	 7.749536e-06 	 1.535689e+07 	
2.00885443e+06 	 7.728457e-06 	 1.535144e+07 	
2.00910455e+06 	 7.707386e-06 	 1.534598e+07 	
2.00935468e+06 	 7.686324e-06 	 1.534053e+07 	
2.00960480e+06 	 7.665269e-06 	 1.533509e+07 	
2.00985493e+06 	 7.644221e-06 	 1.532964e+07 	
2.01010505e+06 	 7.623182e-06 	 1.532420e+07 	
2.01035518e+06 	 7.602150e-06 	 1.531876e+07 	
2.01060530e+06 	 7.581126e-06 	 1.531333e+07 	
2.01085543e+06 	 7.560110e-06 	 1.530789e+07 	
2.01110555e+06 	 7.539101e-06 	 1.530246e+07 	
2.01135568e+06 	 7.518100e-06 	 1.529704e+07 	
2.01160580e+06 	 7.497106e-06 	 1.529161e+07 	
2.01185593e+06 	 7.476120e-06 	 1.528619e+07 	
2.01210605e+06 	 7.455141e-06 	 1.528077e+07 	
2.01235618e+06 	 7.434170e-06 	 1.527536e+07 	
2.01260630e+06 	 7.413206e-06 	 1.526994e+07 	
2.01285643e+06 	 7.392249e-06 	 1.526453e+07 	
2.01310655e+06 	 7.371300e-06 	 1.525912e+07 	
2.01335668e+06 	 7.350358e-06 	 1.525372e+07 	
2.01360680e+06 	 7.329423e-06 	 1.524832e+07 	
2.01385693e+06 	 7.308495e-06 	 1.524292e+07 	
2.01410705e+06 	 7.287575e-06 	 1.523752e+07 	
2.01435718e+06 	 7.266661e-06 	 1.523213e+07 	
2.01460730e+06 	 7.245755e-06 	 1.522674e+07 	
2.01485743e+06 	 7.224856e-06 	 1.522135e+07 	
2.01510755e+06 	 7.203963e-06 	 1.521596e+07 	
2.01535768e+06 	 7.183078e-06 	 1.521058e+07 	
2.01560780e+06 	 7.162200e-06 	 1.520520e+07 	
2.01585793e+06 	 7.141328e-06 	 1.519983e+07 	
2.01610805e+06 	 7.120464e-06 	 1.519445e+07 	
2.01635818e+06 	 7.099606e-06 	 1.518908e+07 	
2.01660830e+06 	 7.078755e-06 	 1.518372e+07 	
2.01685843e+06 	 7.057556e-06 	 1.517837e+07 	
2.01710855e+06 	 7.036714e-06 	 1.517301e+07 	
2.01735868e+06 	 7.015878e-06 	 1.516765e+07 	
2.01760880e+06 	 6.995049e-06 	 1.516230e+07 	
2.01785893e+06 	 6.974226e-06 	 1.515694e+07 	
2.01810905e+06 	 6.953410e-06 	 1.515159e+07 	
2.01835918e+06 	 6.932600e-06 	 1.514625e+07 	
2.01860930e+06 	 6.911797e-06 	 1.514090e+07 	
2.01885943e+06 	 6.891001e-06 	 1.513556e+07 	
2.01910955e+06 	 6.870210e-06 	 1.513023e+07 	
2.01935968e+06 	 6.849426e-06 	 1.512489e+07 	
2.01960980e+06 	 6.828649e-06 	 1.511956e+07 	
2.01985993e+06 	 6.807877e-06 	 1.511423e+07 	
2.02011006e+06 	 6.787112e-06 	 1.510891e+07 	
2.02036018e+06 	 6.766354e-06 	 1.510358e+07 	
2.02061031e+06 	 6.745601e-06 	 1.509826e+07 	
2.02086043e+06 	 6.724855e-06 	 1.509295e+07 	
2.02111056e+06 	 6.704115e-06 	 1.508764e+07 	
2.02136068e+06 	 6.683381e-06 	 1.508233e+07 	
2.02161081e+06 	 6.662653e-06 	 1.507702e+07 	
2.02186093e+06 	 6.641931e-06 	 1.507171e+07 	
2.02211106e+06 	 6.621215e-06 	 1.506641e+07 	
2.02236118e+06 	 6.600505e-06 	 1.506112e+07 	
2.02261131e+06 	 6.579801e-06 	 1.505582e+07 	
2.02286143e+06 	 6.559104e-06 	 1.505053e+07 	
2.02311156e+06 	 6.538412e-06 	 1.504524e+07 	
2.02336168e+06 	 6.517726e-06 	 1.503996e+07 	
2.02361181e+06 	 6.497046e-06 	 1.503467e+07 	
2.02386193e+06 	 6.476372e-06 	 1.502940e+07 	
2.02411206e+06 	 6.455703e-06 	 1.502412e+07 	
2.02436218e+06 	 6.435041e-06 	 1.501885e+07 	
2.02461231e+06 	 6.414384e-06 	 1.501358e+07 	
2.02486243e+06 	 6.393733e-06 	 1.500831e+07 	
2.02511256e+06 	 6.373088e-06 	 1.500305e+07 	
2.02536268e+06 	 6.352448e-06 	 1.499779e+07 	
2.02561281e+06 	 6.331815e-06 	 1.499253e+07 	
2.02586293e+06 	 6.311187e-06 	 1.498728e+07 	
2.02611306e+06 	 6.290564e-06 	 1.498203e+07 	
2.02636318e+06 	 6.269947e-06 	 1.497678e+07 	
2.02661331e+06 	 6.249336e-06 	 1.497154e+07 	
2.02686343e+06 	 6.228731e-06 	 1.496630e+07 	
2.02711356e+06 	 6.207820e-06 	 1.496108e+07 	
2.02736368e+06 	 6.187222e-06 	 1.495585e+07 	
2.02761381e+06 	 6.166629e-06 	 1.495062e+07 	
2.02786393e+06 	 6.146042e-06 	 1.494539e+07 	
2.02811406e+06 	 6.125460e-06 	 1.494017e+07 	
2.02836418e+06 	 6.104883e-06 	 1.493495e+07 	
2.02861431e+06 	 6.084312e-06 	 1.492973e+07 	
2.02886443e+06 	 6.063746e-06 	 1.492452e+07 	
2.02911456e+06 	 6.043186e-06 	 1.491931e+07 	
2.02936468e+06 	 6.022631e-06 	 1.491410e+07 	
2.02961481e+06 	 6.002082e-06 	 1.490890e+07 	
2.02986493e+06 	 5.981538e-06 	 1.490370e+07 	
2.03011506e+06 	 5.961000e-06 	 1.489851e+07 	
2.03036518e+06 	 5.940466e-06 	 1.489331e+07 	
2.03061531e+06 	 5.919939e-06 	 1.488812e+07 	
2.03086543e+06 	 5.899416e-06 	 1.488294e+07 	
2.03111556e+06 	 5.878899e-06 	 1.487776e+07 	
2.03136568e+06 	 5.858387e-06 	 1.487258e+07 	
2.03161581e+06 	 5.837881e-06 	 1.486740e+07 	
2.03186593e+06 	 5.817380e-06 	 1.486223e+07 	
2.03211606e+06 	 5.796884e-06 	 1.485706e+07 	
2.03236618e+06 	 5.776394e-06 	 1.485190e+07 	
2.03261631e+06 	 5.755909e-06 	 1.484674e+07 	
2.03286643e+06 	 5.735429e-06 	 1.484158e+07 	
2.03311656e+06 	 5.714955e-06 	 1.483643e+07 	
2.03336668e+06 	 5.694486e-06 	 1.483128e+07 	
2.03361681e+06 	 5.674022e-06 	 1.482613e+07 	
2.03386693e+06 	 5.653564e-06 	 1.482099e+07 	
2.03411706e+06 	 5.633111e-06 	 1.481585e+07 	
2.03436718e+06 	 5.612663e-06 	 1.481071e+07 	
2.03461731e+06 	 5.592221e-06 	 1.480558e+07 	
2.03486743e+06 	 5.571784e-06 	 1.480045e+07 	
2.03511756e+06 	 5.551353e-06 	 1.479533e+07 	
2.03536768e+06 	 5.530927e-06 	 1.479020e+07 	
2.03561781e+06 	 5.510506e-06 	 1.478509e+07 	
2.03586793e+06 	 5.490091e-06 	 1.477997e+07 	
2.03611806e+06 	 5.469681e-06 	 1.477486e+07 	
2.03636818e+06 	 5.449276e-06 	 1.476976e+07 	
2.03661831e+06 	 5.428877e-06 	 1.476466e+07 	
2.03686843e+06 	 5.408484e-06 	 1.475956e+07 	
2.03711856e+06 	 5.388096e-06 	 1.475446e+07 	
2.03736868e+06 	 5.367713e-06 	 1.474937e+07 	
2.03761881e+06 	 5.347065e-06 	 1.474430e+07 	
2.03786893e+06 	 5.326690e-06 	 1.473922e+07 	
2.03811906e+06 	 5.306321e-06 	 1.473414e+07 	
2.03836918e+06 	 5.285957e-06 	 1.472907e+07 	
2.03861931e+06 	 5.265598e-06 	 1.472400e+07 	
2.03886943e+06 	 5.245246e-06 	 1.471893e+07 	
2.03911956e+06 	 5.224899e-06 	 1.471387e+07 	
2.03936968e+06 	 5.204557e-06 	 1.470881e+07 	
2.03961981e+06 	 5.184221e-06 	 1.470375e+07 	
2.03986993e+06 	 5.163891e-06 	 1.469870e+07 	
2.04012006e+06 	 5.143567e-06 	 1.469365e+07 	
2.04037019e+06 	 5.123248e-06 	 1.468861e+07 	
2.04062031e+06 	 5.102936e-06 	 1.468357e+07 	
2.04087044e+06 	 5.082629e-06 	 1.467854e+07 	
2.04112056e+06 	 5.062328e-06 	 1.467351e+07 	
2.04137069e+06 	 5.042033e-06 	 1.466848e+07 	
2.04162081e+06 	 5.021744e-06 	 1.466346e+07 	
2.04187094e+06 	 5.001461e-06 	 1.465844e+07 	
2.04212106e+06 	 4.981184e-06 	 1.465342e+07 	
2.04237119e+06 	 4.960913e-06 	 1.464841e+07 	
2.04262131e+06 	 4.940648e-06 	 1.464341e+07 	
2.04287144e+06 	 4.920390e-06 	 1.463840e+07 	
2.04312156e+06 	 4.900137e-06 	 1.463341e+07 	
2.04337169e+06 	 4.879892e-06 	 1.462841e+07 	
2.04362181e+06 	 4.859652e-06 	 1.462342e+07 	
2.04387194e+06 	 4.839419e-06 	 1.461844e+07 	
2.04412206e+06 	 4.819192e-06 	 1.461346e+07 	
2.04437219e+06 	 4.798972e-06 	 1.460848e+07 	
2.04462231e+06 	 4.778759e-06 	 1.460351e+07 	
2.04487244e+06 	 4.758552e-06 	 1.459854e+07 	
2.04512256e+06 	 4.738352e-06 	 1.459358e+07 	
2.04537269e+06 	 4.718159e-06 	 1.458862e+07 	
2.04562281e+06 	 4.697972e-06 	 1.458367e+07 	
2.04587294e+06 	 4.677793e-06 	 1.457872e+07 	
2.04612306e+06 	 4.657620e-06 	 1.457377e+07 	
2.04637319e+06 	 4.637455e-06 	 1.456883e+07 	
2.04662331e+06 	 4.617297e-06 	 1.456390e+07 	
2.04687344e+06 	 4.597146e-06 	 1.455897e+07 	
2.04712356e+06 	 4.577002e-06 	 1.455404e+07 	
2.04737369e+06 	 4.556866e-06 	 1.454912e+07 	
2.04762381e+06 	 4.536738e-06 	 1.454420e+07 	
2.04787394e+06 	 4.516846e-06 	 1.453927e+07 	
2.04812406e+06 	 4.496735e-06 	 1.453436e+07 	
2.04837419e+06 	 4.476632e-06 	 1.452945e+07 	
2.04862431e+06 	 4.456538e-06 	 1.452456e+07 	
2.04887444e+06 	 4.436451e-06 	 1.451966e+07 	
2.04912456e+06 	 4.416372e-06 	 1.451477e+07 	
2.04937469e+06 	 4.396302e-06 	 1.450989e+07 	
2.04962481e+06 	 4.376239e-06 	 1.450500e+07 	
2.04987494e+06 	 4.356186e-06 	 1.450013e+07 	
2.05012506e+06 	 4.336140e-06 	 1.449526e+07 	
2.05037519e+06 	 4.316104e-06 	 1.449039e+07 	
2.05062531e+06 	 4.296076e-06 	 1.448553e+07 	
2.05087544e+06 	 4.276057e-06 	 1.448068e+07 	
2.05112556e+06 	 4.256047e-06 	 1.447582e+07 	
2.05137569e+06 	 4.236046e-06 	 1.447098e+07 	
2.05162581e+06 	 4.216054e-06 	 1.446614e+07 	
2.05187594e+06 	 4.196072e-06 	 1.446130e+07 	
2.05212606e+06 	 4.176099e-06 	 1.445647e+07 	
2.05237619e+06 	 4.156136e-06 	 1.445164e+07 	
2.05262631e+06 	 4.136182e-06 	 1.444682e+07 	
2.05287644e+06 	 4.116239e-06 	 1.444201e+07 	
2.05312656e+06 	 4.096305e-06 	 1.443720e+07 	
2.05337669e+06 	 4.076382e-06 	 1.443239e+07 	
2.05362681e+06 	 4.056469e-06 	 1.442759e+07 	
2.05387694e+06 	 4.036566e-06 	 1.442280e+07 	
2.05412706e+06 	 4.016674e-06 	 1.441801e+07 	
2.05437719e+06 	 3.996793e-06 	 1.441322e+07 	
2.05462731e+06 	 3.976923e-06 	 1.440844e+07 	
2.05487744e+06 	 3.957064e-06 	 1.440367e+07 	
2.05512756e+06 	 3.937216e-06 	 1.439890e+07 	
2.05537769e+06 	 3.917379e-06 	 1.439414e+07 	
2.05562781e+06 	 3.897554e-06 	 1.438938e+07 	
2.05587794e+06 	 3.877741e-06 	 1.438463e+07 	
2.05612806e+06 	 3.857940e-06 	 1.437988e+07 	
2.05637819e+06 	 3.838151e-06 	 1.437514e+07 	
2.05662831e+06 	 3.818374e-06 	 1.437040e+07 	
2.05687844e+06 	 3.798610e-06 	 1.436567e+07 	
2.05712856e+06 	 3.778858e-06 	 1.436095e+07 	
2.05737869e+06 	 3.759119e-06 	 1.435623e+07 	
2.05762881e+06 	 3.739393e-06 	 1.435152e+07 	
2.05787894e+06 	 3.719681e-06 	 1.434681e+07 	
2.05812906e+06 	 3.699794e-06 	 1.434213e+07 	
2.05837919e+06 	 3.680106e-06 	 1.433743e+07 	
2.05862931e+06 	 3.660432e-06 	 1.433274e+07 	
2.05887944e+06 	 3.640773e-06 	 1.432806e+07 	
2.05912956e+06 	 3.621127e-06 	 1.432338e+07 	
2.05937969e+06 	 3.601496e-06 	 1.431871e+07 	
2.05962981e+06 	 3.581880e-06 	 1.431404e+07 	
2.05987994e+06 	 3.562279e-06 	 1.430938e+07 	
2.06013007e+06 	 3.542693e-06 	 1.430473e+07 	
2.06038019e+06 	 3.523122e-06 	 1.430008e+07 	
2.06063032e+06 	 3.503567e-06 	 1.429544e+07 	
2.06088044e+06 	 3.484027e-06 	 1.429080e+07 	
2.06113057e+06 	 3.464504e-06 	 1.428617e+07 	
2.06138069e+06 	 3.444997e-06 	 1.428154e+07 	
2.06163082e+06 	 3.425507e-06 	 1.427693e+07 	
2.06188094e+06 	 3.406034e-06 	 1.427232e+07 	
2.06213107e+06 	 3.386578e-06 	 1.426771e+07 	
2.06238119e+06 	 3.367139e-06 	 1.426311e+07 	
2.06263132e+06 	 3.347718e-06 	 1.425852e+07 	
2.06288144e+06 	 3.328314e-06 	 1.425393e+07 	
2.06313157e+06 	 3.308929e-06 	 1.424935e+07 	
2.06338169e+06 	 3.289563e-06 	 1.424478e+07 	
2.06363182e+06 	 3.270215e-06 	 1.424021e+07 	
2.06388194e+06 	 3.250886e-06 	 1.423565e+07 	
2.06413207e+06 	 3.231576e-06 	 1.423110e+07 	
2.06438219e+06 	 3.212286e-06 	 1.422655e+07 	
2.06463232e+06 	 3.193016e-06 	 1.422201e+07 	
2.06488244e+06 	 3.173767e-06 	 1.421748e+07 	
2.06513257e+06 	 3.154537e-06 	 1.421295e+07 	
2.06538269e+06 	 3.135329e-06 	 1.420843e+07 	
2.06563282e+06 	 3.116141e-06 	 1.420391e+07 	
2.06588294e+06 	 3.096975e-06 	 1.419941e+07 	
2.06613307e+06 	 3.077831e-06 	 1.419491e+07 	
2.06638319e+06 	 3.058709e-06 	 1.419041e+07 	
2.06663332e+06 	 3.039609e-06 	 1.418593e+07 	
2.06688344e+06 	 3.020532e-06 	 1.418145e+07 	
2.06713357e+06 	 3.001479e-06 	 1.417698e+07 	
2.06738369e+06 	 2.982448e-06 	 1.417251e+07 	
2.06763382e+06 	 2.963441e-06 	 1.416805e+07 	
2.06788394e+06 	 2.944459e-06 	 1.416360e+07 	
2.06813407e+06 	 2.925648e-06 	 1.415914e+07 	
2.06838419e+06 	 2.906716e-06 	 1.415470e+07 	
2.06863432e+06 	 2.887809e-06 	 1.415027e+07 	
2.06888444e+06 	 2.868929e-06 	 1.414585e+07 	
2.06913457e+06 	 2.850074e-06 	 1.414143e+07 	
2.06938469e+06 	 2.831245e-06 	 1.413703e+07 	
2.06963482e+06 	 2.812443e-06 	 1.413263e+07 	
2.06988494e+06 	 2.793668e-06 	 1.412823e+07 	
2.07013507e+06 	 2.774920e-06 	 1.412385e+07 	
2.07038519e+06 	 2.756201e-06 	 1.411947e+07 	
2.07063532e+06 	 2.737509e-06 	 1.411510e+07 	
2.07088544e+06 	 2.718846e-06 	 1.411074e+07 	
2.07113557e+06 	 2.700213e-06 	 1.410638e+07 	
2.07138569e+06 	 2.681608e-06 	 1.410203e+07 	
2.07163582e+06 	 2.663034e-06 	 1.409769e+07 	
2.07188594e+06 	 2.644489e-06 	 1.409336e+07 	
2.07213607e+06 	 2.625976e-06 	 1.408904e+07 	
2.07238619e+06 	 2.607493e-06 	 1.408472e+07 	
2.07263632e+06 	 2.589042e-06 	 1.408041e+07 	
2.07288644e+06 	 2.570623e-06 	 1.407611e+07 	
2.07313657e+06 	 2.552237e-06 	 1.407182e+07 	
2.07338669e+06 	 2.533883e-06 	 1.406754e+07 	
2.07363682e+06 	 2.515563e-06 	 1.406326e+07 	
2.07388694e+06 	 2.497276e-06 	 1.405899e+07 	
2.07413707e+06 	 2.479023e-06 	 1.405473e+07 	
2.07438719e+06 	 2.460805e-06 	 1.405048e+07 	
2.07463732e+06 	 2.442622e-06 	 1.404624e+07 	
2.07488744e+06 	 2.424475e-06 	 1.404200e+07 	
2.07513757e+06 	 2.406363e-06 	 1.403778e+07 	
2.07538769e+06 	 2.388289e-06 	 1.403356e+07 	
2.07563782e+06 	 2.370251e-06 	 1.402935e+07 	
2.07588794e+06 	 2.352250e-06 	 1.402515e+07 	
2.07613807e+06 	 2.334287e-06 	 1.402096e+07 	
2.07638819e+06 	 2.316363e-06 	 1.401677e+07 	
2.07663832e+06 	 2.298478e-06 	 1.401260e+07 	
2.07688844e+06 	 2.280632e-06 	 1.400843e+07 	
2.07713857e+06 	 2.262826e-06 	 1.400427e+07 	
2.07738869e+06 	 2.245060e-06 	 1.400012e+07 	
2.07763882e+06 	 2.227335e-06 	 1.399598e+07 	
2.07788894e+06 	 2.209652e-06 	 1.399185e+07 	
2.07813907e+06 	 2.192010e-06 	 1.398773e+07 	
2.07838919e+06 	 2.174300e-06 	 1.398363e+07 	
2.07863932e+06 	 2.156743e-06 	 1.397953e+07 	
2.07888944e+06 	 2.139229e-06 	 1.397543e+07 	
2.07913957e+06 	 2.121759e-06 	 1.397135e+07 	
2.07938969e+06 	 2.104333e-06 	 1.396727e+07 	
2.07963982e+06 	 2.086953e-06 	 1.396320e+07 	
2.07988994e+06 	 2.069618e-06 	 1.395914e+07 	
2.08014007e+06 	 2.052329e-06 	 1.395509e+07 	
2.08039020e+06 	 2.035086e-06 	 1.395106e+07 	
2.08064032e+06 	 2.017891e-06 	 1.394702e+07 	
2.08089045e+06 	 2.000744e-06 	 1.394300e+07 	
2.08114057e+06 	 1.983644e-06 	 1.393899e+07 	
2.08139070e+06 	 1.966593e-06 	 1.393499e+07 	
2.08164082e+06 	 1.949592e-06 	 1.393100e+07 	
2.08189095e+06 	 1.932641e-06 	 1.392702e+07 	
2.08214107e+06 	 1.915739e-06 	 1.392304e+07 	
2.08239120e+06 	 1.898889e-06 	 1.391908e+07 	
2.08264132e+06 	 1.882091e-06 	 1.391513e+07 	
2.08289145e+06 	 1.865344e-06 	 1.391118e+07 	
2.08314157e+06 	 1.848650e-06 	 1.390725e+07 	
2.08339170e+06 	 1.832009e-06 	 1.390333e+07 	
2.08364182e+06 	 1.815422e-06 	 1.389941e+07 	
2.08389195e+06 	 1.798890e-06 	 1.389551e+07 	
2.08414207e+06 	 1.782412e-06 	 1.389162e+07 	
2.08439220e+06 	 1.765990e-06 	 1.388773e+07 	
2.08464232e+06 	 1.749623e-06 	 1.388386e+07 	
2.08489245e+06 	 1.733314e-06 	 1.388000e+07 	
2.08514257e+06 	 1.717061e-06 	 1.387614e+07 	
2.08539270e+06 	 1.700866e-06 	 1.387230e+07 	
2.08564282e+06 	 1.684730e-06 	 1.386847e+07 	
2.08589295e+06 	 1.668652e-06 	 1.386465e+07 	
2.08614307e+06 	 1.652634e-06 	 1.386084e+07 	
2.08639320e+06 	 1.636676e-06 	 1.385704e+07 	
2.08664332e+06 	 1.620778e-06 	 1.385325e+07 	
2.08689345e+06 	 1.604942e-06 	 1.384947e+07 	
2.08714357e+06 	 1.589167e-06 	 1.384570e+07 	
2.08739370e+06 	 1.573455e-06 	 1.384194e+07 	
2.08764382e+06 	 1.557805e-06 	 1.383820e+07 	
2.08789395e+06 	 1.542219e-06 	 1.383446e+07 	
2.08814407e+06 	 1.526621e-06 	 1.383075e+07 	
2.08839420e+06 	 1.511163e-06 	 1.382704e+07 	
2.08864432e+06 	 1.495770e-06 	 1.382334e+07 	
2.08889445e+06 	 1.480443e-06 	 1.381964e+07 	
2.08914457e+06 	 1.465183e-06 	 1.381596e+07 	
2.08939470e+06 	 1.449989e-06 	 1.381229e+07 	
2.08964482e+06 	 1.434863e-06 	 1.380863e+07 	
2.08989495e+06 	 1.419804e-06 	 1.380499e+07 	
2.09014507e+06 	 1.404815e-06 	 1.380135e+07 	
2.09039520e+06 	 1.389894e-06 	 1.379773e+07 	
2.09064532e+06 	 1.375043e-06 	 1.379411e+07 	
2.09089545e+06 	 1.360262e-06 	 1.379051e+07 	
2.09114557e+06 	 1.345552e-06 	 1.378692e+07 	
2.09139570e+06 	 1.330914e-06 	 1.378334e+07 	
2.09164582e+06 	 1.316347e-06 	 1.377977e+07 	
2.09189595e+06 	 1.301853e-06 	 1.377622e+07 	
2.09214607e+06 	 1.287432e-06 	 1.377267e+07 	
2.09239620e+06 	 1.273084e-06 	 1.376914e+07 	
2.09264632e+06 	 1.258810e-06 	 1.376562e+07 	
2.09289645e+06 	 1.244611e-06 	 1.376211e+07 	
2.09314657e+06 	 1.230487e-06 	 1.375861e+07 	
2.09339670e+06 	 1.216438e-06 	 1.375513e+07 	
2.09364682e+06 	 1.202466e-06 	 1.375165e+07 	
2.09389695e+06 	 1.188571e-06 	 1.374819e+07 	
2.09414707e+06 	 1.174752e-06 	 1.374474e+07 	
2.09439720e+06 	 1.161011e-06 	 1.374130e+07 	
2.09464732e+06 	 1.147348e-06 	 1.373788e+07 	
2.09489745e+06 	 1.133764e-06 	 1.373446e+07 	
2.09514757e+06 	 1.120260e-06 	 1.373106e+07 	
2.09539770e+06 	 1.106834e-06 	 1.372767e+07 	
2.09564782e+06 	 1.093489e-06 	 1.372429e+07 	
2.09589795e+06 	 1.080224e-06 	 1.372093e+07 	
2.09614807e+06 	 1.067041e-06 	 1.371758e+07 	
2.09639820e+06 	 1.053939e-06 	 1.371424e+07 	
2.09664832e+06 	 1.040919e-06 	 1.371091e+07 	
2.09689845e+06 	 1.027981e-06 	 1.370759e+07 	
2.09714857e+06 	 1.015126e-06 	 1.370429e+07 	
2.09739870e+06 	 1.002354e-06 	 1.370100e+07 	
2.09764882e+06 	 9.896662e-07 	 1.369772e+07 	
2.09789895e+06 	 9.770133e-07 	 1.369448e+07 	
2.09814907e+06 	 9.644936e-07 	 1.369122e+07 	
2.09839920e+06 	 9.520589e-07 	 1.368798e+07 	
2.09864932e+06 	 9.397095e-07 	 1.368476e+07 	
2.09889945e+06 	 9.274457e-07 	 1.368154e+07 	
2.09914957e+06 	 9.152680e-07 	 1.367834e+07 	
2.09939970e+06 	 9.031767e-07 	 1.367515e+07 	
2.09964982e+06 	 8.911723e-07 	 1.367198e+07 	
2.09989995e+06 	 8.792549e-07 	 1.366881e+07 	
2.10015008e+06 	 8.674251e-07 	 1.366566e+07 	
2.10040020e+06 	 8.556830e-07 	 1.366253e+07 	
2.10065033e+06 	 8.440291e-07 	 1.365940e+07 	
2.10090045e+06 	 8.324637e-07 	 1.365629e+07 	
2.10115058e+06 	 8.209870e-07 	 1.365319e+07 	
2.10140070e+06 	 8.095994e-07 	 1.365011e+07 	
2.10165083e+06 	 7.983011e-07 	 1.364704e+07 	
2.10190095e+06 	 7.870924e-07 	 1.364398e+07 	
2.10215108e+06 	 7.759736e-07 	 1.364093e+07 	
2.10240120e+06 	 7.649449e-07 	 1.363790e+07 	
2.10265133e+06 	 7.540066e-07 	 1.363488e+07 	
2.10290145e+06 	 7.431589e-07 	 1.363187e+07 	
2.10315158e+06 	 7.324020e-07 	 1.362888e+07 	
2.10340170e+06 	 7.217361e-07 	 1.362590e+07 	
2.10365183e+06 	 7.111615e-07 	 1.362293e+07 	
2.10390195e+06 	 7.006782e-07 	 1.361998e+07 	
2.10415208e+06 	 6.902866e-07 	 1.361704e+07 	
2.10440220e+06 	 6.799867e-07 	 1.361411e+07 	
2.10465233e+06 	 6.697788e-07 	 1.361120e+07 	
2.10490245e+06 	 6.596628e-07 	 1.360830e+07 	
2.10515258e+06 	 6.496391e-07 	 1.360541e+07 	
2.10540270e+06 	 6.397077e-07 	 1.360254e+07 	
2.10565283e+06 	 6.298686e-07 	 1.359968e+07 	
2.10590295e+06 	 6.201221e-07 	 1.359683e+07 	
2.10615308e+06 	 6.104681e-07 	 1.359400e+07 	
2.10640320e+06 	 6.009067e-07 	 1.359118e+07 	
2.10665333e+06 	 5.914381e-07 	 1.358837e+07 	
2.10690345e+06 	 5.820622e-07 	 1.358558e+07 	
2.10715358e+06 	 5.727790e-07 	 1.358280e+07 	
2.10740370e+06 	 5.636173e-07 	 1.358001e+07 	
2.10765383e+06 	 5.545198e-07 	 1.357726e+07 	
2.10790395e+06 	 5.455151e-07 	 1.357452e+07 	
2.10815408e+06 	 5.366031e-07 	 1.357180e+07 	
2.10840420e+06 	 5.277838e-07 	 1.356909e+07 	
2.10865433e+06 	 5.190573e-07 	 1.356639e+07 	
2.10890445e+06 	 5.104233e-07 	 1.356370e+07 	
2.10915458e+06 	 5.018819e-07 	 1.356103e+07 	
2.10940470e+06 	 4.934329e-07 	 1.355838e+07 	
2.10965483e+06 	 4.850763e-07 	 1.355573e+07 	
2.10990495e+06 	 4.768119e-07 	 1.355310e+07 	
2.11015508e+06 	 4.686396e-07 	 1.355048e+07 	
2.11040520e+06 	 4.605593e-07 	 1.354788e+07 	
2.11065533e+06 	 4.525708e-07 	 1.354529e+07 	
2.11090545e+06 	 4.446740e-07 	 1.354272e+07 	
2.11115558e+06 	 4.368686e-07 	 1.354015e+07 	
2.11140570e+06 	 4.291545e-07 	 1.353761e+07 	
2.11165583e+06 	 4.215315e-07 	 1.353507e+07 	
2.11190595e+06 	 4.139994e-07 	 1.353255e+07 	
2.11215608e+06 	 4.065578e-07 	 1.353004e+07 	
2.11240620e+06 	 3.992067e-07 	 1.352755e+07 	
2.11265633e+06 	 3.919457e-07 	 1.352506e+07 	
2.11290645e+06 	 3.847745e-07 	 1.352260e+07 	
2.11315658e+06 	 3.776929e-07 	 1.352014e+07 	
2.11340670e+06 	 3.707006e-07 	 1.351770e+07 	
2.11365683e+06 	 3.637972e-07 	 1.351528e+07 	
2.11390695e+06 	 3.569825e-07 	 1.351286e+07 	
2.11415708e+06 	 3.502561e-07 	 1.351046e+07 	
2.11440720e+06 	 3.436177e-07 	 1.350808e+07 	
2.11465733e+06 	 3.370668e-07 	 1.350570e+07 	
2.11490745e+06 	 3.306033e-07 	 1.350334e+07 	
2.11515758e+06 	 3.242265e-07 	 1.350100e+07 	
2.11540770e+06 	 3.179362e-07 	 1.349866e+07 	
2.11565783e+06 	 3.117320e-07 	 1.349634e+07 	
2.11590795e+06 	 3.055981e-07 	 1.349406e+07 	
2.11615808e+06 	 2.995647e-07 	 1.349177e+07 	
2.11640820e+06 	 2.936161e-07 	 1.348949e+07 	
2.11665833e+06 	 2.877518e-07 	 1.348722e+07 	
2.11690845e+06 	 2.819714e-07 	 1.348497e+07 	
2.11715858e+06 	 2.762743e-07 	 1.348273e+07 	
2.11740870e+06 	 2.706601e-07 	 1.348051e+07 	
2.11765883e+06 	 2.651284e-07 	 1.347829e+07 	
2.11790895e+06 	 2.596785e-07 	 1.347610e+07 	
2.11815908e+06 	 2.543100e-07 	 1.347391e+07 	
2.11840920e+06 	 2.490223e-07 	 1.347174e+07 	
2.11865933e+06 	 2.438150e-07 	 1.346958e+07 	
2.11890945e+06 	 2.386875e-07 	 1.346743e+07 	
2.11915958e+06 	 2.336391e-07 	 1.346529e+07 	
2.11940970e+06 	 2.286695e-07 	 1.346317e+07 	
2.11965983e+06 	 2.237779e-07 	 1.346106e+07 	
2.11990995e+06 	 2.189638e-07 	 1.345897e+07 	
2.12016008e+06 	 2.142266e-07 	 1.345689e+07 	
2.12041021e+06 	 2.095657e-07 	 1.345482e+07 	
2.12066033e+06 	 2.049805e-07 	 1.345276e+07 	
2.12091046e+06 	 2.004704e-07 	 1.345072e+07 	
2.12116058e+06 	 1.960348e-07 	 1.344868e+07 	
2.12141071e+06 	 1.916730e-07 	 1.344666e+07 	
2.12166083e+06 	 1.873845e-07 	 1.344466e+07 	
2.12191096e+06 	 1.831684e-07 	 1.344266e+07 	
2.12216108e+06 	 1.790243e-07 	 1.344068e+07 	
2.12241121e+06 	 1.749515e-07 	 1.343871e+07 	
2.12266133e+06 	 1.709492e-07 	 1.343676e+07 	
2.12291146e+06 	 1.670168e-07 	 1.343481e+07 	
2.12316158e+06 	 1.631537e-07 	 1.343288e+07 	
2.12341171e+06 	 1.593591e-07 	 1.343096e+07 	
2.12366183e+06 	 1.556246e-07 	 1.342908e+07 	
2.12391196e+06 	 1.519650e-07 	 1.342719e+07 	
2.12416208e+06 	 1.483720e-07 	 1.342531e+07 	
2.12441221e+06 	 1.448448e-07 	 1.342344e+07 	
2.12466233e+06 	 1.413826e-07 	 1.342158e+07 	
2.12491246e+06 	 1.379849e-07 	 1.341973e+07 	
2.12516258e+06 	 1.346508e-07 	 1.341790e+07 	
2.12541271e+06 	 1.313796e-07 	 1.341608e+07 	
2.12566283e+06 	 1.281707e-07 	 1.341427e+07 	
2.12591296e+06 	 1.250233e-07 	 1.341247e+07 	
2.12616308e+06 	 1.219367e-07 	 1.341068e+07 	
2.12641321e+06 	 1.189101e-07 	 1.340891e+07 	
2.12666333e+06 	 1.159429e-07 	 1.340714e+07 	
2.12691346e+06 	 1.130343e-07 	 1.340539e+07 	
2.12716358e+06 	 1.101835e-07 	 1.340365e+07 	
2.12741371e+06 	 1.073900e-07 	 1.340192e+07 	
2.12766383e+06 	 1.046528e-07 	 1.340020e+07 	
2.12791396e+06 	 1.019713e-07 	 1.339850e+07 	
2.12816408e+06 	 9.934472e-08 	 1.339680e+07 	
2.12841421e+06 	 9.677237e-08 	 1.339512e+07 	
2.12866433e+06 	 9.425350e-08 	 1.339344e+07 	
2.12891446e+06 	 9.178737e-08 	 1.339178e+07 	
2.12916458e+06 	 8.937324e-08 	 1.339013e+07 	
2.12941471e+06 	 8.701038e-08 	 1.338849e+07 	
2.12966483e+06 	 8.469807e-08 	 1.338686e+07 	
2.12991496e+06 	 8.243556e-08 	 1.338524e+07 	
2.13016508e+06 	 8.021803e-08 	 1.338367e+07 	
2.13041521e+06 	 7.805294e-08 	 1.338207e+07 	
2.13066533e+06 	 7.593548e-08 	 1.338048e+07 	
2.13091546e+06 	 7.386492e-08 	 1.337891e+07 	
2.13116558e+06 	 7.184055e-08 	 1.337734e+07 	
2.13141571e+06 	 6.986163e-08 	 1.337579e+07 	
2.13166583e+06 	 6.792746e-08 	 1.337424e+07 	
2.13191596e+06 	 6.603732e-08 	 1.337271e+07 	
2.13216608e+06 	 6.419051e-08 	 1.337118e+07 	
2.13241621e+06 	 6.238631e-08 	 1.336967e+07 	
2.13266633e+06 	 6.062403e-08 	 1.336816e+07 	
2.13291646e+06 	 5.890296e-08 	 1.336667e+07 	
2.13316658e+06 	 5.722241e-08 	 1.336518e+07 	
2.13341671e+06 	 5.558170e-08 	 1.336371e+07 	
2.13366683e+06 	 5.398012e-08 	 1.336224e+07 	
2.13391696e+06 	 5.241700e-08 	 1.336079e+07 	
2.13416708e+06 	 5.089167e-08 	 1.335934e+07 	
2.13441721e+06 	 4.940345e-08 	 1.335790e+07 	
2.13466733e+06 	 4.795167e-08 	 1.335647e+07 	
2.13491746e+06 	 4.653567e-08 	 1.335505e+07 	
2.13516758e+06 	 4.515249e-08 	 1.335369e+07 	
2.13541771e+06 	 4.380607e-08 	 1.335229e+07 	
2.13566783e+06 	 4.249347e-08 	 1.335090e+07 	
2.13591796e+06 	 4.121406e-08 	 1.334952e+07 	
2.13616808e+06 	 3.996719e-08 	 1.334814e+07 	
2.13641821e+06 	 3.875225e-08 	 1.334678e+07 	
2.13666833e+06 	 3.756861e-08 	 1.334542e+07 	
2.13691846e+06 	 3.641565e-08 	 1.334408e+07 	
2.13716858e+06 	 3.529277e-08 	 1.334274e+07 	
2.13741871e+06 	 3.419936e-08 	 1.334141e+07 	
2.13766883e+06 	 3.313482e-08 	 1.334009e+07 	
2.13791896e+06 	 3.209856e-08 	 1.333877e+07 	
2.13816908e+06 	 3.109000e-08 	 1.333747e+07 	
2.13841921e+06 	 3.010857e-08 	 1.333617e+07 	
2.13866933e+06 	 2.915368e-08 	 1.333488e+07 	
2.13891946e+06 	 2.822479e-08 	 1.333360e+07 	
2.13916958e+06 	 2.731991e-08 	 1.333239e+07 	
2.13941971e+06 	 2.644131e-08 	 1.333112e+07 	
2.13966983e+06 	 2.558705e-08 	 1.332987e+07 	
2.13991996e+06 	 2.475659e-08 	 1.332862e+07 	
2.14017009e+06 	 2.394942e-08 	 1.332738e+07 	
2.14042021e+06 	 2.316500e-08 	 1.332615e+07 	
2.14067034e+06 	 2.240283e-08 	 1.332493e+07 	
2.14092046e+06 	 2.166240e-08 	 1.332371e+07 	
2.14117059e+06 	 2.094321e-08 	 1.332250e+07 	
2.14142071e+06 	 2.024477e-08 	 1.332130e+07 	
2.14167084e+06 	 1.956659e-08 	 1.332011e+07 	
2.14192096e+06 	 1.890820e-08 	 1.331892e+07 	
2.14217109e+06 	 1.827010e-08 	 1.331766e+07 	
2.14242121e+06 	 1.764993e-08 	 1.331648e+07 	
2.14267134e+06 	 1.704816e-08 	 1.331531e+07 	
2.14292146e+06 	 1.646436e-08 	 1.331414e+07 	
2.14317159e+06 	 1.589808e-08 	 1.331298e+07 	
2.14342171e+06 	 1.534888e-08 	 1.331182e+07 	
2.14367184e+06 	 1.481636e-08 	 1.331067e+07 	
2.14392196e+06 	 1.430008e-08 	 1.330952e+07 	
2.14417209e+06 	 1.379964e-08 	 1.330838e+07 	
2.14442221e+06 	 1.331395e-08 	 1.330734e+07 	
2.14467234e+06 	 1.284395e-08 	 1.330622e+07 	
2.14492246e+06 	 1.238861e-08 	 1.330510e+07 	
2.14517259e+06 	 1.194754e-08 	 1.330399e+07 	
2.14542271e+06 	 1.152036e-08 	 1.330289e+07 	
2.14567284e+06 	 1.110672e-08 	 1.330179e+07 	
2.14592296e+06 	 1.070624e-08 	 1.330069e+07 	
2.14617309e+06 	 1.031859e-08 	 1.329960e+07 	
2.14642321e+06 	 9.942861e-09 	 1.329864e+07 	
2.14667334e+06 	 9.579776e-09 	 1.329757e+07 	
2.14692346e+06 	 9.228491e-09 	 1.329652e+07 	
2.14717359e+06 	 8.888679e-09 	 1.329547e+07 	
2.14742371e+06 	 8.560023e-09 	 1.329442e+07 	
2.14767384e+06 	 8.242210e-09 	 1.329339e+07 	
2.14792396e+06 	 7.935373e-09 	 1.329221e+07 	
2.14817409e+06 	 7.638379e-09 	 1.329117e+07 	
2.14842421e+06 	 7.351336e-09 	 1.329013e+07 	
2.14867434e+06 	 7.073961e-09 	 1.328909e+07 	
2.14892446e+06 	 6.805973e-09 	 1.328806e+07 	
2.14917459e+06 	 6.546745e-09 	 1.328720e+07 	
2.14942471e+06 	 6.296679e-09 	 1.328622e+07 	
2.14967484e+06 	 6.055195e-09 	 1.328524e+07 	
2.14992496e+06 	 5.822036e-09 	 1.328427e+07 	
2.15017509e+06 	 5.597236e-09 	 1.328315e+07 	
2.15042521e+06 	 5.380022e-09 	 1.328218e+07 	
2.15067534e+06 	 5.170406e-09 	 1.328122e+07 	
2.15092546e+06 	 4.968157e-09 	 1.328028e+07 	
2.15117559e+06 	 4.773291e-09 	 1.327915e+07 	
2.15142571e+06 	 4.585137e-09 	 1.327820e+07 	
2.15167584e+06 	 4.403690e-09 	 1.327726e+07 	
2.15192596e+06 	 4.228740e-09 	 1.327634e+07 	
2.15217609e+06 	 4.060316e-09 	 1.327518e+07 	
2.15242621e+06 	 3.897792e-09 	 1.327424e+07 	
2.15267634e+06 	 3.741172e-09 	 1.327330e+07 	
2.15292646e+06 	 3.590480e-09 	 1.327208e+07 	
2.15317659e+06 	 3.445154e-09 	 1.327109e+07 	
2.15342671e+06 	 3.305023e-09 	 1.327036e+07 	
2.15367684e+06 	 3.170204e-09 	 1.326944e+07 	
2.15392696e+06 	 3.040394e-09 	 1.326853e+07 	
2.15417709e+06 	 2.915603e-09 	 1.326728e+07 	
2.15442721e+06 	 2.795369e-09 	 1.326628e+07 	
2.15467734e+06 	 2.679522e-09 	 1.326564e+07 	
2.15492746e+06 	 2.568167e-09 	 1.326475e+07 	
2.15517759e+06 	 2.461182e-09 	 1.326348e+07 	
2.15542771e+06 	 2.358190e-09 	 1.326247e+07 	
2.15567784e+06 	 2.259022e-09 	 1.326186e+07 	
2.15592796e+06 	 2.163764e-09 	 1.326099e+07 	
2.15617809e+06 	 2.072267e-09 	 1.325979e+07 	
2.15642821e+06 	 1.984281e-09 	 1.325880e+07 	
2.15667834e+06 	 1.899739e-09 	 1.325774e+07 	
2.15692846e+06 	 1.818458e-09 	 1.325690e+07 	
2.15717859e+06 	 1.740437e-09 	 1.325575e+07 	
2.15742871e+06 	 1.665369e-09 	 1.325541e+07 	
2.15767884e+06 	 1.593365e-09 	 1.325457e+07 	
2.15792896e+06 	 1.524296e-09 	 1.325331e+07 	
2.15817909e+06 	 1.457960e-09 	 1.325221e+07 	
2.15842921e+06 	 1.394232e-09 	 1.325156e+07 	
2.15867934e+06 	 1.333124e-09 	 1.325056e+07 	
2.15892946e+06 	 1.274508e-09 	 1.324934e+07 	
2.15917959e+06 	 1.218171e-09 	 1.324917e+07 	
2.15942971e+06 	 1.164195e-09 	 1.324844e+07 	
2.15967984e+06 	 1.112501e-09 	 1.324701e+07 	
2.15992996e+06 	 1.062903e-09 	 1.324587e+07 	
2.16018009e+06 	 1.015323e-09 	 1.324523e+07 	
2.16043022e+06 	 9.697519e-10 	 1.324404e+07 	
2.16068034e+06 	 9.260465e-10 	 1.324345e+07 	
2.16093047e+06 	 8.842034e-10 	 1.324218e+07 	
2.16118059e+06 	 8.440827e-10 	 1.324169e+07 	
2.16143072e+06 	 8.056854e-10 	 1.324047e+07 	
2.16168084e+06 	 7.688816e-10 	 1.323993e+07 	
2.16193097e+06 	 7.336704e-10 	 1.323879e+07 	
2.16218109e+06 	 6.999235e-10 	 1.323851e+07 	
2.16243122e+06 	 6.676340e-10 	 1.323792e+07 	
2.16268134e+06 	 6.367725e-10 	 1.323644e+07 	
2.16293147e+06 	 6.072222e-10 	 1.323545e+07 	
2.16318159e+06 	 5.789441e-10 	 1.323469e+07 	
2.16343172e+06 	 5.519031e-10 	 1.323369e+07 	
2.16368184e+06 	 5.260354e-10 	 1.323295e+07 	
2.16393197e+06 	 5.013057e-10 	 1.323202e+07 	
2.16418209e+06 	 4.776610e-10 	 1.323118e+07 	
2.16443222e+06 	 4.550651e-10 	 1.323006e+07 	
2.16468234e+06 	 4.334585e-10 	 1.322946e+07 	
2.16493247e+06 	 4.128199e-10 	 1.322857e+07 	
2.16518259e+06 	 3.931013e-10 	 1.322771e+07 	
2.16543272e+06 	 3.742670e-10 	 1.322678e+07 	
2.16568284e+06 	 3.562769e-10 	 1.322598e+07 	
2.16593297e+06 	 3.390996e-10 	 1.322509e+07 	
2.16618309e+06 	 3.226994e-10 	 1.322423e+07 	
2.16643322e+06 	 3.070456e-10 	 1.322326e+07 	
2.16668334e+06 	 2.921028e-10 	 1.322250e+07 	
2.16693347e+06 	 2.778460e-10 	 1.322152e+07 	
2.16718359e+06 	 2.642413e-10 	 1.322077e+07 	
2.16743372e+06 	 2.512651e-10 	 1.321985e+07 	
2.16768384e+06 	 2.388876e-10 	 1.321905e+07 	
2.16793397e+06 	 2.270849e-10 	 1.321817e+07 	
2.16818409e+06 	 2.158313e-10 	 1.321732e+07 	
2.16843422e+06 	 2.051037e-10 	 1.321644e+07 	
2.16868434e+06 	 1.948784e-10 	 1.321560e+07 	
2.16893447e+06 	 1.851346e-10 	 1.321467e+07 	
2.16918459e+06 	 1.758498e-10 	 1.321388e+07 	
2.16943472e+06 	 1.670050e-10 	 1.321300e+07 	
2.16968484e+06 	 1.585802e-10 	 1.321216e+07 	
2.16993497e+06 	 1.505572e-10 	 1.321128e+07 	
2.17018509e+06 	 1.429176e-10 	 1.321044e+07 	
2.17043522e+06 	 1.356447e-10 	 1.320957e+07 	
2.17068534e+06 	 1.287217e-10 	 1.320873e+07 	
2.17093547e+06 	 1.221333e-10 	 1.320785e+07 	
2.17118559e+06 	 1.158639e-10 	 1.320702e+07 	
2.17143572e+06 	 1.098995e-10 	 1.320614e+07 	
2.17168584e+06 	 1.042257e-10 	 1.320531e+07 	
2.17193597e+06 	 9.882970e-11 	 1.320444e+07 	
2.17218609e+06 	 9.369846e-11 	 1.320360e+07 	
2.17243622e+06 	 8.882002e-11 	 1.320270e+07 	
2.17268634e+06 	 8.418234e-11 	 1.320189e+07 	
2.17293647e+06 	 7.977467e-11 	 1.320099e+07 	
2.17318659e+06 	 7.558592e-11 	 1.320018e+07 	
2.17343672e+06 	 7.160622e-11 	 1.319929e+07 	
2.17368684e+06 	 6.782544e-11 	 1.319848e+07 	
2.17393697e+06 	 6.423452e-11 	 1.319758e+07 	
2.17418709e+06 	 6.082421e-11 	 1.319677e+07 	
2.17443722e+06 	 5.758617e-11 	 1.319591e+07 	
2.17468734e+06 	 5.451209e-11 	 1.319507e+07 	
2.17493747e+06 	 5.159421e-11 	 1.319420e+07 	
2.17518759e+06 	 4.882497e-11 	 1.319337e+07 	
2.17543772e+06 	 4.619729e-11 	 1.319252e+07 	
2.17568784e+06 	 4.370431e-11 	 1.319167e+07 	
2.17593797e+06 	 4.133858e-11 	 1.319113e+07 	
2.17618809e+06 	 3.909420e-11 	 1.319091e+07 	
2.17643822e+06 	 3.696842e-11 	 1.318968e+07 	
2.17668834e+06 	 3.495024e-11 	 1.318947e+07 	
2.17693847e+06 	 3.304109e-11 	 1.318773e+07 	
2.17718859e+06 	 3.122807e-11 	 1.318752e+07 	
2.17743872e+06 	 2.951200e-11 	 1.318629e+07 	
2.17768884e+06 	 2.788382e-11 	 1.318609e+07 	
2.17793897e+06 	 2.634459e-11 	 1.318434e+07 	
2.17818909e+06 	 2.488382e-11 	 1.318414e+07 	
2.17843922e+06 	 2.350205e-11 	 1.318290e+07 	
2.17868934e+06 	 2.219190e-11 	 1.318271e+07 	
2.17893947e+06 	 2.095396e-11 	 1.318112e+07 	
2.17918959e+06 	 1.977991e-11 	 1.318092e+07 	
2.17943972e+06 	 1.867078e-11 	 1.317925e+07 	
2.17968984e+06 	 1.761942e-11 	 1.317906e+07 	
2.17993997e+06 	 1.662585e-11 	 1.317782e+07 	
2.18019010e+06 	 1.568472e-11 	 1.317763e+07 	
2.18044022e+06 	 1.479629e-11 	 1.317604e+07 	
2.18069035e+06 	 1.395454e-11 	 1.317585e+07 	
2.18094047e+06 	 1.316008e-11 	 1.317418e+07 	
2.18119060e+06 	 1.240775e-11 	 1.317399e+07 	
2.18144072e+06 	 1.169744e-11 	 1.317275e+07 	
2.18169085e+06 	 1.102527e-11 	 1.317257e+07 	
2.18194097e+06 	 1.039135e-11 	 1.317098e+07 	
2.18219110e+06 	 9.791312e-12 	 1.317079e+07 	
2.18244122e+06 	 9.225509e-12 	 1.316911e+07 	
2.18269135e+06 	 8.690237e-12 	 1.316893e+07 	
2.18294147e+06 	 8.185341e-12 	 1.316769e+07 	
2.18319160e+06 	 7.708019e-12 	 1.316751e+07 	
2.18344172e+06 	 7.258259e-12 	 1.316591e+07 	
2.18369185e+06 	 6.832970e-12 	 1.316573e+07 	
2.18394197e+06 	 6.432177e-12 	 1.316436e+07 	
2.18419210e+06 	 6.053442e-12 	 1.316418e+07 	
2.18444222e+06 	 5.696841e-12 	 1.316255e+07 	
2.18469235e+06 	 5.359825e-12 	 1.316237e+07 	
2.18494247e+06 	 5.042422e-12 	 1.316099e+07 	
2.18519260e+06 	 4.742676e-12 	 1.316081e+07 	
2.18544272e+06 	 4.460623e-12 	 1.315918e+07 	
2.18569285e+06 	 4.194231e-12 	 1.315900e+07 	
2.18594297e+06 	 3.943495e-12 	 1.315763e+07 	
2.18619310e+06 	 3.706861e-12 	 1.315745e+07 	
2.18644322e+06 	 3.484330e-12 	 1.315582e+07 	
2.18669335e+06 	 3.274290e-12 	 1.315564e+07 	
2.18694347e+06 	 3.076714e-12 	 1.315426e+07 	
2.18719360e+06 	 2.890370e-12 	 1.315409e+07 	
2.18744372e+06 	 2.715239e-12 	 1.315246e+07 	
2.18769385e+06 	 2.550043e-12 	 1.315228e+07 	
2.18794397e+06 	 2.394800e-12 	 1.315059e+07 	
2.18819410e+06 	 2.248449e-12 	 1.315042e+07 	
2.18844422e+06 	 2.110871e-12 	 1.314918e+07 	
2.18869435e+06 	 1.981263e-12 	 1.314900e+07 	
2.18894447e+06 	 1.859548e-12 	 1.314741e+07 	
2.18919460e+06 	 1.744861e-12 	 1.314723e+07 	
2.18944472e+06 	 1.637181e-12 	 1.314556e+07 	
2.18969485e+06 	 1.535765e-12 	 1.314538e+07 	
2.18994497e+06 	 1.440543e-12 	 1.314386e+07 	
2.19019510e+06 	 1.350911e-12 	 1.314368e+07 	
2.19044522e+06 	 1.266756e-12 	 1.314246e+07 	
2.19069535e+06 	 1.187574e-12 	 1.314228e+07 	
2.19094547e+06 	 1.113291e-12 	 1.314054e+07 	
2.19119560e+06 	 1.043405e-12 	 1.314036e+07 	
2.19144572e+06 	 9.778586e-13 	 1.313883e+07 	
2.19169585e+06 	 9.162058e-13 	 1.313865e+07 	
2.19194597e+06 	 8.583706e-13 	 1.313743e+07 	
2.19219610e+06 	 8.040066e-13 	 1.313726e+07 	
2.19244622e+06 	 7.530541e-13 	 1.313551e+07 	
2.19269635e+06 	 7.051603e-13 	 1.313533e+07 	
2.19294647e+06 	 6.602656e-13 	 1.313409e+07 	
2.19319660e+06 	 6.180861e-13 	 1.313392e+07 	
2.19344672e+06 	 5.785825e-13 	 1.313233e+07 	
2.19369685e+06 	 5.414647e-13 	 1.313215e+07 	
2.19394697e+06 	 5.066967e-13 	 1.313079e+07 	
2.19419710e+06 	 4.740498e-13 	 1.313061e+07 	
2.19444722e+06 	 4.434949e-13 	 1.312899e+07 	
2.19469735e+06 	 4.148013e-13 	 1.312882e+07 	
2.19494747e+06 	 3.879421e-13 	 1.312745e+07 	
2.19519760e+06 	 3.627353e-13 	 1.312727e+07 	
2.19544772e+06 	 3.391565e-13 	 1.312548e+07 	
2.19569785e+06 	 3.170311e-13 	 1.312531e+07 	
2.19594797e+06 	 2.963281e-13 	 1.312407e+07 	
2.19619810e+06 	 2.769136e-13 	 1.312389e+07 	
2.19644822e+06 	 2.587642e-13 	 1.312214e+07 	
2.19669835e+06 	 2.417431e-13 	 1.312197e+07 	
2.19694847e+06 	 2.258248e-13 	 1.312073e+07 	
2.19719860e+06 	 2.109072e-13 	 1.312055e+07 	
2.19744872e+06 	 1.969697e-13 	 1.311880e+07 	
2.19769885e+06 	 1.839070e-13 	 1.311863e+07 	
2.19794897e+06 	 1.716975e-13 	 1.311739e+07 	
2.19819910e+06 	 1.602629e-13 	 1.311722e+07 	
2.19844922e+06 	 1.495848e-13 	 1.311563e+07 	
2.19869935e+06 	 1.395832e-13 	 1.311546e+07 	
2.19894947e+06 	 1.302422e-13 	 1.311410e+07 	
2.19919960e+06 	 1.214982e-13 	 1.311393e+07 	
2.19944972e+06 	 1.133383e-13 	 1.311231e+07 	
2.19969985e+06 	 1.056993e-13 	 1.311213e+07 	
2.19994997e+06 	 9.856947e-14 	 1.311077e+07 	
2.20020010e+06 	 9.189908e-14 	 1.311060e+07 	
2.20045023e+06 	 8.567762e-14 	 1.310898e+07 	
2.20070035e+06 	 7.985714e-14 	 1.310881e+07 	
2.20095048e+06 	 7.442846e-14 	 1.310744e+07 	
2.20120060e+06 	 6.935200e-14 	 1.310727e+07 	
2.20145073e+06 	 6.461947e-14 	 1.310549e+07 	
2.20170085e+06 	 6.019550e-14 	 1.310532e+07 	
2.20195098e+06 	 5.607062e-14 	 1.310408e+07 	
2.20220110e+06 	 5.221652e-14 	 1.310390e+07 	
2.20245123e+06 	 4.862600e-14 	 1.310232e+07 	
2.20270135e+06 	 4.527087e-14 	 1.310215e+07 	
2.20295148e+06 	 4.214472e-14 	 1.310080e+07 	
2.20320160e+06 	 3.922543e-14 	 1.310062e+07 	
2.20345173e+06 	 3.650749e-14 	 1.309901e+07 	
2.20370185e+06 	 3.396919e-14 	 1.309884e+07 	
2.20395198e+06 	 3.160616e-14 	 1.309717e+07 	
2.20420210e+06 	 2.940050e-14 	 1.309700e+07 	
2.20445223e+06 	 2.734668e-14 	 1.309577e+07 	
2.20470235e+06 	 2.543080e-14 	 1.309560e+07 	
2.20495248e+06 	 2.364858e-14 	 1.309386e+07 	
2.20520260e+06 	 2.198577e-14 	 1.309369e+07 	
2.20545273e+06 	 2.043833e-14 	 1.309246e+07 	
2.20570285e+06 	 1.899570e-14 	 1.309229e+07 	
2.20595298e+06 	 1.765447e-14 	 1.309055e+07 	
2.20620310e+06 	 1.640386e-14 	 1.309038e+07 	
2.20645323e+06 	 1.524071e-14 	 1.308915e+07 	
2.20670335e+06 	 1.415695e-14 	 1.308897e+07 	
2.20695348e+06 	 1.314998e-14 	 1.308724e+07 	
2.20720360e+06 	 1.221157e-14 	 1.308706e+07 	
2.20745373e+06 	 1.133927e-14 	 1.308583e+07 	
2.20770385e+06 	 1.052702e-14 	 1.308566e+07 	
2.20795398e+06 	 9.772666e-15 	 1.308409e+07 	
2.20820410e+06 	 9.070121e-15 	 1.308392e+07 	
2.20845423e+06 	 8.417574e-15 	 1.308257e+07 	
2.20870435e+06 	 7.810217e-15 	 1.308240e+07 	
2.20895448e+06 	 7.246564e-15 	 1.308062e+07 	
2.20920460e+06 	 6.721890e-15 	 1.308045e+07 	
2.20945473e+06 	 6.234756e-15 	 1.307922e+07 	
2.20970485e+06 	 5.781670e-15 	 1.307905e+07 	
2.20995498e+06 	 5.361389e-15 	 1.307731e+07 	
2.21020510e+06 	 4.970431e-15 	 1.307714e+07 	
2.21045523e+06 	 4.607668e-15 	 1.307592e+07 	
2.21070535e+06 	 4.270441e-15 	 1.307575e+07 	
2.21095548e+06 	 3.957675e-15 	 1.307433e+07 	
2.21120560e+06 	 3.666991e-15 	 1.307416e+07 	
2.21145573e+06 	 3.397607e-15 	 1.307253e+07 	
2.21170585e+06 	 3.147200e-15 	 1.307236e+07 	
2.21195598e+06 	 2.915077e-15 	 1.307101e+07 	
2.21220610e+06 	 2.699472e-15 	 1.307084e+07 	
2.21245623e+06 	 2.499797e-15 	 1.306899e+07 	
2.21270635e+06 	 2.314296e-15 	 1.306882e+07 	
2.21295648e+06 	 2.142399e-15 	 1.306765e+07 	
2.21320660e+06 	 1.982848e-15 	 1.306748e+07 	
2.21345673e+06 	 1.835100e-15 	 1.306577e+07 	
2.21370685e+06 	 1.697980e-15 	 1.306560e+07 	
2.21395698e+06 	 1.571012e-15 	 1.306437e+07 	
2.21420710e+06 	 1.453211e-15 	 1.306420e+07 	
2.21445723e+06 	 1.344200e-15 	 1.306248e+07 	
2.21470735e+06 	 1.243074e-15 	 1.306230e+07 	
2.21495748e+06 	 1.149482e-15 	 1.306108e+07 	
2.21520760e+06 	 1.062703e-15 	 1.306091e+07 	
2.21545773e+06 	 9.824494e-16 	 1.305918e+07 	
2.21570785e+06 	 9.080389e-16 	 1.305901e+07 	
2.21595798e+06 	 8.392100e-16 	 1.305779e+07 	
2.21620810e+06 	 7.754291e-16 	 1.305762e+07 	
2.21645823e+06 	 7.164698e-16 	 1.305590e+07 	
2.21670835e+06 	 6.618413e-16 	 1.305573e+07 	
2.21695848e+06 	 6.113380e-16 	 1.305451e+07 	
2.21720860e+06 	 5.645666e-16 	 1.305434e+07 	
2.21745873e+06 	 5.213614e-16 	 1.305261e+07 	
2.21770885e+06 	 4.813459e-16 	 1.305244e+07 	
2.21795898e+06 	 4.443694e-16 	 1.305122e+07 	
2.21820910e+06 	 4.101481e-16 	 1.305105e+07 	
2.21845923e+06 	 3.785428e-16 	 1.304964e+07 	
2.21870935e+06 	 3.492949e-16 	 1.304947e+07 	
2.21895948e+06 	 3.223025e-16 	 1.304769e+07 	
2.21920960e+06 	 2.973218e-16 	 1.304752e+07 	
2.21945973e+06 	 2.742591e-16 	 1.304630e+07 	
2.21970985e+06 	 2.529315e-16 	 1.304613e+07 	
2.21995998e+06 	 2.332556e-16 	 1.304441e+07 	
2.22021011e+06 	 2.150599e-16 	 1.304424e+07 	
2.22046023e+06 	 1.982702e-16 	 1.304302e+07 	
2.22071036e+06 	 1.827527e-16 	 1.304285e+07 	
2.22096048e+06 	 1.684444e-16 	 1.304113e+07 	
2.22121061e+06 	 1.552204e-16 	 1.304096e+07 	
2.22146073e+06 	 1.430247e-16 	 1.303974e+07 	
2.22171086e+06 	 1.317596e-16 	 1.303957e+07 	
2.22196098e+06 	 1.213790e-16 	 1.303786e+07 	
2.22221111e+06 	 1.117896e-16 	 1.303769e+07 	
2.22246123e+06 	 1.029499e-16 	 1.303647e+07 	
2.22271136e+06 	 9.479010e-17 	 1.303630e+07 	
2.22296148e+06 	 8.727489e-17 	 1.303458e+07 	
2.22321161e+06 	 8.033658e-17 	 1.303441e+07 	
2.22346173e+06 	 7.394434e-17 	 1.303320e+07 	
2.22371186e+06 	 6.804689e-17 	 1.303303e+07 	
2.22396198e+06 	 6.261660e-17 	 1.303163e+07 	
2.22421211e+06 	 5.760700e-17 	 1.303146e+07 	
2.22446223e+06 	 5.299745e-17 	 1.302969e+07 	
2.22471236e+06 	 4.874490e-17 	 1.302952e+07 	
2.22496248e+06 	 4.483096e-17 	 1.302830e+07 	
2.22521261e+06 	 4.122229e-17 	 1.302813e+07 	
2.22546273e+06 	 3.790138e-17 	 1.302673e+07 	
2.22571286e+06 	 3.484111e-17 	 1.302656e+07 	
2.22596298e+06 	 3.202755e-17 	 1.302495e+07 	
2.22621311e+06 	 2.943385e-17 	 1.302478e+07 	
2.22646323e+06 	 2.704857e-17 	 1.302344e+07 	
2.22671336e+06 	 2.485135e-17 	 1.302328e+07 	
2.22696348e+06 	 2.283216e-17 	 1.302184e+07 	
2.22721361e+06 	 2.097184e-17 	 1.302168e+07 	
2.22746373e+06 	 1.926202e-17 	 1.302022e+07 	
2.22771386e+06 	 1.768788e-17 	 1.302005e+07 	
2.22796398e+06 	 1.624190e-17 	 1.301843e+07 	
2.22821411e+06 	 1.491070e-17 	 1.301826e+07 	
2.22846423e+06 	 1.368793e-17 	 1.301692e+07 	
2.22871436e+06 	 1.256267e-17 	 1.301676e+07 	
2.22896448e+06 	 1.152946e-17 	 1.301533e+07 	
2.22921461e+06 	 1.057916e-17 	 1.301516e+07 	
2.22946473e+06 	 9.706428e-18 	 1.301371e+07 	
2.22971486e+06 	 8.903753e-18 	 1.301354e+07 	
2.22996498e+06 	 8.167040e-18 	 1.301208e+07 	
2.23021511e+06 	 7.489686e-18 	 1.301191e+07 	
2.23046523e+06 	 6.868334e-18 	 1.301013e+07 	
2.23071536e+06 	 6.297104e-18 	 1.300997e+07 	
2.23096548e+06 	 5.773017e-18 	 1.300875e+07 	
2.23121561e+06 	 5.291444e-18 	 1.300858e+07 	
2.23146573e+06 	 4.849966e-18 	 1.300703e+07 	
2.23171586e+06 	 4.444238e-18 	 1.300687e+07 	
2.23196598e+06 	 4.072169e-18 	 1.300554e+07 	
2.23221611e+06 	 3.730512e-18 	 1.300537e+07 	
2.23246623e+06 	 3.417273e-18 	 1.300394e+07 	
2.23271636e+06 	 3.129807e-18 	 1.300378e+07 	
2.52894272e+06 	 1.000000e-20 	 1.213675e+07 	
2.86447100e+06 	 1.000000e-20 	 1.133903e+07 	
3.24451560e+06 	 1.000000e-20 	 1.060193e+07 	
3.67498275e+06 	 1.000000e-20 	 9.919254e+06 	
4.16256226e+06 	 1.000000e-20 	 9.285728e+06 	
4.71483154e+06 	 1.000000e-20 	 8.696833e+06 	
5.34037333e+06 	 1.000000e-20 	 8.148645e+06 	
6.04890906e+06 	 1.000000e-20 	 7.637730e+06 	
6.85145001e+06 	 1.000000e-20 	 7.161054e+06 	
7.76046833e+06 	 1.000000e-20 	 6.715924e+06 	
8.79009095e+06 	 1.000000e-20 	 6.299927e+06 	
9.95631908e+06 	 1.000000e-20 	 5.910894e+06 	
1.12772769e+07 	 1.000000e-20 	 5.546866e+06 	
1.27734932e+07 	 1.000000e-20 	 5.206061e+06 	
1.44682205e+07 	 1.000000e-20 	 4.886855e+06 	
1.63877963e+07 	 1.000000e-20 	 4.587765e+06 	
1.85620524e+07 	 1.000000e-20 	 4.307427e+06 	
2.10247787e+07 	 1.000000e-20 	 4.044587e+06 	
2.38142479e+07 	 1.000000e-20 	 3.798090e+06 	
2.69738108e+07 	 1.000000e-20 	 3.566866e+06 	
3.05525698e+07 	 1.000000e-20 	 3.349925e+06 	
3.46061418e+07 	 1.000000e-20 	 3.146350e+06 	
3.91975227e+07 	 1.000000e-20 	 2.955288e+06 	
4.43980666e+07 	 1.000000e-20 	 2.775945e+06 	
5.02885943e+07 	 1.000000e-20 	 2.607582e+06 	
5.69606496e+07 	 1.000000e-20 	 2.449510e+06 	
6.45179220e+07 	 1.000000e-20 	 2.301087e+06 	
7.30778580e+07 	 1.000000e-20 	 2.161713e+06 	
8.27734861e+07 	 1.000000e-20 	 2.030825e+06 	
9.37554849e+07 	 1.000000e-20 	 1.907900e+06 	
1.06194524e+08 	 1.000000e-20 	 1.792447e+06 	
1.20283916e+08 	 1.000000e-20 	 1.684006e+06 	
1.36242623e+08 	 1.000000e-20 	 1.582147e+06 	
1.54318657e+08 	 1.000000e-20 	 1.486466e+06 	
1.74792934e+08 	 1.000000e-20 	 1.396587e+06 	
1.97983643e+08 	 1.000000e-20 	 1.312154e+06 	
2.24251186e+08 	 1.000000e-20 	 1.232836e+06 	
2.54003783e+08 	 1.000000e-20 	 1.158322e+06 	
2.87703817e+08 	 1.000000e-20 	 1.088317e+06 	
3.25875013e+08 	 1.000000e-20 	 1.022550e+06 	
3.69110584e+08 	 1.000000e-20 	 9.607613e+05 	
4.18082449e+08 	 1.000000e-20 	 9.027104e+05 	
4.73551672e+08 	 1.000000e-20 	 8.481703e+05 	
5.36380291e+08 	 1.000000e-20 	 7.969281e+05 	
6.07544718e+08 	 1.000000e-20 	 7.487840e+05 	
6.88150908e+08 	 1.000000e-20 	 7.035503e+05 	
7.79451549e+08 	 1.000000e-20 	 6.610507e+05 	
8.82865533e+08 	 1.000000e-20 	 6.211196e+05 	
1.00000000e+09 	 1.000000e-20 	 5.836017e+05 	
