r (cm)        	 rho (g/cm3) 	 T (K)       		 Linf = 3.325460e+38
1.20000012e+06 	 1.255100e+05 	 1.255952e+09 	
1.20006940e+06 	 1.143126e+05 	 1.226510e+09 	
1.20017943e+06 	 9.823455e+04 	 1.180242e+09 	
1.20028946e+06 	 8.408101e+04 	 1.134602e+09 	
1.20037907e+06 	 7.384861e+04 	 1.097916e+09 	
1.20046868e+06 	 6.467718e+04 	 1.061676e+09 	
1.20055829e+06 	 5.647872e+04 	 1.025897e+09 	
1.20064790e+06 	 4.917035e+04 	 9.905922e+08 	
1.20073751e+06 	 4.267419e+04 	 9.557771e+08 	
1.20082591e+06 	 3.698993e+04 	 9.219240e+08 	
1.20091432e+06 	 3.195947e+04 	 8.885771e+08 	
1.20100272e+06 	 2.752151e+04 	 8.557516e+08 	
1.20107580e+06 	 2.425956e+04 	 8.290226e+08 	
1.20114888e+06 	 2.133315e+04 	 8.026696e+08 	
1.20122196e+06 	 1.871394e+04 	 7.767019e+08 	
1.20129503e+06 	 1.637532e+04 	 7.511289e+08 	
1.20136811e+06 	 1.429243e+04 	 7.259600e+08 	
1.20144093e+06 	 1.244826e+04 	 7.012928e+08 	
1.20151374e+06 	 1.081350e+04 	 6.770459e+08 	
1.20158656e+06 	 9.368234e+03 	 6.532288e+08 	
1.20164657e+06 	 8.306437e+03 	 6.339297e+08 	
1.20170658e+06 	 7.351151e+03 	 6.149346e+08 	
1.20176659e+06 	 6.493359e+03 	 5.962487e+08 	
1.20182660e+06 	 5.724633e+03 	 5.778775e+08 	
1.20188661e+06 	 5.037111e+03 	 5.598261e+08 	
1.20194662e+06 	 4.423476e+03 	 5.420998e+08 	
1.20200710e+06 	 3.872943e+03 	 5.245706e+08 	
1.20206757e+06 	 3.384089e+03 	 5.073818e+08 	
1.20212805e+06 	 2.950950e+03 	 4.905386e+08 	
1.20217820e+06 	 2.630088e+03 	 4.768374e+08 	
1.20222834e+06 	 2.340836e+03 	 4.633799e+08 	
1.20227849e+06 	 2.080486e+03 	 4.501686e+08 	
1.20232864e+06 	 1.846516e+03 	 4.372060e+08 	
1.20237879e+06 	 1.636585e+03 	 4.244945e+08 	
1.20242894e+06 	 1.448520e+03 	 4.120364e+08 	
1.20247908e+06 	 1.280312e+03 	 3.998337e+08 	
1.20253106e+06 	 1.124930e+03 	 3.874564e+08 	
1.20258305e+06 	 9.869873e+02 	 3.753577e+08 	
1.20262623e+06 	 8.843830e+02 	 3.655186e+08 	
1.20266942e+06 	 7.916841e+02 	 3.558740e+08 	
1.20271261e+06 	 7.080332e+02 	 3.464246e+08 	
1.20275580e+06 	 6.326358e+02 	 3.371711e+08 	
1.20279899e+06 	 5.647571e+02 	 3.281140e+08 	
1.20284218e+06 	 5.037183e+02 	 3.192538e+08 	
1.20288537e+06 	 4.488931e+02 	 3.105909e+08 	
1.20292855e+06 	 3.997050e+02 	 3.021253e+08 	
1.20297174e+06 	 3.556240e+02 	 2.938571e+08 	
1.20301744e+06 	 3.140028e+02 	 2.853232e+08 	
1.20305533e+06 	 2.830402e+02 	 2.784153e+08 	
1.20309321e+06 	 2.549951e+02 	 2.716587e+08 	
1.20313110e+06 	 2.296128e+02 	 2.650530e+08 	
1.20316899e+06 	 2.066586e+02 	 2.585979e+08 	
1.20320687e+06 	 1.859161e+02 	 2.522926e+08 	
1.20324476e+06 	 1.671861e+02 	 2.461366e+08 	
1.20328265e+06 	 1.502856e+02 	 2.401291e+08 	
1.20332054e+06 	 1.350466e+02 	 2.342693e+08 	
1.20335842e+06 	 1.213148e+02 	 2.285561e+08 	
1.20339631e+06 	 1.089493e+02 	 2.229886e+08 	
1.20343420e+06 	 9.782103e+01 	 2.175657e+08 	
1.20347208e+06 	 8.781201e+01 	 2.122860e+08 	
1.20350997e+06 	 7.881470e+01 	 2.071482e+08 	
1.20354786e+06 	 7.073108e+01 	 2.021509e+08 	
1.20358574e+06 	 6.347191e+01 	 1.972926e+08 	
1.20362284e+06 	 5.708543e+01 	 1.926692e+08 	
1.20365993e+06 	 5.134222e+01 	 1.881759e+08 	
1.20369702e+06 	 4.617937e+01 	 1.838110e+08 	
1.20373412e+06 	 4.153974e+01 	 1.795727e+08 	
1.20377121e+06 	 3.737153e+01 	 1.754594e+08 	
1.20380830e+06 	 3.362776e+01 	 1.714690e+08 	
1.20384540e+06 	 3.026593e+01 	 1.675996e+08 	
1.20388249e+06 	 2.724758e+01 	 1.638492e+08 	
1.20391958e+06 	 2.453798e+01 	 1.602157e+08 	
1.20395668e+06 	 2.210576e+01 	 1.566970e+08 	
1.20399377e+06 	 1.992261e+01 	 1.532910e+08 	
1.20403086e+06 	 1.796305e+01 	 1.499953e+08 	
1.20406796e+06 	 1.620410e+01 	 1.468077e+08 	
1.20410505e+06 	 1.462511e+01 	 1.437259e+08 	
1.20414214e+06 	 1.320747e+01 	 1.407476e+08 	
1.20417924e+06 	 1.193450e+01 	 1.378703e+08 	
1.20421633e+06 	 1.079119e+01 	 1.350918e+08 	
1.20425342e+06 	 9.764081e+00 	 1.324095e+08 	
1.20429728e+06 	 8.683199e+00 	 1.293592e+08 	
1.20434113e+06 	 7.730180e+00 	 1.264360e+08 	
1.20438498e+06 	 6.889448e+00 	 1.236359e+08 	
1.20442884e+06 	 6.147328e+00 	 1.209549e+08 	
1.20447269e+06 	 5.491821e+00 	 1.183889e+08 	
1.20451655e+06 	 4.912399e+00 	 1.159339e+08 	
1.20456040e+06 	 4.399832e+00 	 1.135860e+08 	
1.20460426e+06 	 3.946026e+00 	 1.113412e+08 	
1.20464811e+06 	 3.543888e+00 	 1.091957e+08 	
1.20469197e+06 	 3.187201e+00 	 1.071455e+08 	
1.20473582e+06 	 2.870515e+00 	 1.051870e+08 	
1.20477968e+06 	 2.589055e+00 	 1.033164e+08 	
1.20482353e+06 	 2.338635e+00 	 1.015302e+08 	
1.20486738e+06 	 2.115583e+00 	 9.982471e+07 	
1.20491124e+06 	 1.916682e+00 	 9.819658e+07 	
1.20495509e+06 	 1.739108e+00 	 9.664243e+07 	
1.20500888e+06 	 1.546809e+00 	 9.483240e+07 	
1.20506267e+06 	 1.378926e+00 	 9.312297e+07 	
1.20511646e+06 	 1.232082e+00 	 9.150854e+07 	
1.20517026e+06 	 1.103391e+00 	 8.998376e+07 	
1.20522405e+06 	 9.903882e-01 	 8.854352e+07 	
1.20527784e+06 	 8.909647e-01 	 8.718292e+07 	
1.20533163e+06 	 8.033139e-01 	 8.589733e+07 	
1.20539915e+06 	 7.075984e-01 	 8.438302e+07 	
1.20546667e+06 	 6.254229e-01 	 8.297171e+07 	
1.20553418e+06 	 5.546483e-01 	 8.165572e+07 	
1.20560170e+06 	 4.935005e-01 	 8.042790e+07 	
1.20566922e+06 	 4.405043e-01 	 7.928161e+07 	
1.20573674e+06 	 3.944304e-01 	 7.821068e+07 	
1.20580426e+06 	 3.542518e-01 	 7.720942e+07 	
1.20589115e+06 	 3.098505e-01 	 7.601495e+07 	
1.20597804e+06 	 2.722946e-01 	 7.491691e+07 	
1.20606493e+06 	 2.403761e-01 	 7.390604e+07 	
1.20615182e+06 	 2.131223e-01 	 7.297405e+07 	
1.20623871e+06 	 1.897459e-01 	 7.211346e+07 	
1.20635007e+06 	 1.644460e-01 	 7.110427e+07 	
1.20646143e+06 	 1.434017e-01 	 7.018892e+07 	
1.20657279e+06 	 1.257806e-01 	 6.935652e+07 	
1.20668415e+06 	 1.109320e-01 	 6.859760e+07 	
1.20681572e+06 	 9.626814e-02 	 6.778442e+07 	
1.20694729e+06 	 8.410714e-02 	 6.705060e+07 	
1.20707887e+06 	 7.394529e-02 	 6.638611e+07 	
1.20721044e+06 	 6.539322e-02 	 6.578239e+07 	
1.20739508e+06 	 5.553868e-02 	 6.502385e+07 	
1.20757972e+06 	 4.763377e-02 	 6.435379e+07 	
1.20776436e+06 	 4.122044e-02 	 6.375847e+07 	
1.20800714e+06 	 3.450453e-02 	 6.307083e+07 	
1.20824992e+06 	 2.924775e-02 	 6.247277e+07 	
1.20849270e+06 	 2.507160e-02 	 6.194835e+07 	
1.20882045e+06 	 2.068745e-02 	 6.133540e+07 	
1.20914820e+06 	 1.734466e-02 	 6.081039e+07 	
1.20947595e+06 	 1.474663e-02 	 6.035562e+07 	
1.20992715e+06 	 1.203071e-02 	 5.982036e+07 	
1.21037835e+06 	 1.001126e-02 	 5.936741e+07 	
1.21082955e+06 	 8.473287e-03 	 5.897840e+07 	
1.21148236e+06 	 6.828050e-03 	 5.850225e+07 	
1.21213517e+06 	 5.643109e-03 	 5.810379e+07 	
1.21278798e+06 	 4.763143e-03 	 5.776366e+07 	
1.21361787e+06 	 3.938266e-03 	 5.739468e+07 	
1.21444777e+06 	 3.334063e-03 	 5.707930e+07 	
1.21527767e+06 	 2.878548e-03 	 5.680451e+07 	
1.21646968e+06 	 2.397864e-03 	 5.646311e+07 	
1.21717969e+06 	 2.179414e-03 	 5.628289e+07 	
1.21861556e+06 	 1.841830e-03 	 5.595820e+07 	
1.21980281e+06 	 1.636409e-03 	 5.572086e+07 	
1.22170503e+06 	 1.396819e-03 	 5.538332e+07 	
1.22360724e+06 	 1.228794e-03 	 5.508423e+07 	
1.22550946e+06 	 1.106362e-03 	 5.481280e+07 	
1.22823258e+06 	 9.815786e-04 	 5.445871e+07 	
1.23095569e+06 	 8.944945e-04 	 5.413351e+07 	
1.23367880e+06 	 8.311847e-04 	 5.382877e+07 	
1.23813901e+06 	 7.589679e-04 	 5.336022e+07 	
1.24021969e+06 	 7.339837e-04 	 5.315108e+07 	
1.24573352e+06 	 6.839700e-04 	 5.261707e+07 	
1.24959310e+06 	 6.580022e-04 	 5.225620e+07 	
1.25715686e+06 	 6.189689e-04 	 5.157030e+07 	
1.26200084e+06 	 5.988216e-04 	 5.114225e+07 	
1.27261202e+06 	 5.615021e-04 	 5.022778e+07 	
1.27712479e+06 	 5.473562e-04 	 4.984714e+07 	
1.28345812e+06 	 5.286207e-04 	 4.932039e+07 	
1.28418889e+06 	 5.265287e-04 	 4.926015e+07 	
1.28893889e+06 	 5.132340e-04 	 4.887120e+07 	
1.29843889e+06 	 4.880118e-04 	 4.810652e+07 	
1.30477222e+06 	 4.720674e-04 	 4.760615e+07 	
1.31427222e+06 	 4.492993e-04 	 4.686923e+07 	
1.32377222e+06 	 4.277907e-04 	 4.614815e+07 	
1.33010556e+06 	 4.141020e-04 	 4.567598e+07 	
1.33960556e+06 	 3.944853e-04 	 4.498017e+07 	
1.34910556e+06 	 3.759056e-04 	 4.429890e+07 	
1.35385556e+06 	 3.669846e-04 	 4.396359e+07 	
1.35623056e+06 	 3.626133e-04 	 4.379724e+07 	
1.35834167e+06 	 3.587764e-04 	 4.365009e+07 	
1.36024167e+06 	 3.553619e-04 	 4.351824e+07 	
1.36261667e+06 	 3.511442e-04 	 4.335419e+07 	
1.36895000e+06 	 3.401667e-04 	 4.292084e+07 	
1.37275000e+06 	 3.337644e-04 	 4.266366e+07 	
1.37591667e+06 	 3.285320e-04 	 4.245095e+07 	
1.37863095e+06 	 3.241196e-04 	 4.226977e+07 	
1.38100595e+06 	 3.203127e-04 	 4.211210e+07 	
1.38372024e+06 	 3.160226e-04 	 4.193289e+07 	
1.38752024e+06 	 3.101228e-04 	 4.168372e+07 	
1.39385357e+06 	 3.005594e-04 	 4.127287e+07 	
1.39702024e+06 	 2.959012e-04 	 4.106951e+07 	
1.39973452e+06 	 2.919721e-04 	 4.089627e+07 	
1.40210952e+06 	 2.885815e-04 	 4.074549e+07 	
1.40482381e+06 	 2.847596e-04 	 4.057409e+07 	
1.40862381e+06 	 2.795024e-04 	 4.033576e+07 	
1.41495714e+06 	 2.709770e-04 	 3.994269e+07 	
1.41812381e+06 	 2.668229e-04 	 3.974809e+07 	
1.42129048e+06 	 2.627389e-04 	 3.955476e+07 	
1.42400476e+06 	 2.592931e-04 	 3.939004e+07 	
1.42717143e+06 	 2.553357e-04 	 3.919903e+07 	
1.43192143e+06 	 2.495234e-04 	 3.891483e+07 	
1.43667143e+06 	 2.438566e-04 	 3.863336e+07 	
1.44047143e+06 	 2.394253e-04 	 3.841014e+07 	
1.44363810e+06 	 2.358002e-04 	 3.822542e+07 	
1.44635238e+06 	 2.327408e-04 	 3.806804e+07 	
1.45585238e+06 	 2.223704e-04 	 3.752389e+07 	
1.45965238e+06 	 2.183652e-04 	 3.730911e+07 	
1.46281905e+06 	 2.150879e-04 	 3.713137e+07 	
1.46553333e+06 	 2.123217e-04 	 3.697990e+07 	
1.46870000e+06 	 2.091433e-04 	 3.680422e+07 	
1.47250000e+06 	 2.053975e-04 	 3.659484e+07 	
1.47883333e+06 	 1.993162e-04 	 3.624934e+07 	
1.48200000e+06 	 1.963497e-04 	 3.607820e+07 	
1.48516667e+06 	 1.934312e-04 	 3.590811e+07 	
1.48833333e+06 	 1.905598e-04 	 3.573906e+07 	
1.49213333e+06 	 1.871751e-04 	 3.553757e+07 	
1.49846667e+06 	 1.816781e-04 	 3.520504e+07 	
1.50226667e+06 	 1.784644e-04 	 3.500745e+07 	
1.50543333e+06 	 1.758335e-04 	 3.484390e+07 	
1.50860000e+06 	 1.732445e-04 	 3.468134e+07 	
1.51176667e+06 	 1.706967e-04 	 3.451976e+07 	
1.52126667e+06 	 1.632931e-04 	 3.404081e+07 	
1.52506667e+06 	 1.604297e-04 	 3.385163e+07 	
1.52823333e+06 	 1.580849e-04 	 3.369501e+07 	
1.53140000e+06 	 1.557769e-04 	 3.353932e+07 	
1.53456667e+06 	 1.535052e-04 	 3.338456e+07 	
1.54406667e+06 	 1.469008e-04 	 3.292572e+07 	
1.54786667e+06 	 1.443453e-04 	 3.274444e+07 	
1.55103333e+06 	 1.422522e-04 	 3.259434e+07 	
1.55420000e+06 	 1.401915e-04 	 3.244513e+07 	
1.55736667e+06 	 1.381627e-04 	 3.229678e+07 	
1.56116667e+06 	 1.357694e-04 	 3.211989e+07 	
1.56750000e+06 	 1.318785e-04 	 3.182780e+07 	
1.57066667e+06 	 1.299779e-04 	 3.168302e+07 	
1.57383333e+06 	 1.281065e-04 	 3.153907e+07 	
1.57858333e+06 	 1.253529e-04 	 3.132469e+07 	
1.58491667e+06 	 1.217788e-04 	 3.104169e+07 	
1.58871667e+06 	 1.196865e-04 	 3.087344e+07 	
1.59188333e+06 	 1.179721e-04 	 3.073410e+07 	
1.59568333e+06 	 1.159489e-04 	 3.056793e+07 	
1.60518333e+06 	 1.110496e-04 	 3.015740e+07 	
1.60898333e+06 	 1.091516e-04 	 2.999512e+07 	
1.61278333e+06 	 1.072877e-04 	 2.983392e+07 	
1.61595000e+06 	 1.057601e-04 	 2.970041e+07 	
1.62545000e+06 	 1.013123e-04 	 2.930431e+07 	
1.62925000e+06 	 9.958853e-05 	 2.914770e+07 	
1.63305000e+06 	 9.789542e-05 	 2.899212e+07 	
1.63621667e+06 	 9.650747e-05 	 2.886326e+07 	
1.64096667e+06 	 9.446376e-05 	 2.867128e+07 	
1.64730000e+06 	 9.180861e-05 	 2.841775e+07 	
1.65110000e+06 	 9.025294e-05 	 2.826695e+07 	
1.65490000e+06 	 8.872454e-05 	 2.811712e+07 	
1.65965000e+06 	 8.685155e-05 	 2.793121e+07 	
1.66598333e+06 	 8.441750e-05 	 2.768565e+07 	
1.66978333e+06 	 8.299100e-05 	 2.753958e+07 	
1.67358333e+06 	 8.158925e-05 	 2.739444e+07 	
1.67833333e+06 	 7.987110e-05 	 2.721432e+07 	
1.68466667e+06 	 7.763765e-05 	 2.697639e+07 	
1.68846667e+06 	 7.632838e-05 	 2.683483e+07 	
1.69226667e+06 	 7.504158e-05 	 2.669418e+07 	
1.69701667e+06 	 7.346398e-05 	 2.651960e+07 	
1.70335000e+06 	 7.141269e-05 	 2.628896e+07 	
1.70715000e+06 	 7.020989e-05 	 2.615173e+07 	
1.71095000e+06 	 6.902752e-05 	 2.601536e+07 	
1.71475000e+06 	 6.786517e-05 	 2.587984e+07 	
1.72425000e+06 	 6.504439e-05 	 2.554471e+07 	
1.72805000e+06 	 6.394926e-05 	 2.541210e+07 	
1.73185000e+06 	 6.287249e-05 	 2.528031e+07 	
1.73660000e+06 	 6.155179e-05 	 2.511671e+07 	
1.74293333e+06 	 5.983352e-05 	 2.490052e+07 	
1.74673333e+06 	 5.882544e-05 	 2.477186e+07 	
1.75053333e+06 	 5.783408e-05 	 2.464398e+07 	
1.75528333e+06 	 5.661787e-05 	 2.448523e+07 	
1.76161667e+06 	 5.503509e-05 	 2.427542e+07 	
1.76636667e+06 	 5.387642e-05 	 2.411944e+07 	
1.77016667e+06 	 5.296658e-05 	 2.399551e+07 	
1.77396667e+06 	 5.207160e-05 	 2.387231e+07 	
1.78030000e+06 	 5.061221e-05 	 2.366862e+07 	
1.78505000e+06 	 4.954353e-05 	 2.351718e+07 	
1.78885000e+06 	 4.870419e-05 	 2.339684e+07 	
1.79265000e+06 	 4.787838e-05 	 2.327720e+07 	
1.79740000e+06 	 4.686477e-05 	 2.312866e+07 	
1.80373333e+06 	 4.554478e-05 	 2.293230e+07 	
1.80753333e+06 	 4.476969e-05 	 2.281540e+07 	
1.81133333e+06 	 4.400694e-05 	 2.269919e+07 	
1.81608333e+06 	 4.307050e-05 	 2.255488e+07 	
1.82241667e+06 	 4.185063e-05 	 2.236410e+07 	
1.82716667e+06 	 4.095674e-05 	 2.222223e+07 	
1.83096667e+06 	 4.025427e-05 	 2.210947e+07 	
1.83476667e+06 	 3.956281e-05 	 2.199736e+07 	
1.84110000e+06 	 3.843423e-05 	 2.181194e+07 	
1.84585000e+06 	 3.760696e-05 	 2.167404e+07 	
1.84965000e+06 	 3.695669e-05 	 2.156443e+07 	
1.85345000e+06 	 3.631645e-05 	 2.145545e+07 	
1.86295000e+06 	 3.475853e-05 	 2.118571e+07 	
1.86675000e+06 	 3.415201e-05 	 2.107888e+07 	
1.87150000e+06 	 3.340679e-05 	 2.094619e+07 	
1.88100000e+06 	 3.195830e-05 	 2.068362e+07 	
1.90000000e+06 	 2.922030e-05 	 2.016942e+07 	
1.90025013e+06 	 2.918560e-05 	 2.016275e+07 	
1.90050025e+06 	 2.915094e-05 	 2.015608e+07 	
1.90075038e+06 	 2.911631e-05 	 2.014941e+07 	
1.90100050e+06 	 2.908172e-05 	 2.014274e+07 	
1.90125063e+06 	 2.904716e-05 	 2.013608e+07 	
1.90150075e+06 	 2.901263e-05 	 2.012942e+07 	
1.90175088e+06 	 2.897814e-05 	 2.012276e+07 	
1.90200100e+06 	 2.894368e-05 	 2.011610e+07 	
1.90225113e+06 	 2.890925e-05 	 2.010945e+07 	
1.90250125e+06 	 2.887486e-05 	 2.010280e+07 	
1.90275138e+06 	 2.884050e-05 	 2.009615e+07 	
1.90300150e+06 	 2.880617e-05 	 2.008950e+07 	
1.90325163e+06 	 2.877188e-05 	 2.008286e+07 	
1.90350175e+06 	 2.873762e-05 	 2.007621e+07 	
1.90375188e+06 	 2.870340e-05 	 2.006958e+07 	
1.90400200e+06 	 2.866921e-05 	 2.006294e+07 	
1.90425213e+06 	 2.863505e-05 	 2.005630e+07 	
1.90450225e+06 	 2.860092e-05 	 2.004967e+07 	
1.90475238e+06 	 2.856683e-05 	 2.004304e+07 	
1.90500250e+06 	 2.853277e-05 	 2.003641e+07 	
1.90525263e+06 	 2.849875e-05 	 2.002979e+07 	
1.90550275e+06 	 2.846475e-05 	 2.002317e+07 	
1.90575288e+06 	 2.843079e-05 	 2.001655e+07 	
1.90600300e+06 	 2.839687e-05 	 2.000993e+07 	
1.90625313e+06 	 2.836297e-05 	 2.000331e+07 	
1.90650325e+06 	 2.832911e-05 	 1.999670e+07 	
1.90675338e+06 	 2.829528e-05 	 1.999009e+07 	
1.90700350e+06 	 2.826149e-05 	 1.998348e+07 	
1.90725363e+06 	 2.822773e-05 	 1.997688e+07 	
1.90750375e+06 	 2.819400e-05 	 1.997027e+07 	
1.90775388e+06 	 2.816030e-05 	 1.996367e+07 	
1.90800400e+06 	 2.812663e-05 	 1.995708e+07 	
1.90825413e+06 	 2.809300e-05 	 1.995048e+07 	
1.90850425e+06 	 2.805940e-05 	 1.994389e+07 	
1.90875438e+06 	 2.802583e-05 	 1.993730e+07 	
1.90900450e+06 	 2.799230e-05 	 1.993071e+07 	
1.90925463e+06 	 2.795880e-05 	 1.992412e+07 	
1.90950475e+06 	 2.792533e-05 	 1.991754e+07 	
1.90975488e+06 	 2.789189e-05 	 1.991095e+07 	
1.91000500e+06 	 2.785849e-05 	 1.990438e+07 	
1.91025513e+06 	 2.782511e-05 	 1.989780e+07 	
1.91050525e+06 	 2.779177e-05 	 1.989122e+07 	
1.91075538e+06 	 2.775846e-05 	 1.988465e+07 	
1.91100550e+06 	 2.772519e-05 	 1.987808e+07 	
1.91125563e+06 	 2.769194e-05 	 1.987152e+07 	
1.91150575e+06 	 2.765873e-05 	 1.986495e+07 	
1.91175588e+06 	 2.762555e-05 	 1.985839e+07 	
1.91200600e+06 	 2.759241e-05 	 1.985183e+07 	
1.91225613e+06 	 2.755929e-05 	 1.984527e+07 	
1.91250625e+06 	 2.752621e-05 	 1.983872e+07 	
1.91275638e+06 	 2.749315e-05 	 1.983216e+07 	
1.91300650e+06 	 2.746013e-05 	 1.982561e+07 	
1.91325663e+06 	 2.742715e-05 	 1.981907e+07 	
1.91350675e+06 	 2.739419e-05 	 1.981252e+07 	
1.91375688e+06 	 2.736126e-05 	 1.980598e+07 	
1.91400700e+06 	 2.732837e-05 	 1.979944e+07 	
1.91425713e+06 	 2.729551e-05 	 1.979290e+07 	
1.91450725e+06 	 2.726268e-05 	 1.978636e+07 	
1.91475738e+06 	 2.722988e-05 	 1.977983e+07 	
1.91500750e+06 	 2.719712e-05 	 1.977330e+07 	
1.91525763e+06 	 2.716438e-05 	 1.976677e+07 	
1.91550775e+06 	 2.713168e-05 	 1.976024e+07 	
1.91575788e+06 	 2.709900e-05 	 1.975372e+07 	
1.91600800e+06 	 2.706636e-05 	 1.974720e+07 	
1.91625813e+06 	 2.703375e-05 	 1.974068e+07 	
1.91650825e+06 	 2.700118e-05 	 1.973416e+07 	
1.91675838e+06 	 2.696863e-05 	 1.972765e+07 	
1.91700850e+06 	 2.693611e-05 	 1.972113e+07 	
1.91725863e+06 	 2.690363e-05 	 1.971462e+07 	
1.91750875e+06 	 2.687118e-05 	 1.970812e+07 	
1.91775888e+06 	 2.683876e-05 	 1.970161e+07 	
1.91800900e+06 	 2.680636e-05 	 1.969511e+07 	
1.91825913e+06 	 2.677400e-05 	 1.968861e+07 	
1.91850925e+06 	 2.674168e-05 	 1.968211e+07 	
1.91875938e+06 	 2.670938e-05 	 1.967561e+07 	
1.91900950e+06 	 2.667711e-05 	 1.966912e+07 	
1.91925963e+06 	 2.664488e-05 	 1.966263e+07 	
1.91950975e+06 	 2.661267e-05 	 1.965614e+07 	
1.91975988e+06 	 2.658050e-05 	 1.964966e+07 	
1.92001001e+06 	 2.654835e-05 	 1.964317e+07 	
1.92026013e+06 	 2.651624e-05 	 1.963669e+07 	
1.92051026e+06 	 2.648416e-05 	 1.963021e+07 	
1.92076038e+06 	 2.645211e-05 	 1.962373e+07 	
1.92101051e+06 	 2.642009e-05 	 1.961726e+07 	
1.92126063e+06 	 2.638810e-05 	 1.961079e+07 	
1.92151076e+06 	 2.635614e-05 	 1.960432e+07 	
1.92176088e+06 	 2.632421e-05 	 1.959785e+07 	
1.92201101e+06 	 2.629231e-05 	 1.959139e+07 	
1.92226113e+06 	 2.626044e-05 	 1.958492e+07 	
1.92251126e+06 	 2.622860e-05 	 1.957846e+07 	
1.92276138e+06 	 2.619680e-05 	 1.957200e+07 	
1.92301151e+06 	 2.616502e-05 	 1.956555e+07 	
1.92326163e+06 	 2.613327e-05 	 1.955910e+07 	
1.92351176e+06 	 2.610156e-05 	 1.955264e+07 	
1.92376188e+06 	 2.606987e-05 	 1.954620e+07 	
1.92401201e+06 	 2.603822e-05 	 1.953975e+07 	
1.92426213e+06 	 2.600659e-05 	 1.953331e+07 	
1.92451226e+06 	 2.597500e-05 	 1.952686e+07 	
1.92476238e+06 	 2.594343e-05 	 1.952043e+07 	
1.92501251e+06 	 2.591189e-05 	 1.951399e+07 	
1.92526263e+06 	 2.588039e-05 	 1.950755e+07 	
1.92551276e+06 	 2.584891e-05 	 1.950112e+07 	
1.92576288e+06 	 2.581747e-05 	 1.949469e+07 	
1.92601301e+06 	 2.578605e-05 	 1.948826e+07 	
1.92626313e+06 	 2.575467e-05 	 1.948184e+07 	
1.92651326e+06 	 2.572331e-05 	 1.947542e+07 	
1.92676338e+06 	 2.569198e-05 	 1.946900e+07 	
1.92701351e+06 	 2.566069e-05 	 1.946258e+07 	
1.92726363e+06 	 2.562942e-05 	 1.945616e+07 	
1.92751376e+06 	 2.559818e-05 	 1.944975e+07 	
1.92776388e+06 	 2.556698e-05 	 1.944334e+07 	
1.92801401e+06 	 2.553580e-05 	 1.943693e+07 	
1.92826413e+06 	 2.550465e-05 	 1.943052e+07 	
1.92851426e+06 	 2.547353e-05 	 1.942412e+07 	
1.92876438e+06 	 2.544244e-05 	 1.941771e+07 	
1.92901451e+06 	 2.541138e-05 	 1.941131e+07 	
1.92926463e+06 	 2.538035e-05 	 1.940492e+07 	
1.92951476e+06 	 2.534935e-05 	 1.939852e+07 	
1.92976488e+06 	 2.531838e-05 	 1.939213e+07 	
1.93001501e+06 	 2.528743e-05 	 1.938574e+07 	
1.93026513e+06 	 2.525652e-05 	 1.937935e+07 	
1.93051526e+06 	 2.522564e-05 	 1.937297e+07 	
1.93076538e+06 	 2.519478e-05 	 1.936658e+07 	
1.93101551e+06 	 2.516395e-05 	 1.936020e+07 	
1.93126563e+06 	 2.513316e-05 	 1.935382e+07 	
1.93151576e+06 	 2.510239e-05 	 1.934744e+07 	
1.93176588e+06 	 2.507165e-05 	 1.934107e+07 	
1.93201601e+06 	 2.504094e-05 	 1.933470e+07 	
1.93226613e+06 	 2.501026e-05 	 1.932833e+07 	
1.93251626e+06 	 2.497961e-05 	 1.932196e+07 	
1.93276638e+06 	 2.494898e-05 	 1.931560e+07 	
1.93301651e+06 	 2.491839e-05 	 1.930923e+07 	
1.93326663e+06 	 2.488782e-05 	 1.930287e+07 	
1.93351676e+06 	 2.485729e-05 	 1.929652e+07 	
1.93376688e+06 	 2.482678e-05 	 1.929016e+07 	
1.93401701e+06 	 2.479630e-05 	 1.928381e+07 	
1.93426713e+06 	 2.476585e-05 	 1.927745e+07 	
1.93451726e+06 	 2.473543e-05 	 1.927111e+07 	
1.93476738e+06 	 2.470503e-05 	 1.926476e+07 	
1.93501751e+06 	 2.467467e-05 	 1.925841e+07 	
1.93526763e+06 	 2.464433e-05 	 1.925207e+07 	
1.93551776e+06 	 2.461402e-05 	 1.924573e+07 	
1.93576788e+06 	 2.458374e-05 	 1.923940e+07 	
1.93601801e+06 	 2.455349e-05 	 1.923306e+07 	
1.93626813e+06 	 2.452327e-05 	 1.922673e+07 	
1.93651826e+06 	 2.449307e-05 	 1.922040e+07 	
1.93676838e+06 	 2.446291e-05 	 1.921407e+07 	
1.93701851e+06 	 2.443277e-05 	 1.920774e+07 	
1.93726863e+06 	 2.440266e-05 	 1.920142e+07 	
1.93751876e+06 	 2.437257e-05 	 1.919510e+07 	
1.93776888e+06 	 2.434252e-05 	 1.918878e+07 	
1.93801901e+06 	 2.431250e-05 	 1.918246e+07 	
1.93826913e+06 	 2.428250e-05 	 1.917615e+07 	
1.93851926e+06 	 2.425253e-05 	 1.916983e+07 	
1.93876938e+06 	 2.422259e-05 	 1.916352e+07 	
1.93901951e+06 	 2.419267e-05 	 1.915721e+07 	
1.93926963e+06 	 2.416279e-05 	 1.915091e+07 	
1.93951976e+06 	 2.413293e-05 	 1.914461e+07 	
1.93976988e+06 	 2.410310e-05 	 1.913830e+07 	
1.94002001e+06 	 2.407330e-05 	 1.913201e+07 	
1.94027014e+06 	 2.404352e-05 	 1.912571e+07 	
1.94052026e+06 	 2.401378e-05 	 1.911942e+07 	
1.94077039e+06 	 2.398406e-05 	 1.911312e+07 	
1.94102051e+06 	 2.395436e-05 	 1.910683e+07 	
1.94127064e+06 	 2.392470e-05 	 1.910055e+07 	
1.94152076e+06 	 2.389506e-05 	 1.909426e+07 	
1.94177089e+06 	 2.386546e-05 	 1.908798e+07 	
1.94202101e+06 	 2.383588e-05 	 1.908170e+07 	
1.94227114e+06 	 2.380632e-05 	 1.907542e+07 	
1.94252126e+06 	 2.377680e-05 	 1.906914e+07 	
1.94277139e+06 	 2.374730e-05 	 1.906287e+07 	
1.94302151e+06 	 2.371783e-05 	 1.905660e+07 	
1.94327164e+06 	 2.368838e-05 	 1.905033e+07 	
1.94352176e+06 	 2.365897e-05 	 1.904406e+07 	
1.94377189e+06 	 2.362958e-05 	 1.903780e+07 	
1.94402201e+06 	 2.360021e-05 	 1.903153e+07 	
1.94427214e+06 	 2.357088e-05 	 1.902527e+07 	
1.94452226e+06 	 2.354157e-05 	 1.901901e+07 	
1.94477239e+06 	 2.351229e-05 	 1.901276e+07 	
1.94502251e+06 	 2.348304e-05 	 1.900651e+07 	
1.94527264e+06 	 2.345381e-05 	 1.900025e+07 	
1.94552276e+06 	 2.342461e-05 	 1.899400e+07 	
1.94577289e+06 	 2.339544e-05 	 1.898776e+07 	
1.94602301e+06 	 2.336630e-05 	 1.898151e+07 	
1.94627314e+06 	 2.333718e-05 	 1.897527e+07 	
1.94652326e+06 	 2.330809e-05 	 1.896903e+07 	
1.94677339e+06 	 2.327902e-05 	 1.896279e+07 	
1.94702351e+06 	 2.324999e-05 	 1.895656e+07 	
1.94727364e+06 	 2.322098e-05 	 1.895032e+07 	
1.94752376e+06 	 2.319199e-05 	 1.894409e+07 	
1.94777389e+06 	 2.316304e-05 	 1.893786e+07 	
1.94802401e+06 	 2.313410e-05 	 1.893164e+07 	
1.94827414e+06 	 2.310520e-05 	 1.892541e+07 	
1.94852426e+06 	 2.307632e-05 	 1.891919e+07 	
1.94877439e+06 	 2.304747e-05 	 1.891297e+07 	
1.94902451e+06 	 2.301865e-05 	 1.890675e+07 	
1.94927464e+06 	 2.298985e-05 	 1.890054e+07 	
1.94952476e+06 	 2.296108e-05 	 1.889432e+07 	
1.94977489e+06 	 2.293234e-05 	 1.888811e+07 	
1.95002501e+06 	 2.290362e-05 	 1.888190e+07 	
1.95027514e+06 	 2.287493e-05 	 1.887570e+07 	
1.95052526e+06 	 2.284627e-05 	 1.886949e+07 	
1.95077539e+06 	 2.281763e-05 	 1.886329e+07 	
1.95102551e+06 	 2.278901e-05 	 1.885709e+07 	
1.95127564e+06 	 2.276043e-05 	 1.885089e+07 	
1.95152576e+06 	 2.273187e-05 	 1.884470e+07 	
1.95177589e+06 	 2.270334e-05 	 1.883850e+07 	
1.95202601e+06 	 2.267483e-05 	 1.883231e+07 	
1.95227614e+06 	 2.264635e-05 	 1.882612e+07 	
1.95252626e+06 	 2.261789e-05 	 1.881994e+07 	
1.95277639e+06 	 2.258946e-05 	 1.881375e+07 	
1.95302651e+06 	 2.256106e-05 	 1.880757e+07 	
1.95327664e+06 	 2.253268e-05 	 1.880139e+07 	
1.95352676e+06 	 2.250433e-05 	 1.879521e+07 	
1.95377689e+06 	 2.247601e-05 	 1.878904e+07 	
1.95402701e+06 	 2.244771e-05 	 1.878286e+07 	
1.95427714e+06 	 2.241944e-05 	 1.877669e+07 	
1.95452726e+06 	 2.239119e-05 	 1.877052e+07 	
1.95477739e+06 	 2.236297e-05 	 1.876436e+07 	
1.95502751e+06 	 2.233477e-05 	 1.875819e+07 	
1.95527764e+06 	 2.230660e-05 	 1.875203e+07 	
1.95552776e+06 	 2.227846e-05 	 1.874587e+07 	
1.95577789e+06 	 2.225034e-05 	 1.873971e+07 	
1.95602801e+06 	 2.222225e-05 	 1.873356e+07 	
1.95627814e+06 	 2.219418e-05 	 1.872740e+07 	
1.95652826e+06 	 2.216614e-05 	 1.872125e+07 	
1.95677839e+06 	 2.213812e-05 	 1.871510e+07 	
1.95702851e+06 	 2.211013e-05 	 1.870896e+07 	
1.95727864e+06 	 2.208217e-05 	 1.870281e+07 	
1.95752876e+06 	 2.205423e-05 	 1.869667e+07 	
1.95777889e+06 	 2.202631e-05 	 1.869053e+07 	
1.95802901e+06 	 2.199842e-05 	 1.868439e+07 	
1.95827914e+06 	 2.197056e-05 	 1.867826e+07 	
1.95852926e+06 	 2.194272e-05 	 1.867212e+07 	
1.95877939e+06 	 2.191491e-05 	 1.866599e+07 	
1.95902951e+06 	 2.188712e-05 	 1.865986e+07 	
1.95927964e+06 	 2.185936e-05 	 1.865373e+07 	
1.95952976e+06 	 2.183162e-05 	 1.864761e+07 	
1.95977989e+06 	 2.180391e-05 	 1.864149e+07 	
1.96003002e+06 	 2.177622e-05 	 1.863537e+07 	
1.96028014e+06 	 2.174856e-05 	 1.862925e+07 	
1.96053027e+06 	 2.172092e-05 	 1.862313e+07 	
1.96078039e+06 	 2.169331e-05 	 1.861702e+07 	
1.96103052e+06 	 2.166572e-05 	 1.861091e+07 	
1.96128064e+06 	 2.163816e-05 	 1.860480e+07 	
1.96153077e+06 	 2.161062e-05 	 1.859869e+07 	
1.96178089e+06 	 2.158311e-05 	 1.859258e+07 	
1.96203102e+06 	 2.155562e-05 	 1.858648e+07 	
1.96228114e+06 	 2.152816e-05 	 1.858038e+07 	
1.96253127e+06 	 2.150072e-05 	 1.857428e+07 	
1.96278139e+06 	 2.147331e-05 	 1.856818e+07 	
1.96303152e+06 	 2.144592e-05 	 1.856209e+07 	
1.96328164e+06 	 2.141856e-05 	 1.855600e+07 	
1.96353177e+06 	 2.139122e-05 	 1.854991e+07 	
1.96378189e+06 	 2.136390e-05 	 1.854382e+07 	
1.96403202e+06 	 2.133661e-05 	 1.853773e+07 	
1.96428214e+06 	 2.130935e-05 	 1.853165e+07 	
1.96453227e+06 	 2.128210e-05 	 1.852557e+07 	
1.96478239e+06 	 2.125489e-05 	 1.851949e+07 	
1.96503252e+06 	 2.122770e-05 	 1.851341e+07 	
1.96528264e+06 	 2.120053e-05 	 1.850734e+07 	
1.96553277e+06 	 2.117338e-05 	 1.850127e+07 	
1.96578289e+06 	 2.114626e-05 	 1.849520e+07 	
1.96603302e+06 	 2.111917e-05 	 1.848913e+07 	
1.96628314e+06 	 2.109210e-05 	 1.848306e+07 	
1.96653327e+06 	 2.106505e-05 	 1.847700e+07 	
1.96678339e+06 	 2.103803e-05 	 1.847094e+07 	
1.96703352e+06 	 2.101103e-05 	 1.846488e+07 	
1.96728364e+06 	 2.098406e-05 	 1.845882e+07 	
1.96753377e+06 	 2.095711e-05 	 1.845276e+07 	
1.96778389e+06 	 2.093018e-05 	 1.844671e+07 	
1.96803402e+06 	 2.090328e-05 	 1.844066e+07 	
1.96828414e+06 	 2.087641e-05 	 1.843461e+07 	
1.96853427e+06 	 2.084955e-05 	 1.842856e+07 	
1.96878439e+06 	 2.082272e-05 	 1.842252e+07 	
1.96903452e+06 	 2.079592e-05 	 1.841648e+07 	
1.96928464e+06 	 2.076914e-05 	 1.841044e+07 	
1.96953477e+06 	 2.074238e-05 	 1.840440e+07 	
1.96978489e+06 	 2.071565e-05 	 1.839836e+07 	
1.97003502e+06 	 2.068894e-05 	 1.839233e+07 	
1.97028514e+06 	 2.066225e-05 	 1.838630e+07 	
1.97053527e+06 	 2.063559e-05 	 1.838027e+07 	
1.97078539e+06 	 2.060895e-05 	 1.837424e+07 	
1.97103552e+06 	 2.058233e-05 	 1.836822e+07 	
1.97128564e+06 	 2.055678e-05 	 1.836217e+07 	
1.97153577e+06 	 2.053023e-05 	 1.835615e+07 	
1.97178589e+06 	 2.050370e-05 	 1.835013e+07 	
1.97203602e+06 	 2.047719e-05 	 1.834411e+07 	
1.97228614e+06 	 2.045071e-05 	 1.833810e+07 	
1.97253627e+06 	 2.042425e-05 	 1.833209e+07 	
1.97278639e+06 	 2.039782e-05 	 1.832608e+07 	
1.97303652e+06 	 2.037141e-05 	 1.832007e+07 	
1.97328664e+06 	 2.034502e-05 	 1.831406e+07 	
1.97353677e+06 	 2.031866e-05 	 1.830806e+07 	
1.97378689e+06 	 2.029232e-05 	 1.830206e+07 	
1.97403702e+06 	 2.026600e-05 	 1.829606e+07 	
1.97428714e+06 	 2.023971e-05 	 1.829006e+07 	
1.97453727e+06 	 2.021344e-05 	 1.828406e+07 	
1.97478739e+06 	 2.018719e-05 	 1.827807e+07 	
1.97503752e+06 	 2.016097e-05 	 1.827208e+07 	
1.97528764e+06 	 2.013477e-05 	 1.826609e+07 	
1.97553777e+06 	 2.010860e-05 	 1.826010e+07 	
1.97578789e+06 	 2.008244e-05 	 1.825412e+07 	
1.97603802e+06 	 2.005632e-05 	 1.824813e+07 	
1.97628814e+06 	 2.003021e-05 	 1.824215e+07 	
1.97653827e+06 	 2.000413e-05 	 1.823618e+07 	
1.97678839e+06 	 1.997807e-05 	 1.823020e+07 	
1.97703852e+06 	 1.995203e-05 	 1.822422e+07 	
1.97728864e+06 	 1.992602e-05 	 1.821825e+07 	
1.97753877e+06 	 1.990003e-05 	 1.821228e+07 	
1.97778889e+06 	 1.987406e-05 	 1.820631e+07 	
1.97803902e+06 	 1.984812e-05 	 1.820035e+07 	
1.97828914e+06 	 1.982220e-05 	 1.819438e+07 	
1.97853927e+06 	 1.979630e-05 	 1.818842e+07 	
1.97878939e+06 	 1.977043e-05 	 1.818246e+07 	
1.97903952e+06 	 1.974458e-05 	 1.817651e+07 	
1.97928964e+06 	 1.971875e-05 	 1.817055e+07 	
1.97953977e+06 	 1.969294e-05 	 1.816460e+07 	
1.97978989e+06 	 1.966716e-05 	 1.815865e+07 	
1.98004002e+06 	 1.964140e-05 	 1.815270e+07 	
1.98029015e+06 	 1.961566e-05 	 1.814675e+07 	
1.98054027e+06 	 1.958995e-05 	 1.814081e+07 	
1.98079040e+06 	 1.956426e-05 	 1.813486e+07 	
1.98104052e+06 	 1.953859e-05 	 1.812892e+07 	
1.98129065e+06 	 1.951294e-05 	 1.812298e+07 	
1.98154077e+06 	 1.948732e-05 	 1.811705e+07 	
1.98179090e+06 	 1.946172e-05 	 1.811111e+07 	
1.98204102e+06 	 1.943614e-05 	 1.810518e+07 	
1.98229115e+06 	 1.941059e-05 	 1.809925e+07 	
1.98254127e+06 	 1.938408e-05 	 1.809334e+07 	
1.98279140e+06 	 1.935855e-05 	 1.808742e+07 	
1.98304152e+06 	 1.933305e-05 	 1.808150e+07 	
1.98329165e+06 	 1.930757e-05 	 1.807557e+07 	
1.98354177e+06 	 1.928212e-05 	 1.806965e+07 	
1.98379190e+06 	 1.925668e-05 	 1.806374e+07 	
1.98404202e+06 	 1.923127e-05 	 1.805782e+07 	
1.98429215e+06 	 1.920588e-05 	 1.805191e+07 	
1.98454227e+06 	 1.918051e-05 	 1.804600e+07 	
1.98479240e+06 	 1.915517e-05 	 1.804009e+07 	
1.98504252e+06 	 1.912984e-05 	 1.803418e+07 	
1.98529265e+06 	 1.910454e-05 	 1.802828e+07 	
1.98554277e+06 	 1.907926e-05 	 1.802238e+07 	
1.98579290e+06 	 1.905400e-05 	 1.801648e+07 	
1.98604302e+06 	 1.902877e-05 	 1.801058e+07 	
1.98629315e+06 	 1.900356e-05 	 1.800468e+07 	
1.98654327e+06 	 1.897836e-05 	 1.799879e+07 	
1.98679340e+06 	 1.895320e-05 	 1.799289e+07 	
1.98704352e+06 	 1.892805e-05 	 1.798701e+07 	
1.98729365e+06 	 1.890292e-05 	 1.798112e+07 	
1.98754377e+06 	 1.887782e-05 	 1.797523e+07 	
1.98779390e+06 	 1.885274e-05 	 1.796935e+07 	
1.98804402e+06 	 1.882768e-05 	 1.796347e+07 	
1.98829415e+06 	 1.880264e-05 	 1.795759e+07 	
1.98854427e+06 	 1.877762e-05 	 1.795171e+07 	
1.98879440e+06 	 1.875263e-05 	 1.794583e+07 	
1.98904452e+06 	 1.872765e-05 	 1.793996e+07 	
1.98929465e+06 	 1.870270e-05 	 1.793409e+07 	
1.98954477e+06 	 1.867777e-05 	 1.792822e+07 	
1.98979490e+06 	 1.865286e-05 	 1.792235e+07 	
1.99004502e+06 	 1.862798e-05 	 1.791649e+07 	
1.99029515e+06 	 1.860311e-05 	 1.791063e+07 	
1.99054527e+06 	 1.857827e-05 	 1.790476e+07 	
1.99079540e+06 	 1.855344e-05 	 1.789891e+07 	
1.99104552e+06 	 1.852864e-05 	 1.789305e+07 	
1.99129565e+06 	 1.850386e-05 	 1.788719e+07 	
1.99154577e+06 	 1.847911e-05 	 1.788134e+07 	
1.99179590e+06 	 1.845437e-05 	 1.787549e+07 	
1.99204602e+06 	 1.842965e-05 	 1.786964e+07 	
1.99229615e+06 	 1.840496e-05 	 1.786380e+07 	
1.99254627e+06 	 1.838029e-05 	 1.785795e+07 	
1.99279640e+06 	 1.835564e-05 	 1.785211e+07 	
1.99304652e+06 	 1.833101e-05 	 1.784627e+07 	
1.99329665e+06 	 1.830640e-05 	 1.784043e+07 	
1.99354677e+06 	 1.828090e-05 	 1.783462e+07 	
1.99379690e+06 	 1.825632e-05 	 1.782878e+07 	
1.99404702e+06 	 1.823176e-05 	 1.782295e+07 	
1.99429715e+06 	 1.820722e-05 	 1.781712e+07 	
1.99454727e+06 	 1.818270e-05 	 1.781129e+07 	
1.99479740e+06 	 1.815821e-05 	 1.780547e+07 	
1.99504752e+06 	 1.813373e-05 	 1.779964e+07 	
1.99529765e+06 	 1.810928e-05 	 1.779382e+07 	
1.99554777e+06 	 1.808484e-05 	 1.778800e+07 	
1.99579790e+06 	 1.806043e-05 	 1.778219e+07 	
1.99604802e+06 	 1.803604e-05 	 1.777637e+07 	
1.99629815e+06 	 1.801167e-05 	 1.777056e+07 	
1.99654827e+06 	 1.798732e-05 	 1.776475e+07 	
1.99679840e+06 	 1.796299e-05 	 1.775894e+07 	
1.99704852e+06 	 1.793868e-05 	 1.775313e+07 	
1.99729865e+06 	 1.791439e-05 	 1.774733e+07 	
1.99754877e+06 	 1.789012e-05 	 1.774152e+07 	
1.99779890e+06 	 1.786587e-05 	 1.773572e+07 	
1.99804902e+06 	 1.784165e-05 	 1.772992e+07 	
1.99829915e+06 	 1.781744e-05 	 1.772413e+07 	
1.99854927e+06 	 1.779325e-05 	 1.771833e+07 	
1.99879940e+06 	 1.776909e-05 	 1.771254e+07 	
1.99904952e+06 	 1.774494e-05 	 1.770675e+07 	
1.99929965e+06 	 1.772081e-05 	 1.770096e+07 	
1.99954977e+06 	 1.769671e-05 	 1.769518e+07 	
1.99979990e+06 	 1.767262e-05 	 1.768939e+07 	
2.00005003e+06 	 1.764856e-05 	 1.768361e+07 	
2.00030015e+06 	 1.762452e-05 	 1.767783e+07 	
2.00055028e+06 	 1.760049e-05 	 1.767205e+07 	
2.00080040e+06 	 1.757649e-05 	 1.766627e+07 	
2.00105053e+06 	 1.755250e-05 	 1.766050e+07 	
2.00130065e+06 	 1.752854e-05 	 1.765473e+07 	
2.00155078e+06 	 1.750460e-05 	 1.764896e+07 	
2.00180090e+06 	 1.748067e-05 	 1.764319e+07 	
2.00205103e+06 	 1.745677e-05 	 1.763742e+07 	
2.00230115e+06 	 1.743289e-05 	 1.763166e+07 	
2.00255128e+06 	 1.740902e-05 	 1.762590e+07 	
2.00280140e+06 	 1.738518e-05 	 1.762014e+07 	
2.00305153e+06 	 1.736136e-05 	 1.761438e+07 	
2.00330165e+06 	 1.733755e-05 	 1.760863e+07 	
2.00355178e+06 	 1.731377e-05 	 1.760287e+07 	
2.00380190e+06 	 1.729000e-05 	 1.759712e+07 	
2.00405203e+06 	 1.726626e-05 	 1.759137e+07 	
2.00430215e+06 	 1.724253e-05 	 1.758562e+07 	
2.00455228e+06 	 1.721883e-05 	 1.757988e+07 	
2.00480240e+06 	 1.719600e-05 	 1.757411e+07 	
2.00505253e+06 	 1.717235e-05 	 1.756837e+07 	
2.00530265e+06 	 1.714872e-05 	 1.756263e+07 	
2.00555278e+06 	 1.712510e-05 	 1.755690e+07 	
2.00580290e+06 	 1.710151e-05 	 1.755116e+07 	
2.00605303e+06 	 1.707793e-05 	 1.754543e+07 	
2.00630315e+06 	 1.705438e-05 	 1.753969e+07 	
2.00655328e+06 	 1.703084e-05 	 1.753396e+07 	
2.00680340e+06 	 1.700733e-05 	 1.752824e+07 	
2.00705353e+06 	 1.698383e-05 	 1.752251e+07 	
2.00730365e+06 	 1.696036e-05 	 1.751679e+07 	
2.00755378e+06 	 1.693690e-05 	 1.751107e+07 	
2.00780390e+06 	 1.691346e-05 	 1.750535e+07 	
2.00805403e+06 	 1.689005e-05 	 1.749963e+07 	
2.00830415e+06 	 1.686665e-05 	 1.749391e+07 	
2.00855428e+06 	 1.684327e-05 	 1.748820e+07 	
2.00880440e+06 	 1.681991e-05 	 1.748249e+07 	
2.00905453e+06 	 1.679657e-05 	 1.747678e+07 	
2.00930465e+06 	 1.677325e-05 	 1.747107e+07 	
2.00955478e+06 	 1.674995e-05 	 1.746537e+07 	
2.00980490e+06 	 1.672667e-05 	 1.745966e+07 	
2.01005503e+06 	 1.670341e-05 	 1.745396e+07 	
2.01030515e+06 	 1.668016e-05 	 1.744826e+07 	
2.01055528e+06 	 1.665694e-05 	 1.744256e+07 	
2.01080540e+06 	 1.663373e-05 	 1.743687e+07 	
2.01105553e+06 	 1.661055e-05 	 1.743118e+07 	
2.01130565e+06 	 1.658738e-05 	 1.742548e+07 	
2.01155578e+06 	 1.656424e-05 	 1.741980e+07 	
2.01180590e+06 	 1.654111e-05 	 1.741411e+07 	
2.01205603e+06 	 1.651800e-05 	 1.740842e+07 	
2.01230615e+06 	 1.649491e-05 	 1.740274e+07 	
2.01255628e+06 	 1.647184e-05 	 1.739706e+07 	
2.01280640e+06 	 1.644879e-05 	 1.739138e+07 	
2.01305653e+06 	 1.642575e-05 	 1.738570e+07 	
2.01330665e+06 	 1.640274e-05 	 1.738003e+07 	
2.01355678e+06 	 1.637975e-05 	 1.737435e+07 	
2.01380690e+06 	 1.635677e-05 	 1.736868e+07 	
2.01405703e+06 	 1.633381e-05 	 1.736301e+07 	
2.01430715e+06 	 1.631088e-05 	 1.735734e+07 	
2.01455728e+06 	 1.628796e-05 	 1.735168e+07 	
2.01480740e+06 	 1.626506e-05 	 1.734602e+07 	
2.01505753e+06 	 1.624217e-05 	 1.734035e+07 	
2.01530765e+06 	 1.621931e-05 	 1.733469e+07 	
2.01555778e+06 	 1.619647e-05 	 1.732904e+07 	
2.01580790e+06 	 1.617364e-05 	 1.732338e+07 	
2.01605803e+06 	 1.615084e-05 	 1.731773e+07 	
2.01630815e+06 	 1.612723e-05 	 1.731210e+07 	
2.01655828e+06 	 1.610445e-05 	 1.730645e+07 	
2.01680840e+06 	 1.608169e-05 	 1.730080e+07 	
2.01705853e+06 	 1.605895e-05 	 1.729516e+07 	
2.01730865e+06 	 1.603622e-05 	 1.728951e+07 	
2.01755878e+06 	 1.601351e-05 	 1.728387e+07 	
2.01780890e+06 	 1.599082e-05 	 1.727823e+07 	
2.01805903e+06 	 1.596815e-05 	 1.727260e+07 	
2.01830915e+06 	 1.594550e-05 	 1.726696e+07 	
2.01855928e+06 	 1.592287e-05 	 1.726133e+07 	
2.01880940e+06 	 1.590025e-05 	 1.725570e+07 	
2.01905953e+06 	 1.587765e-05 	 1.725007e+07 	
2.01930965e+06 	 1.585508e-05 	 1.724444e+07 	
2.01955978e+06 	 1.583251e-05 	 1.723881e+07 	
2.01980990e+06 	 1.580997e-05 	 1.723319e+07 	
2.02006003e+06 	 1.578745e-05 	 1.722757e+07 	
2.02031016e+06 	 1.576494e-05 	 1.722195e+07 	
2.02056028e+06 	 1.574245e-05 	 1.721633e+07 	
2.02081041e+06 	 1.571998e-05 	 1.721072e+07 	
2.02106053e+06 	 1.569753e-05 	 1.720510e+07 	
2.02131066e+06 	 1.567509e-05 	 1.719949e+07 	
2.02156078e+06 	 1.565268e-05 	 1.719388e+07 	
2.02181091e+06 	 1.563028e-05 	 1.718828e+07 	
2.02206103e+06 	 1.560790e-05 	 1.718267e+07 	
2.02231116e+06 	 1.558553e-05 	 1.717707e+07 	
2.02256128e+06 	 1.556319e-05 	 1.717147e+07 	
2.02281141e+06 	 1.554086e-05 	 1.716587e+07 	
2.02306153e+06 	 1.551855e-05 	 1.716027e+07 	
2.02331166e+06 	 1.549626e-05 	 1.715467e+07 	
2.02356178e+06 	 1.547399e-05 	 1.714908e+07 	
2.02381191e+06 	 1.545173e-05 	 1.714349e+07 	
2.02406203e+06 	 1.542949e-05 	 1.713790e+07 	
2.02431216e+06 	 1.540727e-05 	 1.713231e+07 	
2.02456228e+06 	 1.538507e-05 	 1.712673e+07 	
2.02481241e+06 	 1.536288e-05 	 1.712114e+07 	
2.02506253e+06 	 1.534071e-05 	 1.711556e+07 	
2.02531266e+06 	 1.531856e-05 	 1.710998e+07 	
2.02556278e+06 	 1.529643e-05 	 1.710440e+07 	
2.02581291e+06 	 1.527431e-05 	 1.709883e+07 	
2.02606303e+06 	 1.525221e-05 	 1.709325e+07 	
2.02631316e+06 	 1.523013e-05 	 1.708768e+07 	
2.02656328e+06 	 1.520807e-05 	 1.708211e+07 	
2.02681341e+06 	 1.518602e-05 	 1.707654e+07 	
2.02706353e+06 	 1.516399e-05 	 1.707098e+07 	
2.02731366e+06 	 1.514198e-05 	 1.706541e+07 	
2.02756378e+06 	 1.512075e-05 	 1.705983e+07 	
2.02781391e+06 	 1.509878e-05 	 1.705427e+07 	
2.02806403e+06 	 1.507683e-05 	 1.704871e+07 	
2.02831416e+06 	 1.505490e-05 	 1.704316e+07 	
2.02856428e+06 	 1.503299e-05 	 1.703760e+07 	
2.02881441e+06 	 1.501109e-05 	 1.703205e+07 	
2.02906453e+06 	 1.498921e-05 	 1.702650e+07 	
2.02931466e+06 	 1.496735e-05 	 1.702095e+07 	
2.02956478e+06 	 1.494550e-05 	 1.701541e+07 	
2.02981491e+06 	 1.492367e-05 	 1.700986e+07 	
2.03006503e+06 	 1.490186e-05 	 1.700432e+07 	
2.03031516e+06 	 1.488007e-05 	 1.699878e+07 	
2.03056528e+06 	 1.485829e-05 	 1.699324e+07 	
2.03081541e+06 	 1.483653e-05 	 1.698770e+07 	
2.03106553e+06 	 1.481479e-05 	 1.698217e+07 	
2.03131566e+06 	 1.479306e-05 	 1.697663e+07 	
2.03156578e+06 	 1.477136e-05 	 1.697110e+07 	
2.03181591e+06 	 1.474967e-05 	 1.696557e+07 	
2.03206603e+06 	 1.472799e-05 	 1.696005e+07 	
2.03231616e+06 	 1.470633e-05 	 1.695452e+07 	
2.03256628e+06 	 1.468469e-05 	 1.694900e+07 	
2.03281641e+06 	 1.466307e-05 	 1.694348e+07 	
2.03306653e+06 	 1.464146e-05 	 1.693796e+07 	
2.03331666e+06 	 1.461987e-05 	 1.693244e+07 	
2.03356678e+06 	 1.459830e-05 	 1.692693e+07 	
2.03381691e+06 	 1.457675e-05 	 1.692141e+07 	
2.03406703e+06 	 1.455521e-05 	 1.691590e+07 	
2.03431716e+06 	 1.453368e-05 	 1.691039e+07 	
2.03456728e+06 	 1.451218e-05 	 1.690488e+07 	
2.03481741e+06 	 1.449069e-05 	 1.689938e+07 	
2.03506753e+06 	 1.446922e-05 	 1.689387e+07 	
2.03531766e+06 	 1.444776e-05 	 1.688837e+07 	
2.03556778e+06 	 1.442632e-05 	 1.688287e+07 	
2.03581791e+06 	 1.440490e-05 	 1.687738e+07 	
2.03606803e+06 	 1.438349e-05 	 1.687188e+07 	
2.03631816e+06 	 1.436210e-05 	 1.686639e+07 	
2.03656828e+06 	 1.434073e-05 	 1.686089e+07 	
2.03681841e+06 	 1.431938e-05 	 1.685540e+07 	
2.03706853e+06 	 1.429804e-05 	 1.684992e+07 	
2.03731866e+06 	 1.427671e-05 	 1.684443e+07 	
2.03756878e+06 	 1.425541e-05 	 1.683894e+07 	
2.03781891e+06 	 1.423412e-05 	 1.683346e+07 	
2.03806903e+06 	 1.421284e-05 	 1.682798e+07 	
2.03831916e+06 	 1.419158e-05 	 1.682250e+07 	
2.03856928e+06 	 1.417034e-05 	 1.681703e+07 	
2.03881941e+06 	 1.414912e-05 	 1.681155e+07 	
2.03906953e+06 	 1.412720e-05 	 1.680610e+07 	
2.03931966e+06 	 1.410600e-05 	 1.680063e+07 	
2.03956978e+06 	 1.408481e-05 	 1.679516e+07 	
2.03981991e+06 	 1.406364e-05 	 1.678969e+07 	
2.04007004e+06 	 1.404249e-05 	 1.678423e+07 	
2.04032016e+06 	 1.402135e-05 	 1.677877e+07 	
2.04057029e+06 	 1.400023e-05 	 1.677331e+07 	
2.04082041e+06 	 1.397912e-05 	 1.676785e+07 	
2.04107054e+06 	 1.395803e-05 	 1.676239e+07 	
2.04132066e+06 	 1.393696e-05 	 1.675693e+07 	
2.04157079e+06 	 1.391590e-05 	 1.675148e+07 	
2.04182091e+06 	 1.389486e-05 	 1.674603e+07 	
2.04207104e+06 	 1.387383e-05 	 1.674058e+07 	
2.04232116e+06 	 1.385282e-05 	 1.673513e+07 	
2.04257129e+06 	 1.383183e-05 	 1.672969e+07 	
2.04282141e+06 	 1.381085e-05 	 1.672425e+07 	
2.04307154e+06 	 1.378989e-05 	 1.671880e+07 	
2.04332166e+06 	 1.376894e-05 	 1.671336e+07 	
2.04357179e+06 	 1.374801e-05 	 1.670793e+07 	
2.04382191e+06 	 1.372710e-05 	 1.670249e+07 	
2.04407204e+06 	 1.370620e-05 	 1.669706e+07 	
2.04432216e+06 	 1.368531e-05 	 1.669163e+07 	
2.04457229e+06 	 1.366444e-05 	 1.668620e+07 	
2.04482241e+06 	 1.364359e-05 	 1.668077e+07 	
2.04507254e+06 	 1.362275e-05 	 1.667534e+07 	
2.04532266e+06 	 1.360193e-05 	 1.666992e+07 	
2.04557279e+06 	 1.358113e-05 	 1.666449e+07 	
2.04582291e+06 	 1.356033e-05 	 1.665907e+07 	
2.04607304e+06 	 1.353956e-05 	 1.665366e+07 	
2.04632316e+06 	 1.351880e-05 	 1.664824e+07 	
2.04657329e+06 	 1.349806e-05 	 1.664283e+07 	
2.04682341e+06 	 1.347733e-05 	 1.663741e+07 	
2.04707354e+06 	 1.345661e-05 	 1.663200e+07 	
2.04732366e+06 	 1.343591e-05 	 1.662659e+07 	
2.04757379e+06 	 1.341523e-05 	 1.662119e+07 	
2.04782391e+06 	 1.339456e-05 	 1.661578e+07 	
2.04807404e+06 	 1.337391e-05 	 1.661038e+07 	
2.04832416e+06 	 1.335327e-05 	 1.660498e+07 	
2.04857429e+06 	 1.333265e-05 	 1.659958e+07 	
2.04882441e+06 	 1.331205e-05 	 1.659418e+07 	
2.04907454e+06 	 1.329145e-05 	 1.658879e+07 	
2.04932466e+06 	 1.327088e-05 	 1.658339e+07 	
2.04957479e+06 	 1.325032e-05 	 1.657800e+07 	
2.04982491e+06 	 1.322977e-05 	 1.657261e+07 	
2.05007504e+06 	 1.320924e-05 	 1.656722e+07 	
2.05032516e+06 	 1.318872e-05 	 1.656184e+07 	
2.05057529e+06 	 1.316756e-05 	 1.655647e+07 	
2.05082541e+06 	 1.314706e-05 	 1.655109e+07 	
2.05107554e+06 	 1.312658e-05 	 1.654571e+07 	
2.05132566e+06 	 1.310612e-05 	 1.654033e+07 	
2.05157579e+06 	 1.308567e-05 	 1.653496e+07 	
2.05182591e+06 	 1.306523e-05 	 1.652958e+07 	
2.05207604e+06 	 1.304481e-05 	 1.652421e+07 	
2.05232616e+06 	 1.302440e-05 	 1.651884e+07 	
2.05257629e+06 	 1.300401e-05 	 1.651347e+07 	
2.05282641e+06 	 1.298364e-05 	 1.650811e+07 	
2.05307654e+06 	 1.296327e-05 	 1.650274e+07 	
2.05332666e+06 	 1.294293e-05 	 1.649738e+07 	
2.05357679e+06 	 1.292259e-05 	 1.649202e+07 	
2.05382691e+06 	 1.290227e-05 	 1.648666e+07 	
2.05407704e+06 	 1.288197e-05 	 1.648130e+07 	
2.05432716e+06 	 1.286168e-05 	 1.647595e+07 	
2.05457729e+06 	 1.284141e-05 	 1.647060e+07 	
2.05482741e+06 	 1.282115e-05 	 1.646525e+07 	
2.05507754e+06 	 1.280090e-05 	 1.645990e+07 	
2.05532766e+06 	 1.278067e-05 	 1.645455e+07 	
2.05557779e+06 	 1.276045e-05 	 1.644920e+07 	
2.05582791e+06 	 1.274025e-05 	 1.644386e+07 	
2.05607804e+06 	 1.272006e-05 	 1.643852e+07 	
2.05632816e+06 	 1.269988e-05 	 1.643318e+07 	
2.05657829e+06 	 1.267972e-05 	 1.642784e+07 	
2.05682841e+06 	 1.265958e-05 	 1.642251e+07 	
2.05707854e+06 	 1.263945e-05 	 1.641717e+07 	
2.05732866e+06 	 1.261933e-05 	 1.641184e+07 	
2.05757879e+06 	 1.259923e-05 	 1.640651e+07 	
2.05782891e+06 	 1.257914e-05 	 1.640118e+07 	
2.05807904e+06 	 1.255906e-05 	 1.639586e+07 	
2.05832916e+06 	 1.253900e-05 	 1.639053e+07 	
2.05857929e+06 	 1.251895e-05 	 1.638521e+07 	
2.05882941e+06 	 1.249892e-05 	 1.637989e+07 	
2.05907954e+06 	 1.247890e-05 	 1.637457e+07 	
2.05932966e+06 	 1.245890e-05 	 1.636925e+07 	
2.05957979e+06 	 1.243891e-05 	 1.636394e+07 	
2.05982991e+06 	 1.241893e-05 	 1.635863e+07 	
2.06008004e+06 	 1.239897e-05 	 1.635332e+07 	
2.06033017e+06 	 1.237902e-05 	 1.634801e+07 	
2.06058029e+06 	 1.235908e-05 	 1.634270e+07 	
2.06083042e+06 	 1.233916e-05 	 1.633740e+07 	
2.06108054e+06 	 1.231925e-05 	 1.633209e+07 	
2.06133067e+06 	 1.229936e-05 	 1.632679e+07 	
2.06158079e+06 	 1.227948e-05 	 1.632149e+07 	
2.06183092e+06 	 1.225961e-05 	 1.631619e+07 	
2.06208104e+06 	 1.224038e-05 	 1.631088e+07 	
2.06233117e+06 	 1.222055e-05 	 1.630558e+07 	
2.06258129e+06 	 1.220073e-05 	 1.630029e+07 	
2.06283142e+06 	 1.218093e-05 	 1.629500e+07 	
2.06308154e+06 	 1.216114e-05 	 1.628971e+07 	
2.06333167e+06 	 1.214136e-05 	 1.628443e+07 	
2.06358179e+06 	 1.212160e-05 	 1.627914e+07 	
2.06383192e+06 	 1.210185e-05 	 1.627386e+07 	
2.06408204e+06 	 1.208211e-05 	 1.626858e+07 	
2.06433217e+06 	 1.206239e-05 	 1.626330e+07 	
2.06458229e+06 	 1.204268e-05 	 1.625802e+07 	
2.06483242e+06 	 1.202299e-05 	 1.625275e+07 	
2.06508254e+06 	 1.200331e-05 	 1.624748e+07 	
2.06533267e+06 	 1.198364e-05 	 1.624220e+07 	
2.06558279e+06 	 1.196399e-05 	 1.623694e+07 	
2.06583292e+06 	 1.194434e-05 	 1.623167e+07 	
2.06608304e+06 	 1.192472e-05 	 1.622640e+07 	
2.06633317e+06 	 1.190510e-05 	 1.622114e+07 	
2.06658329e+06 	 1.188550e-05 	 1.621588e+07 	
2.06683342e+06 	 1.186591e-05 	 1.621062e+07 	
2.06708354e+06 	 1.184634e-05 	 1.620536e+07 	
2.06733367e+06 	 1.182678e-05 	 1.620010e+07 	
2.06758379e+06 	 1.180723e-05 	 1.619485e+07 	
2.06783392e+06 	 1.178770e-05 	 1.618960e+07 	
2.06808404e+06 	 1.176817e-05 	 1.618435e+07 	
2.06833417e+06 	 1.174867e-05 	 1.617910e+07 	
2.06858429e+06 	 1.172917e-05 	 1.617385e+07 	
2.06883442e+06 	 1.170969e-05 	 1.616861e+07 	
2.06908454e+06 	 1.169022e-05 	 1.616336e+07 	
2.06933467e+06 	 1.167076e-05 	 1.615812e+07 	
2.06958479e+06 	 1.165132e-05 	 1.615288e+07 	
2.06983492e+06 	 1.163189e-05 	 1.614765e+07 	
2.07008504e+06 	 1.161247e-05 	 1.614241e+07 	
2.07033517e+06 	 1.159307e-05 	 1.613718e+07 	
2.07058529e+06 	 1.157368e-05 	 1.613195e+07 	
2.07083542e+06 	 1.155430e-05 	 1.612672e+07 	
2.07108554e+06 	 1.153493e-05 	 1.612149e+07 	
2.07133567e+06 	 1.151558e-05 	 1.611626e+07 	
2.07158579e+06 	 1.149624e-05 	 1.611104e+07 	
2.07183592e+06 	 1.147691e-05 	 1.610582e+07 	
2.07208604e+06 	 1.145760e-05 	 1.610060e+07 	
2.07233617e+06 	 1.143829e-05 	 1.609538e+07 	
2.07258629e+06 	 1.141901e-05 	 1.609016e+07 	
2.07283642e+06 	 1.139973e-05 	 1.608495e+07 	
2.07308654e+06 	 1.138047e-05 	 1.607974e+07 	
2.07333667e+06 	 1.136121e-05 	 1.607453e+07 	
2.07358679e+06 	 1.134255e-05 	 1.606930e+07 	
2.07383692e+06 	 1.132333e-05 	 1.606409e+07 	
2.07408704e+06 	 1.130412e-05 	 1.605889e+07 	
2.07433717e+06 	 1.128493e-05 	 1.605368e+07 	
2.07458729e+06 	 1.126575e-05 	 1.604848e+07 	
2.07483742e+06 	 1.124658e-05 	 1.604328e+07 	
2.07508754e+06 	 1.122743e-05 	 1.603808e+07 	
2.07533767e+06 	 1.120828e-05 	 1.603289e+07 	
2.07558779e+06 	 1.118915e-05 	 1.602769e+07 	
2.07583792e+06 	 1.117003e-05 	 1.602250e+07 	
2.07608804e+06 	 1.115093e-05 	 1.601731e+07 	
2.07633817e+06 	 1.113184e-05 	 1.601212e+07 	
2.07658829e+06 	 1.111275e-05 	 1.600694e+07 	
2.07683842e+06 	 1.109369e-05 	 1.600175e+07 	
2.07708854e+06 	 1.107463e-05 	 1.599657e+07 	
2.07733867e+06 	 1.105559e-05 	 1.599139e+07 	
2.07758879e+06 	 1.103655e-05 	 1.598621e+07 	
2.07783892e+06 	 1.101753e-05 	 1.598104e+07 	
2.07808904e+06 	 1.099853e-05 	 1.597586e+07 	
2.07833917e+06 	 1.097953e-05 	 1.597069e+07 	
2.07858929e+06 	 1.096055e-05 	 1.596552e+07 	
2.07883942e+06 	 1.094158e-05 	 1.596035e+07 	
2.07908954e+06 	 1.092262e-05 	 1.595518e+07 	
2.07933967e+06 	 1.090367e-05 	 1.595001e+07 	
2.07958979e+06 	 1.088474e-05 	 1.594485e+07 	
2.07983992e+06 	 1.086582e-05 	 1.593969e+07 	
2.08009005e+06 	 1.084691e-05 	 1.593453e+07 	
2.08034017e+06 	 1.082801e-05 	 1.592937e+07 	
2.08059030e+06 	 1.080912e-05 	 1.592422e+07 	
2.08084042e+06 	 1.079025e-05 	 1.591906e+07 	
2.08109055e+06 	 1.077139e-05 	 1.591391e+07 	
2.08134067e+06 	 1.075254e-05 	 1.590876e+07 	
2.08159080e+06 	 1.073370e-05 	 1.590361e+07 	
2.08184092e+06 	 1.071487e-05 	 1.589846e+07 	
2.08209105e+06 	 1.069606e-05 	 1.589332e+07 	
2.08234117e+06 	 1.067725e-05 	 1.588818e+07 	
2.08259130e+06 	 1.065846e-05 	 1.588303e+07 	
2.08284142e+06 	 1.063968e-05 	 1.587790e+07 	
2.08309155e+06 	 1.062091e-05 	 1.587276e+07 	
2.08334167e+06 	 1.060216e-05 	 1.586762e+07 	
2.08359180e+06 	 1.058341e-05 	 1.586249e+07 	
2.08384192e+06 	 1.056468e-05 	 1.585736e+07 	
2.08409205e+06 	 1.054596e-05 	 1.585223e+07 	
2.08434217e+06 	 1.052725e-05 	 1.584710e+07 	
2.08459230e+06 	 1.050855e-05 	 1.584198e+07 	
2.08484242e+06 	 1.048986e-05 	 1.583685e+07 	
2.08509255e+06 	 1.047066e-05 	 1.583175e+07 	
2.08534267e+06 	 1.045199e-05 	 1.582663e+07 	
2.08559280e+06 	 1.043333e-05 	 1.582151e+07 	
2.08584292e+06 	 1.041468e-05 	 1.581639e+07 	
2.08609305e+06 	 1.039605e-05 	 1.581128e+07 	
2.08634317e+06 	 1.037742e-05 	 1.580617e+07 	
2.08659330e+06 	 1.035881e-05 	 1.580106e+07 	
2.08684342e+06 	 1.034021e-05 	 1.579595e+07 	
2.08709355e+06 	 1.032162e-05 	 1.579084e+07 	
2.08734367e+06 	 1.030304e-05 	 1.578574e+07 	
2.08759380e+06 	 1.028447e-05 	 1.578064e+07 	
2.08784392e+06 	 1.026591e-05 	 1.577553e+07 	
2.08809405e+06 	 1.024736e-05 	 1.577044e+07 	
2.08834417e+06 	 1.022883e-05 	 1.576534e+07 	
2.08859430e+06 	 1.021030e-05 	 1.576024e+07 	
2.08884442e+06 	 1.019179e-05 	 1.575515e+07 	
2.08909455e+06 	 1.017328e-05 	 1.575006e+07 	
2.08934467e+06 	 1.015479e-05 	 1.574497e+07 	
2.08959480e+06 	 1.013631e-05 	 1.573988e+07 	
2.08984492e+06 	 1.011784e-05 	 1.573480e+07 	
2.09009505e+06 	 1.009938e-05 	 1.572971e+07 	
2.09034517e+06 	 1.008094e-05 	 1.572463e+07 	
2.09059530e+06 	 1.006250e-05 	 1.571955e+07 	
2.09084542e+06 	 1.004407e-05 	 1.571447e+07 	
2.09109555e+06 	 1.002566e-05 	 1.570940e+07 	
2.09134567e+06 	 1.000725e-05 	 1.570432e+07 	
2.09159580e+06 	 9.988858e-06 	 1.569925e+07 	
2.09184592e+06 	 9.970474e-06 	 1.569418e+07 	
2.09209605e+06 	 9.952102e-06 	 1.568911e+07 	
2.09234617e+06 	 9.933740e-06 	 1.568404e+07 	
2.09259630e+06 	 9.915388e-06 	 1.567898e+07 	
2.09284642e+06 	 9.897048e-06 	 1.567392e+07 	
2.09309655e+06 	 9.878717e-06 	 1.566886e+07 	
2.09334667e+06 	 9.860398e-06 	 1.566380e+07 	
2.09359680e+06 	 9.842089e-06 	 1.565874e+07 	
2.09384692e+06 	 9.823790e-06 	 1.565369e+07 	
2.09409705e+06 	 9.805502e-06 	 1.564863e+07 	
2.09434717e+06 	 9.787224e-06 	 1.564358e+07 	
2.09459730e+06 	 9.768957e-06 	 1.563853e+07 	
2.09484742e+06 	 9.750700e-06 	 1.563348e+07 	
2.09509755e+06 	 9.732453e-06 	 1.562844e+07 	
2.09534767e+06 	 9.714217e-06 	 1.562339e+07 	
2.09559780e+06 	 9.695991e-06 	 1.561835e+07 	
2.09584792e+06 	 9.677775e-06 	 1.561331e+07 	
2.09609805e+06 	 9.659570e-06 	 1.560827e+07 	
2.09634817e+06 	 9.641375e-06 	 1.560324e+07 	
2.09659830e+06 	 9.623672e-06 	 1.559819e+07 	
2.09684842e+06 	 9.605503e-06 	 1.559315e+07 	
2.09709855e+06 	 9.587345e-06 	 1.558812e+07 	
2.09734867e+06 	 9.569197e-06 	 1.558309e+07 	
2.09759880e+06 	 9.551059e-06 	 1.557807e+07 	
2.09784892e+06 	 9.532931e-06 	 1.557304e+07 	
2.09809905e+06 	 9.514814e-06 	 1.556802e+07 	
2.09834917e+06 	 9.496706e-06 	 1.556300e+07 	
2.09859930e+06 	 9.478609e-06 	 1.555798e+07 	
2.09884942e+06 	 9.460521e-06 	 1.555296e+07 	
2.09909955e+06 	 9.442444e-06 	 1.554795e+07 	
2.09934967e+06 	 9.424376e-06 	 1.554293e+07 	
2.09959980e+06 	 9.406319e-06 	 1.553792e+07 	
2.09984992e+06 	 9.388271e-06 	 1.553291e+07 	
2.10010005e+06 	 9.370233e-06 	 1.552791e+07 	
2.10035018e+06 	 9.352205e-06 	 1.552290e+07 	
2.10060030e+06 	 9.334187e-06 	 1.551790e+07 	
2.10085043e+06 	 9.316179e-06 	 1.551289e+07 	
2.10110055e+06 	 9.298181e-06 	 1.550789e+07 	
2.10135068e+06 	 9.280192e-06 	 1.550290e+07 	
2.10160080e+06 	 9.262213e-06 	 1.549790e+07 	
2.10185093e+06 	 9.244244e-06 	 1.549291e+07 	
2.10210105e+06 	 9.226285e-06 	 1.548791e+07 	
2.10235118e+06 	 9.208335e-06 	 1.548292e+07 	
2.10260130e+06 	 9.190395e-06 	 1.547794e+07 	
2.10285143e+06 	 9.172464e-06 	 1.547295e+07 	
2.10310155e+06 	 9.154543e-06 	 1.546796e+07 	
2.10335168e+06 	 9.136632e-06 	 1.546298e+07 	
2.10360180e+06 	 9.118730e-06 	 1.545800e+07 	
2.10385193e+06 	 9.100837e-06 	 1.545302e+07 	
2.10410205e+06 	 9.082955e-06 	 1.544805e+07 	
2.10435218e+06 	 9.065081e-06 	 1.544307e+07 	
2.10460230e+06 	 9.047217e-06 	 1.543810e+07 	
2.10485243e+06 	 9.029362e-06 	 1.543313e+07 	
2.10510255e+06 	 9.011517e-06 	 1.542816e+07 	
2.10535268e+06 	 8.993681e-06 	 1.542319e+07 	
2.10560280e+06 	 8.975854e-06 	 1.541823e+07 	
2.10585293e+06 	 8.958037e-06 	 1.541326e+07 	
2.10610305e+06 	 8.940229e-06 	 1.540830e+07 	
2.10635318e+06 	 8.922430e-06 	 1.540334e+07 	
2.10660330e+06 	 8.904640e-06 	 1.539839e+07 	
2.10685343e+06 	 8.886860e-06 	 1.539343e+07 	
2.10710355e+06 	 8.869089e-06 	 1.538848e+07 	
2.10735368e+06 	 8.851326e-06 	 1.538352e+07 	
2.10760380e+06 	 8.833573e-06 	 1.537858e+07 	
2.10785393e+06 	 8.815829e-06 	 1.537363e+07 	
2.10810405e+06 	 8.798094e-06 	 1.536868e+07 	
2.10835418e+06 	 8.779924e-06 	 1.536376e+07 	
2.10860430e+06 	 8.762202e-06 	 1.535882e+07 	
2.10885443e+06 	 8.744488e-06 	 1.535388e+07 	
2.10910455e+06 	 8.726783e-06 	 1.534894e+07 	
2.10935468e+06 	 8.709087e-06 	 1.534400e+07 	
2.10960480e+06 	 8.691399e-06 	 1.533907e+07 	
2.10985493e+06 	 8.673721e-06 	 1.533414e+07 	
2.11010505e+06 	 8.656051e-06 	 1.532921e+07 	
2.11035518e+06 	 8.638390e-06 	 1.532428e+07 	
2.11060530e+06 	 8.620737e-06 	 1.531935e+07 	
2.11085543e+06 	 8.603094e-06 	 1.531443e+07 	
2.11110555e+06 	 8.585458e-06 	 1.530951e+07 	
2.11135568e+06 	 8.567832e-06 	 1.530459e+07 	
2.11160580e+06 	 8.550214e-06 	 1.529967e+07 	
2.11185593e+06 	 8.532605e-06 	 1.529475e+07 	
2.11210605e+06 	 8.515004e-06 	 1.528984e+07 	
2.11235618e+06 	 8.497411e-06 	 1.528493e+07 	
2.11260630e+06 	 8.479828e-06 	 1.528002e+07 	
2.11285643e+06 	 8.462252e-06 	 1.527511e+07 	
2.11310655e+06 	 8.444685e-06 	 1.527020e+07 	
2.11335668e+06 	 8.427127e-06 	 1.526530e+07 	
2.11360680e+06 	 8.409576e-06 	 1.526040e+07 	
2.11385693e+06 	 8.392034e-06 	 1.525550e+07 	
2.11410705e+06 	 8.374501e-06 	 1.525060e+07 	
2.11435718e+06 	 8.356975e-06 	 1.524570e+07 	
2.11460730e+06 	 8.339458e-06 	 1.524081e+07 	
2.11485743e+06 	 8.321949e-06 	 1.523592e+07 	
2.11510755e+06 	 8.304448e-06 	 1.523103e+07 	
2.11535768e+06 	 8.286956e-06 	 1.522614e+07 	
2.11560780e+06 	 8.269472e-06 	 1.522125e+07 	
2.11585793e+06 	 8.251995e-06 	 1.521637e+07 	
2.11610805e+06 	 8.234527e-06 	 1.521149e+07 	
2.11635818e+06 	 8.217067e-06 	 1.520661e+07 	
2.11660830e+06 	 8.199615e-06 	 1.520173e+07 	
2.11685843e+06 	 8.182170e-06 	 1.519685e+07 	
2.11710855e+06 	 8.164734e-06 	 1.519198e+07 	
2.11735868e+06 	 8.147306e-06 	 1.518710e+07 	
2.11760880e+06 	 8.129885e-06 	 1.518223e+07 	
2.11785893e+06 	 8.112473e-06 	 1.517737e+07 	
2.11810905e+06 	 8.095068e-06 	 1.517250e+07 	
2.11835918e+06 	 8.077671e-06 	 1.516764e+07 	
2.11860930e+06 	 8.060282e-06 	 1.516277e+07 	
2.11885943e+06 	 8.042901e-06 	 1.515791e+07 	
2.11910955e+06 	 8.025527e-06 	 1.515306e+07 	
2.11935968e+06 	 8.008162e-06 	 1.514820e+07 	
2.11960980e+06 	 7.990803e-06 	 1.514335e+07 	
2.11985993e+06 	 7.973853e-06 	 1.513848e+07 	
2.12011006e+06 	 7.956515e-06 	 1.513362e+07 	
2.12036018e+06 	 7.939185e-06 	 1.512878e+07 	
2.12061031e+06 	 7.921863e-06 	 1.512393e+07 	
2.12086043e+06 	 7.904548e-06 	 1.511909e+07 	
2.12111056e+06 	 7.887241e-06 	 1.511424e+07 	
2.12136068e+06 	 7.869941e-06 	 1.510940e+07 	
2.12161081e+06 	 7.852649e-06 	 1.510457e+07 	
2.12186093e+06 	 7.835364e-06 	 1.509973e+07 	
2.12211106e+06 	 7.818087e-06 	 1.509490e+07 	
2.12236118e+06 	 7.800817e-06 	 1.509006e+07 	
2.12261131e+06 	 7.783554e-06 	 1.508523e+07 	
2.12286143e+06 	 7.766299e-06 	 1.508041e+07 	
2.12311156e+06 	 7.749052e-06 	 1.507558e+07 	
2.12336168e+06 	 7.731811e-06 	 1.507076e+07 	
2.12361181e+06 	 7.714578e-06 	 1.506593e+07 	
2.12386193e+06 	 7.697352e-06 	 1.506111e+07 	
2.12411206e+06 	 7.680134e-06 	 1.505630e+07 	
2.12436218e+06 	 7.662922e-06 	 1.505148e+07 	
2.12461231e+06 	 7.645718e-06 	 1.504667e+07 	
2.12486243e+06 	 7.628521e-06 	 1.504186e+07 	
2.12511256e+06 	 7.611331e-06 	 1.503705e+07 	
2.12536268e+06 	 7.594149e-06 	 1.503224e+07 	
2.12561281e+06 	 7.576973e-06 	 1.502743e+07 	
2.12586293e+06 	 7.559804e-06 	 1.502263e+07 	
2.12611306e+06 	 7.542643e-06 	 1.501783e+07 	
2.12636318e+06 	 7.525488e-06 	 1.501303e+07 	
2.12661331e+06 	 7.508341e-06 	 1.500823e+07 	
2.12686343e+06 	 7.491200e-06 	 1.500344e+07 	
2.12711356e+06 	 7.474066e-06 	 1.499865e+07 	
2.12736368e+06 	 7.456939e-06 	 1.499386e+07 	
2.12761381e+06 	 7.439819e-06 	 1.498907e+07 	
2.12786393e+06 	 7.422706e-06 	 1.498428e+07 	
2.12811406e+06 	 7.405600e-06 	 1.497950e+07 	
2.12836418e+06 	 7.388500e-06 	 1.497471e+07 	
2.12861431e+06 	 7.371407e-06 	 1.496993e+07 	
2.12886443e+06 	 7.354321e-06 	 1.496516e+07 	
2.12911456e+06 	 7.337242e-06 	 1.496038e+07 	
2.12936468e+06 	 7.320169e-06 	 1.495561e+07 	
2.12961481e+06 	 7.303103e-06 	 1.495083e+07 	
2.12986493e+06 	 7.286043e-06 	 1.494606e+07 	
2.13011506e+06 	 7.268990e-06 	 1.494130e+07 	
2.13036518e+06 	 7.251944e-06 	 1.493653e+07 	
2.13061531e+06 	 7.234904e-06 	 1.493177e+07 	
2.13086543e+06 	 7.217871e-06 	 1.492701e+07 	
2.13111556e+06 	 7.200844e-06 	 1.492225e+07 	
2.13136568e+06 	 7.183824e-06 	 1.491749e+07 	
2.13161581e+06 	 7.167173e-06 	 1.491272e+07 	
2.13186593e+06 	 7.150170e-06 	 1.490796e+07 	
2.13211606e+06 	 7.133173e-06 	 1.490321e+07 	
2.13236618e+06 	 7.116183e-06 	 1.489847e+07 	
2.13261631e+06 	 7.099199e-06 	 1.489372e+07 	
2.13286643e+06 	 7.082222e-06 	 1.488897e+07 	
2.13311656e+06 	 7.065251e-06 	 1.488423e+07 	
2.13336668e+06 	 7.048286e-06 	 1.487949e+07 	
2.13361681e+06 	 7.031328e-06 	 1.487475e+07 	
2.13386693e+06 	 7.014376e-06 	 1.487002e+07 	
2.13411706e+06 	 6.997430e-06 	 1.486529e+07 	
2.13436718e+06 	 6.980490e-06 	 1.486055e+07 	
2.13461731e+06 	 6.963557e-06 	 1.485582e+07 	
2.13486743e+06 	 6.946629e-06 	 1.485110e+07 	
2.13511756e+06 	 6.929708e-06 	 1.484637e+07 	
2.13536768e+06 	 6.912793e-06 	 1.484165e+07 	
2.13561781e+06 	 6.895884e-06 	 1.483693e+07 	
2.13586793e+06 	 6.878981e-06 	 1.483221e+07 	
2.13611806e+06 	 6.862084e-06 	 1.482750e+07 	
2.13636818e+06 	 6.845193e-06 	 1.482278e+07 	
2.13661831e+06 	 6.828308e-06 	 1.481807e+07 	
2.13686843e+06 	 6.811429e-06 	 1.481336e+07 	
2.13711856e+06 	 6.794556e-06 	 1.480865e+07 	
2.13736868e+06 	 6.777688e-06 	 1.480395e+07 	
2.13761881e+06 	 6.760827e-06 	 1.479924e+07 	
2.13786893e+06 	 6.743972e-06 	 1.479454e+07 	
2.13811906e+06 	 6.727122e-06 	 1.478985e+07 	
2.13836918e+06 	 6.710278e-06 	 1.478515e+07 	
2.13861931e+06 	 6.693440e-06 	 1.478046e+07 	
2.13886943e+06 	 6.676608e-06 	 1.477576e+07 	
2.13911956e+06 	 6.659782e-06 	 1.477107e+07 	
2.13936968e+06 	 6.642961e-06 	 1.476639e+07 	
2.13961981e+06 	 6.626146e-06 	 1.476170e+07 	
2.13986993e+06 	 6.609336e-06 	 1.475702e+07 	
2.14012006e+06 	 6.592533e-06 	 1.475234e+07 	
2.14037019e+06 	 6.575735e-06 	 1.474766e+07 	
2.14062031e+06 	 6.558942e-06 	 1.474298e+07 	
2.14087044e+06 	 6.542155e-06 	 1.473831e+07 	
2.14112056e+06 	 6.525374e-06 	 1.473364e+07 	
2.14137069e+06 	 6.508598e-06 	 1.472897e+07 	
2.14162081e+06 	 6.491828e-06 	 1.472430e+07 	
2.14187094e+06 	 6.475063e-06 	 1.471964e+07 	
2.14212106e+06 	 6.458304e-06 	 1.471498e+07 	
2.14237119e+06 	 6.441550e-06 	 1.471032e+07 	
2.14262131e+06 	 6.424801e-06 	 1.470566e+07 	
2.14287144e+06 	 6.408058e-06 	 1.470100e+07 	
2.14312156e+06 	 6.391000e-06 	 1.469637e+07 	
2.14337169e+06 	 6.374263e-06 	 1.469172e+07 	
2.14362181e+06 	 6.357532e-06 	 1.468707e+07 	
2.14387194e+06 	 6.340807e-06 	 1.468242e+07 	
2.14412206e+06 	 6.324086e-06 	 1.467778e+07 	
2.14437219e+06 	 6.307371e-06 	 1.467314e+07 	
2.14462231e+06 	 6.290661e-06 	 1.466850e+07 	
2.14487244e+06 	 6.273956e-06 	 1.466386e+07 	
2.14512256e+06 	 6.257257e-06 	 1.465923e+07 	
2.14537269e+06 	 6.240562e-06 	 1.465460e+07 	
2.14562281e+06 	 6.223873e-06 	 1.464997e+07 	
2.14587294e+06 	 6.207188e-06 	 1.464534e+07 	
2.14612306e+06 	 6.190509e-06 	 1.464071e+07 	
2.14637319e+06 	 6.173835e-06 	 1.463609e+07 	
2.14662331e+06 	 6.157166e-06 	 1.463147e+07 	
2.14687344e+06 	 6.140502e-06 	 1.462685e+07 	
2.14712356e+06 	 6.123843e-06 	 1.462224e+07 	
2.14737369e+06 	 6.107189e-06 	 1.461763e+07 	
2.14762381e+06 	 6.090540e-06 	 1.461301e+07 	
2.14787394e+06 	 6.073896e-06 	 1.460841e+07 	
2.14812406e+06 	 6.057257e-06 	 1.460380e+07 	
2.14837419e+06 	 6.040623e-06 	 1.459920e+07 	
2.14862431e+06 	 6.023994e-06 	 1.459460e+07 	
2.14887444e+06 	 6.007369e-06 	 1.459000e+07 	
2.14912456e+06 	 5.990750e-06 	 1.458540e+07 	
2.14937469e+06 	 5.974135e-06 	 1.458081e+07 	
2.14962481e+06 	 5.957525e-06 	 1.457622e+07 	
2.14987494e+06 	 5.940920e-06 	 1.457163e+07 	
2.15012506e+06 	 5.924320e-06 	 1.456704e+07 	
2.15037519e+06 	 5.907725e-06 	 1.456246e+07 	
2.15062531e+06 	 5.891134e-06 	 1.455788e+07 	
2.15087544e+06 	 5.874548e-06 	 1.455330e+07 	
2.15112556e+06 	 5.857967e-06 	 1.454872e+07 	
2.15137569e+06 	 5.841391e-06 	 1.454415e+07 	
2.15162581e+06 	 5.824819e-06 	 1.453958e+07 	
2.15187594e+06 	 5.808252e-06 	 1.453501e+07 	
2.15212606e+06 	 5.791690e-06 	 1.453044e+07 	
2.15237619e+06 	 5.775132e-06 	 1.452588e+07 	
2.15262631e+06 	 5.758579e-06 	 1.452132e+07 	
2.15287644e+06 	 5.742031e-06 	 1.451676e+07 	
2.15312656e+06 	 5.725487e-06 	 1.451220e+07 	
2.15337669e+06 	 5.708948e-06 	 1.450765e+07 	
2.15362681e+06 	 5.692413e-06 	 1.450310e+07 	
2.15387694e+06 	 5.675883e-06 	 1.449855e+07 	
2.15412706e+06 	 5.659358e-06 	 1.449400e+07 	
2.15437719e+06 	 5.642837e-06 	 1.448946e+07 	
2.15462731e+06 	 5.626321e-06 	 1.448492e+07 	
2.15487744e+06 	 5.609525e-06 	 1.448040e+07 	
2.15512756e+06 	 5.593015e-06 	 1.447586e+07 	
2.15537769e+06 	 5.576509e-06 	 1.447133e+07 	
2.15562781e+06 	 5.560007e-06 	 1.446680e+07 	
2.15587794e+06 	 5.543510e-06 	 1.446227e+07 	
2.15612806e+06 	 5.527017e-06 	 1.445775e+07 	
2.15637819e+06 	 5.510529e-06 	 1.445322e+07 	
2.15662831e+06 	 5.494045e-06 	 1.444870e+07 	
2.15687844e+06 	 5.477566e-06 	 1.444419e+07 	
2.15712856e+06 	 5.461091e-06 	 1.443967e+07 	
2.15737869e+06 	 5.444621e-06 	 1.443516e+07 	
2.15762881e+06 	 5.428155e-06 	 1.443065e+07 	
2.15787894e+06 	 5.411693e-06 	 1.442614e+07 	
2.15812906e+06 	 5.395236e-06 	 1.442164e+07 	
2.15837919e+06 	 5.378783e-06 	 1.441714e+07 	
2.15862931e+06 	 5.362334e-06 	 1.441264e+07 	
2.15887944e+06 	 5.345890e-06 	 1.440814e+07 	
2.15912956e+06 	 5.329451e-06 	 1.440365e+07 	
2.15937969e+06 	 5.313015e-06 	 1.439916e+07 	
2.15962981e+06 	 5.296584e-06 	 1.439467e+07 	
2.15987994e+06 	 5.280158e-06 	 1.439019e+07 	
2.16013007e+06 	 5.263736e-06 	 1.438571e+07 	
2.16038019e+06 	 5.247318e-06 	 1.438123e+07 	
2.16063032e+06 	 5.230904e-06 	 1.437675e+07 	
2.16088044e+06 	 5.214495e-06 	 1.437228e+07 	
2.16113057e+06 	 5.198090e-06 	 1.436781e+07 	
2.16138069e+06 	 5.181690e-06 	 1.436334e+07 	
2.16163082e+06 	 5.165294e-06 	 1.435887e+07 	
2.16188094e+06 	 5.148902e-06 	 1.435441e+07 	
2.16213107e+06 	 5.132515e-06 	 1.434995e+07 	
2.16238119e+06 	 5.116132e-06 	 1.434549e+07 	
2.16263132e+06 	 5.099753e-06 	 1.434104e+07 	
2.16288144e+06 	 5.083379e-06 	 1.433659e+07 	
2.16313157e+06 	 5.067009e-06 	 1.433214e+07 	
2.16338169e+06 	 5.050643e-06 	 1.432769e+07 	
2.16363182e+06 	 5.034282e-06 	 1.432325e+07 	
2.16388194e+06 	 5.017925e-06 	 1.431881e+07 	
2.16413207e+06 	 5.001573e-06 	 1.431437e+07 	
2.16438219e+06 	 4.985225e-06 	 1.430994e+07 	
2.16463232e+06 	 4.968882e-06 	 1.430551e+07 	
2.16488244e+06 	 4.952543e-06 	 1.430108e+07 	
2.16513257e+06 	 4.936208e-06 	 1.429665e+07 	
2.16538269e+06 	 4.919878e-06 	 1.429223e+07 	
2.16563282e+06 	 4.903552e-06 	 1.428781e+07 	
2.16588294e+06 	 4.887230e-06 	 1.428339e+07 	
2.16613307e+06 	 4.870913e-06 	 1.427898e+07 	
2.16638319e+06 	 4.854357e-06 	 1.427459e+07 	
2.16663332e+06 	 4.838046e-06 	 1.427018e+07 	
2.16688344e+06 	 4.821740e-06 	 1.426578e+07 	
2.16713357e+06 	 4.805438e-06 	 1.426138e+07 	
2.16738369e+06 	 4.789140e-06 	 1.425698e+07 	
2.16763382e+06 	 4.772847e-06 	 1.425258e+07 	
2.16788394e+06 	 4.756559e-06 	 1.424819e+07 	
2.16813407e+06 	 4.740275e-06 	 1.424380e+07 	
2.16838419e+06 	 4.723996e-06 	 1.423941e+07 	
2.16863432e+06 	 4.707721e-06 	 1.423503e+07 	
2.16888444e+06 	 4.691451e-06 	 1.423065e+07 	
2.16913457e+06 	 4.675186e-06 	 1.422627e+07 	
2.16938469e+06 	 4.658925e-06 	 1.422190e+07 	
2.16963482e+06 	 4.642669e-06 	 1.421753e+07 	
2.16988494e+06 	 4.626417e-06 	 1.421316e+07 	
2.17013507e+06 	 4.610170e-06 	 1.420880e+07 	
2.17038519e+06 	 4.593928e-06 	 1.420444e+07 	
2.17063532e+06 	 4.577691e-06 	 1.420008e+07 	
2.17088544e+06 	 4.561458e-06 	 1.419572e+07 	
2.17113557e+06 	 4.545230e-06 	 1.419137e+07 	
2.17138569e+06 	 4.529007e-06 	 1.418702e+07 	
2.17163582e+06 	 4.512789e-06 	 1.418268e+07 	
2.17188594e+06 	 4.496576e-06 	 1.417834e+07 	
2.17213607e+06 	 4.480368e-06 	 1.417400e+07 	
2.17238619e+06 	 4.464164e-06 	 1.416966e+07 	
2.17263632e+06 	 4.447966e-06 	 1.416533e+07 	
2.17288644e+06 	 4.431772e-06 	 1.416100e+07 	
2.17313657e+06 	 4.415584e-06 	 1.415668e+07 	
2.17338669e+06 	 4.399400e-06 	 1.415235e+07 	
2.17363682e+06 	 4.383222e-06 	 1.414803e+07 	
2.17388694e+06 	 4.367049e-06 	 1.414372e+07 	
2.17413707e+06 	 4.350881e-06 	 1.413941e+07 	
2.17438719e+06 	 4.334718e-06 	 1.413510e+07 	
2.17463732e+06 	 4.318560e-06 	 1.413079e+07 	
2.17488744e+06 	 4.302408e-06 	 1.412649e+07 	
2.17513757e+06 	 4.286261e-06 	 1.412219e+07 	
2.17538769e+06 	 4.270119e-06 	 1.411790e+07 	
2.17563782e+06 	 4.253983e-06 	 1.411360e+07 	
2.17588794e+06 	 4.237852e-06 	 1.410931e+07 	
2.17613807e+06 	 4.221727e-06 	 1.410503e+07 	
2.17638819e+06 	 4.205607e-06 	 1.410075e+07 	
2.17663832e+06 	 4.189493e-06 	 1.409647e+07 	
2.17688844e+06 	 4.173384e-06 	 1.409220e+07 	
2.17713857e+06 	 4.157281e-06 	 1.408792e+07 	
2.17738869e+06 	 4.141184e-06 	 1.408366e+07 	
2.17763882e+06 	 4.125093e-06 	 1.407939e+07 	
2.17788894e+06 	 4.109213e-06 	 1.407511e+07 	
2.17813907e+06 	 4.093136e-06 	 1.407086e+07 	
2.17838919e+06 	 4.077065e-06 	 1.406660e+07 	
2.17863932e+06 	 4.060999e-06 	 1.406235e+07 	
2.17888944e+06 	 4.044940e-06 	 1.405811e+07 	
2.17913957e+06 	 4.028887e-06 	 1.405386e+07 	
2.17938969e+06 	 4.012840e-06 	 1.404962e+07 	
2.17963982e+06 	 3.996799e-06 	 1.404539e+07 	
2.17988994e+06 	 3.980765e-06 	 1.404116e+07 	
2.18014007e+06 	 3.964737e-06 	 1.403693e+07 	
2.18039020e+06 	 3.948715e-06 	 1.403270e+07 	
2.18064032e+06 	 3.932700e-06 	 1.402848e+07 	
2.18089045e+06 	 3.916692e-06 	 1.402427e+07 	
2.18114057e+06 	 3.900690e-06 	 1.402005e+07 	
2.18139070e+06 	 3.884695e-06 	 1.401584e+07 	
2.18164082e+06 	 3.868707e-06 	 1.401164e+07 	
2.18189095e+06 	 3.852725e-06 	 1.400744e+07 	
2.18214107e+06 	 3.836751e-06 	 1.400324e+07 	
2.18239120e+06 	 3.820783e-06 	 1.399904e+07 	
2.18264132e+06 	 3.804823e-06 	 1.399485e+07 	
2.18289145e+06 	 3.788870e-06 	 1.399067e+07 	
2.18314157e+06 	 3.772924e-06 	 1.398648e+07 	
2.18339170e+06 	 3.756985e-06 	 1.398231e+07 	
2.18364182e+06 	 3.741054e-06 	 1.397813e+07 	
2.18389195e+06 	 3.725130e-06 	 1.397396e+07 	
2.18414207e+06 	 3.709214e-06 	 1.396979e+07 	
2.18439220e+06 	 3.693306e-06 	 1.396563e+07 	
2.18464232e+06 	 3.677405e-06 	 1.396147e+07 	
2.18489245e+06 	 3.661512e-06 	 1.395732e+07 	
2.18514257e+06 	 3.645627e-06 	 1.395317e+07 	
2.18539270e+06 	 3.629751e-06 	 1.394902e+07 	
2.18564282e+06 	 3.613882e-06 	 1.394488e+07 	
2.18589295e+06 	 3.598021e-06 	 1.394074e+07 	
2.18614307e+06 	 3.582169e-06 	 1.393660e+07 	
2.18639320e+06 	 3.566325e-06 	 1.393247e+07 	
2.18664332e+06 	 3.550490e-06 	 1.392835e+07 	
2.18689345e+06 	 3.534663e-06 	 1.392422e+07 	
2.18714357e+06 	 3.518845e-06 	 1.392011e+07 	
2.18739370e+06 	 3.503036e-06 	 1.391599e+07 	
2.18764382e+06 	 3.487236e-06 	 1.391188e+07 	
2.18789395e+06 	 3.471445e-06 	 1.390778e+07 	
2.18814407e+06 	 3.455663e-06 	 1.390368e+07 	
2.18839420e+06 	 3.439891e-06 	 1.389958e+07 	
2.18864432e+06 	 3.424127e-06 	 1.389549e+07 	
2.18889445e+06 	 3.408374e-06 	 1.389140e+07 	
2.18914457e+06 	 3.392630e-06 	 1.388731e+07 	
2.18939470e+06 	 3.376726e-06 	 1.388325e+07 	
2.18964482e+06 	 3.361000e-06 	 1.387918e+07 	
2.18989495e+06 	 3.345284e-06 	 1.387511e+07 	
2.19014507e+06 	 3.329577e-06 	 1.387104e+07 	
2.19039520e+06 	 3.313881e-06 	 1.386698e+07 	
2.19064532e+06 	 3.298196e-06 	 1.386292e+07 	
2.19089545e+06 	 3.282521e-06 	 1.385887e+07 	
2.19114557e+06 	 3.266856e-06 	 1.385482e+07 	
2.19139570e+06 	 3.251202e-06 	 1.385078e+07 	
2.19164582e+06 	 3.235560e-06 	 1.384674e+07 	
2.19189595e+06 	 3.219928e-06 	 1.384271e+07 	
2.19214607e+06 	 3.204307e-06 	 1.383868e+07 	
2.19239620e+06 	 3.188698e-06 	 1.383465e+07 	
2.19264632e+06 	 3.173100e-06 	 1.383063e+07 	
2.19289645e+06 	 3.157513e-06 	 1.382661e+07 	
2.19314657e+06 	 3.141939e-06 	 1.382260e+07 	
2.19339670e+06 	 3.126376e-06 	 1.381859e+07 	
2.19364682e+06 	 3.110825e-06 	 1.381459e+07 	
2.19389695e+06 	 3.095287e-06 	 1.381060e+07 	
2.19414707e+06 	 3.079761e-06 	 1.380660e+07 	
2.19439720e+06 	 3.064247e-06 	 1.380262e+07 	
2.19464732e+06 	 3.048746e-06 	 1.379863e+07 	
2.19489745e+06 	 3.033258e-06 	 1.379465e+07 	
2.19514757e+06 	 3.017783e-06 	 1.379068e+07 	
2.19539770e+06 	 3.002321e-06 	 1.378671e+07 	
2.19564782e+06 	 2.986872e-06 	 1.378275e+07 	
2.19589795e+06 	 2.971437e-06 	 1.377879e+07 	
2.19614807e+06 	 2.956016e-06 	 1.377484e+07 	
2.19639820e+06 	 2.940608e-06 	 1.377089e+07 	
2.19664832e+06 	 2.925215e-06 	 1.376695e+07 	
2.19689845e+06 	 2.909835e-06 	 1.376301e+07 	
2.19714857e+06 	 2.894470e-06 	 1.375907e+07 	
2.19739870e+06 	 2.879120e-06 	 1.375515e+07 	
2.19764882e+06 	 2.863784e-06 	 1.375122e+07 	
2.19789895e+06 	 2.848463e-06 	 1.374730e+07 	
2.19814907e+06 	 2.833158e-06 	 1.374339e+07 	
2.19839920e+06 	 2.817867e-06 	 1.373948e+07 	
2.19864932e+06 	 2.802593e-06 	 1.373558e+07 	
2.19889945e+06 	 2.787334e-06 	 1.373168e+07 	
2.19914957e+06 	 2.772090e-06 	 1.372779e+07 	
2.19939970e+06 	 2.756863e-06 	 1.372390e+07 	
2.19964982e+06 	 2.741652e-06 	 1.372002e+07 	
2.19989995e+06 	 2.726458e-06 	 1.371615e+07 	
2.20015008e+06 	 2.711280e-06 	 1.371228e+07 	
2.20040020e+06 	 2.696120e-06 	 1.370841e+07 	
2.20065033e+06 	 2.680976e-06 	 1.370455e+07 	
2.20090045e+06 	 2.665716e-06 	 1.370071e+07 	
2.20115058e+06 	 2.650606e-06 	 1.369686e+07 	
2.20140070e+06 	 2.635514e-06 	 1.369302e+07 	
2.20165083e+06 	 2.620440e-06 	 1.368918e+07 	
2.20190095e+06 	 2.605384e-06 	 1.368535e+07 	
2.20215108e+06 	 2.590346e-06 	 1.368152e+07 	
2.20240120e+06 	 2.575327e-06 	 1.367770e+07 	
2.20265133e+06 	 2.560327e-06 	 1.367389e+07 	
2.20290145e+06 	 2.545346e-06 	 1.367008e+07 	
2.20315158e+06 	 2.530385e-06 	 1.366627e+07 	
2.20340170e+06 	 2.515443e-06 	 1.366247e+07 	
2.20365183e+06 	 2.500521e-06 	 1.365868e+07 	
2.20390195e+06 	 2.485619e-06 	 1.365489e+07 	
2.20415208e+06 	 2.470737e-06 	 1.365111e+07 	
2.20440220e+06 	 2.455875e-06 	 1.364734e+07 	
2.20465233e+06 	 2.441035e-06 	 1.364357e+07 	
2.20490245e+06 	 2.426215e-06 	 1.363980e+07 	
2.20515258e+06 	 2.411417e-06 	 1.363605e+07 	
2.20540270e+06 	 2.396641e-06 	 1.363229e+07 	
2.20565283e+06 	 2.381886e-06 	 1.362855e+07 	
2.20590295e+06 	 2.367153e-06 	 1.362481e+07 	
2.20615308e+06 	 2.352442e-06 	 1.362107e+07 	
2.20640320e+06 	 2.337754e-06 	 1.361735e+07 	
2.20665333e+06 	 2.323089e-06 	 1.361363e+07 	
2.20690345e+06 	 2.308447e-06 	 1.360991e+07 	
2.20715358e+06 	 2.293829e-06 	 1.360620e+07 	
2.20740370e+06 	 2.279234e-06 	 1.360250e+07 	
2.20765383e+06 	 2.264662e-06 	 1.359880e+07 	
2.20790395e+06 	 2.250116e-06 	 1.359511e+07 	
2.20815408e+06 	 2.235593e-06 	 1.359142e+07 	
2.20840420e+06 	 2.221095e-06 	 1.358774e+07 	
2.20865433e+06 	 2.206623e-06 	 1.358407e+07 	
2.20890445e+06 	 2.192175e-06 	 1.358041e+07 	
2.20915458e+06 	 2.177753e-06 	 1.357675e+07 	
2.20940470e+06 	 2.163357e-06 	 1.357309e+07 	
2.20965483e+06 	 2.148987e-06 	 1.356945e+07 	
2.20990495e+06 	 2.134644e-06 	 1.356581e+07 	
2.21015508e+06 	 2.120327e-06 	 1.356217e+07 	
2.21040520e+06 	 2.106038e-06 	 1.355855e+07 	
2.21065533e+06 	 2.091775e-06 	 1.355493e+07 	
2.21090545e+06 	 2.077541e-06 	 1.355131e+07 	
2.21115558e+06 	 2.063334e-06 	 1.354770e+07 	
2.21140570e+06 	 2.049155e-06 	 1.354410e+07 	
2.21165583e+06 	 2.035005e-06 	 1.354051e+07 	
2.21190595e+06 	 2.020884e-06 	 1.353692e+07 	
2.21215608e+06 	 2.006792e-06 	 1.353334e+07 	
2.21240620e+06 	 1.992629e-06 	 1.352979e+07 	
2.21265633e+06 	 1.978595e-06 	 1.352622e+07 	
2.21290645e+06 	 1.964592e-06 	 1.352266e+07 	
2.21315658e+06 	 1.950618e-06 	 1.351911e+07 	
2.21340670e+06 	 1.936676e-06 	 1.351556e+07 	
2.21365683e+06 	 1.922764e-06 	 1.351202e+07 	
2.21390695e+06 	 1.908884e-06 	 1.350849e+07 	
2.21415708e+06 	 1.895036e-06 	 1.350496e+07 	
2.21440720e+06 	 1.881219e-06 	 1.350145e+07 	
2.21465733e+06 	 1.867435e-06 	 1.349793e+07 	
2.21490745e+06 	 1.853684e-06 	 1.349443e+07 	
2.21515758e+06 	 1.839965e-06 	 1.349093e+07 	
2.21540770e+06 	 1.826280e-06 	 1.348744e+07 	
2.21565783e+06 	 1.812628e-06 	 1.348396e+07 	
2.21590795e+06 	 1.799010e-06 	 1.348048e+07 	
2.21615808e+06 	 1.785427e-06 	 1.347702e+07 	
2.21640820e+06 	 1.771878e-06 	 1.347356e+07 	
2.21665833e+06 	 1.758364e-06 	 1.347010e+07 	
2.21690845e+06 	 1.744885e-06 	 1.346666e+07 	
2.21715858e+06 	 1.731442e-06 	 1.346322e+07 	
2.21740870e+06 	 1.718035e-06 	 1.345979e+07 	
2.21765883e+06 	 1.704664e-06 	 1.345636e+07 	
2.21790895e+06 	 1.691330e-06 	 1.345294e+07 	
2.21815908e+06 	 1.678033e-06 	 1.344954e+07 	
2.21840920e+06 	 1.664773e-06 	 1.344613e+07 	
2.21865933e+06 	 1.651551e-06 	 1.344274e+07 	
2.21890945e+06 	 1.638367e-06 	 1.343935e+07 	
2.21915958e+06 	 1.625221e-06 	 1.343598e+07 	
2.21940970e+06 	 1.612113e-06 	 1.343260e+07 	
2.21965983e+06 	 1.599045e-06 	 1.342924e+07 	
2.21990995e+06 	 1.586017e-06 	 1.342589e+07 	
2.22016008e+06 	 1.573028e-06 	 1.342254e+07 	
2.22041021e+06 	 1.560079e-06 	 1.341920e+07 	
2.22066033e+06 	 1.547170e-06 	 1.341587e+07 	
2.22091046e+06 	 1.534303e-06 	 1.341254e+07 	
2.22116058e+06 	 1.521476e-06 	 1.340922e+07 	
2.22141071e+06 	 1.508691e-06 	 1.340592e+07 	
2.22166083e+06 	 1.495948e-06 	 1.340262e+07 	
2.22191096e+06 	 1.483246e-06 	 1.339932e+07 	
2.22216108e+06 	 1.470588e-06 	 1.339604e+07 	
2.22241121e+06 	 1.457972e-06 	 1.339276e+07 	
2.22266133e+06 	 1.445400e-06 	 1.338949e+07 	
2.22291146e+06 	 1.432871e-06 	 1.338623e+07 	
2.22316158e+06 	 1.420386e-06 	 1.338298e+07 	
2.22341171e+06 	 1.407945e-06 	 1.337974e+07 	
2.22366183e+06 	 1.395478e-06 	 1.337652e+07 	
2.22391196e+06 	 1.383127e-06 	 1.337329e+07 	
2.22416208e+06 	 1.370820e-06 	 1.337007e+07 	
2.22441221e+06 	 1.358560e-06 	 1.336686e+07 	
2.22466233e+06 	 1.346345e-06 	 1.336366e+07 	
2.22491246e+06 	 1.334177e-06 	 1.336047e+07 	
2.22516258e+06 	 1.322055e-06 	 1.335728e+07 	
2.22541271e+06 	 1.309981e-06 	 1.335410e+07 	
2.22566283e+06 	 1.297953e-06 	 1.335094e+07 	
2.22591296e+06 	 1.285974e-06 	 1.334778e+07 	
2.22616308e+06 	 1.274043e-06 	 1.334462e+07 	
2.22641321e+06 	 1.262160e-06 	 1.334148e+07 	
2.22666333e+06 	 1.250325e-06 	 1.333835e+07 	
2.22691346e+06 	 1.238540e-06 	 1.333522e+07 	
2.22716358e+06 	 1.226805e-06 	 1.333210e+07 	
2.22741371e+06 	 1.215119e-06 	 1.332900e+07 	
2.22766383e+06 	 1.203483e-06 	 1.332590e+07 	
2.22791396e+06 	 1.191898e-06 	 1.332281e+07 	
2.22816408e+06 	 1.180363e-06 	 1.331972e+07 	
2.22841421e+06 	 1.168879e-06 	 1.331665e+07 	
2.22866433e+06 	 1.157447e-06 	 1.331358e+07 	
2.22891446e+06 	 1.146067e-06 	 1.331053e+07 	
2.22916458e+06 	 1.134739e-06 	 1.330748e+07 	
2.22941471e+06 	 1.123463e-06 	 1.330444e+07 	
2.22966483e+06 	 1.112239e-06 	 1.330142e+07 	
2.22991496e+06 	 1.101069e-06 	 1.329840e+07 	
2.23016508e+06 	 1.089952e-06 	 1.329538e+07 	
2.23041521e+06 	 1.078889e-06 	 1.329238e+07 	
2.23066533e+06 	 1.067880e-06 	 1.328939e+07 	
2.23091546e+06 	 1.056925e-06 	 1.328641e+07 	
2.23116558e+06 	 1.046025e-06 	 1.328343e+07 	
2.23141571e+06 	 1.035179e-06 	 1.328047e+07 	
2.23166583e+06 	 1.024389e-06 	 1.327751e+07 	
2.23191596e+06 	 1.013654e-06 	 1.327456e+07 	
2.23216608e+06 	 1.002975e-06 	 1.327162e+07 	
2.23241621e+06 	 9.923516e-07 	 1.326870e+07 	
2.23266633e+06 	 9.817849e-07 	 1.326578e+07 	
2.23291646e+06 	 9.712748e-07 	 1.326287e+07 	
2.23316658e+06 	 9.608216e-07 	 1.325997e+07 	
2.23341671e+06 	 9.504256e-07 	 1.325707e+07 	
2.23366683e+06 	 9.400870e-07 	 1.325419e+07 	
2.23391696e+06 	 9.298062e-07 	 1.325132e+07 	
2.23416708e+06 	 9.195833e-07 	 1.324846e+07 	
2.23441721e+06 	 9.094187e-07 	 1.324560e+07 	
2.23466733e+06 	 8.992670e-07 	 1.324278e+07 	
2.23491746e+06 	 8.892195e-07 	 1.323994e+07 	
2.23516758e+06 	 8.792309e-07 	 1.323712e+07 	
2.23541771e+06 	 8.693017e-07 	 1.323430e+07 	
2.23566783e+06 	 8.594319e-07 	 1.323150e+07 	
2.23591796e+06 	 8.496218e-07 	 1.322870e+07 	
2.23616808e+06 	 8.398718e-07 	 1.322592e+07 	
2.23641821e+06 	 8.301819e-07 	 1.322314e+07 	
2.23666833e+06 	 8.205525e-07 	 1.322037e+07 	
2.23691846e+06 	 8.109837e-07 	 1.321761e+07 	
2.23716858e+06 	 8.014758e-07 	 1.321487e+07 	
2.23741871e+06 	 7.920289e-07 	 1.321213e+07 	
2.23766883e+06 	 7.826434e-07 	 1.320940e+07 	
2.23791896e+06 	 7.733193e-07 	 1.320668e+07 	
2.23816908e+06 	 7.640568e-07 	 1.320397e+07 	
2.23841921e+06 	 7.548563e-07 	 1.320127e+07 	
2.23866933e+06 	 7.457177e-07 	 1.319858e+07 	
2.23891946e+06 	 7.366414e-07 	 1.319591e+07 	
2.23916958e+06 	 7.276275e-07 	 1.319324e+07 	
2.23941971e+06 	 7.186762e-07 	 1.319058e+07 	
2.23966983e+06 	 7.097876e-07 	 1.318793e+07 	
2.23991996e+06 	 7.009619e-07 	 1.318529e+07 	
2.24017009e+06 	 6.921992e-07 	 1.318266e+07 	
2.24042021e+06 	 6.834997e-07 	 1.318004e+07 	
2.24067034e+06 	 6.748635e-07 	 1.317743e+07 	
2.24092046e+06 	 6.662908e-07 	 1.317483e+07 	
2.24117059e+06 	 6.577817e-07 	 1.317224e+07 	
2.24142071e+06 	 6.493363e-07 	 1.316966e+07 	
2.24167084e+06 	 6.409547e-07 	 1.316709e+07 	
2.24192096e+06 	 6.326371e-07 	 1.316453e+07 	
2.24217109e+06 	 6.243835e-07 	 1.316198e+07 	
2.24242121e+06 	 6.161941e-07 	 1.315944e+07 	
2.24267134e+06 	 6.080688e-07 	 1.315691e+07 	
2.24292146e+06 	 6.000079e-07 	 1.315440e+07 	
2.24317159e+06 	 5.920114e-07 	 1.315189e+07 	
2.24342171e+06 	 5.840794e-07 	 1.314939e+07 	
2.24367184e+06 	 5.762119e-07 	 1.314690e+07 	
2.24392196e+06 	 5.684090e-07 	 1.314442e+07 	
2.24417209e+06 	 5.606707e-07 	 1.314195e+07 	
2.24442221e+06 	 5.529972e-07 	 1.313949e+07 	
2.24467234e+06 	 5.453883e-07 	 1.313705e+07 	
2.24492246e+06 	 5.378442e-07 	 1.313461e+07 	
2.24517259e+06 	 5.303918e-07 	 1.313216e+07 	
2.24542271e+06 	 5.229775e-07 	 1.312974e+07 	
2.24567284e+06 	 5.156279e-07 	 1.312733e+07 	
2.24592296e+06 	 5.083432e-07 	 1.312494e+07 	
2.24617309e+06 	 5.011232e-07 	 1.312255e+07 	
2.24642321e+06 	 4.939681e-07 	 1.312017e+07 	
2.24667334e+06 	 4.868778e-07 	 1.311781e+07 	
2.24692346e+06 	 4.798523e-07 	 1.311545e+07 	
2.24717359e+06 	 4.728916e-07 	 1.311310e+07 	
2.24742371e+06 	 4.659955e-07 	 1.311077e+07 	
2.24767384e+06 	 4.591641e-07 	 1.310844e+07 	
2.24792396e+06 	 4.523974e-07 	 1.310613e+07 	
2.24817409e+06 	 4.456952e-07 	 1.310382e+07 	
2.24842421e+06 	 4.390575e-07 	 1.310153e+07 	
2.24867434e+06 	 4.324842e-07 	 1.309924e+07 	
2.24892446e+06 	 4.259753e-07 	 1.309697e+07 	
2.24917459e+06 	 4.195307e-07 	 1.309471e+07 	
2.24942471e+06 	 4.131502e-07 	 1.309245e+07 	
2.24967484e+06 	 4.068338e-07 	 1.309021e+07 	
2.24992496e+06 	 4.005813e-07 	 1.308797e+07 	
2.25017509e+06 	 3.943927e-07 	 1.308575e+07 	
2.25042521e+06 	 3.882678e-07 	 1.308354e+07 	
2.25067534e+06 	 3.822065e-07 	 1.308134e+07 	
2.25092546e+06 	 3.762087e-07 	 1.307914e+07 	
2.25117559e+06 	 3.702742e-07 	 1.307696e+07 	
2.25142571e+06 	 3.644029e-07 	 1.307479e+07 	
2.25167584e+06 	 3.585946e-07 	 1.307263e+07 	
2.25192596e+06 	 3.528492e-07 	 1.307048e+07 	
2.25217609e+06 	 3.471664e-07 	 1.306834e+07 	
2.25242621e+06 	 3.415462e-07 	 1.306621e+07 	
2.25267634e+06 	 3.359883e-07 	 1.306409e+07 	
2.25292646e+06 	 3.304925e-07 	 1.306198e+07 	
2.25317659e+06 	 3.250586e-07 	 1.305988e+07 	
2.25342671e+06 	 3.196865e-07 	 1.305779e+07 	
2.25367684e+06 	 3.143759e-07 	 1.305571e+07 	
2.25392696e+06 	 3.091266e-07 	 1.305364e+07 	
2.25417709e+06 	 3.039384e-07 	 1.305158e+07 	
2.25442721e+06 	 2.988111e-07 	 1.304953e+07 	
2.25467734e+06 	 2.937443e-07 	 1.304749e+07 	
2.25492746e+06 	 2.887233e-07 	 1.304548e+07 	
2.25517759e+06 	 2.837771e-07 	 1.304347e+07 	
2.25542771e+06 	 2.788907e-07 	 1.304146e+07 	
2.25567784e+06 	 2.740639e-07 	 1.303946e+07 	
2.25592796e+06 	 2.692965e-07 	 1.303747e+07 	
2.25617809e+06 	 2.645881e-07 	 1.303549e+07 	
2.25642821e+06 	 2.599385e-07 	 1.303353e+07 	
2.25667834e+06 	 2.553474e-07 	 1.303157e+07 	
2.25692846e+06 	 2.508146e-07 	 1.302962e+07 	
2.25717859e+06 	 2.463396e-07 	 1.302768e+07 	
2.25742871e+06 	 2.419222e-07 	 1.302575e+07 	
2.25767884e+06 	 2.375622e-07 	 1.302384e+07 	
2.25792896e+06 	 2.332591e-07 	 1.302193e+07 	
2.25817909e+06 	 2.290127e-07 	 1.302003e+07 	
2.25842921e+06 	 2.248226e-07 	 1.301814e+07 	
2.25867934e+06 	 2.206886e-07 	 1.301626e+07 	
2.25892946e+06 	 2.166102e-07 	 1.301440e+07 	
2.25917959e+06 	 2.125871e-07 	 1.301254e+07 	
2.25942971e+06 	 2.086191e-07 	 1.301069e+07 	
2.25967984e+06 	 2.047056e-07 	 1.300885e+07 	
2.25992996e+06 	 2.008465e-07 	 1.300702e+07 	
2.26018009e+06 	 1.970413e-07 	 1.300520e+07 	
2.26043022e+06 	 1.932896e-07 	 1.300339e+07 	
2.26068034e+06 	 1.895911e-07 	 1.300159e+07 	
2.26093047e+06 	 1.859455e-07 	 1.299980e+07 	
2.26118059e+06 	 1.823523e-07 	 1.299802e+07 	
2.26143072e+06 	 1.788111e-07 	 1.299625e+07 	
2.26168084e+06 	 1.753217e-07 	 1.299449e+07 	
2.26193097e+06 	 1.718835e-07 	 1.299274e+07 	
2.26218109e+06 	 1.684962e-07 	 1.299100e+07 	
2.26243122e+06 	 1.651594e-07 	 1.298926e+07 	
2.26268134e+06 	 1.618726e-07 	 1.298754e+07 	
2.26293147e+06 	 1.586356e-07 	 1.298583e+07 	
2.26318159e+06 	 1.554479e-07 	 1.298412e+07 	
2.26343172e+06 	 1.523166e-07 	 1.298240e+07 	
2.26368184e+06 	 1.492263e-07 	 1.298071e+07 	
2.26393197e+06 	 1.461839e-07 	 1.297904e+07 	
2.26418209e+06 	 1.431892e-07 	 1.297737e+07 	
2.26443222e+06 	 1.402416e-07 	 1.297571e+07 	
2.26468234e+06 	 1.373409e-07 	 1.297406e+07 	
2.26493247e+06 	 1.344865e-07 	 1.297242e+07 	
2.26518259e+06 	 1.316780e-07 	 1.297079e+07 	
2.26543272e+06 	 1.289150e-07 	 1.296917e+07 	
2.26568284e+06 	 1.261971e-07 	 1.296756e+07 	
2.26593297e+06 	 1.235238e-07 	 1.296596e+07 	
2.26618309e+06 	 1.208947e-07 	 1.296436e+07 	
2.26643322e+06 	 1.183093e-07 	 1.296278e+07 	
2.26668334e+06 	 1.157672e-07 	 1.296120e+07 	
2.26693347e+06 	 1.132680e-07 	 1.295963e+07 	
2.26718359e+06 	 1.108112e-07 	 1.295807e+07 	
2.26743372e+06 	 1.083964e-07 	 1.295652e+07 	
2.26768384e+06 	 1.060231e-07 	 1.295498e+07 	
2.26793397e+06 	 1.036909e-07 	 1.295345e+07 	
2.26818409e+06 	 1.013993e-07 	 1.295193e+07 	
2.26843422e+06 	 9.914793e-08 	 1.295041e+07 	
2.26868434e+06 	 9.693628e-08 	 1.294891e+07 	
2.26893447e+06 	 9.476391e-08 	 1.294741e+07 	
2.26918459e+06 	 9.263037e-08 	 1.294592e+07 	
2.26943472e+06 	 9.053523e-08 	 1.294444e+07 	
2.26968484e+06 	 8.847802e-08 	 1.294297e+07 	
2.26993497e+06 	 8.645829e-08 	 1.294151e+07 	
2.27018509e+06 	 8.447561e-08 	 1.294005e+07 	
2.27043522e+06 	 8.252950e-08 	 1.293861e+07 	
2.27068534e+06 	 8.062359e-08 	 1.293713e+07 	
2.27093547e+06 	 7.874932e-08 	 1.293570e+07 	
2.27118559e+06 	 7.691029e-08 	 1.293428e+07 	
2.27143572e+06 	 7.510606e-08 	 1.293287e+07 	
2.27168584e+06 	 7.333616e-08 	 1.293146e+07 	
2.27193597e+06 	 7.160017e-08 	 1.293006e+07 	
2.27218609e+06 	 6.989762e-08 	 1.292867e+07 	
2.27243622e+06 	 6.822809e-08 	 1.292729e+07 	
2.27268634e+06 	 6.659112e-08 	 1.292591e+07 	
2.27293647e+06 	 6.498627e-08 	 1.292455e+07 	
2.27318659e+06 	 6.341311e-08 	 1.292319e+07 	
2.27343672e+06 	 6.187119e-08 	 1.292184e+07 	
2.27368684e+06 	 6.036007e-08 	 1.292049e+07 	
2.27393697e+06 	 5.887933e-08 	 1.291916e+07 	
2.27418709e+06 	 5.742853e-08 	 1.291783e+07 	
2.27443722e+06 	 5.600724e-08 	 1.291651e+07 	
2.27468734e+06 	 5.461502e-08 	 1.291520e+07 	
2.27493747e+06 	 5.325145e-08 	 1.291389e+07 	
2.27518759e+06 	 5.191611e-08 	 1.291260e+07 	
2.27543772e+06 	 5.060856e-08 	 1.291131e+07 	
2.27568784e+06 	 4.932840e-08 	 1.291002e+07 	
2.27593797e+06 	 4.807520e-08 	 1.290875e+07 	
2.27618809e+06 	 4.684854e-08 	 1.290748e+07 	
2.27643822e+06 	 4.565031e-08 	 1.290618e+07 	
2.27668834e+06 	 4.447553e-08 	 1.290492e+07 	
2.27693847e+06 	 4.332606e-08 	 1.290367e+07 	
2.27718859e+06 	 4.220150e-08 	 1.290243e+07 	
2.27743872e+06 	 4.110145e-08 	 1.290120e+07 	
2.27768884e+06 	 4.002550e-08 	 1.289997e+07 	
2.27793897e+06 	 3.897327e-08 	 1.289875e+07 	
2.27818909e+06 	 3.794435e-08 	 1.289754e+07 	
2.27843922e+06 	 3.693836e-08 	 1.289633e+07 	
2.27868934e+06 	 3.595492e-08 	 1.289513e+07 	
2.27893947e+06 	 3.499363e-08 	 1.289394e+07 	
2.27918959e+06 	 3.405412e-08 	 1.289275e+07 	
2.27943972e+06 	 3.313600e-08 	 1.289157e+07 	
2.27968984e+06 	 3.223892e-08 	 1.289040e+07 	
2.27993997e+06 	 3.136249e-08 	 1.288923e+07 	
2.28019010e+06 	 3.050634e-08 	 1.288807e+07 	
2.28044022e+06 	 2.967013e-08 	 1.288692e+07 	
2.28069035e+06 	 2.885348e-08 	 1.288577e+07 	
2.28094047e+06 	 2.805747e-08 	 1.288457e+07 	
2.28119060e+06 	 2.727891e-08 	 1.288343e+07 	
2.28144072e+06 	 2.651886e-08 	 1.288230e+07 	
2.28169085e+06 	 2.577698e-08 	 1.288118e+07 	
2.28194097e+06 	 2.505293e-08 	 1.288006e+07 	
2.28219110e+06 	 2.434636e-08 	 1.287894e+07 	
2.28244122e+06 	 2.365694e-08 	 1.287783e+07 	
2.28269135e+06 	 2.298435e-08 	 1.287673e+07 	
2.28294147e+06 	 2.232826e-08 	 1.287563e+07 	
2.28319160e+06 	 2.168834e-08 	 1.287454e+07 	
2.28344172e+06 	 2.106428e-08 	 1.287345e+07 	
2.28369185e+06 	 2.045577e-08 	 1.287237e+07 	
2.28394197e+06 	 1.986249e-08 	 1.287130e+07 	
2.28419210e+06 	 1.928413e-08 	 1.287023e+07 	
2.28444222e+06 	 1.871943e-08 	 1.286924e+07 	
2.28469235e+06 	 1.817000e-08 	 1.286819e+07 	
2.28494247e+06 	 1.763460e-08 	 1.286714e+07 	
2.28519260e+06 	 1.711294e-08 	 1.286610e+07 	
2.28544272e+06 	 1.660473e-08 	 1.286506e+07 	
2.28569285e+06 	 1.610970e-08 	 1.286403e+07 	
2.28594297e+06 	 1.562755e-08 	 1.286301e+07 	
2.28619310e+06 	 1.515803e-08 	 1.286199e+07 	
2.28644322e+06 	 1.470085e-08 	 1.286098e+07 	
2.28669335e+06 	 1.425575e-08 	 1.285997e+07 	
2.28694347e+06 	 1.382247e-08 	 1.285897e+07 	
2.28719360e+06 	 1.340147e-08 	 1.285788e+07 	
2.28744372e+06 	 1.299108e-08 	 1.285689e+07 	
2.28769385e+06 	 1.259174e-08 	 1.285589e+07 	
2.28794397e+06 	 1.220322e-08 	 1.285491e+07 	
2.28819410e+06 	 1.182526e-08 	 1.285393e+07 	
2.28844422e+06 	 1.145762e-08 	 1.285296e+07 	
2.28869435e+06 	 1.110007e-08 	 1.285199e+07 	
2.28894447e+06 	 1.075238e-08 	 1.285103e+07 	
2.28919460e+06 	 1.041486e-08 	 1.284996e+07 	
2.28944472e+06 	 1.008624e-08 	 1.284900e+07 	
2.28969485e+06 	 9.766810e-09 	 1.284804e+07 	
2.28994497e+06 	 9.456352e-09 	 1.284709e+07 	
2.29019510e+06 	 9.154654e-09 	 1.284615e+07 	
2.29044522e+06 	 8.861508e-09 	 1.284521e+07 	
2.29069535e+06 	 8.576708e-09 	 1.284427e+07 	
2.29094547e+06 	 8.300482e-09 	 1.284321e+07 	
2.29119560e+06 	 8.031808e-09 	 1.284227e+07 	
2.29144572e+06 	 7.770890e-09 	 1.284133e+07 	
2.29169585e+06 	 7.517540e-09 	 1.284040e+07 	
2.29194597e+06 	 7.271568e-09 	 1.283947e+07 	
2.29219610e+06 	 7.032793e-09 	 1.283854e+07 	
2.29244622e+06 	 6.800679e-09 	 1.283778e+07 	
2.29269635e+06 	 6.575725e-09 	 1.283689e+07 	
2.29294647e+06 	 6.357433e-09 	 1.283600e+07 	
2.29319660e+06 	 6.145633e-09 	 1.283512e+07 	
2.29344672e+06 	 5.940159e-09 	 1.283426e+07 	
2.29369685e+06 	 5.741140e-09 	 1.283323e+07 	
2.29394697e+06 	 5.547861e-09 	 1.283236e+07 	
2.29419710e+06 	 5.360429e-09 	 1.283150e+07 	
2.29444722e+06 	 5.178691e-09 	 1.283065e+07 	
2.29469735e+06 	 5.002495e-09 	 1.282982e+07 	
2.29494747e+06 	 4.831962e-09 	 1.282879e+07 	
2.29519760e+06 	 4.666446e-09 	 1.282794e+07 	
2.29544772e+06 	 4.506042e-09 	 1.282711e+07 	
2.29569785e+06 	 4.350612e-09 	 1.282629e+07 	
2.29594797e+06 	 4.200254e-09 	 1.282526e+07 	
2.29619810e+06 	 4.054401e-09 	 1.282443e+07 	
2.29644822e+06 	 3.913128e-09 	 1.282362e+07 	
2.29669835e+06 	 3.776496e-09 	 1.282259e+07 	
2.29694847e+06 	 3.644035e-09 	 1.282177e+07 	
2.29719860e+06 	 3.515785e-09 	 1.282095e+07 	
2.29744872e+06 	 3.391627e-09 	 1.282016e+07 	
2.29769885e+06 	 3.271645e-09 	 1.281906e+07 	
2.29794897e+06 	 3.155366e-09 	 1.281822e+07 	
2.29819910e+06 	 3.043006e-09 	 1.281708e+07 	
2.29844922e+06 	 2.934181e-09 	 1.281615e+07 	
2.29869935e+06 	 2.828916e-09 	 1.281518e+07 	
2.29894947e+06 	 2.726940e-09 	 1.281459e+07 	
2.29919960e+06 	 2.628448e-09 	 1.281369e+07 	
2.29944972e+06 	 2.533067e-09 	 1.281315e+07 	
2.29969985e+06 	 2.440949e-09 	 1.281235e+07 	
2.29994997e+06 	 2.352027e-09 	 1.281114e+07 	
2.30020010e+06 	 2.265986e-09 	 1.281017e+07 	
2.30045023e+06 	 2.182708e-09 	 1.280964e+07 	
2.30070035e+06 	 2.102326e-09 	 1.280878e+07 	
2.30095048e+06 	 2.024540e-09 	 1.280835e+07 	
2.30120060e+06 	 1.949466e-09 	 1.280766e+07 	
2.30145073e+06 	 1.877108e-09 	 1.280629e+07 	
2.30170085e+06 	 1.807103e-09 	 1.280542e+07 	
2.30195098e+06 	 1.739503e-09 	 1.280451e+07 	
2.30220110e+06 	 1.674191e-09 	 1.280377e+07 	
2.30245123e+06 	 1.611172e-09 	 1.280285e+07 	
2.30270135e+06 	 1.550351e-09 	 1.280178e+07 	
2.30295148e+06 	 1.491516e-09 	 1.280164e+07 	
2.30320160e+06 	 1.434818e-09 	 1.280093e+07 	
2.30345173e+06 	 1.380099e-09 	 1.280028e+07 	
2.30370185e+06 	 1.327346e-09 	 1.279930e+07 	
2.30395198e+06 	 1.276415e-09 	 1.279865e+07 	
2.30420210e+06 	 1.227381e-09 	 1.279721e+07 	
2.30445223e+06 	 1.180041e-09 	 1.279614e+07 	
2.30470235e+06 	 1.134337e-09 	 1.279569e+07 	
2.30495248e+06 	 1.090310e-09 	 1.279479e+07 	
2.30520260e+06 	 1.047843e-09 	 1.279402e+07 	
2.30545273e+06 	 1.006937e-09 	 1.279296e+07 	
2.30570285e+06 	 9.674770e-10 	 1.279244e+07 	
2.30595298e+06 	 9.294818e-10 	 1.279139e+07 	
2.30620310e+06 	 8.928411e-10 	 1.279089e+07 	
2.30645323e+06 	 8.575630e-10 	 1.278997e+07 	
2.30670335e+06 	 8.235664e-10 	 1.278930e+07 	
2.30695348e+06 	 7.908340e-10 	 1.278838e+07 	
2.30720360e+06 	 7.592959e-10 	 1.278774e+07 	
2.30745373e+06 	 7.289391e-10 	 1.278687e+07 	
2.30770385e+06 	 6.997046e-10 	 1.278614e+07 	
2.30795398e+06 	 6.715695e-10 	 1.278522e+07 	
2.30820410e+06 	 6.444763e-10 	 1.278457e+07 	
2.30845423e+06 	 6.184110e-10 	 1.278370e+07 	
2.30870435e+06 	 5.933227e-10 	 1.278297e+07 	
2.30895448e+06 	 5.691920e-10 	 1.278196e+07 	
2.30920460e+06 	 5.459645e-10 	 1.278140e+07 	
2.30945473e+06 	 5.236339e-10 	 1.278036e+07 	
2.30970485e+06 	 5.021404e-10 	 1.277986e+07 	
2.30995498e+06 	 4.814824e-10 	 1.277901e+07 	
2.31020510e+06 	 4.616157e-10 	 1.277829e+07 	
2.31045523e+06 	 4.425187e-10 	 1.277741e+07 	
2.31070535e+06 	 4.241568e-10 	 1.277672e+07 	
2.31095548e+06 	 4.065131e-10 	 1.277574e+07 	
2.31120560e+06 	 3.895500e-10 	 1.277517e+07 	
2.31145573e+06 	 3.732538e-10 	 1.277435e+07 	
2.31170585e+06 	 3.575951e-10 	 1.277361e+07 	
2.31195598e+06 	 3.425531e-10 	 1.277281e+07 	
2.31220610e+06 	 3.281040e-10 	 1.277205e+07 	
2.31245623e+06 	 3.142278e-10 	 1.277119e+07 	
2.31270635e+06 	 3.009005e-10 	 1.277049e+07 	
2.31295648e+06 	 2.881063e-10 	 1.276958e+07 	
2.31320660e+06 	 2.758200e-10 	 1.276894e+07 	
2.31345673e+06 	 2.640281e-10 	 1.276813e+07 	
2.31370685e+06 	 2.527093e-10 	 1.276739e+07 	
2.31395698e+06 	 2.418486e-10 	 1.276645e+07 	
2.31420710e+06 	 2.314241e-10 	 1.276584e+07 	
2.31445723e+06 	 2.214244e-10 	 1.276502e+07 	
2.31470735e+06 	 2.118306e-10 	 1.276430e+07 	
2.31495748e+06 	 2.026295e-10 	 1.276342e+07 	
2.31520760e+06 	 1.938035e-10 	 1.276275e+07 	
2.31545773e+06 	 1.853409e-10 	 1.276193e+07 	
2.31570785e+06 	 1.772260e-10 	 1.276121e+07 	
2.31595798e+06 	 1.694467e-10 	 1.276042e+07 	
2.31620810e+06 	 1.619894e-10 	 1.275967e+07 	
2.31645823e+06 	 1.548425e-10 	 1.275879e+07 	
2.31670835e+06 	 1.479923e-10 	 1.275813e+07 	
2.31695848e+06 	 1.414292e-10 	 1.275729e+07 	
2.31720860e+06 	 1.351405e-10 	 1.275659e+07 	
2.31745873e+06 	 1.291164e-10 	 1.275581e+07 	
2.31770885e+06 	 1.233461e-10 	 1.275505e+07 	
2.31795898e+06 	 1.178199e-10 	 1.275427e+07 	
2.31820910e+06 	 1.125278e-10 	 1.275351e+07 	
2.31845923e+06 	 1.074609e-10 	 1.275270e+07 	
2.31870935e+06 	 1.026097e-10 	 1.275198e+07 	
2.31895948e+06 	 9.796612e-11 	 1.275120e+07 	
2.31920960e+06 	 9.352156e-11 	 1.275045e+07 	
2.31945973e+06 	 8.926817e-11 	 1.274967e+07 	
2.31970985e+06 	 8.519809e-11 	 1.274891e+07 	
2.31995998e+06 	 8.130409e-11 	 1.274813e+07 	
2.32021011e+06 	 7.757882e-11 	 1.274738e+07 	
2.32046023e+06 	 7.401563e-11 	 1.274658e+07 	
2.32071036e+06 	 7.060765e-11 	 1.274585e+07 	
2.32096048e+06 	 6.734879e-11 	 1.274506e+07 	
2.32121061e+06 	 6.423267e-11 	 1.274432e+07 	
2.32146073e+06 	 6.125366e-11 	 1.274352e+07 	
2.32171086e+06 	 5.840581e-11 	 1.274280e+07 	
2.32196098e+06 	 5.568391e-11 	 1.274202e+07 	
2.32221111e+06 	 5.308260e-11 	 1.274127e+07 	
2.32246123e+06 	 5.059696e-11 	 1.274046e+07 	
2.62847970e+06 	 1.000000e-20 	 1.190105e+07 	
2.97482060e+06 	 1.000000e-20 	 1.112648e+07 	
3.36679702e+06 	 1.000000e-20 	 1.040986e+07 	
3.81042210e+06 	 1.000000e-20 	 9.745420e+06 	
4.31250132e+06 	 1.000000e-20 	 9.128203e+06 	
4.88073687e+06 	 1.000000e-20 	 8.553952e+06 	
5.52384582e+06 	 1.000000e-20 	 8.018960e+06 	
6.25169385e+06 	 1.000000e-20 	 7.519968e+06 	
7.07544657e+06 	 1.000000e-20 	 7.054091e+06 	
8.00774084e+06 	 1.000000e-20 	 6.618761e+06 	
9.06287860e+06 	 1.000000e-20 	 6.211673e+06 	
1.02570463e+07 	 1.000000e-20 	 5.830750e+06 	
1.16085632e+07 	 1.000000e-20 	 5.474112e+06 	
1.31381623e+07 	 1.000000e-20 	 5.140047e+06 	
1.48693087e+07 	 1.000000e-20 	 4.826993e+06 	
1.68285590e+07 	 1.000000e-20 	 4.533521e+06 	
1.90459695e+07 	 1.000000e-20 	 4.258315e+06 	
2.15555564e+07 	 1.000000e-20 	 4.000166e+06 	
2.43958184e+07 	 1.000000e-20 	 3.757955e+06 	
2.76103267e+07 	 1.000000e-20 	 3.530649e+06 	
3.12483938e+07 	 1.000000e-20 	 3.317290e+06 	
3.53658298e+07 	 1.000000e-20 	 3.116987e+06 	
4.00257986e+07 	 1.000000e-20 	 2.928914e+06 	
4.52997870e+07 	 1.000000e-20 	 2.752301e+06 	
5.12687009e+07 	 1.000000e-20 	 2.586431e+06 	
5.80241072e+07 	 1.000000e-20 	 2.430634e+06 	
6.56696377e+07 	 1.000000e-20 	 2.284285e+06 	
7.43225795e+07 	 1.000000e-20 	 2.146800e+06 	
8.41156737e+07 	 1.000000e-20 	 2.017635e+06 	
9.51991523e+07 	 1.000000e-20 	 1.896277e+06 	
1.07743042e+08 	 1.000000e-20 	 1.782248e+06 	
1.21939775e+08 	 1.000000e-20 	 1.675101e+06 	
1.38007136e+08 	 1.000000e-20 	 1.574417e+06 	
1.56191608e+08 	 1.000000e-20 	 1.479802e+06 	
1.76772152e+08 	 1.000000e-20 	 1.390887e+06 	
2.00064486e+08 	 1.000000e-20 	 1.307326e+06 	
2.26425928e+08 	 1.000000e-20 	 1.228795e+06 	
2.56260878e+08 	 1.000000e-20 	 1.154990e+06 	
2.90027022e+08 	 1.000000e-20 	 1.085624e+06 	
3.28242353e+08 	 1.000000e-20 	 1.020430e+06 	
3.71493117e+08 	 1.000000e-20 	 9.591559e+05 	
4.20442805e+08 	 1.000000e-20 	 9.015648e+05 	
4.75842335e+08 	 1.000000e-20 	 8.474349e+05 	
5.38541570e+08 	 1.000000e-20 	 7.965577e+05 	
6.09502352e+08 	 1.000000e-20 	 7.487372e+05 	
6.89813261e+08 	 1.000000e-20 	 7.037893e+05 	
7.80706316e+08 	 1.000000e-20 	 6.615413e+05 	
8.83575869e+08 	 1.000000e-20 	 6.218307e+05 	
1.00000000e+09 	 1.000000e-20 	 5.845049e+05 	
