r (cm)        	 rho (g/cm3) 	 T (K)       		 Linf = 3.343552e+38
1.19995921e+06 	 1.244175e+05 	 1.256660e+09 	
1.19997180e+06 	 1.223446e+05 	 1.251314e+09 	
1.20008385e+06 	 1.051179e+05 	 1.204060e+09 	
1.20019590e+06 	 8.995458e+04 	 1.157449e+09 	
1.20028711e+06 	 7.899905e+04 	 1.120001e+09 	
1.20037831e+06 	 6.917986e+04 	 1.083008e+09 	
1.20046951e+06 	 6.040280e+04 	 1.046484e+09 	
1.20056071e+06 	 5.257914e+04 	 1.010444e+09 	
1.20065192e+06 	 4.562546e+04 	 9.749039e+08 	
1.20074186e+06 	 3.954328e+04 	 9.403564e+08 	
1.20083181e+06 	 3.416098e+04 	 9.063248e+08 	
1.20092176e+06 	 2.941296e+04 	 8.728250e+08 	
1.20099608e+06 	 2.592488e+04 	 8.455588e+08 	
1.20107040e+06 	 2.279570e+04 	 8.186759e+08 	
1.20114472e+06 	 1.999510e+04 	 7.921859e+08 	
1.20121903e+06 	 1.749466e+04 	 7.660983e+08 	
1.20129335e+06 	 1.526775e+04 	 7.404229e+08 	
1.20136739e+06 	 1.329669e+04 	 7.152656e+08 	
1.20144142e+06 	 1.154951e+04 	 6.905369e+08 	
1.20151545e+06 	 1.000495e+04 	 6.662467e+08 	
1.20157644e+06 	 8.870672e+03 	 6.465718e+08 	
1.20163744e+06 	 7.850194e+03 	 6.272068e+08 	
1.20169843e+06 	 6.933884e+03 	 6.081572e+08 	
1.20175942e+06 	 6.112738e+03 	 5.894286e+08 	
1.20182041e+06 	 5.378359e+03 	 5.710263e+08 	
1.20188141e+06 	 4.722927e+03 	 5.529558e+08 	
1.20194286e+06 	 4.135010e+03 	 5.350893e+08 	
1.20200431e+06 	 3.612976e+03 	 5.175703e+08 	
1.20206577e+06 	 3.150454e+03 	 5.004040e+08 	
1.20211672e+06 	 2.807907e+03 	 4.864433e+08 	
1.20216766e+06 	 2.499110e+03 	 4.727313e+08 	
1.20221861e+06 	 2.221172e+03 	 4.592706e+08 	
1.20226956e+06 	 1.971399e+03 	 4.460638e+08 	
1.20232051e+06 	 1.747292e+03 	 4.331133e+08 	
1.20237146e+06 	 1.546532e+03 	 4.204215e+08 	
1.20242241e+06 	 1.366972e+03 	 4.079905e+08 	
1.20247522e+06 	 1.201113e+03 	 3.953828e+08 	
1.20252802e+06 	 1.053871e+03 	 3.830596e+08 	
1.20257190e+06 	 9.443472e+02 	 3.730382e+08 	
1.20261578e+06 	 8.453982e+02 	 3.632155e+08 	
1.20265966e+06 	 7.561083e+02 	 3.535921e+08 	
1.20270354e+06 	 6.756292e+02 	 3.441689e+08 	
1.20274741e+06 	 6.031761e+02 	 3.349465e+08 	
1.20279129e+06 	 5.380242e+02 	 3.259252e+08 	
1.20283517e+06 	 4.795047e+02 	 3.171054e+08 	
1.20287905e+06 	 4.270021e+02 	 3.084873e+08 	
1.20292293e+06 	 3.799504e+02 	 3.000709e+08 	
1.20296935e+06 	 3.355244e+02 	 2.913851e+08 	
1.20300770e+06 	 3.025937e+02 	 2.843812e+08 	
1.20304604e+06 	 2.727540e+02 	 2.775308e+08 	
1.20308439e+06 	 2.457364e+02 	 2.708334e+08 	
1.20312273e+06 	 2.212930e+02 	 2.642887e+08 	
1.20316108e+06 	 1.991951e+02 	 2.578960e+08 	
1.20319943e+06 	 1.792322e+02 	 2.516547e+08 	
1.20323777e+06 	 1.612110e+02 	 2.455641e+08 	
1.20327612e+06 	 1.449536e+02 	 2.396231e+08 	
1.20331446e+06 	 1.302971e+02 	 2.338310e+08 	
1.20335281e+06 	 1.170923e+02 	 2.281866e+08 	
1.20339115e+06 	 1.052024e+02 	 2.226887e+08 	
1.20342950e+06 	 9.450280e+01 	 2.173361e+08 	
1.20346784e+06 	 8.487944e+01 	 2.121275e+08 	
1.20350619e+06 	 7.622850e+01 	 2.070613e+08 	
1.20354453e+06 	 6.845540e+01 	 2.021361e+08 	
1.20358288e+06 	 6.147413e+01 	 1.973502e+08 	
1.20362078e+06 	 5.527558e+01 	 1.927552e+08 	
1.20365868e+06 	 4.970570e+01 	 1.882928e+08 	
1.20369658e+06 	 4.470232e+01 	 1.839612e+08 	
1.20373448e+06 	 4.020905e+01 	 1.797585e+08 	
1.20377238e+06 	 3.617487e+01 	 1.756828e+08 	
1.20381028e+06 	 3.255357e+01 	 1.717319e+08 	
1.20384818e+06 	 2.930341e+01 	 1.679039e+08 	
1.20388608e+06 	 2.638668e+01 	 1.641964e+08 	
1.20392398e+06 	 2.376937e+01 	 1.606072e+08 	
1.20396187e+06 	 2.142081e+01 	 1.571342e+08 	
1.20399977e+06 	 1.931336e+01 	 1.537748e+08 	
1.20403767e+06 	 1.742217e+01 	 1.505269e+08 	
1.20407557e+06 	 1.572487e+01 	 1.473878e+08 	
1.20411347e+06 	 1.420137e+01 	 1.443552e+08 	
1.20415137e+06 	 1.283360e+01 	 1.414266e+08 	
1.20418927e+06 	 1.160537e+01 	 1.385995e+08 	
1.20422717e+06 	 1.050214e+01 	 1.358714e+08 	
1.20426507e+06 	 9.510883e+00 	 1.332396e+08 	
1.20431053e+06 	 8.453338e+00 	 1.302068e+08 	
1.20435598e+06 	 7.522248e+00 	 1.273046e+08 	
1.20440144e+06 	 6.701963e+00 	 1.245286e+08 	
1.20444689e+06 	 5.978784e+00 	 1.218744e+08 	
1.20449235e+06 	 5.340724e+00 	 1.193376e+08 	
1.20453780e+06 	 4.777294e+00 	 1.169140e+08 	
1.20458326e+06 	 4.279322e+00 	 1.145991e+08 	
1.20462871e+06 	 3.838788e+00 	 1.123889e+08 	
1.20467417e+06 	 3.448675e+00 	 1.102792e+08 	
1.20471962e+06 	 3.102853e+00 	 1.082658e+08 	
1.20476508e+06 	 2.795957e+00 	 1.063448e+08 	
1.20481053e+06 	 2.523298e+00 	 1.045123e+08 	
1.20485599e+06 	 2.280770e+00 	 1.027644e+08 	
1.20490144e+06 	 2.064785e+00 	 1.010974e+08 	
1.20494690e+06 	 1.872197e+00 	 9.950765e+07 	
1.20499235e+06 	 1.700255e+00 	 9.799175e+07 	
1.20504841e+06 	 1.513072e+00 	 9.621872e+07 	
1.20510447e+06 	 1.349732e+00 	 9.454667e+07 	
1.20516054e+06 	 1.206908e+00 	 9.296971e+07 	
1.20521660e+06 	 1.081765e+00 	 9.148227e+07 	
1.20527266e+06 	 9.718855e-01 	 9.007901e+07 	
1.20532872e+06 	 8.752043e-01 	 8.875488e+07 	
1.20538478e+06 	 7.899567e-01 	 8.750507e+07 	
1.20545583e+06 	 6.960063e-01 	 8.602087e+07 	
1.20552688e+06 	 6.154218e-01 	 8.464012e+07 	
1.20559793e+06 	 5.460684e-01 	 8.335478e+07 	
1.20566898e+06 	 4.861811e-01 	 8.215740e+07 	
1.20574002e+06 	 4.342968e-01 	 8.104110e+07 	
1.20581107e+06 	 3.891992e-01 	 7.999954e+07 	
1.20588212e+06 	 3.498747e-01 	 7.902687e+07 	
1.20597388e+06 	 3.062709e-01 	 7.786392e+07 	
1.20606564e+06 	 2.694008e-01 	 7.679642e+07 	
1.20615740e+06 	 2.380685e-01 	 7.581494e+07 	
1.20624916e+06 	 2.113132e-01 	 7.491106e+07 	
1.20634091e+06 	 1.883589e-01 	 7.407722e+07 	
1.20645925e+06 	 1.633635e-01 	 7.309448e+07 	
1.20657759e+06 	 1.425817e-01 	 7.220439e+07 	
1.20669592e+06 	 1.251840e-01 	 7.139593e+07 	
1.20681426e+06 	 1.105237e-01 	 7.065957e+07 	
1.20695434e+06 	 9.601809e-02 	 6.986981e+07 	
1.20709442e+06 	 8.398761e-02 	 6.915777e+07 	
1.20723450e+06 	 7.393232e-02 	 6.851345e+07 	
1.20737458e+06 	 6.546654e-02 	 6.792836e+07 	
1.20757230e+06 	 5.565487e-02 	 6.718951e+07 	
1.20777002e+06 	 4.778649e-02 	 6.653743e+07 	
1.20796773e+06 	 4.140284e-02 	 6.595842e+07 	
1.20822910e+06 	 3.468475e-02 	 6.528653e+07 	
1.20849046e+06 	 2.942996e-02 	 6.470263e+07 	
1.20875183e+06 	 2.525690e-02 	 6.419087e+07 	
1.20910727e+06 	 2.084848e-02 	 6.358875e+07 	
1.20946270e+06 	 1.749265e-02 	 6.307344e+07 	
1.20981813e+06 	 1.488737e-02 	 6.262722e+07 	
1.21031235e+06 	 1.214276e-02 	 6.209714e+07 	
1.21080656e+06 	 1.010850e-02 	 6.164899e+07 	
1.21130077e+06 	 8.562929e-03 	 6.126415e+07 	
1.21201947e+06 	 6.905869e-03 	 6.079068e+07 	
1.21273817e+06 	 5.716216e-03 	 6.039425e+07 	
1.21345687e+06 	 4.834756e-03 	 6.005540e+07 	
1.21441173e+06 	 3.978646e-03 	 5.967176e+07 	
1.21536659e+06 	 3.360327e-03 	 5.934482e+07 	
1.21632146e+06 	 2.899377e-03 	 5.906025e+07 	
1.21727632e+06 	 2.546593e-03 	 5.880815e+07 	
1.21877171e+06 	 2.140132e-03 	 5.846244e+07 	
1.22026710e+06 	 1.851129e-03 	 5.816115e+07 	
1.22224678e+06 	 1.581180e-03 	 5.781088e+07 	
1.22422646e+06 	 1.392176e-03 	 5.750024e+07 	
1.22620614e+06 	 1.254637e-03 	 5.721807e+07 	
1.22904079e+06 	 1.114606e-03 	 5.684946e+07 	
1.23187545e+06 	 1.017000e-03 	 5.651052e+07 	
1.23471011e+06 	 9.460996e-04 	 5.619257e+07 	
1.23937269e+06 	 8.649819e-04 	 5.570111e+07 	
1.24152008e+06 	 8.372704e-04 	 5.548436e+07 	
1.24728958e+06 	 7.809663e-04 	 5.492286e+07 	
1.25130321e+06 	 7.518535e-04 	 5.454555e+07 	
1.25925609e+06 	 7.074631e-04 	 5.382032e+07 	
1.26427250e+06 	 6.847897e-04 	 5.337453e+07 	
1.27551818e+06 	 6.416319e-04 	 5.240032e+07 	
1.27666667e+06 	 6.376326e-04 	 5.230258e+07 	
1.28666667e+06 	 6.045909e-04 	 5.146333e+07 	
1.29666667e+06 	 5.742373e-04 	 5.064448e+07 	
1.30333333e+06 	 5.551382e-04 	 5.010926e+07 	
1.31333333e+06 	 5.279402e-04 	 4.932176e+07 	
1.32333333e+06 	 5.023028e-04 	 4.855205e+07 	
1.33333333e+06 	 4.780797e-04 	 4.779947e+07 	
1.34333333e+06 	 4.552040e-04 	 4.706352e+07 	
1.35333333e+06 	 4.335523e-04 	 4.634361e+07 	
1.36000000e+06 	 4.197789e-04 	 4.587236e+07 	
1.37000000e+06 	 4.000348e-04 	 4.517813e+07 	
1.38000000e+06 	 3.813300e-04 	 4.449866e+07 	
1.39000000e+06 	 3.635936e-04 	 4.383348e+07 	
1.40000000e+06 	 3.467889e-04 	 4.318221e+07 	
1.41000000e+06 	 3.308623e-04 	 4.254442e+07 	
1.42000000e+06 	 3.157502e-04 	 4.191970e+07 	
1.43000000e+06 	 3.014065e-04 	 4.130767e+07 	
1.44000000e+06 	 2.877878e-04 	 4.070796e+07 	
1.45000000e+06 	 2.748483e-04 	 4.012020e+07 	
1.46000000e+06 	 2.625620e-04 	 3.954409e+07 	
1.47000000e+06 	 2.508797e-04 	 3.897927e+07 	
1.48000000e+06 	 2.397747e-04 	 3.842543e+07 	
1.49000000e+06 	 2.292141e-04 	 3.788228e+07 	
1.50000000e+06 	 2.191671e-04 	 3.734952e+07 	
1.51000000e+06 	 2.096078e-04 	 3.682686e+07 	
1.52000000e+06 	 2.005057e-04 	 3.631404e+07 	
1.53000000e+06 	 1.918354e-04 	 3.581077e+07 	
1.54000000e+06 	 1.835787e-04 	 3.531682e+07 	
1.55000000e+06 	 1.757102e-04 	 3.483195e+07 	
1.56000000e+06 	 1.682097e-04 	 3.435590e+07 	
1.57000000e+06 	 1.610573e-04 	 3.388845e+07 	
1.58000000e+06 	 1.542372e-04 	 3.342939e+07 	
1.59000000e+06 	 1.477296e-04 	 3.297850e+07 	
1.60000000e+06 	 1.415200e-04 	 3.253557e+07 	
1.61000000e+06 	 1.355926e-04 	 3.210040e+07 	
1.62000000e+06 	 1.299331e-04 	 3.167280e+07 	
1.63000000e+06 	 1.245280e-04 	 3.125259e+07 	
1.64000000e+06 	 1.193644e-04 	 3.083958e+07 	
1.65000000e+06 	 1.144311e-04 	 3.043360e+07 	
1.66000000e+06 	 1.097151e-04 	 3.003448e+07 	
1.67000000e+06 	 1.052054e-04 	 2.964205e+07 	
1.68000000e+06 	 1.008938e-04 	 2.925616e+07 	
1.69000000e+06 	 9.676916e-05 	 2.887665e+07 	
1.70000000e+06 	 9.282263e-05 	 2.850338e+07 	
1.71000000e+06 	 8.904554e-05 	 2.813619e+07 	
1.72000000e+06 	 8.542973e-05 	 2.777495e+07 	
1.73000000e+06 	 8.196762e-05 	 2.741952e+07 	
1.74000000e+06 	 7.865185e-05 	 2.706977e+07 	
1.75000000e+06 	 7.547540e-05 	 2.672558e+07 	
1.76000000e+06 	 7.243170e-05 	 2.638681e+07 	
1.77000000e+06 	 6.951456e-05 	 2.605335e+07 	
1.78000000e+06 	 6.671800e-05 	 2.572508e+07 	
1.79000000e+06 	 6.403629e-05 	 2.540189e+07 	
1.80000000e+06 	 6.146441e-05 	 2.508366e+07 	
1.81000000e+06 	 5.899703e-05 	 2.477030e+07 	
1.82000000e+06 	 5.662938e-05 	 2.446169e+07 	
1.83000000e+06 	 5.435686e-05 	 2.415773e+07 	
1.84000000e+06 	 5.217510e-05 	 2.385833e+07 	
1.85000000e+06 	 5.008000e-05 	 2.356339e+07 	
1.86000000e+06 	 4.806778e-05 	 2.327282e+07 	
1.87000000e+06 	 4.613448e-05 	 2.298653e+07 	
1.88000000e+06 	 4.427651e-05 	 2.270442e+07 	
1.89000000e+06 	 4.249061e-05 	 2.242642e+07 	
1.90000000e+06 	 4.077351e-05 	 2.215244e+07 	
1.91000000e+06 	 3.912222e-05 	 2.188241e+07 	
1.92000000e+06 	 3.753367e-05 	 2.161623e+07 	
1.93000000e+06 	 3.600509e-05 	 2.135384e+07 	
1.94000000e+06 	 3.453382e-05 	 2.109515e+07 	
1.95000000e+06 	 3.311730e-05 	 2.084011e+07 	
1.96000000e+06 	 3.175309e-05 	 2.058864e+07 	
1.97000000e+06 	 3.043889e-05 	 2.034066e+07 	
1.98000000e+06 	 2.917252e-05 	 2.009612e+07 	
2.00000000e+06 	 2.677477e-05 	 1.961708e+07 	
2.00050050e+06 	 2.671697e-05 	 1.960526e+07 	
2.00100100e+06 	 2.665927e-05 	 1.959345e+07 	
2.00150150e+06 	 2.660168e-05 	 1.958164e+07 	
2.00200200e+06 	 2.654419e-05 	 1.956985e+07 	
2.00250250e+06 	 2.648681e-05 	 1.955806e+07 	
2.00300300e+06 	 2.642953e-05 	 1.954628e+07 	
2.00350350e+06 	 2.637235e-05 	 1.953451e+07 	
2.00400400e+06 	 2.631528e-05 	 1.952275e+07 	
2.00450450e+06 	 2.625831e-05 	 1.951099e+07 	
2.00500501e+06 	 2.620144e-05 	 1.949925e+07 	
2.00550551e+06 	 2.614467e-05 	 1.948751e+07 	
2.00600601e+06 	 2.608801e-05 	 1.947578e+07 	
2.00650651e+06 	 2.603144e-05 	 1.946405e+07 	
2.00700701e+06 	 2.597498e-05 	 1.945234e+07 	
2.00750751e+06 	 2.591862e-05 	 1.944063e+07 	
2.00800801e+06 	 2.586236e-05 	 1.942893e+07 	
2.00850851e+06 	 2.580620e-05 	 1.941724e+07 	
2.00900901e+06 	 2.575014e-05 	 1.940556e+07 	
2.00950951e+06 	 2.569418e-05 	 1.939389e+07 	
2.01001001e+06 	 2.563832e-05 	 1.938222e+07 	
2.01051051e+06 	 2.558256e-05 	 1.937056e+07 	
2.01101101e+06 	 2.552690e-05 	 1.935891e+07 	
2.01151151e+06 	 2.547134e-05 	 1.934727e+07 	
2.01201201e+06 	 2.541587e-05 	 1.933563e+07 	
2.01251251e+06 	 2.536051e-05 	 1.932401e+07 	
2.01301301e+06 	 2.530525e-05 	 1.931239e+07 	
2.01351351e+06 	 2.525008e-05 	 1.930078e+07 	
2.01401401e+06 	 2.519501e-05 	 1.928917e+07 	
2.01451451e+06 	 2.514004e-05 	 1.927758e+07 	
2.01501502e+06 	 2.508517e-05 	 1.926599e+07 	
2.01551552e+06 	 2.503039e-05 	 1.925441e+07 	
2.01601602e+06 	 2.497572e-05 	 1.924284e+07 	
2.01651652e+06 	 2.492114e-05 	 1.923128e+07 	
2.01701702e+06 	 2.486665e-05 	 1.921972e+07 	
2.01751752e+06 	 2.481227e-05 	 1.920817e+07 	
2.01801802e+06 	 2.475798e-05 	 1.919663e+07 	
2.01851852e+06 	 2.470378e-05 	 1.918510e+07 	
2.01901902e+06 	 2.464969e-05 	 1.917358e+07 	
2.01951952e+06 	 2.459568e-05 	 1.916206e+07 	
2.02002002e+06 	 2.454178e-05 	 1.915055e+07 	
2.02052052e+06 	 2.448797e-05 	 1.913905e+07 	
2.02102102e+06 	 2.443425e-05 	 1.912756e+07 	
2.02152152e+06 	 2.438063e-05 	 1.911607e+07 	
2.02202202e+06 	 2.432710e-05 	 1.910460e+07 	
2.02252252e+06 	 2.427367e-05 	 1.909313e+07 	
2.02302302e+06 	 2.422034e-05 	 1.908167e+07 	
2.02352352e+06 	 2.416709e-05 	 1.907021e+07 	
2.02402402e+06 	 2.411394e-05 	 1.905877e+07 	
2.02452452e+06 	 2.406089e-05 	 1.904733e+07 	
2.02502503e+06 	 2.400793e-05 	 1.903590e+07 	
2.02552553e+06 	 2.395506e-05 	 1.902447e+07 	
2.02602603e+06 	 2.390228e-05 	 1.901306e+07 	
2.02652653e+06 	 2.384960e-05 	 1.900165e+07 	
2.02702703e+06 	 2.379701e-05 	 1.899025e+07 	
2.02752753e+06 	 2.374451e-05 	 1.897886e+07 	
2.02802803e+06 	 2.369210e-05 	 1.896748e+07 	
2.02852853e+06 	 2.363979e-05 	 1.895610e+07 	
2.02902903e+06 	 2.358757e-05 	 1.894473e+07 	
2.02952953e+06 	 2.353544e-05 	 1.893337e+07 	
2.03003003e+06 	 2.348340e-05 	 1.892202e+07 	
2.03053053e+06 	 2.343145e-05 	 1.891067e+07 	
2.03103103e+06 	 2.337959e-05 	 1.889934e+07 	
2.03153153e+06 	 2.332782e-05 	 1.888801e+07 	
2.03203203e+06 	 2.327615e-05 	 1.887668e+07 	
2.03253253e+06 	 2.322456e-05 	 1.886537e+07 	
2.03303303e+06 	 2.317306e-05 	 1.885406e+07 	
2.03353353e+06 	 2.312166e-05 	 1.884276e+07 	
2.03403403e+06 	 2.307034e-05 	 1.883147e+07 	
2.03453453e+06 	 2.301911e-05 	 1.882019e+07 	
2.03503504e+06 	 2.296797e-05 	 1.880891e+07 	
2.03553554e+06 	 2.291692e-05 	 1.879764e+07 	
2.03603604e+06 	 2.286596e-05 	 1.878638e+07 	
2.03653654e+06 	 2.281509e-05 	 1.877513e+07 	
2.03703704e+06 	 2.276430e-05 	 1.876388e+07 	
2.03753754e+06 	 2.271361e-05 	 1.875264e+07 	
2.03803804e+06 	 2.266300e-05 	 1.874141e+07 	
2.03853854e+06 	 2.261248e-05 	 1.873019e+07 	
2.03903904e+06 	 2.256205e-05 	 1.871897e+07 	
2.03953954e+06 	 2.251170e-05 	 1.870776e+07 	
2.04004004e+06 	 2.246144e-05 	 1.869656e+07 	
2.04054054e+06 	 2.241127e-05 	 1.868537e+07 	
2.04104104e+06 	 2.236119e-05 	 1.867418e+07 	
2.04154154e+06 	 2.231119e-05 	 1.866301e+07 	
2.04204204e+06 	 2.226127e-05 	 1.865184e+07 	
2.04254254e+06 	 2.221145e-05 	 1.864067e+07 	
2.04304304e+06 	 2.216171e-05 	 1.862952e+07 	
2.04354354e+06 	 2.211205e-05 	 1.861837e+07 	
2.04404404e+06 	 2.206248e-05 	 1.860723e+07 	
2.04454454e+06 	 2.201300e-05 	 1.859610e+07 	
2.04504505e+06 	 2.196360e-05 	 1.858497e+07 	
2.04554555e+06 	 2.191429e-05 	 1.857385e+07 	
2.04604605e+06 	 2.186506e-05 	 1.856274e+07 	
2.04654655e+06 	 2.181591e-05 	 1.855164e+07 	
2.04704705e+06 	 2.176685e-05 	 1.854054e+07 	
2.04754755e+06 	 2.171788e-05 	 1.852946e+07 	
2.04804805e+06 	 2.166899e-05 	 1.851838e+07 	
2.04854855e+06 	 2.162018e-05 	 1.850730e+07 	
2.04904905e+06 	 2.157145e-05 	 1.849624e+07 	
2.04954955e+06 	 2.152281e-05 	 1.848518e+07 	
2.05005005e+06 	 2.147425e-05 	 1.847413e+07 	
2.05055055e+06 	 2.142578e-05 	 1.846309e+07 	
2.05105105e+06 	 2.137739e-05 	 1.845205e+07 	
2.05155155e+06 	 2.132908e-05 	 1.844102e+07 	
2.05205205e+06 	 2.128085e-05 	 1.843000e+07 	
2.05255255e+06 	 2.123270e-05 	 1.841899e+07 	
2.05305305e+06 	 2.118464e-05 	 1.840798e+07 	
2.05355355e+06 	 2.113666e-05 	 1.839698e+07 	
2.05405405e+06 	 2.108876e-05 	 1.838599e+07 	
2.05455455e+06 	 2.104094e-05 	 1.837501e+07 	
2.05505506e+06 	 2.099321e-05 	 1.836403e+07 	
2.05555556e+06 	 2.094555e-05 	 1.835306e+07 	
2.05605606e+06 	 2.089798e-05 	 1.834210e+07 	
2.05655656e+06 	 2.085048e-05 	 1.833114e+07 	
2.05705706e+06 	 2.080307e-05 	 1.832020e+07 	
2.05755756e+06 	 2.075573e-05 	 1.830926e+07 	
2.05805806e+06 	 2.070848e-05 	 1.829832e+07 	
2.05855856e+06 	 2.066131e-05 	 1.828740e+07 	
2.05905906e+06 	 2.061421e-05 	 1.827648e+07 	
2.05955956e+06 	 2.056720e-05 	 1.826557e+07 	
2.06006006e+06 	 2.052027e-05 	 1.825467e+07 	
2.06056056e+06 	 2.047341e-05 	 1.824377e+07 	
2.06106106e+06 	 2.042663e-05 	 1.823288e+07 	
2.06156156e+06 	 2.037994e-05 	 1.822200e+07 	
2.06206206e+06 	 2.033332e-05 	 1.821112e+07 	
2.06256256e+06 	 2.028678e-05 	 1.820026e+07 	
2.06306306e+06 	 2.024031e-05 	 1.818940e+07 	
2.06356356e+06 	 2.019393e-05 	 1.817855e+07 	
2.06406406e+06 	 2.014762e-05 	 1.816770e+07 	
2.06456456e+06 	 2.010139e-05 	 1.815686e+07 	
2.06506507e+06 	 2.005524e-05 	 1.814603e+07 	
2.06556557e+06 	 2.000917e-05 	 1.813521e+07 	
2.06606607e+06 	 1.996317e-05 	 1.812439e+07 	
2.06656657e+06 	 1.991725e-05 	 1.811358e+07 	
2.06706707e+06 	 1.987141e-05 	 1.810278e+07 	
2.06756757e+06 	 1.982564e-05 	 1.809199e+07 	
2.06806807e+06 	 1.977995e-05 	 1.808120e+07 	
2.06856857e+06 	 1.973433e-05 	 1.807042e+07 	
2.06906907e+06 	 1.968879e-05 	 1.805965e+07 	
2.06956957e+06 	 1.964333e-05 	 1.804888e+07 	
2.07007007e+06 	 1.959794e-05 	 1.803812e+07 	
2.07057057e+06 	 1.955263e-05 	 1.802737e+07 	
2.07107107e+06 	 1.950739e-05 	 1.801663e+07 	
2.07157157e+06 	 1.946223e-05 	 1.800589e+07 	
2.07207207e+06 	 1.941714e-05 	 1.799516e+07 	
2.07257257e+06 	 1.937213e-05 	 1.798444e+07 	
2.07307307e+06 	 1.932719e-05 	 1.797372e+07 	
2.07357357e+06 	 1.928233e-05 	 1.796301e+07 	
2.07407407e+06 	 1.923754e-05 	 1.795231e+07 	
2.07457457e+06 	 1.919283e-05 	 1.794162e+07 	
2.07507508e+06 	 1.914818e-05 	 1.793093e+07 	
2.07557558e+06 	 1.910362e-05 	 1.792025e+07 	
2.07607608e+06 	 1.905912e-05 	 1.790958e+07 	
2.07657658e+06 	 1.901470e-05 	 1.789891e+07 	
2.07707708e+06 	 1.897035e-05 	 1.788825e+07 	
2.07757758e+06 	 1.892608e-05 	 1.787760e+07 	
2.07807808e+06 	 1.888187e-05 	 1.786696e+07 	
2.07857858e+06 	 1.883774e-05 	 1.785632e+07 	
2.07907908e+06 	 1.879463e-05 	 1.784567e+07 	
2.07957958e+06 	 1.875067e-05 	 1.783504e+07 	
2.08008008e+06 	 1.870678e-05 	 1.782443e+07 	
2.08058058e+06 	 1.866296e-05 	 1.781382e+07 	
2.08108108e+06 	 1.861922e-05 	 1.780322e+07 	
2.08158158e+06 	 1.857555e-05 	 1.779262e+07 	
2.08208208e+06 	 1.853195e-05 	 1.778203e+07 	
2.08258258e+06 	 1.848842e-05 	 1.777145e+07 	
2.08308308e+06 	 1.844496e-05 	 1.776087e+07 	
2.08358358e+06 	 1.840158e-05 	 1.775031e+07 	
2.08408408e+06 	 1.835826e-05 	 1.773975e+07 	
2.08458458e+06 	 1.831502e-05 	 1.772919e+07 	
2.08508509e+06 	 1.827185e-05 	 1.771865e+07 	
2.08558559e+06 	 1.822875e-05 	 1.770811e+07 	
2.08608609e+06 	 1.818572e-05 	 1.769757e+07 	
2.08658659e+06 	 1.814276e-05 	 1.768705e+07 	
2.08708709e+06 	 1.809987e-05 	 1.767653e+07 	
2.08758759e+06 	 1.805705e-05 	 1.766602e+07 	
2.08808809e+06 	 1.801430e-05 	 1.765551e+07 	
2.08858859e+06 	 1.797162e-05 	 1.764502e+07 	
2.08908909e+06 	 1.792901e-05 	 1.763453e+07 	
2.08958959e+06 	 1.788647e-05 	 1.762404e+07 	
2.09009009e+06 	 1.784400e-05 	 1.761356e+07 	
2.09059059e+06 	 1.780160e-05 	 1.760309e+07 	
2.09109109e+06 	 1.775927e-05 	 1.759263e+07 	
2.09159159e+06 	 1.771612e-05 	 1.758219e+07 	
2.09209209e+06 	 1.767390e-05 	 1.757175e+07 	
2.09259259e+06 	 1.763175e-05 	 1.756130e+07 	
2.09309309e+06 	 1.758967e-05 	 1.755087e+07 	
2.09359359e+06 	 1.754766e-05 	 1.754044e+07 	
2.09409409e+06 	 1.750571e-05 	 1.753002e+07 	
2.09459459e+06 	 1.746383e-05 	 1.751961e+07 	
2.09509510e+06 	 1.742202e-05 	 1.750920e+07 	
2.09559560e+06 	 1.738028e-05 	 1.749880e+07 	
2.09609610e+06 	 1.733860e-05 	 1.748840e+07 	
2.09659660e+06 	 1.729699e-05 	 1.747802e+07 	
2.09709710e+06 	 1.725545e-05 	 1.746764e+07 	
2.09759760e+06 	 1.721397e-05 	 1.745727e+07 	
2.09809810e+06 	 1.717256e-05 	 1.744690e+07 	
2.09859860e+06 	 1.713121e-05 	 1.743654e+07 	
2.09909910e+06 	 1.708993e-05 	 1.742619e+07 	
2.09959960e+06 	 1.704872e-05 	 1.741584e+07 	
2.10010010e+06 	 1.700757e-05 	 1.740550e+07 	
2.10060060e+06 	 1.696649e-05 	 1.739517e+07 	
2.10110110e+06 	 1.692548e-05 	 1.738485e+07 	
2.10160160e+06 	 1.688452e-05 	 1.737453e+07 	
2.10210210e+06 	 1.684364e-05 	 1.736422e+07 	
2.10260260e+06 	 1.680282e-05 	 1.735391e+07 	
2.10310310e+06 	 1.676206e-05 	 1.734361e+07 	
2.10360360e+06 	 1.672137e-05 	 1.733332e+07 	
2.10410410e+06 	 1.667990e-05 	 1.732306e+07 	
2.10460460e+06 	 1.663932e-05 	 1.731278e+07 	
2.10510511e+06 	 1.659879e-05 	 1.730251e+07 	
2.10560561e+06 	 1.655834e-05 	 1.729225e+07 	
2.10610611e+06 	 1.651794e-05 	 1.728199e+07 	
2.10660661e+06 	 1.647761e-05 	 1.727174e+07 	
2.10710711e+06 	 1.643734e-05 	 1.726150e+07 	
2.10760761e+06 	 1.639713e-05 	 1.725126e+07 	
2.10810811e+06 	 1.635699e-05 	 1.724103e+07 	
2.10860861e+06 	 1.631691e-05 	 1.723081e+07 	
2.10910911e+06 	 1.627689e-05 	 1.722059e+07 	
2.10960961e+06 	 1.623693e-05 	 1.721039e+07 	
2.11011011e+06 	 1.619703e-05 	 1.720018e+07 	
2.11061061e+06 	 1.615720e-05 	 1.718999e+07 	
2.11111111e+06 	 1.611742e-05 	 1.717980e+07 	
2.11161161e+06 	 1.607771e-05 	 1.716962e+07 	
2.11211211e+06 	 1.603806e-05 	 1.715944e+07 	
2.11261261e+06 	 1.599847e-05 	 1.714927e+07 	
2.11311311e+06 	 1.595894e-05 	 1.713911e+07 	
2.11361361e+06 	 1.591947e-05 	 1.712895e+07 	
2.11411411e+06 	 1.588007e-05 	 1.711881e+07 	
2.11461461e+06 	 1.584072e-05 	 1.710866e+07 	
2.11511512e+06 	 1.580143e-05 	 1.709853e+07 	
2.11561562e+06 	 1.576220e-05 	 1.708840e+07 	
2.11611612e+06 	 1.572304e-05 	 1.707828e+07 	
2.11661662e+06 	 1.568471e-05 	 1.706814e+07 	
2.11711712e+06 	 1.564568e-05 	 1.705804e+07 	
2.11761762e+06 	 1.560671e-05 	 1.704793e+07 	
2.11811812e+06 	 1.556780e-05 	 1.703784e+07 	
2.11861862e+06 	 1.552895e-05 	 1.702775e+07 	
2.11911912e+06 	 1.549016e-05 	 1.701767e+07 	
2.11961962e+06 	 1.545143e-05 	 1.700759e+07 	
2.12012012e+06 	 1.541276e-05 	 1.699752e+07 	
2.12062062e+06 	 1.537414e-05 	 1.698746e+07 	
2.12112112e+06 	 1.533559e-05 	 1.697740e+07 	
2.12162162e+06 	 1.529709e-05 	 1.696736e+07 	
2.12212212e+06 	 1.525865e-05 	 1.695731e+07 	
2.12262262e+06 	 1.522027e-05 	 1.694728e+07 	
2.12312312e+06 	 1.518194e-05 	 1.693725e+07 	
2.12362362e+06 	 1.514368e-05 	 1.692723e+07 	
2.12412412e+06 	 1.510547e-05 	 1.691721e+07 	
2.12462462e+06 	 1.506732e-05 	 1.690720e+07 	
2.12512513e+06 	 1.502922e-05 	 1.689720e+07 	
2.12562563e+06 	 1.499119e-05 	 1.688720e+07 	
2.12612613e+06 	 1.495321e-05 	 1.687721e+07 	
2.12662663e+06 	 1.491528e-05 	 1.686723e+07 	
2.12712713e+06 	 1.487742e-05 	 1.685725e+07 	
2.12762763e+06 	 1.483960e-05 	 1.684728e+07 	
2.12812813e+06 	 1.480185e-05 	 1.683732e+07 	
2.12862863e+06 	 1.476415e-05 	 1.682736e+07 	
2.12912913e+06 	 1.472651e-05 	 1.681741e+07 	
2.12962963e+06 	 1.468968e-05 	 1.680745e+07 	
2.13013013e+06 	 1.465216e-05 	 1.679751e+07 	
2.13063063e+06 	 1.461471e-05 	 1.678758e+07 	
2.13113113e+06 	 1.457731e-05 	 1.677766e+07 	
2.13163163e+06 	 1.453996e-05 	 1.676774e+07 	
2.13213213e+06 	 1.450267e-05 	 1.675783e+07 	
2.13263263e+06 	 1.446544e-05 	 1.674792e+07 	
2.13313313e+06 	 1.442826e-05 	 1.673803e+07 	
2.13363363e+06 	 1.439114e-05 	 1.672813e+07 	
2.13413413e+06 	 1.435407e-05 	 1.671825e+07 	
2.13463463e+06 	 1.431705e-05 	 1.670837e+07 	
2.13513514e+06 	 1.428009e-05 	 1.669850e+07 	
2.13563564e+06 	 1.424318e-05 	 1.668863e+07 	
2.13613614e+06 	 1.420633e-05 	 1.667877e+07 	
2.13663664e+06 	 1.416953e-05 	 1.666892e+07 	
2.13713714e+06 	 1.413279e-05 	 1.665907e+07 	
2.13763764e+06 	 1.409610e-05 	 1.664924e+07 	
2.13813814e+06 	 1.405946e-05 	 1.663940e+07 	
2.13863864e+06 	 1.402288e-05 	 1.662958e+07 	
2.13913914e+06 	 1.398635e-05 	 1.661976e+07 	
2.13963964e+06 	 1.394987e-05 	 1.660994e+07 	
2.14014014e+06 	 1.391344e-05 	 1.660013e+07 	
2.14064064e+06 	 1.387707e-05 	 1.659033e+07 	
2.14114114e+06 	 1.384075e-05 	 1.658054e+07 	
2.14164164e+06 	 1.380448e-05 	 1.657075e+07 	
2.14214214e+06 	 1.376897e-05 	 1.656095e+07 	
2.14264264e+06 	 1.373282e-05 	 1.655118e+07 	
2.14314314e+06 	 1.369673e-05 	 1.654141e+07 	
2.14364364e+06 	 1.366069e-05 	 1.653164e+07 	
2.14414414e+06 	 1.362470e-05 	 1.652189e+07 	
2.14464464e+06 	 1.358876e-05 	 1.651214e+07 	
2.14514515e+06 	 1.355288e-05 	 1.650239e+07 	
2.14564565e+06 	 1.351704e-05 	 1.649266e+07 	
2.14614615e+06 	 1.348126e-05 	 1.648293e+07 	
2.14664665e+06 	 1.344553e-05 	 1.647320e+07 	
2.14714715e+06 	 1.340985e-05 	 1.646349e+07 	
2.14764765e+06 	 1.337422e-05 	 1.645377e+07 	
2.14814815e+06 	 1.333864e-05 	 1.644407e+07 	
2.14864865e+06 	 1.330312e-05 	 1.643437e+07 	
2.14914915e+06 	 1.326764e-05 	 1.642468e+07 	
2.14964965e+06 	 1.323221e-05 	 1.641499e+07 	
2.15015015e+06 	 1.319684e-05 	 1.640531e+07 	
2.15065065e+06 	 1.316151e-05 	 1.639564e+07 	
2.15115115e+06 	 1.312623e-05 	 1.638598e+07 	
2.15165165e+06 	 1.309101e-05 	 1.637632e+07 	
2.15215215e+06 	 1.305583e-05 	 1.636666e+07 	
2.15265265e+06 	 1.302070e-05 	 1.635701e+07 	
2.15315315e+06 	 1.298563e-05 	 1.634737e+07 	
2.15365365e+06 	 1.295060e-05 	 1.633774e+07 	
2.15415415e+06 	 1.291562e-05 	 1.632811e+07 	
2.15465465e+06 	 1.288133e-05 	 1.631847e+07 	
2.15515516e+06 	 1.284647e-05 	 1.630885e+07 	
2.15565566e+06 	 1.281165e-05 	 1.629924e+07 	
2.15615616e+06 	 1.277688e-05 	 1.628964e+07 	
2.15665666e+06 	 1.274216e-05 	 1.628004e+07 	
2.15715716e+06 	 1.270749e-05 	 1.627045e+07 	
2.15765766e+06 	 1.267287e-05 	 1.626087e+07 	
2.15815816e+06 	 1.263829e-05 	 1.625129e+07 	
2.15865866e+06 	 1.260376e-05 	 1.624172e+07 	
2.15915916e+06 	 1.256928e-05 	 1.623215e+07 	
2.15965966e+06 	 1.253485e-05 	 1.622259e+07 	
2.16016016e+06 	 1.250047e-05 	 1.621304e+07 	
2.16066066e+06 	 1.246613e-05 	 1.620350e+07 	
2.16116116e+06 	 1.243185e-05 	 1.619396e+07 	
2.16166166e+06 	 1.239760e-05 	 1.618442e+07 	
2.16216216e+06 	 1.236341e-05 	 1.617489e+07 	
2.16266266e+06 	 1.232926e-05 	 1.616537e+07 	
2.16316316e+06 	 1.229516e-05 	 1.615586e+07 	
2.16366366e+06 	 1.226111e-05 	 1.614635e+07 	
2.16416416e+06 	 1.222710e-05 	 1.613685e+07 	
2.16466466e+06 	 1.219314e-05 	 1.612735e+07 	
2.16516517e+06 	 1.215923e-05 	 1.611786e+07 	
2.16566567e+06 	 1.212536e-05 	 1.610838e+07 	
2.16616617e+06 	 1.209154e-05 	 1.609890e+07 	
2.16666667e+06 	 1.205776e-05 	 1.608943e+07 	
2.16716717e+06 	 1.202403e-05 	 1.607996e+07 	
2.16766767e+06 	 1.199095e-05 	 1.607049e+07 	
2.16816817e+06 	 1.195733e-05 	 1.606103e+07 	
2.16866867e+06 	 1.192375e-05 	 1.605159e+07 	
2.16916917e+06 	 1.189021e-05 	 1.604215e+07 	
2.16966967e+06 	 1.185672e-05 	 1.603271e+07 	
2.17017017e+06 	 1.182328e-05 	 1.602329e+07 	
2.17067067e+06 	 1.178988e-05 	 1.601386e+07 	
2.17117117e+06 	 1.175653e-05 	 1.600445e+07 	
2.17167167e+06 	 1.172322e-05 	 1.599504e+07 	
2.17217217e+06 	 1.168995e-05 	 1.598564e+07 	
2.17267267e+06 	 1.165673e-05 	 1.597624e+07 	
2.17317317e+06 	 1.162356e-05 	 1.596685e+07 	
2.17367367e+06 	 1.159043e-05 	 1.595747e+07 	
2.17417417e+06 	 1.155734e-05 	 1.594809e+07 	
2.17467467e+06 	 1.152430e-05 	 1.593872e+07 	
2.17517518e+06 	 1.149130e-05 	 1.592935e+07 	
2.17567568e+06 	 1.145834e-05 	 1.591999e+07 	
2.17617618e+06 	 1.142543e-05 	 1.591064e+07 	
2.17667668e+06 	 1.139256e-05 	 1.590129e+07 	
2.17717718e+06 	 1.135974e-05 	 1.589195e+07 	
2.17767768e+06 	 1.132696e-05 	 1.588262e+07 	
2.17817818e+06 	 1.129422e-05 	 1.587329e+07 	
2.17867868e+06 	 1.126152e-05 	 1.586397e+07 	
2.17917918e+06 	 1.122887e-05 	 1.585465e+07 	
2.17967968e+06 	 1.119626e-05 	 1.584534e+07 	
2.18018018e+06 	 1.116313e-05 	 1.583606e+07 	
2.18068068e+06 	 1.113059e-05 	 1.582676e+07 	
2.18118118e+06 	 1.109809e-05 	 1.581747e+07 	
2.18168168e+06 	 1.106564e-05 	 1.580819e+07 	
2.18218218e+06 	 1.103322e-05 	 1.579891e+07 	
2.18268268e+06 	 1.100085e-05 	 1.578964e+07 	
2.18318318e+06 	 1.096852e-05 	 1.578037e+07 	
2.18368368e+06 	 1.093623e-05 	 1.577111e+07 	
2.18418418e+06 	 1.090398e-05 	 1.576186e+07 	
2.18468468e+06 	 1.087177e-05 	 1.575261e+07 	
2.18518519e+06 	 1.083960e-05 	 1.574337e+07 	
2.18568569e+06 	 1.080748e-05 	 1.573413e+07 	
2.18618619e+06 	 1.077539e-05 	 1.572491e+07 	
2.18668669e+06 	 1.074335e-05 	 1.571568e+07 	
2.18718719e+06 	 1.071134e-05 	 1.570647e+07 	
2.18768769e+06 	 1.067938e-05 	 1.569726e+07 	
2.18818819e+06 	 1.064745e-05 	 1.568805e+07 	
2.18868869e+06 	 1.061556e-05 	 1.567885e+07 	
2.18918919e+06 	 1.058372e-05 	 1.566966e+07 	
2.18968969e+06 	 1.055191e-05 	 1.566048e+07 	
2.19019019e+06 	 1.052015e-05 	 1.565130e+07 	
2.19069069e+06 	 1.048842e-05 	 1.564213e+07 	
2.19119119e+06 	 1.045673e-05 	 1.563296e+07 	
2.19169169e+06 	 1.042508e-05 	 1.562380e+07 	
2.19219219e+06 	 1.039347e-05 	 1.561464e+07 	
2.19269269e+06 	 1.036190e-05 	 1.560550e+07 	
2.19319319e+06 	 1.033089e-05 	 1.559633e+07 	
2.19369369e+06 	 1.029940e-05 	 1.558720e+07 	
2.19419419e+06 	 1.026796e-05 	 1.557807e+07 	
2.19469469e+06 	 1.023655e-05 	 1.556894e+07 	
2.19519520e+06 	 1.020519e-05 	 1.555983e+07 	
2.19569570e+06 	 1.017386e-05 	 1.555071e+07 	
2.19619620e+06 	 1.014257e-05 	 1.554161e+07 	
2.19669670e+06 	 1.011131e-05 	 1.553251e+07 	
2.19719720e+06 	 1.008010e-05 	 1.552341e+07 	
2.19769770e+06 	 1.004892e-05 	 1.551433e+07 	
2.19819820e+06 	 1.001778e-05 	 1.550525e+07 	
2.19869870e+06 	 9.986677e-06 	 1.549617e+07 	
2.19919920e+06 	 9.955611e-06 	 1.548710e+07 	
2.19969970e+06 	 9.924582e-06 	 1.547804e+07 	
2.20020020e+06 	 9.893591e-06 	 1.546898e+07 	
2.20070070e+06 	 9.862636e-06 	 1.545993e+07 	
2.20120120e+06 	 9.831717e-06 	 1.545089e+07 	
2.20170170e+06 	 9.800836e-06 	 1.544185e+07 	
2.20220220e+06 	 9.769990e-06 	 1.543282e+07 	
2.20270270e+06 	 9.739181e-06 	 1.542379e+07 	
2.20320320e+06 	 9.708408e-06 	 1.541477e+07 	
2.20370370e+06 	 9.677672e-06 	 1.540576e+07 	
2.20420420e+06 	 9.646970e-06 	 1.539675e+07 	
2.20470470e+06 	 9.616305e-06 	 1.538775e+07 	
2.20520521e+06 	 9.585675e-06 	 1.537876e+07 	
2.20570571e+06 	 9.555081e-06 	 1.536977e+07 	
2.20620621e+06 	 9.524038e-06 	 1.536080e+07 	
2.20670671e+06 	 9.493503e-06 	 1.535183e+07 	
2.20720721e+06 	 9.463002e-06 	 1.534286e+07 	
2.20770771e+06 	 9.432537e-06 	 1.533389e+07 	
2.20820821e+06 	 9.402105e-06 	 1.532494e+07 	
2.20870871e+06 	 9.371708e-06 	 1.531598e+07 	
2.20920921e+06 	 9.341345e-06 	 1.530704e+07 	
2.20970971e+06 	 9.311016e-06 	 1.529810e+07 	
2.21021021e+06 	 9.280721e-06 	 1.528917e+07 	
2.21071071e+06 	 9.250460e-06 	 1.528024e+07 	
2.21121121e+06 	 9.220233e-06 	 1.527132e+07 	
2.21171171e+06 	 9.190039e-06 	 1.526240e+07 	
2.21221221e+06 	 9.159878e-06 	 1.525350e+07 	
2.21271271e+06 	 9.129750e-06 	 1.524459e+07 	
2.21321321e+06 	 9.099656e-06 	 1.523570e+07 	
2.21371371e+06 	 9.069595e-06 	 1.522681e+07 	
2.21421421e+06 	 9.039566e-06 	 1.521793e+07 	
2.21471471e+06 	 9.009570e-06 	 1.520905e+07 	
2.21521522e+06 	 8.979606e-06 	 1.520018e+07 	
2.21571572e+06 	 8.949675e-06 	 1.519131e+07 	
2.21621622e+06 	 8.919776e-06 	 1.518245e+07 	
2.21671672e+06 	 8.889909e-06 	 1.517360e+07 	
2.21721722e+06 	 8.860074e-06 	 1.516475e+07 	
2.21771772e+06 	 8.830271e-06 	 1.515591e+07 	
2.21821822e+06 	 8.800499e-06 	 1.514708e+07 	
2.21871872e+06 	 8.770759e-06 	 1.513825e+07 	
2.21921922e+06 	 8.741496e-06 	 1.512941e+07 	
2.21971972e+06 	 8.711829e-06 	 1.512060e+07 	
2.22022022e+06 	 8.682193e-06 	 1.511179e+07 	
2.22072072e+06 	 8.652588e-06 	 1.510298e+07 	
2.22122122e+06 	 8.623015e-06 	 1.509419e+07 	
2.22172172e+06 	 8.593472e-06 	 1.508539e+07 	
2.22222222e+06 	 8.563960e-06 	 1.507661e+07 	
2.22272272e+06 	 8.534479e-06 	 1.506783e+07 	
2.22322322e+06 	 8.505028e-06 	 1.505906e+07 	
2.22372372e+06 	 8.475607e-06 	 1.505029e+07 	
2.22422422e+06 	 8.446216e-06 	 1.504153e+07 	
2.22472472e+06 	 8.416856e-06 	 1.503278e+07 	
2.22522523e+06 	 8.387525e-06 	 1.502403e+07 	
2.22572573e+06 	 8.358224e-06 	 1.501529e+07 	
2.22622623e+06 	 8.328953e-06 	 1.500656e+07 	
2.22672673e+06 	 8.299711e-06 	 1.499783e+07 	
2.22722723e+06 	 8.270499e-06 	 1.498910e+07 	
2.22772773e+06 	 8.241315e-06 	 1.498039e+07 	
2.22822823e+06 	 8.212161e-06 	 1.497168e+07 	
2.22872873e+06 	 8.183036e-06 	 1.496297e+07 	
2.22922923e+06 	 8.153939e-06 	 1.495428e+07 	
2.22972973e+06 	 8.124871e-06 	 1.494559e+07 	
2.23023023e+06 	 8.095831e-06 	 1.493690e+07 	
2.23073073e+06 	 8.066820e-06 	 1.492822e+07 	
2.23123123e+06 	 8.037837e-06 	 1.491955e+07 	
2.23173173e+06 	 8.008882e-06 	 1.491088e+07 	
2.23223223e+06 	 7.979547e-06 	 1.490224e+07 	
2.23273273e+06 	 7.950638e-06 	 1.489359e+07 	
2.23323323e+06 	 7.921757e-06 	 1.488494e+07 	
2.23373373e+06 	 7.892903e-06 	 1.487630e+07 	
2.23423423e+06 	 7.864075e-06 	 1.486767e+07 	
2.23473473e+06 	 7.835275e-06 	 1.485904e+07 	
2.23523524e+06 	 7.806502e-06 	 1.485042e+07 	
2.23573574e+06 	 7.777755e-06 	 1.484181e+07 	
2.23623624e+06 	 7.749035e-06 	 1.483320e+07 	
2.23673674e+06 	 7.720341e-06 	 1.482460e+07 	
2.23723724e+06 	 7.691674e-06 	 1.481600e+07 	
2.23773774e+06 	 7.663032e-06 	 1.480741e+07 	
2.23823824e+06 	 7.634417e-06 	 1.479883e+07 	
2.23873874e+06 	 7.605827e-06 	 1.479025e+07 	
2.23923924e+06 	 7.577263e-06 	 1.478168e+07 	
2.23973974e+06 	 7.548724e-06 	 1.477312e+07 	
2.24024024e+06 	 7.520211e-06 	 1.476456e+07 	
2.24074074e+06 	 7.491723e-06 	 1.475601e+07 	
2.24124124e+06 	 7.463260e-06 	 1.474747e+07 	
2.24174174e+06 	 7.434822e-06 	 1.473893e+07 	
2.24224224e+06 	 7.406408e-06 	 1.473040e+07 	
2.24274274e+06 	 7.378020e-06 	 1.472187e+07 	
2.24324324e+06 	 7.349655e-06 	 1.471335e+07 	
2.24374374e+06 	 7.321315e-06 	 1.470484e+07 	
2.24424424e+06 	 7.293000e-06 	 1.469634e+07 	
2.24474474e+06 	 7.264708e-06 	 1.468784e+07 	
2.24524525e+06 	 7.236810e-06 	 1.467933e+07 	
2.24574575e+06 	 7.208574e-06 	 1.467084e+07 	
2.24624625e+06 	 7.180362e-06 	 1.466236e+07 	
2.24674675e+06 	 7.152174e-06 	 1.465389e+07 	
2.24724725e+06 	 7.124009e-06 	 1.464542e+07 	
2.24774775e+06 	 7.095868e-06 	 1.463696e+07 	
2.24824825e+06 	 7.067749e-06 	 1.462851e+07 	
2.24874875e+06 	 7.039654e-06 	 1.462006e+07 	
2.24924925e+06 	 7.011582e-06 	 1.461162e+07 	
2.24974975e+06 	 6.983532e-06 	 1.460319e+07 	
2.25025025e+06 	 6.955505e-06 	 1.459476e+07 	
2.25075075e+06 	 6.927500e-06 	 1.458634e+07 	
2.25125125e+06 	 6.899518e-06 	 1.457792e+07 	
2.25175175e+06 	 6.871558e-06 	 1.456952e+07 	
2.25225225e+06 	 6.843620e-06 	 1.456112e+07 	
2.25275275e+06 	 6.815704e-06 	 1.455272e+07 	
2.25325325e+06 	 6.787810e-06 	 1.454434e+07 	
2.25375375e+06 	 6.759937e-06 	 1.453595e+07 	
2.25425425e+06 	 6.732086e-06 	 1.452758e+07 	
2.25475475e+06 	 6.704256e-06 	 1.451921e+07 	
2.25525526e+06 	 6.676447e-06 	 1.451085e+07 	
2.25575576e+06 	 6.648659e-06 	 1.450250e+07 	
2.25625626e+06 	 6.620893e-06 	 1.449415e+07 	
2.25675676e+06 	 6.593147e-06 	 1.448581e+07 	
2.25725726e+06 	 6.565422e-06 	 1.447748e+07 	
2.25775776e+06 	 6.537717e-06 	 1.446915e+07 	
2.25825826e+06 	 6.509699e-06 	 1.446085e+07 	
2.25875876e+06 	 6.482027e-06 	 1.445254e+07 	
2.25925926e+06 	 6.454376e-06 	 1.444424e+07 	
2.25975976e+06 	 6.426744e-06 	 1.443594e+07 	
2.26026026e+06 	 6.399131e-06 	 1.442765e+07 	
2.26076076e+06 	 6.371538e-06 	 1.441936e+07 	
2.26126126e+06 	 6.343965e-06 	 1.441108e+07 	
2.26176176e+06 	 6.316411e-06 	 1.440281e+07 	
2.26226226e+06 	 6.288876e-06 	 1.439455e+07 	
2.26276276e+06 	 6.261360e-06 	 1.438629e+07 	
2.26326326e+06 	 6.233862e-06 	 1.437804e+07 	
2.26376376e+06 	 6.206384e-06 	 1.436980e+07 	
2.26426426e+06 	 6.178924e-06 	 1.436157e+07 	
2.26476476e+06 	 6.151482e-06 	 1.435334e+07 	
2.26526527e+06 	 6.124059e-06 	 1.434512e+07 	
2.26576577e+06 	 6.096654e-06 	 1.433690e+07 	
2.26626627e+06 	 6.069267e-06 	 1.432870e+07 	
2.26676677e+06 	 6.041898e-06 	 1.432050e+07 	
2.26726727e+06 	 6.014547e-06 	 1.431231e+07 	
2.26776777e+06 	 5.987213e-06 	 1.430412e+07 	
2.26826827e+06 	 5.959897e-06 	 1.429594e+07 	
2.26876877e+06 	 5.932598e-06 	 1.428777e+07 	
2.26926927e+06 	 5.905317e-06 	 1.427961e+07 	
2.26976977e+06 	 5.878053e-06 	 1.427145e+07 	
2.27027027e+06 	 5.850805e-06 	 1.426330e+07 	
2.27077077e+06 	 5.823575e-06 	 1.425516e+07 	
2.27127127e+06 	 5.796658e-06 	 1.424701e+07 	
2.27177177e+06 	 5.769468e-06 	 1.423888e+07 	
2.27227227e+06 	 5.742295e-06 	 1.423076e+07 	
2.27277277e+06 	 5.715138e-06 	 1.422265e+07 	
2.27327327e+06 	 5.687997e-06 	 1.421455e+07 	
2.27377377e+06 	 5.660873e-06 	 1.420645e+07 	
2.27427427e+06 	 5.633765e-06 	 1.419836e+07 	
2.27477477e+06 	 5.606674e-06 	 1.419028e+07 	
2.27527528e+06 	 5.579598e-06 	 1.418221e+07 	
2.27577578e+06 	 5.552539e-06 	 1.417414e+07 	
2.27627628e+06 	 5.525495e-06 	 1.416608e+07 	
2.27677678e+06 	 5.498467e-06 	 1.415803e+07 	
2.27727728e+06 	 5.471454e-06 	 1.414998e+07 	
2.27777778e+06 	 5.444458e-06 	 1.414195e+07 	
2.27827828e+06 	 5.417476e-06 	 1.413392e+07 	
2.27877878e+06 	 5.390510e-06 	 1.412590e+07 	
2.27927928e+06 	 5.363560e-06 	 1.411789e+07 	
2.27977978e+06 	 5.336624e-06 	 1.410988e+07 	
2.28028028e+06 	 5.309704e-06 	 1.410189e+07 	
2.28078078e+06 	 5.282798e-06 	 1.409390e+07 	
2.28128128e+06 	 5.255908e-06 	 1.408592e+07 	
2.28178178e+06 	 5.229032e-06 	 1.407795e+07 	
2.28228228e+06 	 5.202172e-06 	 1.406998e+07 	
2.28278278e+06 	 5.175326e-06 	 1.406202e+07 	
2.28328328e+06 	 5.148494e-06 	 1.405408e+07 	
2.28378378e+06 	 5.121678e-06 	 1.404614e+07 	
2.28428428e+06 	 5.095137e-06 	 1.403819e+07 	
2.28478478e+06 	 5.068355e-06 	 1.403026e+07 	
2.28528529e+06 	 5.041587e-06 	 1.402235e+07 	
2.28578579e+06 	 5.014834e-06 	 1.401444e+07 	
2.28628629e+06 	 4.988095e-06 	 1.400654e+07 	
2.28678679e+06 	 4.961371e-06 	 1.399865e+07 	
2.28728729e+06 	 4.934661e-06 	 1.399076e+07 	
2.28778779e+06 	 4.907966e-06 	 1.398289e+07 	
2.28828829e+06 	 4.881285e-06 	 1.397503e+07 	
2.28878879e+06 	 4.854618e-06 	 1.396717e+07 	
2.28928929e+06 	 4.827965e-06 	 1.395932e+07 	
2.28978979e+06 	 4.801326e-06 	 1.395148e+07 	
2.29029029e+06 	 4.774702e-06 	 1.394365e+07 	
2.29079079e+06 	 4.748092e-06 	 1.393583e+07 	
2.29129129e+06 	 4.721496e-06 	 1.392801e+07 	
2.29179179e+06 	 4.694914e-06 	 1.392021e+07 	
2.29229229e+06 	 4.668346e-06 	 1.391241e+07 	
2.29279279e+06 	 4.641793e-06 	 1.390463e+07 	
2.29329329e+06 	 4.615253e-06 	 1.389685e+07 	
2.29379379e+06 	 4.588728e-06 	 1.388908e+07 	
2.29429429e+06 	 4.562217e-06 	 1.388132e+07 	
2.29479479e+06 	 4.535720e-06 	 1.387357e+07 	
2.29529530e+06 	 4.509238e-06 	 1.386583e+07 	
2.29579580e+06 	 4.482770e-06 	 1.385809e+07 	
2.29629630e+06 	 4.456316e-06 	 1.385037e+07 	
2.29679680e+06 	 4.429876e-06 	 1.384266e+07 	
2.29729730e+06 	 4.403226e-06 	 1.383497e+07 	
2.29779780e+06 	 4.376810e-06 	 1.382728e+07 	
2.29829830e+06 	 4.350409e-06 	 1.381959e+07 	
2.29879880e+06 	 4.324023e-06 	 1.381192e+07 	
2.29929930e+06 	 4.297652e-06 	 1.380425e+07 	
2.29979980e+06 	 4.271295e-06 	 1.379660e+07 	
2.30030030e+06 	 4.244952e-06 	 1.378895e+07 	
2.30080080e+06 	 4.218625e-06 	 1.378131e+07 	
2.30130130e+06 	 4.192313e-06 	 1.377369e+07 	
2.30180180e+06 	 4.166016e-06 	 1.376607e+07 	
2.30230230e+06 	 4.139734e-06 	 1.375846e+07 	
2.30280280e+06 	 4.113467e-06 	 1.375087e+07 	
2.30330330e+06 	 4.087216e-06 	 1.374328e+07 	
2.30380380e+06 	 4.060980e-06 	 1.373571e+07 	
2.30430430e+06 	 4.034761e-06 	 1.372814e+07 	
2.30480480e+06 	 4.008557e-06 	 1.372058e+07 	
2.30530531e+06 	 3.982369e-06 	 1.371304e+07 	
2.30580581e+06 	 3.956197e-06 	 1.370550e+07 	
2.30630631e+06 	 3.930042e-06 	 1.369798e+07 	
2.30680681e+06 	 3.903904e-06 	 1.369047e+07 	
2.30730731e+06 	 3.877782e-06 	 1.368296e+07 	
2.30780781e+06 	 3.851677e-06 	 1.367547e+07 	
2.30830831e+06 	 3.825590e-06 	 1.366799e+07 	
2.30880881e+06 	 3.799520e-06 	 1.366052e+07 	
2.30930931e+06 	 3.773468e-06 	 1.365306e+07 	
2.30980981e+06 	 3.747621e-06 	 1.364560e+07 	
2.31031031e+06 	 3.721609e-06 	 1.363816e+07 	
2.31081081e+06 	 3.695615e-06 	 1.363073e+07 	
2.31131131e+06 	 3.669641e-06 	 1.362332e+07 	
2.31181181e+06 	 3.643685e-06 	 1.361592e+07 	
2.31231231e+06 	 3.617749e-06 	 1.360852e+07 	
2.31281281e+06 	 3.591832e-06 	 1.360114e+07 	
2.31331331e+06 	 3.565936e-06 	 1.359378e+07 	
2.31381381e+06 	 3.540060e-06 	 1.358642e+07 	
2.31431431e+06 	 3.514204e-06 	 1.357907e+07 	
2.31481481e+06 	 3.488370e-06 	 1.357174e+07 	
2.31531532e+06 	 3.462558e-06 	 1.356442e+07 	
2.31581582e+06 	 3.436767e-06 	 1.355711e+07 	
2.31631632e+06 	 3.410999e-06 	 1.354981e+07 	
2.31681682e+06 	 3.385253e-06 	 1.354253e+07 	
2.31731732e+06 	 3.359530e-06 	 1.353526e+07 	
2.31781782e+06 	 3.333831e-06 	 1.352800e+07 	
2.31831832e+06 	 3.308156e-06 	 1.352075e+07 	
2.31881882e+06 	 3.282505e-06 	 1.351352e+07 	
2.31931932e+06 	 3.256880e-06 	 1.350629e+07 	
2.31981982e+06 	 3.231279e-06 	 1.349909e+07 	
2.32032032e+06 	 3.205705e-06 	 1.349189e+07 	
2.32082082e+06 	 3.180157e-06 	 1.348471e+07 	
2.32132132e+06 	 3.154636e-06 	 1.347754e+07 	
2.32182182e+06 	 3.129143e-06 	 1.347038e+07 	
2.32232232e+06 	 3.103678e-06 	 1.346324e+07 	
2.32282282e+06 	 3.078396e-06 	 1.345609e+07 	
2.32332332e+06 	 3.052992e-06 	 1.344898e+07 	
2.32382382e+06 	 3.027618e-06 	 1.344187e+07 	
2.32432432e+06 	 3.002274e-06 	 1.343479e+07 	
2.32482482e+06 	 2.976961e-06 	 1.342771e+07 	
2.32532533e+06 	 2.951681e-06 	 1.342065e+07 	
2.32582583e+06 	 2.926433e-06 	 1.341360e+07 	
2.32632633e+06 	 2.901218e-06 	 1.340657e+07 	
2.32682683e+06 	 2.876038e-06 	 1.339955e+07 	
2.32732733e+06 	 2.850892e-06 	 1.339255e+07 	
2.32782783e+06 	 2.825781e-06 	 1.338556e+07 	
2.32832833e+06 	 2.800707e-06 	 1.337859e+07 	
2.32882883e+06 	 2.775669e-06 	 1.337163e+07 	
2.32932933e+06 	 2.750670e-06 	 1.336469e+07 	
2.32982983e+06 	 2.725709e-06 	 1.335776e+07 	
2.33033033e+06 	 2.700788e-06 	 1.335085e+07 	
2.33083083e+06 	 2.675907e-06 	 1.334395e+07 	
2.33133133e+06 	 2.651067e-06 	 1.333707e+07 	
2.33183183e+06 	 2.626269e-06 	 1.333020e+07 	
2.33233233e+06 	 2.601515e-06 	 1.332335e+07 	
2.33283283e+06 	 2.576804e-06 	 1.331651e+07 	
2.33333333e+06 	 2.552138e-06 	 1.330969e+07 	
2.33383383e+06 	 2.527518e-06 	 1.330289e+07 	
2.33433433e+06 	 2.502945e-06 	 1.329611e+07 	
2.33483483e+06 	 2.478420e-06 	 1.328934e+07 	
2.33533534e+06 	 2.453943e-06 	 1.328258e+07 	
2.33583584e+06 	 2.429640e-06 	 1.327583e+07 	
2.33633634e+06 	 2.405267e-06 	 1.326911e+07 	
2.33683684e+06 	 2.380946e-06 	 1.326241e+07 	
2.33733734e+06 	 2.356678e-06 	 1.325572e+07 	
2.33783784e+06 	 2.332464e-06 	 1.324905e+07 	
2.33833834e+06 	 2.308306e-06 	 1.324240e+07 	
2.33883884e+06 	 2.284204e-06 	 1.323577e+07 	
2.33933934e+06 	 2.260161e-06 	 1.322915e+07 	
2.33983984e+06 	 2.236176e-06 	 1.322255e+07 	
2.34034034e+06 	 2.212252e-06 	 1.321598e+07 	
2.34084084e+06 	 2.188389e-06 	 1.320941e+07 	
2.34134134e+06 	 2.164589e-06 	 1.320287e+07 	
2.34184184e+06 	 2.140852e-06 	 1.319635e+07 	
2.34234234e+06 	 2.117182e-06 	 1.318984e+07 	
2.34284284e+06 	 2.093578e-06 	 1.318335e+07 	
2.34334334e+06 	 2.070042e-06 	 1.317689e+07 	
2.34384384e+06 	 2.046575e-06 	 1.317044e+07 	
2.34434434e+06 	 2.023179e-06 	 1.316401e+07 	
2.34484484e+06 	 1.999855e-06 	 1.315760e+07 	
2.34534535e+06 	 1.976605e-06 	 1.315121e+07 	
2.34584585e+06 	 1.953430e-06 	 1.314484e+07 	
2.34634635e+06 	 1.930331e-06 	 1.313849e+07 	
2.34684685e+06 	 1.907310e-06 	 1.313216e+07 	
2.34734735e+06 	 1.884368e-06 	 1.312585e+07 	
2.34784785e+06 	 1.861508e-06 	 1.311956e+07 	
2.34834835e+06 	 1.838637e-06 	 1.311331e+07 	
2.34884885e+06 	 1.815942e-06 	 1.310706e+07 	
2.34934935e+06 	 1.793332e-06 	 1.310083e+07 	
2.34984985e+06 	 1.770808e-06 	 1.309463e+07 	
2.35035035e+06 	 1.748374e-06 	 1.308845e+07 	
2.35085085e+06 	 1.726029e-06 	 1.308228e+07 	
2.35135135e+06 	 1.703777e-06 	 1.307614e+07 	
2.35185185e+06 	 1.681617e-06 	 1.307002e+07 	
2.35235235e+06 	 1.659553e-06 	 1.306393e+07 	
2.35285285e+06 	 1.637586e-06 	 1.305785e+07 	
2.35335335e+06 	 1.615717e-06 	 1.305180e+07 	
2.35385385e+06 	 1.593948e-06 	 1.304577e+07 	
2.35435435e+06 	 1.572281e-06 	 1.303976e+07 	
2.35485485e+06 	 1.550717e-06 	 1.303378e+07 	
2.35535536e+06 	 1.529258e-06 	 1.302782e+07 	
2.35585586e+06 	 1.507906e-06 	 1.302188e+07 	
2.35635636e+06 	 1.486663e-06 	 1.301597e+07 	
2.35685686e+06 	 1.465530e-06 	 1.301007e+07 	
2.35735736e+06 	 1.444509e-06 	 1.300421e+07 	
2.35785786e+06 	 1.423601e-06 	 1.299836e+07 	
2.35835836e+06 	 1.402809e-06 	 1.299255e+07 	
2.35885886e+06 	 1.382135e-06 	 1.298675e+07 	
2.35935936e+06 	 1.361579e-06 	 1.298098e+07 	
2.35985986e+06 	 1.341144e-06 	 1.297523e+07 	
2.36036036e+06 	 1.320831e-06 	 1.296951e+07 	
2.36086086e+06 	 1.300643e-06 	 1.296382e+07 	
2.36136136e+06 	 1.280646e-06 	 1.295813e+07 	
2.36186186e+06 	 1.260712e-06 	 1.295248e+07 	
2.36236236e+06 	 1.240908e-06 	 1.294686e+07 	
2.36286286e+06 	 1.221234e-06 	 1.294127e+07 	
2.36336336e+06 	 1.201694e-06 	 1.293570e+07 	
2.36386386e+06 	 1.182288e-06 	 1.293015e+07 	
2.36436436e+06 	 1.163018e-06 	 1.292464e+07 	
2.36486486e+06 	 1.143887e-06 	 1.291915e+07 	
2.36536537e+06 	 1.124895e-06 	 1.291368e+07 	
2.36586587e+06 	 1.106045e-06 	 1.290825e+07 	
2.36636637e+06 	 1.087337e-06 	 1.290283e+07 	
2.36686687e+06 	 1.068775e-06 	 1.289745e+07 	
2.36736737e+06 	 1.050359e-06 	 1.289209e+07 	
2.36786787e+06 	 1.032091e-06 	 1.288676e+07 	
2.36836837e+06 	 1.013972e-06 	 1.288146e+07 	
2.36886887e+06 	 9.960052e-07 	 1.287619e+07 	
2.36936937e+06 	 9.781908e-07 	 1.287094e+07 	
2.36986987e+06 	 9.605308e-07 	 1.286572e+07 	
2.37037037e+06 	 9.430267e-07 	 1.286053e+07 	
2.37087087e+06 	 9.256799e-07 	 1.285537e+07 	
2.37137137e+06 	 9.084920e-07 	 1.285024e+07 	
2.37187187e+06 	 8.914644e-07 	 1.284513e+07 	
2.37237237e+06 	 8.745985e-07 	 1.284005e+07 	
2.37287287e+06 	 8.578957e-07 	 1.283500e+07 	
2.37337337e+06 	 8.413149e-07 	 1.283000e+07 	
2.37387387e+06 	 8.249420e-07 	 1.282501e+07 	
2.37437437e+06 	 8.087362e-07 	 1.282005e+07 	
2.37487487e+06 	 7.926987e-07 	 1.281512e+07 	
2.37537538e+06 	 7.768308e-07 	 1.281022e+07 	
2.37587588e+06 	 7.611336e-07 	 1.280535e+07 	
2.37637638e+06 	 7.456083e-07 	 1.280051e+07 	
2.37687688e+06 	 7.302560e-07 	 1.279569e+07 	
2.37737738e+06 	 7.150778e-07 	 1.279091e+07 	
2.37787788e+06 	 7.000746e-07 	 1.278616e+07 	
2.37837838e+06 	 6.852474e-07 	 1.278144e+07 	
2.37887888e+06 	 6.705972e-07 	 1.277674e+07 	
2.37937938e+06 	 6.561247e-07 	 1.277208e+07 	
2.37987988e+06 	 6.418310e-07 	 1.276745e+07 	
2.38038038e+06 	 6.277167e-07 	 1.276285e+07 	
2.38088088e+06 	 6.137826e-07 	 1.275828e+07 	
2.38138138e+06 	 6.000293e-07 	 1.275374e+07 	
2.38188188e+06 	 5.864575e-07 	 1.274923e+07 	
2.38238238e+06 	 5.730677e-07 	 1.274475e+07 	
2.38288288e+06 	 5.598604e-07 	 1.274030e+07 	
2.38338338e+06 	 5.468362e-07 	 1.273589e+07 	
2.38388388e+06 	 5.339954e-07 	 1.273150e+07 	
2.38438438e+06 	 5.213384e-07 	 1.272715e+07 	
2.38488488e+06 	 5.088654e-07 	 1.272282e+07 	
2.38538539e+06 	 4.966022e-07 	 1.271851e+07 	
2.38588589e+06 	 4.844981e-07 	 1.271425e+07 	
2.38638639e+06 	 4.725786e-07 	 1.271002e+07 	
2.38688689e+06 	 4.608437e-07 	 1.270582e+07 	
2.38738739e+06 	 4.492934e-07 	 1.270166e+07 	
2.38788789e+06 	 4.379277e-07 	 1.269752e+07 	
2.38838839e+06 	 4.267463e-07 	 1.269342e+07 	
2.38888889e+06 	 4.157492e-07 	 1.268934e+07 	
2.38938939e+06 	 4.049359e-07 	 1.268530e+07 	
2.38988989e+06 	 3.943063e-07 	 1.268129e+07 	
2.39039039e+06 	 3.838600e-07 	 1.267732e+07 	
2.39089089e+06 	 3.735964e-07 	 1.267337e+07 	
2.39139139e+06 	 3.635151e-07 	 1.266945e+07 	
2.39189189e+06 	 3.536155e-07 	 1.266557e+07 	
2.39239239e+06 	 3.438970e-07 	 1.266172e+07 	
2.39289289e+06 	 3.343588e-07 	 1.265790e+07 	
2.39339339e+06 	 3.250002e-07 	 1.265411e+07 	
2.39389389e+06 	 3.158205e-07 	 1.265035e+07 	
2.39439439e+06 	 3.068186e-07 	 1.264662e+07 	
2.39489489e+06 	 2.979937e-07 	 1.264293e+07 	
2.39539540e+06 	 2.893447e-07 	 1.263926e+07 	
2.39589590e+06 	 2.808707e-07 	 1.263563e+07 	
2.39639640e+06 	 2.725845e-07 	 1.263201e+07 	
2.39689690e+06 	 2.644569e-07 	 1.262844e+07 	
2.39739740e+06 	 2.565006e-07 	 1.262490e+07 	
2.39789790e+06 	 2.487144e-07 	 1.262139e+07 	
2.39839840e+06 	 2.410969e-07 	 1.261791e+07 	
2.39889890e+06 	 2.336468e-07 	 1.261446e+07 	
2.39939940e+06 	 2.263625e-07 	 1.261104e+07 	
2.39989990e+06 	 2.192426e-07 	 1.260765e+07 	
2.40040040e+06 	 2.122856e-07 	 1.260430e+07 	
2.40090090e+06 	 2.054897e-07 	 1.260097e+07 	
2.40140140e+06 	 1.988534e-07 	 1.259767e+07 	
2.40190190e+06 	 1.923750e-07 	 1.259441e+07 	
2.40240240e+06 	 1.860527e-07 	 1.259117e+07 	
2.40290290e+06 	 1.798847e-07 	 1.258797e+07 	
2.40340340e+06 	 1.738693e-07 	 1.258479e+07 	
2.40390390e+06 	 1.680046e-07 	 1.258164e+07 	
2.40440440e+06 	 1.622886e-07 	 1.257852e+07 	
2.40490490e+06 	 1.567194e-07 	 1.257544e+07 	
2.40540541e+06 	 1.512951e-07 	 1.257238e+07 	
2.40590591e+06 	 1.460062e-07 	 1.256937e+07 	
2.40640641e+06 	 1.408655e-07 	 1.256637e+07 	
2.40690691e+06 	 1.358636e-07 	 1.256340e+07 	
2.40740741e+06 	 1.309983e-07 	 1.256046e+07 	
2.40790791e+06 	 1.262676e-07 	 1.255754e+07 	
2.40840841e+06 	 1.216693e-07 	 1.255465e+07 	
2.40890891e+06 	 1.172012e-07 	 1.255179e+07 	
2.40940941e+06 	 1.128612e-07 	 1.254896e+07 	
2.40990991e+06 	 1.086471e-07 	 1.254616e+07 	
2.41041041e+06 	 1.045566e-07 	 1.254338e+07 	
2.41091091e+06 	 1.005876e-07 	 1.254063e+07 	
2.41141141e+06 	 9.673773e-08 	 1.253790e+07 	
2.41191191e+06 	 9.300486e-08 	 1.253521e+07 	
2.41241241e+06 	 8.938668e-08 	 1.253254e+07 	
2.41291291e+06 	 8.588094e-08 	 1.252989e+07 	
2.41341341e+06 	 8.248538e-08 	 1.252727e+07 	
2.41391391e+06 	 7.919371e-08 	 1.252471e+07 	
2.41441441e+06 	 7.601169e-08 	 1.252214e+07 	
2.41491491e+06 	 7.293304e-08 	 1.251960e+07 	
2.41541542e+06 	 6.995552e-08 	 1.251709e+07 	
2.41591592e+06 	 6.707687e-08 	 1.251460e+07 	
2.41641642e+06 	 6.429485e-08 	 1.251213e+07 	
2.41691692e+06 	 6.160720e-08 	 1.250969e+07 	
2.41741742e+06 	 5.901172e-08 	 1.250727e+07 	
2.41791792e+06 	 5.650618e-08 	 1.250487e+07 	
2.41841842e+06 	 5.408838e-08 	 1.250250e+07 	
2.41891892e+06 	 5.175613e-08 	 1.250015e+07 	
2.41941942e+06 	 4.950726e-08 	 1.249782e+07 	
2.41991992e+06 	 4.733963e-08 	 1.249552e+07 	
2.42042042e+06 	 4.524879e-08 	 1.249328e+07 	
2.42092092e+06 	 4.323721e-08 	 1.249102e+07 	
2.42142142e+06 	 4.130053e-08 	 1.248879e+07 	
2.42192192e+06 	 3.943668e-08 	 1.248657e+07 	
2.42242242e+06 	 3.764362e-08 	 1.248438e+07 	
2.42292292e+06 	 3.591933e-08 	 1.248221e+07 	
2.42342342e+06 	 3.426183e-08 	 1.248006e+07 	
2.42392392e+06 	 3.266915e-08 	 1.247792e+07 	
2.42442442e+06 	 3.113937e-08 	 1.247581e+07 	
2.42492492e+06 	 2.967057e-08 	 1.247372e+07 	
2.42542543e+06 	 2.825943e-08 	 1.247170e+07 	
2.42592593e+06 	 2.690697e-08 	 1.246966e+07 	
2.42642643e+06 	 2.560996e-08 	 1.246763e+07 	
2.42692693e+06 	 2.436664e-08 	 1.246562e+07 	
2.42742743e+06 	 2.317524e-08 	 1.246363e+07 	
2.42792793e+06 	 2.203406e-08 	 1.246166e+07 	
2.42842843e+06 	 2.094142e-08 	 1.245971e+07 	
2.42892893e+06 	 1.989567e-08 	 1.245777e+07 	
2.42942943e+06 	 1.889621e-08 	 1.245578e+07 	
2.42992993e+06 	 1.793951e-08 	 1.245388e+07 	
2.43043043e+06 	 1.702498e-08 	 1.245198e+07 	
2.43093093e+06 	 1.615111e-08 	 1.245011e+07 	
2.43143143e+06 	 1.531644e-08 	 1.244825e+07 	
2.43193193e+06 	 1.451954e-08 	 1.244641e+07 	
2.43243243e+06 	 1.375973e-08 	 1.244449e+07 	
2.43293293e+06 	 1.303425e-08 	 1.244266e+07 	
2.43343343e+06 	 1.234245e-08 	 1.244084e+07 	
2.43393393e+06 	 1.168304e-08 	 1.243903e+07 	
2.43443443e+06 	 1.105476e-08 	 1.243723e+07 	
2.43493493e+06 	 1.045581e-08 	 1.243556e+07 	
2.43543544e+06 	 9.886097e-09 	 1.243379e+07 	
2.43593594e+06 	 9.343950e-09 	 1.243204e+07 	
2.43643644e+06 	 8.828248e-09 	 1.243028e+07 	
2.43693694e+06 	 8.337425e-09 	 1.242869e+07 	
2.43743744e+06 	 7.871320e-09 	 1.242698e+07 	
2.43793794e+06 	 7.428491e-09 	 1.242528e+07 	
2.43843844e+06 	 7.007571e-09 	 1.242374e+07 	
2.43893894e+06 	 6.608296e-09 	 1.242210e+07 	
2.43943944e+06 	 6.229415e-09 	 1.242048e+07 	
2.43993994e+06 	 5.870367e-09 	 1.241869e+07 	
2.44044044e+06 	 5.529692e-09 	 1.241704e+07 	
2.44094094e+06 	 5.206833e-09 	 1.241539e+07 	
2.44144144e+06 	 4.900661e-09 	 1.241400e+07 	
2.44194194e+06 	 4.610965e-09 	 1.241246e+07 	
2.44244244e+06 	 4.337013e-09 	 1.241067e+07 	
2.44294294e+06 	 4.077610e-09 	 1.240908e+07 	
2.44344344e+06 	 3.832030e-09 	 1.240780e+07 	
2.44394394e+06 	 3.600011e-09 	 1.240636e+07 	
2.44444444e+06 	 3.381070e-09 	 1.240450e+07 	
2.44494494e+06 	 3.174009e-09 	 1.240301e+07 	
2.44544545e+06 	 2.978486e-09 	 1.240155e+07 	
2.44594595e+06 	 2.794021e-09 	 1.239996e+07 	
2.44644645e+06 	 2.619914e-09 	 1.239855e+07 	
2.44694695e+06 	 2.455696e-09 	 1.239723e+07 	
2.44744745e+06 	 2.301133e-09 	 1.239528e+07 	
2.44794795e+06 	 2.155323e-09 	 1.239381e+07 	
2.44844845e+06 	 2.018025e-09 	 1.239219e+07 	
2.44894895e+06 	 1.888746e-09 	 1.239064e+07 	
2.44944945e+06 	 1.767049e-09 	 1.238925e+07 	
2.44994995e+06 	 1.652588e-09 	 1.238779e+07 	
2.45045045e+06 	 1.544975e-09 	 1.238619e+07 	
2.45095095e+06 	 1.443836e-09 	 1.238452e+07 	
2.45145145e+06 	 1.348750e-09 	 1.238333e+07 	
2.45195195e+06 	 1.259487e-09 	 1.238185e+07 	
2.45245245e+06 	 1.175692e-09 	 1.238034e+07 	
2.45295295e+06 	 1.097041e-09 	 1.237895e+07 	
2.45345345e+06 	 1.023279e-09 	 1.237749e+07 	
2.45395395e+06 	 9.541147e-10 	 1.237605e+07 	
2.45445445e+06 	 8.892960e-10 	 1.237455e+07 	
2.45495495e+06 	 8.285623e-10 	 1.237318e+07 	
2.45545546e+06 	 7.716911e-10 	 1.237173e+07 	
2.45595596e+06 	 7.184571e-10 	 1.237021e+07 	
2.45645646e+06 	 6.686259e-10 	 1.236907e+07 	
2.45695696e+06 	 6.220074e-10 	 1.236812e+07 	
2.45745746e+06 	 5.784738e-10 	 1.236601e+07 	
2.45795796e+06 	 5.377662e-10 	 1.236433e+07 	
2.45845846e+06 	 4.997229e-10 	 1.236319e+07 	
2.45895896e+06 	 4.642049e-10 	 1.236175e+07 	
2.45945946e+06 	 4.310497e-10 	 1.236035e+07 	
2.45995996e+06 	 4.001155e-10 	 1.235885e+07 	
2.46046046e+06 	 3.712596e-10 	 1.235753e+07 	
2.46096096e+06 	 3.443596e-10 	 1.235603e+07 	
2.46146146e+06 	 3.192873e-10 	 1.235472e+07 	
2.46196196e+06 	 2.959328e-10 	 1.235324e+07 	
2.46246246e+06 	 2.741831e-10 	 1.235192e+07 	
2.46296296e+06 	 2.539394e-10 	 1.235042e+07 	
2.46346346e+06 	 2.351017e-10 	 1.234912e+07 	
2.46396396e+06 	 2.175822e-10 	 1.234765e+07 	
2.46446446e+06 	 2.012928e-10 	 1.234633e+07 	
2.46496496e+06 	 1.861549e-10 	 1.234490e+07 	
2.46546547e+06 	 1.720915e-10 	 1.234354e+07 	
2.46596597e+06 	 1.590322e-10 	 1.234215e+07 	
2.46646647e+06 	 1.469098e-10 	 1.234076e+07 	
2.46696697e+06 	 1.356618e-10 	 1.233931e+07 	
2.46746747e+06 	 1.252286e-10 	 1.233798e+07 	
2.46796797e+06 	 1.155557e-10 	 1.233657e+07 	
2.46846847e+06 	 1.065906e-10 	 1.233521e+07 	
2.46896897e+06 	 9.828541e-11 	 1.233377e+07 	
2.46946947e+06 	 9.059386e-11 	 1.233245e+07 	
2.46996997e+06 	 8.347390e-11 	 1.233106e+07 	
2.47047047e+06 	 7.688545e-11 	 1.232968e+07 	
2.47097097e+06 	 7.079057e-11 	 1.232844e+07 	
2.47147147e+06 	 6.515132e-11 	 1.232806e+07 	
2.47197197e+06 	 5.994758e-11 	 1.232569e+07 	
2.47247247e+06 	 5.513192e-11 	 1.232533e+07 	
2.47297297e+06 	 5.069174e-11 	 1.232293e+07 	
2.47347347e+06 	 4.658578e-11 	 1.232259e+07 	
2.47397397e+06 	 4.280289e-11 	 1.232018e+07 	
2.47447447e+06 	 3.930743e-11 	 1.231986e+07 	
2.47497497e+06 	 3.608959e-11 	 1.231744e+07 	
2.47547548e+06 	 3.311843e-11 	 1.231712e+07 	
2.47597598e+06 	 3.038534e-11 	 1.231469e+07 	
2.47647648e+06 	 2.786371e-11 	 1.231439e+07 	
2.47697698e+06 	 2.554591e-11 	 1.231195e+07 	
2.47747748e+06 	 2.340906e-11 	 1.231165e+07 	
2.47797798e+06 	 2.144654e-11 	 1.230913e+07 	
2.47847848e+06 	 1.963863e-11 	 1.230883e+07 	
2.47897898e+06 	 1.797914e-11 	 1.230639e+07 	
2.47947948e+06 	 1.645176e-11 	 1.230610e+07 	
2.47997998e+06 	 1.505082e-11 	 1.230365e+07 	
2.48048048e+06 	 1.376239e-11 	 1.230337e+07 	
2.48098098e+06 	 1.258150e-11 	 1.230092e+07 	
2.48148148e+06 	 1.149627e-11 	 1.230064e+07 	
2.48198198e+06 	 1.050236e-11 	 1.229819e+07 	
2.48248248e+06 	 9.589654e-12 	 1.229791e+07 	
2.48298298e+06 	 8.754382e-12 	 1.229546e+07 	
2.48348348e+06 	 7.987926e-12 	 1.229519e+07 	
2.48398398e+06 	 7.287010e-12 	 1.229273e+07 	
2.48448448e+06 	 6.644328e-12 	 1.229246e+07 	
2.48498498e+06 	 6.057043e-12 	 1.229000e+07 	
2.48548549e+06 	 5.518948e-12 	 1.228974e+07 	
2.48598599e+06 	 5.027593e-12 	 1.228728e+07 	
2.48648649e+06 	 4.577732e-12 	 1.228702e+07 	
2.48698699e+06 	 4.167237e-12 	 1.228456e+07 	
2.48748749e+06 	 3.791700e-12 	 1.228430e+07 	
2.48798799e+06 	 3.449273e-12 	 1.228184e+07 	
2.48848849e+06 	 3.136242e-12 	 1.228158e+07 	
2.48898899e+06 	 2.851024e-12 	 1.227912e+07 	
2.48948949e+06 	 2.590477e-12 	 1.227886e+07 	
2.48998999e+06 	 2.353251e-12 	 1.227640e+07 	
2.49049049e+06 	 2.136706e-12 	 1.227615e+07 	
2.49099099e+06 	 1.939686e-12 	 1.227369e+07 	
2.49149149e+06 	 1.759974e-12 	 1.227344e+07 	
2.49199199e+06 	 1.596581e-12 	 1.227098e+07 	
2.49249249e+06 	 1.447655e-12 	 1.227072e+07 	
2.49299299e+06 	 1.312349e-12 	 1.226826e+07 	
2.49349349e+06 	 1.189113e-12 	 1.226801e+07 	
2.49399399e+06 	 1.077233e-12 	 1.226556e+07 	
2.49449449e+06 	 9.754028e-13 	 1.226531e+07 	
2.49499499e+06 	 8.830123e-13 	 1.226285e+07 	
2.49549550e+06 	 7.989921e-13 	 1.226260e+07 	
2.49599600e+06 	 7.228208e-13 	 1.226014e+07 	
2.49649650e+06 	 6.535944e-13 	 1.225990e+07 	
2.49699700e+06 	 5.908780e-13 	 1.225744e+07 	
2.49749750e+06 	 5.339225e-13 	 1.225719e+07 	
2.49799800e+06 	 4.823588e-13 	 1.225474e+07 	
2.49849850e+06 	 4.355662e-13 	 1.225449e+07 	
2.49899900e+06 	 3.932334e-13 	 1.225204e+07 	
2.49949950e+06 	 3.548449e-13 	 1.225179e+07 	
2.82460741e+06 	 1.000000e-20 	 1.145883e+07 	
3.19200184e+06 	 1.000000e-20 	 1.072635e+07 	
3.60718298e+06 	 1.000000e-20 	 1.004717e+07 	
4.07636640e+06 	 1.000000e-20 	 9.416196e+06 	
4.60657613e+06 	 1.000000e-20 	 8.829027e+06 	
5.20574982e+06 	 1.000000e-20 	 8.281855e+06 	
5.88285755e+06 	 1.000000e-20 	 7.771338e+06 	
6.64803614e+06 	 1.000000e-20 	 7.294526e+06 	
7.51274091e+06 	 1.000000e-20 	 6.848793e+06 	
8.48991713e+06 	 1.000000e-20 	 6.431791e+06 	
9.59419389e+06 	 1.000000e-20 	 6.041403e+06 	
1.08421030e+07 	 1.000000e-20 	 5.675717e+06 	
1.22523268e+07 	 1.000000e-20 	 5.332993e+06 	
1.38459771e+07 	 1.000000e-20 	 5.011646e+06 	
1.56469124e+07 	 1.000000e-20 	 4.710226e+06 	
1.76820938e+07 	 1.000000e-20 	 4.427399e+06 	
1.99819896e+07 	 1.000000e-20 	 4.161938e+06 	
2.25810311e+07 	 1.000000e-20 	 3.912712e+06 	
2.55181278e+07 	 1.000000e-20 	 3.678673e+06 	
2.88372504e+07 	 1.000000e-20 	 3.458852e+06 	
3.25880886e+07 	 1.000000e-20 	 3.252346e+06 	
3.68267953e+07 	 1.000000e-20 	 3.058319e+06 	
4.16168272e+07 	 1.000000e-20 	 2.875992e+06 	
4.70298948e+07 	 1.000000e-20 	 2.704638e+06 	
5.31470357e+07 	 1.000000e-20 	 2.543579e+06 	
6.00598283e+07 	 1.000000e-20 	 2.392182e+06 	
6.78717624e+07 	 1.000000e-20 	 2.249856e+06 	
7.66997884e+07 	 1.000000e-20 	 2.116046e+06 	
8.66760688e+07 	 1.000000e-20 	 1.990236e+06 	
9.79499561e+07 	 1.000000e-20 	 1.871939e+06 	
1.10690229e+08 	 1.000000e-20 	 1.760703e+06 	
1.25087619e+08 	 1.000000e-20 	 1.656099e+06 	
1.41357666e+08 	 1.000000e-20 	 1.557730e+06 	
1.59743945e+08 	 1.000000e-20 	 1.465220e+06 	
1.80521712e+08 	 1.000000e-20 	 1.378217e+06 	
2.04002028e+08 	 1.000000e-20 	 1.296392e+06 	
2.30536409e+08 	 1.000000e-20 	 1.219434e+06 	
2.60522096e+08 	 1.000000e-20 	 1.147052e+06 	
2.94407997e+08 	 1.000000e-20 	 1.078973e+06 	
3.32701411e+08 	 1.000000e-20 	 1.014940e+06 	
3.75975618e+08 	 1.000000e-20 	 9.547120e+05 	
4.24878468e+08 	 1.000000e-20 	 8.980614e+05 	
4.80142071e+08 	 1.000000e-20 	 8.447754e+05 	
5.42593768e+08 	 1.000000e-20 	 7.946537e+05 	
6.13168507e+08 	 1.000000e-20 	 7.475080e+05 	
6.92922847e+08 	 1.000000e-20 	 7.031611e+05 	
7.83050769e+08 	 1.000000e-20 	 6.614466e+05 	
8.84901559e+08 	 1.000000e-20 	 6.222081e+05 	
1.00000000e+09 	 1.000000e-20 	 5.852983e+05 	
