r (cm)        	 rho (g/cm3) 	 T (K)       		 Linf = 3.408972e+38
1.19999221e+06 	 1.225383e+05 	 1.262027e+09 	
1.19999558e+06 	 1.219966e+05 	 1.260613e+09 	
1.20011229e+06 	 1.043990e+05 	 1.211916e+09 	
1.20020727e+06 	 9.168624e+04 	 1.172798e+09 	
1.20030225e+06 	 8.029230e+04 	 1.134157e+09 	
1.20039724e+06 	 7.010781e+04 	 1.096008e+09 	
1.20049222e+06 	 6.102975e+04 	 1.058366e+09 	
1.20058720e+06 	 5.296132e+04 	 1.021247e+09 	
1.20068088e+06 	 4.590433e+04 	 9.851684e+08 	
1.20077455e+06 	 3.965948e+04 	 9.496312e+08 	
1.20086823e+06 	 3.415060e+04 	 9.146522e+08 	
1.20094564e+06 	 3.010325e+04 	 8.861819e+08 	
1.20102304e+06 	 2.647238e+04 	 8.581143e+08 	
1.20110045e+06 	 2.322280e+04 	 8.304594e+08 	
1.20117785e+06 	 2.032150e+04 	 8.032274e+08 	
1.20125526e+06 	 1.773758e+04 	 7.764287e+08 	
1.20133238e+06 	 1.545019e+04 	 7.501706e+08 	
1.20140949e+06 	 1.342262e+04 	 7.243633e+08 	
1.20148661e+06 	 1.163014e+04 	 6.990175e+08 	
1.20155018e+06 	 1.031320e+04 	 6.784811e+08 	
1.20161374e+06 	 9.128392e+03 	 6.582713e+08 	
1.20167730e+06 	 8.064534e+03 	 6.383938e+08 	
1.20174086e+06 	 7.111157e+03 	 6.188546e+08 	
1.20180443e+06 	 6.258500e+03 	 5.996593e+08 	
1.20186799e+06 	 5.497477e+03 	 5.808137e+08 	
1.20193206e+06 	 4.814575e+03 	 5.621781e+08 	
1.20199612e+06 	 4.208180e+03 	 5.439091e+08 	
1.20206019e+06 	 3.670886e+03 	 5.260123e+08 	
1.20211337e+06 	 3.272501e+03 	 5.114446e+08 	
1.20216654e+06 	 2.913383e+03 	 4.971398e+08 	
1.20221972e+06 	 2.590157e+03 	 4.831009e+08 	
1.20227289e+06 	 2.299685e+03 	 4.693305e+08 	
1.20232607e+06 	 2.039054e+03 	 4.558312e+08 	
1.20237924e+06 	 1.805564e+03 	 4.426055e+08 	
1.20243242e+06 	 1.596715e+03 	 4.296556e+08 	
1.20248756e+06 	 1.403698e+03 	 4.165202e+08 	
1.20254271e+06 	 1.232331e+03 	 4.036859e+08 	
1.20258864e+06 	 1.104547e+03 	 3.932270e+08 	
1.20263457e+06 	 9.891152e+02 	 3.829794e+08 	
1.20268050e+06 	 8.849605e+02 	 3.729437e+08 	
1.20272643e+06 	 7.910893e+02 	 3.631207e+08 	
1.20277235e+06 	 7.065823e+02 	 3.535111e+08 	
1.20281828e+06 	 6.305908e+02 	 3.441152e+08 	
1.20286421e+06 	 5.623327e+02 	 3.349334e+08 	
1.20291014e+06 	 5.010879e+02 	 3.259657e+08 	
1.20295607e+06 	 4.461949e+02 	 3.172121e+08 	
1.20300469e+06 	 3.943395e+02 	 3.081798e+08 	
1.20304512e+06 	 3.556417e+02 	 3.008503e+08 	
1.20308555e+06 	 3.205933e+02 	 2.936860e+08 	
1.20312598e+06 	 2.888741e+02 	 2.866862e+08 	
1.20316641e+06 	 2.601892e+02 	 2.798504e+08 	
1.20320684e+06 	 2.342667e+02 	 2.731780e+08 	
1.20324727e+06 	 2.108570e+02 	 2.666681e+08 	
1.20328770e+06 	 1.897304e+02 	 2.603198e+08 	
1.20332813e+06 	 1.706764e+02 	 2.541320e+08 	
1.20336856e+06 	 1.535023e+02 	 2.481037e+08 	
1.20340899e+06 	 1.380314e+02 	 2.422336e+08 	
1.20344943e+06 	 1.241026e+02 	 2.365203e+08 	
1.20348986e+06 	 1.115686e+02 	 2.309623e+08 	
1.20353029e+06 	 1.002950e+02 	 2.255581e+08 	
1.20357072e+06 	 9.015973e+01 	 2.203060e+08 	
1.20361115e+06 	 8.105145e+01 	 2.152042e+08 	
1.20365158e+06 	 7.286913e+01 	 2.102507e+08 	
1.20369216e+06 	 6.549478e+01 	 2.054259e+08 	
1.20373274e+06 	 5.887690e+01 	 2.007464e+08 	
1.20377333e+06 	 5.293935e+01 	 1.962102e+08 	
1.20381391e+06 	 4.761328e+01 	 1.918149e+08 	
1.20385449e+06 	 4.283648e+01 	 1.875581e+08 	
1.20389508e+06 	 3.855281e+01 	 1.834376e+08 	
1.20393566e+06 	 3.471161e+01 	 1.794506e+08 	
1.20397624e+06 	 3.126728e+01 	 1.755946e+08 	
1.20401683e+06 	 2.817875e+01 	 1.718670e+08 	
1.20405741e+06 	 2.540907e+01 	 1.682651e+08 	
1.20409799e+06 	 2.292504e+01 	 1.647861e+08 	
1.20413858e+06 	 2.069686e+01 	 1.614272e+08 	
1.20417916e+06 	 1.869776e+01 	 1.581856e+08 	
1.20421974e+06 	 1.690375e+01 	 1.550584e+08 	
1.20426033e+06 	 1.529330e+01 	 1.520426e+08 	
1.20430091e+06 	 1.384715e+01 	 1.491355e+08 	
1.20434149e+06 	 1.254804e+01 	 1.463341e+08 	
1.20438208e+06 	 1.138052e+01 	 1.436353e+08 	
1.20442266e+06 	 1.033078e+01 	 1.410363e+08 	
1.20447235e+06 	 9.187912e+00 	 1.379858e+08 	
1.20452204e+06 	 8.183115e+00 	 1.350751e+08 	
1.20457173e+06 	 7.298924e+00 	 1.322990e+08 	
1.20462142e+06 	 6.520119e+00 	 1.296520e+08 	
1.20467110e+06 	 5.833442e+00 	 1.271291e+08 	
1.20472079e+06 	 5.227345e+00 	 1.247252e+08 	
1.20477048e+06 	 4.691768e+00 	 1.224351e+08 	
1.20482017e+06 	 4.217948e+00 	 1.202540e+08 	
1.20486986e+06 	 3.798251e+00 	 1.181771e+08 	
1.20491955e+06 	 3.426023e+00 	 1.161996e+08 	
1.20496924e+06 	 3.095465e+00 	 1.143171e+08 	
1.20501893e+06 	 2.801518e+00 	 1.125250e+08 	
1.20506862e+06 	 2.539769e+00 	 1.108192e+08 	
1.20511831e+06 	 2.306367e+00 	 1.091955e+08 	
1.20516799e+06 	 2.097945e+00 	 1.076498e+08 	
1.20521768e+06 	 1.911563e+00 	 1.061783e+08 	
1.20528132e+06 	 1.700994e+00 	 1.043965e+08 	
1.20534495e+06 	 1.517728e+00 	 1.027229e+08 	
1.20540858e+06 	 1.357837e+00 	 1.011506e+08 	
1.20547221e+06 	 1.218001e+00 	 9.967301e+07 	
1.20553584e+06 	 1.095406e+00 	 9.828381e+07 	
1.20559947e+06 	 9.876652e-01 	 9.697718e+07 	
1.20566311e+06 	 8.927503e-01 	 9.574763e+07 	
1.20572674e+06 	 8.089333e-01 	 9.459002e+07 	
1.20580907e+06 	 7.145828e-01 	 9.319124e+07 	
1.20589139e+06 	 6.336905e-01 	 9.189521e+07 	
1.20597372e+06 	 5.640682e-01 	 9.069312e+07 	
1.20605605e+06 	 5.039184e-01 	 8.957695e+07 	
1.20613838e+06 	 4.517596e-01 	 8.853936e+07 	
1.20622070e+06 	 4.063661e-01 	 8.757369e+07 	
1.20630303e+06 	 3.667211e-01 	 8.667387e+07 	
1.20640669e+06 	 3.236866e-01 	 8.562613e+07 	
1.20651034e+06 	 2.870492e-01 	 8.466419e+07 	
1.20661400e+06 	 2.556995e-01 	 8.377929e+07 	
1.20671766e+06 	 2.287435e-01 	 8.296367e+07 	
1.20682131e+06 	 2.054567e-01 	 8.221043e+07 	
1.20692497e+06 	 1.852492e-01 	 8.151347e+07 	
1.20707110e+06 	 1.610776e-01 	 8.061614e+07 	
1.20721722e+06 	 1.410056e-01 	 7.980673e+07 	
1.20736335e+06 	 1.242100e-01 	 7.907398e+07 	
1.20750948e+06 	 1.100547e-01 	 7.840834e+07 	
1.20768346e+06 	 9.596417e-02 	 7.769208e+07 	
1.20785744e+06 	 8.427332e-02 	 7.704775e+07 	
1.20803141e+06 	 7.449239e-02 	 7.646563e+07 	
1.20820539e+06 	 6.624575e-02 	 7.593753e+07 	
1.20845543e+06 	 5.651147e-02 	 7.525960e+07 	
1.20870546e+06 	 4.871015e-02 	 7.466247e+07 	
1.20895549e+06 	 4.237985e-02 	 7.413281e+07 	
1.20929054e+06 	 3.563128e-02 	 7.351053e+07 	
1.20962558e+06 	 3.035932e-02 	 7.297034e+07 	
1.20996062e+06 	 2.617382e-02 	 7.249688e+07 	
1.21043931e+06 	 2.155674e-02 	 7.191323e+07 	
1.21091800e+06 	 1.808085e-02 	 7.141604e+07 	
1.21139670e+06 	 1.540533e-02 	 7.098658e+07 	
1.21194624e+06 	 1.303406e-02 	 7.055940e+07 	
1.21249579e+06 	 1.119928e-02 	 7.018805e+07 	
1.21304533e+06 	 9.752300e-03 	 6.986121e+07 	
1.21387726e+06 	 8.083523e-03 	 6.943282e+07 	
1.21470918e+06 	 6.850452e-03 	 6.906619e+07 	
1.21568246e+06 	 5.777810e-03 	 6.869631e+07 	
1.21665573e+06 	 4.976427e-03 	 6.837488e+07 	
1.21762901e+06 	 4.362025e-03 	 6.809067e+07 	
1.21909352e+06 	 3.676244e-03 	 6.771611e+07 	
1.22031149e+06 	 3.254933e-03 	 6.744158e+07 	
1.22224888e+06 	 2.765285e-03 	 6.705550e+07 	
1.22340692e+06 	 2.545620e-03 	 6.684744e+07 	
1.22579792e+06 	 2.205315e-03 	 6.645739e+07 	
1.22775887e+06 	 2.004093e-03 	 6.616760e+07 	
1.23092056e+06 	 1.772191e-03 	 6.574081e+07 	
1.23408226e+06 	 1.612625e-03 	 6.534956e+07 	
1.23724395e+06 	 1.497916e-03 	 6.498322e+07 	
1.24207543e+06 	 1.375562e-03 	 6.445673e+07 	
1.24606528e+06 	 1.304265e-03 	 6.404328e+07 	
1.25315368e+06 	 1.214879e-03 	 6.334054e+07 	
1.25561452e+06 	 1.190850e-03 	 6.310362e+07 	
1.26450075e+06 	 1.121035e-03 	 6.226998e+07 	
1.26982155e+06 	 1.087183e-03 	 6.178392e+07 	
1.28300783e+06 	 1.016229e-03 	 6.061217e+07 	
1.28976521e+06 	 9.840879e-04 	 6.002736e+07 	
1.29652260e+06 	 9.537737e-04 	 5.945215e+07 	
1.30020528e+06 	 9.378803e-04 	 5.914254e+07 	
1.30416667e+06 	 9.212340e-04 	 5.881248e+07 	
1.31250000e+06 	 8.874925e-04 	 5.812789e+07 	
1.32500000e+06 	 8.397978e-04 	 5.712494e+07 	
1.33750000e+06 	 7.952628e-04 	 5.614959e+07 	
1.34583333e+06 	 7.671183e-04 	 5.551406e+07 	
1.35833333e+06 	 7.271714e-04 	 5.458216e+07 	
1.37083333e+06 	 6.896624e-04 	 5.367494e+07 	
1.38333333e+06 	 6.544123e-04 	 5.279145e+07 	
1.39166667e+06 	 6.321156e-04 	 5.221522e+07 	
1.40416667e+06 	 6.003326e-04 	 5.136938e+07 	
1.41666667e+06 	 5.704201e-04 	 5.054498e+07 	
1.42916667e+06 	 5.422507e-04 	 4.974125e+07 	
1.43750000e+06 	 5.243995e-04 	 4.921657e+07 	
1.45000000e+06 	 4.988845e-04 	 4.844567e+07 	
1.46250000e+06 	 4.748223e-04 	 4.769352e+07 	
1.47500000e+06 	 4.521039e-04 	 4.695946e+07 	
1.48750000e+06 	 4.306643e-04 	 4.624290e+07 	
1.50000000e+06 	 4.104143e-04 	 4.554323e+07 	
1.51250000e+06 	 3.912757e-04 	 4.485986e+07 	
1.52500000e+06 	 3.731770e-04 	 4.419226e+07 	
1.53750000e+06 	 3.560571e-04 	 4.353991e+07 	
1.55000000e+06 	 3.398431e-04 	 4.290229e+07 	
1.56250000e+06 	 3.244916e-04 	 4.227894e+07 	
1.57500000e+06 	 3.099428e-04 	 4.166938e+07 	
1.58750000e+06 	 2.961495e-04 	 4.107319e+07 	
1.60000000e+06 	 2.830667e-04 	 4.048994e+07 	
1.61250000e+06 	 2.706509e-04 	 3.991923e+07 	
1.62500000e+06 	 2.588667e-04 	 3.936068e+07 	
1.63750000e+06 	 2.476743e-04 	 3.881390e+07 	
1.65000000e+06 	 2.370398e-04 	 3.827855e+07 	
1.66250000e+06 	 2.269313e-04 	 3.775428e+07 	
1.67500000e+06 	 2.173182e-04 	 3.724077e+07 	
1.68750000e+06 	 2.081741e-04 	 3.673769e+07 	
1.70000000e+06 	 1.994716e-04 	 3.624474e+07 	
1.71250000e+06 	 1.911859e-04 	 3.576163e+07 	
1.72500000e+06 	 1.832947e-04 	 3.528808e+07 	
1.73750000e+06 	 1.757763e-04 	 3.482382e+07 	
1.75000000e+06 	 1.686106e-04 	 3.436858e+07 	
1.76250000e+06 	 1.617780e-04 	 3.392211e+07 	
1.77500000e+06 	 1.552614e-04 	 3.348418e+07 	
1.78750000e+06 	 1.490436e-04 	 3.305454e+07 	
1.80000000e+06 	 1.431087e-04 	 3.263298e+07 	
1.81250000e+06 	 1.374425e-04 	 3.221927e+07 	
1.82500000e+06 	 1.320304e-04 	 3.181321e+07 	
1.83750000e+06 	 1.268598e-04 	 3.141459e+07 	
1.85000000e+06 	 1.219184e-04 	 3.102322e+07 	
1.86250000e+06 	 1.171942e-04 	 3.063891e+07 	
1.87500000e+06 	 1.126766e-04 	 3.026148e+07 	
1.88750000e+06 	 1.083549e-04 	 2.989075e+07 	
1.90000000e+06 	 1.042194e-04 	 2.952655e+07 	
1.91250000e+06 	 1.002611e-04 	 2.916872e+07 	
1.92500000e+06 	 9.647154e-05 	 2.881709e+07 	
1.93750000e+06 	 9.284208e-05 	 2.847152e+07 	
1.95000000e+06 	 8.936483e-05 	 2.813185e+07 	
1.96250000e+06 	 8.603305e-05 	 2.779794e+07 	
1.97500000e+06 	 8.283938e-05 	 2.746965e+07 	
1.98750000e+06 	 7.977736e-05 	 2.714685e+07 	
2.00000000e+06 	 7.684075e-05 	 2.682941e+07 	
2.01250000e+06 	 7.402358e-05 	 2.651719e+07 	
2.02500000e+06 	 7.132031e-05 	 2.621008e+07 	
2.03750000e+06 	 6.872587e-05 	 2.590795e+07 	
2.05000000e+06 	 6.623509e-05 	 2.561069e+07 	
2.06250000e+06 	 6.384302e-05 	 2.531819e+07 	
2.07500000e+06 	 6.154556e-05 	 2.503035e+07 	
2.08750000e+06 	 5.933825e-05 	 2.474704e+07 	
2.10000000e+06 	 5.721712e-05 	 2.446818e+07 	
2.11250000e+06 	 5.517812e-05 	 2.419367e+07 	
2.12500000e+06 	 5.321781e-05 	 2.392340e+07 	
2.13750000e+06 	 5.133254e-05 	 2.365728e+07 	
2.15000000e+06 	 4.951914e-05 	 2.339522e+07 	
2.16250000e+06 	 4.777436e-05 	 2.313714e+07 	
2.17500000e+06 	 4.609508e-05 	 2.288295e+07 	
2.18750000e+06 	 4.447874e-05 	 2.263257e+07 	
2.20000000e+06 	 4.292251e-05 	 2.238590e+07 	
2.21250000e+06 	 4.142386e-05 	 2.214289e+07 	
2.22500000e+06 	 3.998027e-05 	 2.190344e+07 	
2.23750000e+06 	 3.858943e-05 	 2.166749e+07 	
2.25000000e+06 	 3.724910e-05 	 2.143496e+07 	
2.26250000e+06 	 3.595713e-05 	 2.120579e+07 	
2.27500000e+06 	 3.471146e-05 	 2.097989e+07 	
2.28750000e+06 	 3.351020e-05 	 2.075721e+07 	
2.30000000e+06 	 3.235159e-05 	 2.053769e+07 	
2.31250000e+06 	 3.123379e-05 	 2.032126e+07 	
2.32500000e+06 	 3.015503e-05 	 2.010785e+07 	
2.33750000e+06 	 2.911389e-05 	 1.989741e+07 	
2.35000000e+06 	 2.810875e-05 	 1.968988e+07 	
2.36250000e+06 	 2.713815e-05 	 1.948520e+07 	
2.37500000e+06 	 2.620068e-05 	 1.928332e+07 	
2.38750000e+06 	 2.529503e-05 	 1.908418e+07 	
2.40000000e+06 	 2.441989e-05 	 1.888774e+07 	
2.41250000e+06 	 2.357403e-05 	 1.869393e+07 	
2.42500000e+06 	 2.275629e-05 	 1.850272e+07 	
2.43750000e+06 	 2.196562e-05 	 1.831405e+07 	
2.45000000e+06 	 2.120086e-05 	 1.812787e+07 	
2.46250000e+06 	 2.046094e-05 	 1.794414e+07 	
2.47500000e+06 	 1.974499e-05 	 1.776281e+07 	
2.50000000e+06 	 1.838114e-05 	 1.740720e+07 	
2.50050050e+06 	 1.835472e-05 	 1.740018e+07 	
2.50100100e+06 	 1.832834e-05 	 1.739315e+07 	
2.50150150e+06 	 1.830199e-05 	 1.738614e+07 	
2.50200200e+06 	 1.827568e-05 	 1.737912e+07 	
2.50250250e+06 	 1.824940e-05 	 1.737211e+07 	
2.50300300e+06 	 1.822315e-05 	 1.736510e+07 	
2.50350350e+06 	 1.819694e-05 	 1.735810e+07 	
2.50400400e+06 	 1.817076e-05 	 1.735110e+07 	
2.50450450e+06 	 1.814461e-05 	 1.734410e+07 	
2.50500501e+06 	 1.811850e-05 	 1.733711e+07 	
2.50550551e+06 	 1.809242e-05 	 1.733012e+07 	
2.50600601e+06 	 1.806638e-05 	 1.732314e+07 	
2.50650651e+06 	 1.804037e-05 	 1.731616e+07 	
2.50700701e+06 	 1.801439e-05 	 1.730918e+07 	
2.50750751e+06 	 1.798844e-05 	 1.730220e+07 	
2.50800801e+06 	 1.796253e-05 	 1.729523e+07 	
2.50850851e+06 	 1.793665e-05 	 1.728826e+07 	
2.50900901e+06 	 1.791081e-05 	 1.728130e+07 	
2.50950951e+06 	 1.788499e-05 	 1.727434e+07 	
2.51001001e+06 	 1.785921e-05 	 1.726738e+07 	
2.51051051e+06 	 1.783347e-05 	 1.726043e+07 	
2.51101101e+06 	 1.780775e-05 	 1.725348e+07 	
2.51151151e+06 	 1.778207e-05 	 1.724654e+07 	
2.51201201e+06 	 1.775642e-05 	 1.723959e+07 	
2.51251251e+06 	 1.773081e-05 	 1.723266e+07 	
2.51301301e+06 	 1.770522e-05 	 1.722572e+07 	
2.51351351e+06 	 1.767967e-05 	 1.721879e+07 	
2.51401401e+06 	 1.765415e-05 	 1.721186e+07 	
2.51451451e+06 	 1.762867e-05 	 1.720494e+07 	
2.51501502e+06 	 1.760322e-05 	 1.719802e+07 	
2.51551552e+06 	 1.757779e-05 	 1.719110e+07 	
2.51601602e+06 	 1.755241e-05 	 1.718419e+07 	
2.51651652e+06 	 1.752705e-05 	 1.717728e+07 	
2.51701702e+06 	 1.750173e-05 	 1.717037e+07 	
2.51751752e+06 	 1.747643e-05 	 1.716347e+07 	
2.51801802e+06 	 1.745117e-05 	 1.715657e+07 	
2.51851852e+06 	 1.742595e-05 	 1.714967e+07 	
2.51901902e+06 	 1.740075e-05 	 1.714278e+07 	
2.51951952e+06 	 1.737559e-05 	 1.713589e+07 	
2.52002002e+06 	 1.735046e-05 	 1.712901e+07 	
2.52052052e+06 	 1.732536e-05 	 1.712212e+07 	
2.52102102e+06 	 1.730029e-05 	 1.711525e+07 	
2.52152152e+06 	 1.727525e-05 	 1.710837e+07 	
2.52202202e+06 	 1.725025e-05 	 1.710150e+07 	
2.52252252e+06 	 1.722528e-05 	 1.709463e+07 	
2.52302302e+06 	 1.720034e-05 	 1.708777e+07 	
2.52352352e+06 	 1.717543e-05 	 1.708091e+07 	
2.52402402e+06 	 1.715055e-05 	 1.707405e+07 	
2.52452452e+06 	 1.712570e-05 	 1.706720e+07 	
2.52502503e+06 	 1.710089e-05 	 1.706035e+07 	
2.52552553e+06 	 1.707610e-05 	 1.705350e+07 	
2.52602603e+06 	 1.705135e-05 	 1.704666e+07 	
2.52652653e+06 	 1.702663e-05 	 1.703982e+07 	
2.52702703e+06 	 1.700194e-05 	 1.703299e+07 	
2.52752753e+06 	 1.697728e-05 	 1.702615e+07 	
2.52802803e+06 	 1.695265e-05 	 1.701933e+07 	
2.52852853e+06 	 1.692806e-05 	 1.701250e+07 	
2.52902903e+06 	 1.690349e-05 	 1.700568e+07 	
2.52952953e+06 	 1.687896e-05 	 1.699886e+07 	
2.53003003e+06 	 1.685446e-05 	 1.699205e+07 	
2.53053053e+06 	 1.682998e-05 	 1.698523e+07 	
2.53103103e+06 	 1.680554e-05 	 1.697843e+07 	
2.53153153e+06 	 1.678113e-05 	 1.697162e+07 	
2.53203203e+06 	 1.675675e-05 	 1.696482e+07 	
2.53253253e+06 	 1.673240e-05 	 1.695802e+07 	
2.53303303e+06 	 1.670808e-05 	 1.695123e+07 	
2.53353353e+06 	 1.668379e-05 	 1.694444e+07 	
2.53403403e+06 	 1.665954e-05 	 1.693765e+07 	
2.53453453e+06 	 1.663531e-05 	 1.693087e+07 	
2.53503504e+06 	 1.661111e-05 	 1.692409e+07 	
2.53553554e+06 	 1.658695e-05 	 1.691731e+07 	
2.53603604e+06 	 1.656281e-05 	 1.691054e+07 	
2.53653654e+06 	 1.653871e-05 	 1.690377e+07 	
2.53703704e+06 	 1.651463e-05 	 1.689701e+07 	
2.53753754e+06 	 1.649058e-05 	 1.689024e+07 	
2.53803804e+06 	 1.646657e-05 	 1.688349e+07 	
2.53853854e+06 	 1.644258e-05 	 1.687673e+07 	
2.53903904e+06 	 1.641863e-05 	 1.686998e+07 	
2.53953954e+06 	 1.639470e-05 	 1.686323e+07 	
2.54004004e+06 	 1.637081e-05 	 1.685648e+07 	
2.54054054e+06 	 1.634694e-05 	 1.684974e+07 	
2.54104104e+06 	 1.632311e-05 	 1.684300e+07 	
2.54154154e+06 	 1.629930e-05 	 1.683627e+07 	
2.54204204e+06 	 1.627553e-05 	 1.682954e+07 	
2.54254254e+06 	 1.625178e-05 	 1.682281e+07 	
2.54304304e+06 	 1.622807e-05 	 1.681609e+07 	
2.54354354e+06 	 1.620438e-05 	 1.680936e+07 	
2.54404404e+06 	 1.618072e-05 	 1.680265e+07 	
2.54454454e+06 	 1.615710e-05 	 1.679593e+07 	
2.54504505e+06 	 1.613350e-05 	 1.678922e+07 	
2.54554555e+06 	 1.610993e-05 	 1.678251e+07 	
2.54604605e+06 	 1.608639e-05 	 1.677581e+07 	
2.54654655e+06 	 1.606288e-05 	 1.676911e+07 	
2.54704705e+06 	 1.603940e-05 	 1.676241e+07 	
2.54754755e+06 	 1.601595e-05 	 1.675572e+07 	
2.54804805e+06 	 1.599252e-05 	 1.674903e+07 	
2.54854855e+06 	 1.596913e-05 	 1.674234e+07 	
2.54904905e+06 	 1.594577e-05 	 1.673566e+07 	
2.54954955e+06 	 1.592243e-05 	 1.672898e+07 	
2.55005005e+06 	 1.589913e-05 	 1.672230e+07 	
2.55055055e+06 	 1.587585e-05 	 1.671563e+07 	
2.55105105e+06 	 1.585260e-05 	 1.670896e+07 	
2.55155155e+06 	 1.582938e-05 	 1.670229e+07 	
2.55205205e+06 	 1.580619e-05 	 1.669563e+07 	
2.55255255e+06 	 1.578303e-05 	 1.668897e+07 	
2.55305305e+06 	 1.575989e-05 	 1.668231e+07 	
2.55355355e+06 	 1.573679e-05 	 1.667566e+07 	
2.55405405e+06 	 1.571371e-05 	 1.666901e+07 	
2.55455455e+06 	 1.569067e-05 	 1.666236e+07 	
2.55505506e+06 	 1.566765e-05 	 1.665572e+07 	
2.55555556e+06 	 1.564466e-05 	 1.664908e+07 	
2.55605606e+06 	 1.562170e-05 	 1.664244e+07 	
2.55655656e+06 	 1.559876e-05 	 1.663581e+07 	
2.55705706e+06 	 1.557586e-05 	 1.662918e+07 	
2.55755756e+06 	 1.555298e-05 	 1.662256e+07 	
2.55805806e+06 	 1.553013e-05 	 1.661593e+07 	
2.55855856e+06 	 1.550731e-05 	 1.660931e+07 	
2.55905906e+06 	 1.548452e-05 	 1.660270e+07 	
2.55955956e+06 	 1.546176e-05 	 1.659609e+07 	
2.56006006e+06 	 1.543902e-05 	 1.658948e+07 	
2.56056056e+06 	 1.541631e-05 	 1.658287e+07 	
2.56106106e+06 	 1.539363e-05 	 1.657627e+07 	
2.56156156e+06 	 1.537098e-05 	 1.656967e+07 	
2.56206206e+06 	 1.534836e-05 	 1.656307e+07 	
2.56256256e+06 	 1.532576e-05 	 1.655648e+07 	
2.56306306e+06 	 1.530319e-05 	 1.654989e+07 	
2.56356356e+06 	 1.528065e-05 	 1.654331e+07 	
2.56406406e+06 	 1.525814e-05 	 1.653672e+07 	
2.56456456e+06 	 1.523566e-05 	 1.653014e+07 	
2.56506507e+06 	 1.521320e-05 	 1.652357e+07 	
2.56556557e+06 	 1.519077e-05 	 1.651700e+07 	
2.56606607e+06 	 1.516837e-05 	 1.651043e+07 	
2.56656657e+06 	 1.514599e-05 	 1.650386e+07 	
2.56706707e+06 	 1.512365e-05 	 1.649730e+07 	
2.56756757e+06 	 1.510133e-05 	 1.649074e+07 	
2.56806807e+06 	 1.507904e-05 	 1.648418e+07 	
2.56856857e+06 	 1.505677e-05 	 1.647763e+07 	
2.56906907e+06 	 1.503453e-05 	 1.647108e+07 	
2.56956957e+06 	 1.501232e-05 	 1.646454e+07 	
2.57007007e+06 	 1.499014e-05 	 1.645799e+07 	
2.57057057e+06 	 1.496799e-05 	 1.645145e+07 	
2.57107107e+06 	 1.494586e-05 	 1.644492e+07 	
2.57157157e+06 	 1.492376e-05 	 1.643839e+07 	
2.57207207e+06 	 1.490168e-05 	 1.643186e+07 	
2.57257257e+06 	 1.487963e-05 	 1.642533e+07 	
2.57307307e+06 	 1.485761e-05 	 1.641881e+07 	
2.57357357e+06 	 1.483562e-05 	 1.641229e+07 	
2.57407407e+06 	 1.481365e-05 	 1.640577e+07 	
2.57457457e+06 	 1.479171e-05 	 1.639926e+07 	
2.57507508e+06 	 1.476980e-05 	 1.639275e+07 	
2.57557558e+06 	 1.474792e-05 	 1.638624e+07 	
2.57607608e+06 	 1.472606e-05 	 1.637974e+07 	
2.57657658e+06 	 1.470422e-05 	 1.637324e+07 	
2.57707708e+06 	 1.468242e-05 	 1.636674e+07 	
2.57757758e+06 	 1.466064e-05 	 1.636025e+07 	
2.57807808e+06 	 1.463888e-05 	 1.635376e+07 	
2.57857858e+06 	 1.461716e-05 	 1.634727e+07 	
2.57907908e+06 	 1.459546e-05 	 1.634079e+07 	
2.57957958e+06 	 1.457378e-05 	 1.633431e+07 	
2.58008008e+06 	 1.455214e-05 	 1.632783e+07 	
2.58058058e+06 	 1.453051e-05 	 1.632136e+07 	
2.58108108e+06 	 1.450892e-05 	 1.631489e+07 	
2.58158158e+06 	 1.448735e-05 	 1.630842e+07 	
2.58208208e+06 	 1.446581e-05 	 1.630196e+07 	
2.58258258e+06 	 1.444429e-05 	 1.629550e+07 	
2.58308308e+06 	 1.442280e-05 	 1.628904e+07 	
2.58358358e+06 	 1.440134e-05 	 1.628259e+07 	
2.58408408e+06 	 1.437990e-05 	 1.627614e+07 	
2.58458458e+06 	 1.435849e-05 	 1.626969e+07 	
2.58508509e+06 	 1.433710e-05 	 1.626324e+07 	
2.58558559e+06 	 1.431574e-05 	 1.625680e+07 	
2.58608609e+06 	 1.429441e-05 	 1.625036e+07 	
2.58658659e+06 	 1.427310e-05 	 1.624393e+07 	
2.58708709e+06 	 1.425181e-05 	 1.623750e+07 	
2.58758759e+06 	 1.423056e-05 	 1.623107e+07 	
2.58808809e+06 	 1.420933e-05 	 1.622464e+07 	
2.58858859e+06 	 1.418812e-05 	 1.621822e+07 	
2.58908909e+06 	 1.416694e-05 	 1.621180e+07 	
2.58958959e+06 	 1.414578e-05 	 1.620539e+07 	
2.59009009e+06 	 1.412465e-05 	 1.619898e+07 	
2.59059059e+06 	 1.410355e-05 	 1.619257e+07 	
2.59109109e+06 	 1.408247e-05 	 1.618616e+07 	
2.59159159e+06 	 1.406142e-05 	 1.617976e+07 	
2.59209209e+06 	 1.404039e-05 	 1.617336e+07 	
2.59259259e+06 	 1.401939e-05 	 1.616696e+07 	
2.59309309e+06 	 1.399841e-05 	 1.616057e+07 	
2.59359359e+06 	 1.397746e-05 	 1.615418e+07 	
2.59409409e+06 	 1.395653e-05 	 1.614780e+07 	
2.59459459e+06 	 1.393563e-05 	 1.614141e+07 	
2.59509510e+06 	 1.391475e-05 	 1.613503e+07 	
2.59559560e+06 	 1.389390e-05 	 1.612866e+07 	
2.59609610e+06 	 1.387308e-05 	 1.612228e+07 	
2.59659660e+06 	 1.385227e-05 	 1.611591e+07 	
2.59709710e+06 	 1.383150e-05 	 1.610954e+07 	
2.59759760e+06 	 1.381075e-05 	 1.610318e+07 	
2.59809810e+06 	 1.379002e-05 	 1.609682e+07 	
2.59859860e+06 	 1.376932e-05 	 1.609046e+07 	
2.59909910e+06 	 1.374864e-05 	 1.608411e+07 	
2.59959960e+06 	 1.372799e-05 	 1.607776e+07 	
2.60010010e+06 	 1.370736e-05 	 1.607141e+07 	
2.60060060e+06 	 1.368676e-05 	 1.606506e+07 	
2.60110110e+06 	 1.366618e-05 	 1.605872e+07 	
2.60160160e+06 	 1.364562e-05 	 1.605238e+07 	
2.60210210e+06 	 1.362510e-05 	 1.604605e+07 	
2.60260260e+06 	 1.360459e-05 	 1.603971e+07 	
2.60310310e+06 	 1.358411e-05 	 1.603339e+07 	
2.60360360e+06 	 1.356365e-05 	 1.602706e+07 	
2.60410410e+06 	 1.354322e-05 	 1.602074e+07 	
2.60460460e+06 	 1.352282e-05 	 1.601442e+07 	
2.60510511e+06 	 1.350243e-05 	 1.600810e+07 	
2.60560561e+06 	 1.348207e-05 	 1.600179e+07 	
2.60610611e+06 	 1.346174e-05 	 1.599548e+07 	
2.60660661e+06 	 1.344143e-05 	 1.598917e+07 	
2.60710711e+06 	 1.342114e-05 	 1.598287e+07 	
2.60760761e+06 	 1.340088e-05 	 1.597656e+07 	
2.60810811e+06 	 1.338065e-05 	 1.597027e+07 	
2.60860861e+06 	 1.336043e-05 	 1.596397e+07 	
2.60910911e+06 	 1.334024e-05 	 1.595768e+07 	
2.60960961e+06 	 1.332008e-05 	 1.595139e+07 	
2.61011011e+06 	 1.329993e-05 	 1.594511e+07 	
2.61061061e+06 	 1.327982e-05 	 1.593883e+07 	
2.61111111e+06 	 1.325972e-05 	 1.593255e+07 	
2.61161161e+06 	 1.323965e-05 	 1.592627e+07 	
2.61211211e+06 	 1.321961e-05 	 1.592000e+07 	
2.61261261e+06 	 1.319958e-05 	 1.591373e+07 	
2.61311311e+06 	 1.317959e-05 	 1.590746e+07 	
2.61361361e+06 	 1.315961e-05 	 1.590120e+07 	
2.61411411e+06 	 1.313966e-05 	 1.589494e+07 	
2.61461461e+06 	 1.311973e-05 	 1.588868e+07 	
2.61511512e+06 	 1.309983e-05 	 1.588243e+07 	
2.61561562e+06 	 1.307995e-05 	 1.587618e+07 	
2.61611612e+06 	 1.306009e-05 	 1.586993e+07 	
2.61661662e+06 	 1.304025e-05 	 1.586369e+07 	
2.61711712e+06 	 1.302044e-05 	 1.585745e+07 	
2.61761762e+06 	 1.300066e-05 	 1.585121e+07 	
2.61811812e+06 	 1.298089e-05 	 1.584497e+07 	
2.61861862e+06 	 1.296115e-05 	 1.583874e+07 	
2.61911912e+06 	 1.294144e-05 	 1.583251e+07 	
2.61961962e+06 	 1.292174e-05 	 1.582628e+07 	
2.62012012e+06 	 1.290207e-05 	 1.582006e+07 	
2.62062062e+06 	 1.288242e-05 	 1.581384e+07 	
2.62112112e+06 	 1.286280e-05 	 1.580763e+07 	
2.62162162e+06 	 1.284320e-05 	 1.580141e+07 	
2.62212212e+06 	 1.282362e-05 	 1.579520e+07 	
2.62262262e+06 	 1.280406e-05 	 1.578899e+07 	
2.62312312e+06 	 1.278453e-05 	 1.578279e+07 	
2.62362362e+06 	 1.276567e-05 	 1.577657e+07 	
2.62412412e+06 	 1.274619e-05 	 1.577037e+07 	
2.62462462e+06 	 1.272674e-05 	 1.576418e+07 	
2.62512513e+06 	 1.270731e-05 	 1.575798e+07 	
2.62562563e+06 	 1.268790e-05 	 1.575179e+07 	
2.62612613e+06 	 1.266851e-05 	 1.574561e+07 	
2.62662663e+06 	 1.264915e-05 	 1.573942e+07 	
2.62712713e+06 	 1.262981e-05 	 1.573324e+07 	
2.62762763e+06 	 1.261050e-05 	 1.572707e+07 	
2.62812813e+06 	 1.259120e-05 	 1.572089e+07 	
2.62862863e+06 	 1.257193e-05 	 1.571472e+07 	
2.62912913e+06 	 1.255269e-05 	 1.570856e+07 	
2.62962963e+06 	 1.253346e-05 	 1.570239e+07 	
2.63013013e+06 	 1.251426e-05 	 1.569623e+07 	
2.63063063e+06 	 1.249508e-05 	 1.569007e+07 	
2.63113113e+06 	 1.247592e-05 	 1.568391e+07 	
2.63163163e+06 	 1.245679e-05 	 1.567776e+07 	
2.63213213e+06 	 1.243767e-05 	 1.567161e+07 	
2.63263263e+06 	 1.241858e-05 	 1.566547e+07 	
2.63313313e+06 	 1.239952e-05 	 1.565932e+07 	
2.63363363e+06 	 1.238047e-05 	 1.565318e+07 	
2.63413413e+06 	 1.236145e-05 	 1.564704e+07 	
2.63463463e+06 	 1.234245e-05 	 1.564091e+07 	
2.63513514e+06 	 1.232347e-05 	 1.563478e+07 	
2.63563564e+06 	 1.230451e-05 	 1.562865e+07 	
2.63613614e+06 	 1.228558e-05 	 1.562252e+07 	
2.63663664e+06 	 1.226667e-05 	 1.561640e+07 	
2.63713714e+06 	 1.224778e-05 	 1.561028e+07 	
2.63763764e+06 	 1.222891e-05 	 1.560417e+07 	
2.63813814e+06 	 1.221007e-05 	 1.559805e+07 	
2.63863864e+06 	 1.219124e-05 	 1.559194e+07 	
2.63913914e+06 	 1.217244e-05 	 1.558584e+07 	
2.63963964e+06 	 1.215366e-05 	 1.557973e+07 	
2.64014014e+06 	 1.213491e-05 	 1.557363e+07 	
2.64064064e+06 	 1.211617e-05 	 1.556753e+07 	
2.64114114e+06 	 1.209746e-05 	 1.556144e+07 	
2.64164164e+06 	 1.207877e-05 	 1.555534e+07 	
2.64214214e+06 	 1.206010e-05 	 1.554925e+07 	
2.64264264e+06 	 1.204145e-05 	 1.554317e+07 	
2.64314314e+06 	 1.202221e-05 	 1.553710e+07 	
2.64364364e+06 	 1.200360e-05 	 1.553102e+07 	
2.64414414e+06 	 1.198501e-05 	 1.552495e+07 	
2.64464464e+06 	 1.196643e-05 	 1.551887e+07 	
2.64514515e+06 	 1.194789e-05 	 1.551280e+07 	
2.64564565e+06 	 1.192936e-05 	 1.550673e+07 	
2.64614615e+06 	 1.191085e-05 	 1.550067e+07 	
2.64664665e+06 	 1.189237e-05 	 1.549461e+07 	
2.64714715e+06 	 1.187390e-05 	 1.548855e+07 	
2.64764765e+06 	 1.185546e-05 	 1.548249e+07 	
2.64814815e+06 	 1.183704e-05 	 1.547644e+07 	
2.64864865e+06 	 1.181864e-05 	 1.547039e+07 	
2.64914915e+06 	 1.180026e-05 	 1.546434e+07 	
2.64964965e+06 	 1.178190e-05 	 1.545830e+07 	
2.65015015e+06 	 1.176357e-05 	 1.545226e+07 	
2.65065065e+06 	 1.174525e-05 	 1.544622e+07 	
2.65115115e+06 	 1.172696e-05 	 1.544018e+07 	
2.65165165e+06 	 1.170869e-05 	 1.543415e+07 	
2.65215215e+06 	 1.169044e-05 	 1.542812e+07 	
2.65265265e+06 	 1.167220e-05 	 1.542209e+07 	
2.65315315e+06 	 1.165400e-05 	 1.541607e+07 	
2.65365365e+06 	 1.163581e-05 	 1.541005e+07 	
2.65415415e+06 	 1.161764e-05 	 1.540403e+07 	
2.65465465e+06 	 1.159949e-05 	 1.539802e+07 	
2.65515516e+06 	 1.158137e-05 	 1.539201e+07 	
2.65565566e+06 	 1.156326e-05 	 1.538600e+07 	
2.65615616e+06 	 1.154518e-05 	 1.537999e+07 	
2.65665666e+06 	 1.152711e-05 	 1.537399e+07 	
2.65715716e+06 	 1.150907e-05 	 1.536799e+07 	
2.65765766e+06 	 1.149105e-05 	 1.536199e+07 	
2.65815816e+06 	 1.147305e-05 	 1.535600e+07 	
2.65865866e+06 	 1.145507e-05 	 1.535001e+07 	
2.65915916e+06 	 1.143711e-05 	 1.534402e+07 	
2.65965966e+06 	 1.141917e-05 	 1.533803e+07 	
2.66016016e+06 	 1.140125e-05 	 1.533205e+07 	
2.66066066e+06 	 1.138335e-05 	 1.532607e+07 	
2.66116116e+06 	 1.136547e-05 	 1.532010e+07 	
2.66166166e+06 	 1.134761e-05 	 1.531412e+07 	
2.66216216e+06 	 1.132978e-05 	 1.530815e+07 	
2.66266266e+06 	 1.131139e-05 	 1.530220e+07 	
2.66316316e+06 	 1.129358e-05 	 1.529624e+07 	
2.66366366e+06 	 1.127580e-05 	 1.529028e+07 	
2.66416416e+06 	 1.125803e-05 	 1.528432e+07 	
2.66466466e+06 	 1.124029e-05 	 1.527836e+07 	
2.66516517e+06 	 1.122256e-05 	 1.527241e+07 	
2.66566567e+06 	 1.120486e-05 	 1.526646e+07 	
2.66616617e+06 	 1.118718e-05 	 1.526051e+07 	
2.66666667e+06 	 1.116951e-05 	 1.525457e+07 	
2.66716717e+06 	 1.115187e-05 	 1.524863e+07 	
2.66766767e+06 	 1.113424e-05 	 1.524269e+07 	
2.66816817e+06 	 1.111664e-05 	 1.523676e+07 	
2.66866867e+06 	 1.109905e-05 	 1.523082e+07 	
2.66916917e+06 	 1.108149e-05 	 1.522489e+07 	
2.66966967e+06 	 1.106394e-05 	 1.521897e+07 	
2.67017017e+06 	 1.104642e-05 	 1.521304e+07 	
2.67067067e+06 	 1.102891e-05 	 1.520712e+07 	
2.67117117e+06 	 1.101143e-05 	 1.520121e+07 	
2.67167167e+06 	 1.099396e-05 	 1.519529e+07 	
2.67217217e+06 	 1.097651e-05 	 1.518938e+07 	
2.67267267e+06 	 1.095909e-05 	 1.518347e+07 	
2.67317317e+06 	 1.094168e-05 	 1.517756e+07 	
2.67367367e+06 	 1.092429e-05 	 1.517166e+07 	
2.67417417e+06 	 1.090693e-05 	 1.516576e+07 	
2.67467467e+06 	 1.088958e-05 	 1.515986e+07 	
2.67517518e+06 	 1.087225e-05 	 1.515397e+07 	
2.67567568e+06 	 1.085494e-05 	 1.514808e+07 	
2.67617618e+06 	 1.083765e-05 	 1.514219e+07 	
2.67667668e+06 	 1.082038e-05 	 1.513630e+07 	
2.67717718e+06 	 1.080313e-05 	 1.513042e+07 	
2.67767768e+06 	 1.078590e-05 	 1.512454e+07 	
2.67817818e+06 	 1.076868e-05 	 1.511866e+07 	
2.67867868e+06 	 1.075149e-05 	 1.511278e+07 	
2.67917918e+06 	 1.073432e-05 	 1.510691e+07 	
2.67967968e+06 	 1.071716e-05 	 1.510104e+07 	
2.68018018e+06 	 1.070003e-05 	 1.509518e+07 	
2.68068068e+06 	 1.068291e-05 	 1.508931e+07 	
2.68118118e+06 	 1.066581e-05 	 1.508345e+07 	
2.68168168e+06 	 1.064874e-05 	 1.507760e+07 	
2.68218218e+06 	 1.063114e-05 	 1.507176e+07 	
2.68268268e+06 	 1.061410e-05 	 1.506591e+07 	
2.68318318e+06 	 1.059707e-05 	 1.506006e+07 	
2.68368368e+06 	 1.058006e-05 	 1.505421e+07 	
2.68418418e+06 	 1.056306e-05 	 1.504837e+07 	
2.68468468e+06 	 1.054609e-05 	 1.504253e+07 	
2.68518519e+06 	 1.052914e-05 	 1.503669e+07 	
2.68568569e+06 	 1.051220e-05 	 1.503086e+07 	
2.68618619e+06 	 1.049528e-05 	 1.502503e+07 	
2.68668669e+06 	 1.047839e-05 	 1.501920e+07 	
2.68718719e+06 	 1.046151e-05 	 1.501337e+07 	
2.68768769e+06 	 1.044465e-05 	 1.500755e+07 	
2.68818819e+06 	 1.042780e-05 	 1.500173e+07 	
2.68868869e+06 	 1.041098e-05 	 1.499591e+07 	
2.68918919e+06 	 1.039418e-05 	 1.499010e+07 	
2.68968969e+06 	 1.037739e-05 	 1.498429e+07 	
2.69019019e+06 	 1.036062e-05 	 1.497848e+07 	
2.69069069e+06 	 1.034387e-05 	 1.497267e+07 	
2.69119119e+06 	 1.032714e-05 	 1.496687e+07 	
2.69169169e+06 	 1.031043e-05 	 1.496107e+07 	
2.69219219e+06 	 1.029373e-05 	 1.495527e+07 	
2.69269269e+06 	 1.027706e-05 	 1.494948e+07 	
2.69319319e+06 	 1.026040e-05 	 1.494369e+07 	
2.69369369e+06 	 1.024376e-05 	 1.493790e+07 	
2.69419419e+06 	 1.022714e-05 	 1.493211e+07 	
2.69469469e+06 	 1.021054e-05 	 1.492633e+07 	
2.69519520e+06 	 1.019395e-05 	 1.492055e+07 	
2.69569570e+06 	 1.017738e-05 	 1.491477e+07 	
2.69619620e+06 	 1.016083e-05 	 1.490899e+07 	
2.69669670e+06 	 1.014430e-05 	 1.490322e+07 	
2.69719720e+06 	 1.012779e-05 	 1.489745e+07 	
2.69769770e+06 	 1.011130e-05 	 1.489169e+07 	
2.69819820e+06 	 1.009482e-05 	 1.488592e+07 	
2.69869870e+06 	 1.007836e-05 	 1.488016e+07 	
2.69919920e+06 	 1.006192e-05 	 1.487440e+07 	
2.69969970e+06 	 1.004550e-05 	 1.486865e+07 	
2.70020020e+06 	 1.002909e-05 	 1.486290e+07 	
2.70070070e+06 	 1.001271e-05 	 1.485715e+07 	
2.70120120e+06 	 9.996337e-06 	 1.485140e+07 	
2.70170170e+06 	 9.979986e-06 	 1.484565e+07 	
2.70220220e+06 	 9.963152e-06 	 1.483993e+07 	
2.70270270e+06 	 9.946828e-06 	 1.483419e+07 	
2.70320320e+06 	 9.930522e-06 	 1.482846e+07 	
2.70370370e+06 	 9.914233e-06 	 1.482272e+07 	
2.70420420e+06 	 9.897962e-06 	 1.481700e+07 	
2.70470470e+06 	 9.881708e-06 	 1.481127e+07 	
2.70520521e+06 	 9.865472e-06 	 1.480554e+07 	
2.70570571e+06 	 9.849253e-06 	 1.479982e+07 	
2.70620621e+06 	 9.833052e-06 	 1.479410e+07 	
2.70670671e+06 	 9.816868e-06 	 1.478839e+07 	
2.70720721e+06 	 9.800701e-06 	 1.478267e+07 	
2.70770771e+06 	 9.784552e-06 	 1.477696e+07 	
2.70820821e+06 	 9.768420e-06 	 1.477126e+07 	
2.70870871e+06 	 9.752305e-06 	 1.476555e+07 	
2.70920921e+06 	 9.736207e-06 	 1.475985e+07 	
2.70970971e+06 	 9.720126e-06 	 1.475415e+07 	
2.71021021e+06 	 9.704063e-06 	 1.474845e+07 	
2.71071071e+06 	 9.688017e-06 	 1.474276e+07 	
2.71121121e+06 	 9.671988e-06 	 1.473707e+07 	
2.71171171e+06 	 9.655976e-06 	 1.473138e+07 	
2.71221221e+06 	 9.639980e-06 	 1.472570e+07 	
2.71271271e+06 	 9.624002e-06 	 1.472001e+07 	
2.71321321e+06 	 9.608041e-06 	 1.471433e+07 	
2.71371371e+06 	 9.592097e-06 	 1.470866e+07 	
2.71421421e+06 	 9.576170e-06 	 1.470298e+07 	
2.71471471e+06 	 9.560260e-06 	 1.469731e+07 	
2.71521522e+06 	 9.544366e-06 	 1.469164e+07 	
2.71571572e+06 	 9.528489e-06 	 1.468598e+07 	
2.71621622e+06 	 9.512629e-06 	 1.468031e+07 	
2.71671672e+06 	 9.496786e-06 	 1.467465e+07 	
2.71721722e+06 	 9.480960e-06 	 1.466899e+07 	
2.71771772e+06 	 9.465150e-06 	 1.466334e+07 	
2.71821822e+06 	 9.449357e-06 	 1.465769e+07 	
2.71871872e+06 	 9.433581e-06 	 1.465204e+07 	
2.71921922e+06 	 9.417821e-06 	 1.464639e+07 	
2.71971972e+06 	 9.402077e-06 	 1.464075e+07 	
2.72022022e+06 	 9.386351e-06 	 1.463510e+07 	
2.72072072e+06 	 9.370640e-06 	 1.462947e+07 	
2.72122122e+06 	 9.354947e-06 	 1.462383e+07 	
2.72172172e+06 	 9.339270e-06 	 1.461820e+07 	
2.72222222e+06 	 9.324075e-06 	 1.461255e+07 	
2.72272272e+06 	 9.308438e-06 	 1.460692e+07 	
2.72322322e+06 	 9.292818e-06 	 1.460130e+07 	
2.72372372e+06 	 9.277213e-06 	 1.459567e+07 	
2.72422422e+06 	 9.261626e-06 	 1.459005e+07 	
2.72472472e+06 	 9.246054e-06 	 1.458444e+07 	
2.72522523e+06 	 9.230499e-06 	 1.457882e+07 	
2.72572573e+06 	 9.214960e-06 	 1.457321e+07 	
2.72622623e+06 	 9.199438e-06 	 1.456760e+07 	
2.72672673e+06 	 9.183932e-06 	 1.456199e+07 	
2.72722723e+06 	 9.168442e-06 	 1.455639e+07 	
2.72772773e+06 	 9.152968e-06 	 1.455079e+07 	
2.72822823e+06 	 9.137511e-06 	 1.454519e+07 	
2.72872873e+06 	 9.122070e-06 	 1.453960e+07 	
2.72922923e+06 	 9.106644e-06 	 1.453400e+07 	
2.72972973e+06 	 9.091235e-06 	 1.452841e+07 	
2.73023023e+06 	 9.075842e-06 	 1.452283e+07 	
2.73073073e+06 	 9.060465e-06 	 1.451724e+07 	
2.73123123e+06 	 9.045105e-06 	 1.451166e+07 	
2.73173173e+06 	 9.029760e-06 	 1.450608e+07 	
2.73223223e+06 	 9.014431e-06 	 1.450051e+07 	
2.73273273e+06 	 8.999118e-06 	 1.449493e+07 	
2.73323323e+06 	 8.983821e-06 	 1.448936e+07 	
2.73373373e+06 	 8.968539e-06 	 1.448379e+07 	
2.73423423e+06 	 8.953274e-06 	 1.447823e+07 	
2.73473473e+06 	 8.938025e-06 	 1.447266e+07 	
2.73523524e+06 	 8.922791e-06 	 1.446710e+07 	
2.73573574e+06 	 8.907573e-06 	 1.446155e+07 	
2.73623624e+06 	 8.892371e-06 	 1.445599e+07 	
2.73673674e+06 	 8.877184e-06 	 1.445044e+07 	
2.73723724e+06 	 8.862014e-06 	 1.444489e+07 	
2.73773774e+06 	 8.846858e-06 	 1.443934e+07 	
2.73823824e+06 	 8.831719e-06 	 1.443380e+07 	
2.73873874e+06 	 8.816595e-06 	 1.442826e+07 	
2.73923924e+06 	 8.801487e-06 	 1.442272e+07 	
2.73973974e+06 	 8.786394e-06 	 1.441718e+07 	
2.74024024e+06 	 8.771317e-06 	 1.441165e+07 	
2.74074074e+06 	 8.756255e-06 	 1.440612e+07 	
2.74124124e+06 	 8.741209e-06 	 1.440059e+07 	
2.74174174e+06 	 8.726178e-06 	 1.439507e+07 	
2.74224224e+06 	 8.711163e-06 	 1.438954e+07 	
2.74274274e+06 	 8.695723e-06 	 1.438404e+07 	
2.74324324e+06 	 8.680732e-06 	 1.437853e+07 	
2.74374374e+06 	 8.665755e-06 	 1.437301e+07 	
2.74424424e+06 	 8.650794e-06 	 1.436750e+07 	
2.74474474e+06 	 8.635849e-06 	 1.436199e+07 	
2.74524525e+06 	 8.620918e-06 	 1.435648e+07 	
2.74574575e+06 	 8.606002e-06 	 1.435098e+07 	
2.74624625e+06 	 8.591102e-06 	 1.434548e+07 	
2.74674675e+06 	 8.576216e-06 	 1.433998e+07 	
2.74724725e+06 	 8.561346e-06 	 1.433449e+07 	
2.74774775e+06 	 8.546491e-06 	 1.432899e+07 	
2.74824825e+06 	 8.531650e-06 	 1.432350e+07 	
2.74874875e+06 	 8.516825e-06 	 1.431801e+07 	
2.74924925e+06 	 8.502014e-06 	 1.431253e+07 	
2.74974975e+06 	 8.487218e-06 	 1.430705e+07 	
2.75025025e+06 	 8.472438e-06 	 1.430157e+07 	
2.75075075e+06 	 8.457672e-06 	 1.429609e+07 	
2.75125125e+06 	 8.442920e-06 	 1.429062e+07 	
2.75175175e+06 	 8.428184e-06 	 1.428515e+07 	
2.75225225e+06 	 8.413462e-06 	 1.427968e+07 	
2.75275275e+06 	 8.398755e-06 	 1.427421e+07 	
2.75325325e+06 	 8.384063e-06 	 1.426875e+07 	
2.75375375e+06 	 8.369385e-06 	 1.426329e+07 	
2.75425425e+06 	 8.354722e-06 	 1.425783e+07 	
2.75475475e+06 	 8.340074e-06 	 1.425237e+07 	
2.75525526e+06 	 8.325440e-06 	 1.424692e+07 	
2.75575576e+06 	 8.310821e-06 	 1.424147e+07 	
2.75625626e+06 	 8.296216e-06 	 1.423602e+07 	
2.75675676e+06 	 8.281626e-06 	 1.423057e+07 	
2.75725726e+06 	 8.267050e-06 	 1.422513e+07 	
2.75775776e+06 	 8.252489e-06 	 1.421969e+07 	
2.75825826e+06 	 8.237942e-06 	 1.421426e+07 	
2.75875876e+06 	 8.223409e-06 	 1.420882e+07 	
2.75925926e+06 	 8.208891e-06 	 1.420339e+07 	
2.75975976e+06 	 8.194387e-06 	 1.419796e+07 	
2.76026026e+06 	 8.179897e-06 	 1.419253e+07 	
2.76076076e+06 	 8.165421e-06 	 1.418711e+07 	
2.76126126e+06 	 8.150960e-06 	 1.418169e+07 	
2.76176176e+06 	 8.136513e-06 	 1.417627e+07 	
2.76226226e+06 	 8.122080e-06 	 1.417085e+07 	
2.76276276e+06 	 8.108067e-06 	 1.416542e+07 	
2.76326326e+06 	 8.093668e-06 	 1.416001e+07 	
2.76376376e+06 	 8.079284e-06 	 1.415460e+07 	
2.76426426e+06 	 8.064914e-06 	 1.414920e+07 	
2.76476476e+06 	 8.050558e-06 	 1.414379e+07 	
2.76526527e+06 	 8.036216e-06 	 1.413839e+07 	
2.76576577e+06 	 8.021888e-06 	 1.413299e+07 	
2.76626627e+06 	 8.007574e-06 	 1.412760e+07 	
2.76676677e+06 	 7.993275e-06 	 1.412221e+07 	
2.76726727e+06 	 7.978989e-06 	 1.411682e+07 	
2.76776777e+06 	 7.964717e-06 	 1.411143e+07 	
2.76826827e+06 	 7.950459e-06 	 1.410604e+07 	
2.76876877e+06 	 7.936215e-06 	 1.410066e+07 	
2.76926927e+06 	 7.921985e-06 	 1.409528e+07 	
2.76976977e+06 	 7.907769e-06 	 1.408990e+07 	
2.77027027e+06 	 7.893566e-06 	 1.408453e+07 	
2.77077077e+06 	 7.879377e-06 	 1.407916e+07 	
2.77127127e+06 	 7.865202e-06 	 1.407379e+07 	
2.77177177e+06 	 7.851041e-06 	 1.406842e+07 	
2.77227227e+06 	 7.836894e-06 	 1.406306e+07 	
2.77277277e+06 	 7.822760e-06 	 1.405770e+07 	
2.77327327e+06 	 7.808639e-06 	 1.405234e+07 	
2.77377377e+06 	 7.794533e-06 	 1.404698e+07 	
2.77427427e+06 	 7.780440e-06 	 1.404163e+07 	
2.77477477e+06 	 7.766360e-06 	 1.403628e+07 	
2.77527528e+06 	 7.752295e-06 	 1.403093e+07 	
2.77577578e+06 	 7.738242e-06 	 1.402558e+07 	
2.77627628e+06 	 7.724203e-06 	 1.402024e+07 	
2.77677678e+06 	 7.710178e-06 	 1.401490e+07 	
2.77727728e+06 	 7.696166e-06 	 1.400956e+07 	
2.77777778e+06 	 7.682167e-06 	 1.400422e+07 	
2.77827828e+06 	 7.668182e-06 	 1.399889e+07 	
2.77877878e+06 	 7.654210e-06 	 1.399356e+07 	
2.77927928e+06 	 7.640252e-06 	 1.398823e+07 	
2.77977978e+06 	 7.626306e-06 	 1.398291e+07 	
2.78028028e+06 	 7.612374e-06 	 1.397759e+07 	
2.78078078e+06 	 7.598455e-06 	 1.397227e+07 	
2.78128128e+06 	 7.584550e-06 	 1.396695e+07 	
2.78178178e+06 	 7.570657e-06 	 1.396163e+07 	
2.78228228e+06 	 7.556778e-06 	 1.395632e+07 	
2.78278278e+06 	 7.542912e-06 	 1.395101e+07 	
2.78328328e+06 	 7.529436e-06 	 1.394569e+07 	
2.78378378e+06 	 7.515602e-06 	 1.394038e+07 	
2.78428428e+06 	 7.501781e-06 	 1.393508e+07 	
2.78478478e+06 	 7.487973e-06 	 1.392978e+07 	
2.78528529e+06 	 7.474178e-06 	 1.392448e+07 	
2.78578579e+06 	 7.460396e-06 	 1.391919e+07 	
2.78628629e+06 	 7.446627e-06 	 1.391390e+07 	
2.78678679e+06 	 7.432871e-06 	 1.390861e+07 	
2.78728729e+06 	 7.419128e-06 	 1.390332e+07 	
2.78778779e+06 	 7.405398e-06 	 1.389804e+07 	
2.78828829e+06 	 7.391681e-06 	 1.389276e+07 	
2.78878879e+06 	 7.377977e-06 	 1.388748e+07 	
2.78928929e+06 	 7.364286e-06 	 1.388220e+07 	
2.78978979e+06 	 7.350607e-06 	 1.387693e+07 	
2.79029029e+06 	 7.336942e-06 	 1.387166e+07 	
2.79079079e+06 	 7.323289e-06 	 1.386639e+07 	
2.79129129e+06 	 7.309649e-06 	 1.386112e+07 	
2.79179179e+06 	 7.296021e-06 	 1.385586e+07 	
2.79229229e+06 	 7.282406e-06 	 1.385060e+07 	
2.79279279e+06 	 7.268804e-06 	 1.384534e+07 	
2.79329329e+06 	 7.255215e-06 	 1.384008e+07 	
2.79379379e+06 	 7.241638e-06 	 1.383483e+07 	
2.79429429e+06 	 7.228074e-06 	 1.382958e+07 	
2.79479479e+06 	 7.214523e-06 	 1.382433e+07 	
2.79529530e+06 	 7.200983e-06 	 1.381909e+07 	
2.79579580e+06 	 7.187457e-06 	 1.381384e+07 	
2.79629630e+06 	 7.173943e-06 	 1.380860e+07 	
2.79679680e+06 	 7.160441e-06 	 1.380336e+07 	
2.79729730e+06 	 7.146952e-06 	 1.379813e+07 	
2.79779780e+06 	 7.133475e-06 	 1.379290e+07 	
2.79829830e+06 	 7.120011e-06 	 1.378767e+07 	
2.79879880e+06 	 7.106559e-06 	 1.378244e+07 	
2.79929930e+06 	 7.093119e-06 	 1.377721e+07 	
2.79979980e+06 	 7.079692e-06 	 1.377199e+07 	
2.80030030e+06 	 7.066277e-06 	 1.376677e+07 	
2.80080080e+06 	 7.052874e-06 	 1.376155e+07 	
2.80130130e+06 	 7.039484e-06 	 1.375634e+07 	
2.80180180e+06 	 7.026105e-06 	 1.375112e+07 	
2.80230230e+06 	 7.012739e-06 	 1.374591e+07 	
2.80280280e+06 	 6.999385e-06 	 1.374071e+07 	
2.80330330e+06 	 6.986043e-06 	 1.373550e+07 	
2.80380380e+06 	 6.972713e-06 	 1.373030e+07 	
2.80430430e+06 	 6.959749e-06 	 1.372508e+07 	
2.80480480e+06 	 6.946448e-06 	 1.371989e+07 	
2.80530531e+06 	 6.933160e-06 	 1.371469e+07 	
2.80580581e+06 	 6.919884e-06 	 1.370950e+07 	
2.80630631e+06 	 6.906619e-06 	 1.370431e+07 	
2.80680681e+06 	 6.893367e-06 	 1.369912e+07 	
2.80730731e+06 	 6.880127e-06 	 1.369394e+07 	
2.80780781e+06 	 6.866898e-06 	 1.368876e+07 	
2.80830831e+06 	 6.853682e-06 	 1.368358e+07 	
2.80880881e+06 	 6.840478e-06 	 1.367840e+07 	
2.80930931e+06 	 6.827285e-06 	 1.367322e+07 	
2.80980981e+06 	 6.814104e-06 	 1.366805e+07 	
2.81031031e+06 	 6.800935e-06 	 1.366288e+07 	
2.81081081e+06 	 6.787778e-06 	 1.365772e+07 	
2.81131131e+06 	 6.774633e-06 	 1.365255e+07 	
2.81181181e+06 	 6.761499e-06 	 1.364739e+07 	
2.81231231e+06 	 6.748377e-06 	 1.364223e+07 	
2.81281281e+06 	 6.735267e-06 	 1.363707e+07 	
2.81331331e+06 	 6.722169e-06 	 1.363192e+07 	
2.81381381e+06 	 6.709082e-06 	 1.362677e+07 	
2.81431431e+06 	 6.696007e-06 	 1.362162e+07 	
2.81481481e+06 	 6.682943e-06 	 1.361647e+07 	
2.81531532e+06 	 6.669891e-06 	 1.361133e+07 	
2.81581582e+06 	 6.656851e-06 	 1.360618e+07 	
2.81631632e+06 	 6.643822e-06 	 1.360105e+07 	
2.81681682e+06 	 6.630805e-06 	 1.359591e+07 	
2.81731732e+06 	 6.617799e-06 	 1.359077e+07 	
2.81781782e+06 	 6.604804e-06 	 1.358564e+07 	
2.81831832e+06 	 6.591821e-06 	 1.358051e+07 	
2.81881882e+06 	 6.578850e-06 	 1.357539e+07 	
2.81931932e+06 	 6.565889e-06 	 1.357026e+07 	
2.81981982e+06 	 6.552940e-06 	 1.356514e+07 	
2.82032032e+06 	 6.540003e-06 	 1.356002e+07 	
2.82082082e+06 	 6.527077e-06 	 1.355491e+07 	
2.82132132e+06 	 6.514161e-06 	 1.354979e+07 	
2.82182182e+06 	 6.501258e-06 	 1.354468e+07 	
2.82232232e+06 	 6.488365e-06 	 1.353957e+07 	
2.82282282e+06 	 6.475484e-06 	 1.353447e+07 	
2.82332332e+06 	 6.462614e-06 	 1.352936e+07 	
2.82382382e+06 	 6.449754e-06 	 1.352426e+07 	
2.82432432e+06 	 6.436906e-06 	 1.351916e+07 	
2.82482482e+06 	 6.424394e-06 	 1.351405e+07 	
2.82532533e+06 	 6.411573e-06 	 1.350895e+07 	
2.82582583e+06 	 6.398763e-06 	 1.350386e+07 	
2.82632633e+06 	 6.385964e-06 	 1.349877e+07 	
2.82682683e+06 	 6.373176e-06 	 1.349369e+07 	
2.82732733e+06 	 6.360400e-06 	 1.348860e+07 	
2.82782783e+06 	 6.347634e-06 	 1.348352e+07 	
2.82832833e+06 	 6.334879e-06 	 1.347844e+07 	
2.82882883e+06 	 6.322136e-06 	 1.347337e+07 	
2.82932933e+06 	 6.309403e-06 	 1.346829e+07 	
2.82982983e+06 	 6.296681e-06 	 1.346322e+07 	
2.83033033e+06 	 6.283970e-06 	 1.345815e+07 	
2.83083083e+06 	 6.271270e-06 	 1.345309e+07 	
2.83133133e+06 	 6.258580e-06 	 1.344802e+07 	
2.83183183e+06 	 6.245902e-06 	 1.344296e+07 	
2.83233233e+06 	 6.233234e-06 	 1.343790e+07 	
2.83283283e+06 	 6.220577e-06 	 1.343284e+07 	
2.83333333e+06 	 6.207931e-06 	 1.342779e+07 	
2.83383383e+06 	 6.195296e-06 	 1.342274e+07 	
2.83433433e+06 	 6.182671e-06 	 1.341769e+07 	
2.83483483e+06 	 6.170057e-06 	 1.341264e+07 	
2.83533534e+06 	 6.157453e-06 	 1.340760e+07 	
2.83583584e+06 	 6.144860e-06 	 1.340256e+07 	
2.83633634e+06 	 6.132278e-06 	 1.339752e+07 	
2.83683684e+06 	 6.119706e-06 	 1.339248e+07 	
2.83733734e+06 	 6.107145e-06 	 1.338745e+07 	
2.83783784e+06 	 6.094595e-06 	 1.338242e+07 	
2.83833834e+06 	 6.082054e-06 	 1.337739e+07 	
2.83883884e+06 	 6.069525e-06 	 1.337236e+07 	
2.83933934e+06 	 6.057005e-06 	 1.336734e+07 	
2.83983984e+06 	 6.044497e-06 	 1.336232e+07 	
2.84034034e+06 	 6.031998e-06 	 1.335730e+07 	
2.84084084e+06 	 6.019510e-06 	 1.335228e+07 	
2.84134134e+06 	 6.007032e-06 	 1.334727e+07 	
2.84184184e+06 	 5.994565e-06 	 1.334226e+07 	
2.84234234e+06 	 5.982108e-06 	 1.333725e+07 	
2.84284284e+06 	 5.969661e-06 	 1.333224e+07 	
2.84334334e+06 	 5.957225e-06 	 1.332724e+07 	
2.84384384e+06 	 5.944798e-06 	 1.332224e+07 	
2.84434434e+06 	 5.932382e-06 	 1.331724e+07 	
2.84484484e+06 	 5.919976e-06 	 1.331224e+07 	
2.84534535e+06 	 5.907580e-06 	 1.330725e+07 	
2.84584585e+06 	 5.895494e-06 	 1.330224e+07 	
2.84634635e+06 	 5.883123e-06 	 1.329725e+07 	
2.84684685e+06 	 5.870762e-06 	 1.329226e+07 	
2.84734735e+06 	 5.858411e-06 	 1.328728e+07 	
2.84784785e+06 	 5.846070e-06 	 1.328230e+07 	
2.84834835e+06 	 5.833739e-06 	 1.327732e+07 	
2.84884885e+06 	 5.821419e-06 	 1.327234e+07 	
2.84934935e+06 	 5.809108e-06 	 1.326737e+07 	
2.84984985e+06 	 5.796807e-06 	 1.326240e+07 	
2.85035035e+06 	 5.784516e-06 	 1.325743e+07 	
2.85085085e+06 	 5.772236e-06 	 1.325246e+07 	
2.85135135e+06 	 5.759965e-06 	 1.324750e+07 	
2.85185185e+06 	 5.747704e-06 	 1.324254e+07 	
2.85235235e+06 	 5.735453e-06 	 1.323758e+07 	
2.85285285e+06 	 5.723211e-06 	 1.323262e+07 	
2.85335335e+06 	 5.710980e-06 	 1.322767e+07 	
2.85385385e+06 	 5.698758e-06 	 1.322271e+07 	
2.85435435e+06 	 5.686547e-06 	 1.321776e+07 	
2.85485485e+06 	 5.674344e-06 	 1.321282e+07 	
2.85535536e+06 	 5.662152e-06 	 1.320787e+07 	
2.85585586e+06 	 5.649970e-06 	 1.320293e+07 	
2.85635636e+06 	 5.637797e-06 	 1.319799e+07 	
2.85685686e+06 	 5.625633e-06 	 1.319306e+07 	
2.85735736e+06 	 5.613480e-06 	 1.318812e+07 	
2.85785786e+06 	 5.601336e-06 	 1.318319e+07 	
2.85835836e+06 	 5.589202e-06 	 1.317826e+07 	
2.85885886e+06 	 5.577077e-06 	 1.317333e+07 	
2.85935936e+06 	 5.564962e-06 	 1.316841e+07 	
2.85985986e+06 	 5.552856e-06 	 1.316349e+07 	
2.86036036e+06 	 5.540760e-06 	 1.315857e+07 	
2.86086086e+06 	 5.528673e-06 	 1.315365e+07 	
2.86136136e+06 	 5.516596e-06 	 1.314874e+07 	
2.86186186e+06 	 5.504528e-06 	 1.314383e+07 	
2.86236236e+06 	 5.492469e-06 	 1.313892e+07 	
2.86286286e+06 	 5.480420e-06 	 1.313401e+07 	
2.86336336e+06 	 5.468381e-06 	 1.312911e+07 	
2.86386386e+06 	 5.456350e-06 	 1.312420e+07 	
2.86436436e+06 	 5.444329e-06 	 1.311931e+07 	
2.86486486e+06 	 5.432318e-06 	 1.311441e+07 	
2.86536537e+06 	 5.420315e-06 	 1.310951e+07 	
2.86586587e+06 	 5.408322e-06 	 1.310462e+07 	
2.86636637e+06 	 5.396068e-06 	 1.309975e+07 	
2.86686687e+06 	 5.384089e-06 	 1.309486e+07 	
2.86736737e+06 	 5.372120e-06 	 1.308998e+07 	
2.86786787e+06 	 5.360159e-06 	 1.308510e+07 	
2.86836837e+06 	 5.348208e-06 	 1.308022e+07 	
2.86886887e+06 	 5.336265e-06 	 1.307534e+07 	
2.86936937e+06 	 5.324332e-06 	 1.307047e+07 	
2.86986987e+06 	 5.312408e-06 	 1.306560e+07 	
2.87037037e+06 	 5.300493e-06 	 1.306073e+07 	
2.87087087e+06 	 5.288586e-06 	 1.305586e+07 	
2.87137137e+06 	 5.276689e-06 	 1.305100e+07 	
2.87187187e+06 	 5.264801e-06 	 1.304614e+07 	
2.87237237e+06 	 5.252921e-06 	 1.304128e+07 	
2.87287287e+06 	 5.241050e-06 	 1.303642e+07 	
2.87337337e+06 	 5.229189e-06 	 1.303157e+07 	
2.87387387e+06 	 5.217335e-06 	 1.302672e+07 	
2.87437437e+06 	 5.205491e-06 	 1.302187e+07 	
2.87487487e+06 	 5.193656e-06 	 1.301702e+07 	
2.87537538e+06 	 5.181829e-06 	 1.301218e+07 	
2.87587588e+06 	 5.170011e-06 	 1.300734e+07 	
2.87637638e+06 	 5.158202e-06 	 1.300250e+07 	
2.87687688e+06 	 5.146401e-06 	 1.299766e+07 	
2.87737738e+06 	 5.134609e-06 	 1.299283e+07 	
2.87787788e+06 	 5.122826e-06 	 1.298800e+07 	
2.87837838e+06 	 5.111051e-06 	 1.298317e+07 	
2.87887888e+06 	 5.099285e-06 	 1.297834e+07 	
2.87937938e+06 	 5.087527e-06 	 1.297352e+07 	
2.87987988e+06 	 5.075778e-06 	 1.296870e+07 	
2.88038038e+06 	 5.064038e-06 	 1.296388e+07 	
2.88088088e+06 	 5.052306e-06 	 1.295906e+07 	
2.88138138e+06 	 5.040582e-06 	 1.295425e+07 	
2.88188188e+06 	 5.028867e-06 	 1.294944e+07 	
2.88238238e+06 	 5.017160e-06 	 1.294463e+07 	
2.88288288e+06 	 5.005462e-06 	 1.293982e+07 	
2.88338338e+06 	 4.993772e-06 	 1.293502e+07 	
2.88388388e+06 	 4.982090e-06 	 1.293022e+07 	
2.88438438e+06 	 4.970417e-06 	 1.292542e+07 	
2.88488488e+06 	 4.958752e-06 	 1.292063e+07 	
2.88538539e+06 	 4.947095e-06 	 1.291583e+07 	
2.88588589e+06 	 4.935447e-06 	 1.291104e+07 	
2.88638639e+06 	 4.923807e-06 	 1.290625e+07 	
2.88688689e+06 	 4.912175e-06 	 1.290147e+07 	
2.88738739e+06 	 4.900305e-06 	 1.289670e+07 	
2.88788789e+06 	 4.888686e-06 	 1.289192e+07 	
2.88838839e+06 	 4.877075e-06 	 1.288714e+07 	
2.88888889e+06 	 4.865472e-06 	 1.288237e+07 	
2.88938939e+06 	 4.853877e-06 	 1.287760e+07 	
2.88988989e+06 	 4.842290e-06 	 1.287283e+07 	
2.89039039e+06 	 4.830711e-06 	 1.286806e+07 	
2.89089089e+06 	 4.819140e-06 	 1.286329e+07 	
2.89139139e+06 	 4.807577e-06 	 1.285853e+07 	
2.89189189e+06 	 4.796022e-06 	 1.285377e+07 	
2.89239239e+06 	 4.784475e-06 	 1.284901e+07 	
2.89289289e+06 	 4.772936e-06 	 1.284426e+07 	
2.89339339e+06 	 4.761404e-06 	 1.283951e+07 	
2.89389389e+06 	 4.749881e-06 	 1.283476e+07 	
2.89439439e+06 	 4.738365e-06 	 1.283001e+07 	
2.89489489e+06 	 4.726857e-06 	 1.282526e+07 	
2.89539540e+06 	 4.715357e-06 	 1.282052e+07 	
2.89589590e+06 	 4.703864e-06 	 1.281578e+07 	
2.89639640e+06 	 4.692380e-06 	 1.281105e+07 	
2.89689690e+06 	 4.680902e-06 	 1.280631e+07 	
2.89739740e+06 	 4.669433e-06 	 1.280158e+07 	
2.89789790e+06 	 4.657971e-06 	 1.279685e+07 	
2.89839840e+06 	 4.646517e-06 	 1.279212e+07 	
2.89889890e+06 	 4.635070e-06 	 1.278740e+07 	
2.89939940e+06 	 4.623631e-06 	 1.278268e+07 	
2.89989990e+06 	 4.612200e-06 	 1.277796e+07 	
2.90040040e+06 	 4.600776e-06 	 1.277324e+07 	
2.90090090e+06 	 4.589360e-06 	 1.276853e+07 	
2.90140140e+06 	 4.577951e-06 	 1.276382e+07 	
2.90190190e+06 	 4.566549e-06 	 1.275911e+07 	
2.90240240e+06 	 4.555155e-06 	 1.275440e+07 	
2.90290290e+06 	 4.543769e-06 	 1.274970e+07 	
2.90340340e+06 	 4.532389e-06 	 1.274500e+07 	
2.90390390e+06 	 4.521017e-06 	 1.274030e+07 	
2.90440440e+06 	 4.509653e-06 	 1.273561e+07 	
2.90490490e+06 	 4.498296e-06 	 1.273091e+07 	
2.90540541e+06 	 4.486946e-06 	 1.272622e+07 	
2.90590591e+06 	 4.475603e-06 	 1.272153e+07 	
2.90640641e+06 	 4.464268e-06 	 1.271685e+07 	
2.90690691e+06 	 4.452939e-06 	 1.271217e+07 	
2.90740741e+06 	 4.441618e-06 	 1.270749e+07 	
2.90790791e+06 	 4.430305e-06 	 1.270281e+07 	
2.90840841e+06 	 4.419219e-06 	 1.269812e+07 	
2.90890891e+06 	 4.407923e-06 	 1.269345e+07 	
2.90940941e+06 	 4.396633e-06 	 1.268878e+07 	
2.90990991e+06 	 4.385351e-06 	 1.268411e+07 	
2.91041041e+06 	 4.374076e-06 	 1.267944e+07 	
2.91091091e+06 	 4.362808e-06 	 1.267478e+07 	
2.91141141e+06 	 4.351547e-06 	 1.267012e+07 	
2.91191191e+06 	 4.340294e-06 	 1.266547e+07 	
2.91241241e+06 	 4.329047e-06 	 1.266081e+07 	
2.91291291e+06 	 4.317807e-06 	 1.265616e+07 	
2.91341341e+06 	 4.306574e-06 	 1.265151e+07 	
2.91391391e+06 	 4.295348e-06 	 1.264687e+07 	
2.91441441e+06 	 4.284129e-06 	 1.264222e+07 	
2.91491491e+06 	 4.272917e-06 	 1.263758e+07 	
2.91541542e+06 	 4.261712e-06 	 1.263294e+07 	
2.91591592e+06 	 4.250514e-06 	 1.262831e+07 	
2.91641642e+06 	 4.239323e-06 	 1.262368e+07 	
2.91691692e+06 	 4.228138e-06 	 1.261904e+07 	
2.91741742e+06 	 4.216960e-06 	 1.261442e+07 	
2.91791792e+06 	 4.205789e-06 	 1.260979e+07 	
2.91841842e+06 	 4.194625e-06 	 1.260517e+07 	
2.91891892e+06 	 4.183468e-06 	 1.260055e+07 	
2.91941942e+06 	 4.172317e-06 	 1.259593e+07 	
2.91991992e+06 	 4.161173e-06 	 1.259132e+07 	
2.92042042e+06 	 4.150036e-06 	 1.258671e+07 	
2.92092092e+06 	 4.138905e-06 	 1.258210e+07 	
2.92142142e+06 	 4.127781e-06 	 1.257749e+07 	
2.92192192e+06 	 4.116663e-06 	 1.257289e+07 	
2.92242242e+06 	 4.105552e-06 	 1.256829e+07 	
2.92292292e+06 	 4.094448e-06 	 1.256369e+07 	
2.92342342e+06 	 4.083351e-06 	 1.255909e+07 	
2.92392392e+06 	 4.072259e-06 	 1.255450e+07 	
2.92442442e+06 	 4.061175e-06 	 1.254991e+07 	
2.92492492e+06 	 4.050097e-06 	 1.254532e+07 	
2.92542543e+06 	 4.039025e-06 	 1.254074e+07 	
2.92592593e+06 	 4.027960e-06 	 1.253616e+07 	
2.92642643e+06 	 4.016901e-06 	 1.253158e+07 	
2.92692693e+06 	 4.005848e-06 	 1.252700e+07 	
2.92742743e+06 	 3.994802e-06 	 1.252243e+07 	
2.92792793e+06 	 3.983763e-06 	 1.251786e+07 	
2.92842843e+06 	 3.972730e-06 	 1.251329e+07 	
2.92892893e+06 	 3.961703e-06 	 1.250872e+07 	
2.92942943e+06 	 3.950682e-06 	 1.250416e+07 	
2.92992993e+06 	 3.939867e-06 	 1.249958e+07 	
2.93043043e+06 	 3.928862e-06 	 1.249502e+07 	
2.93093093e+06 	 3.917863e-06 	 1.249047e+07 	
2.93143143e+06 	 3.906870e-06 	 1.248592e+07 	
2.93193193e+06 	 3.895884e-06 	 1.248137e+07 	
2.93243243e+06 	 3.884903e-06 	 1.247682e+07 	
2.93293293e+06 	 3.873929e-06 	 1.247228e+07 	
2.93343343e+06 	 3.862962e-06 	 1.246773e+07 	
2.93393393e+06 	 3.852000e-06 	 1.246320e+07 	
2.93443443e+06 	 3.841045e-06 	 1.245866e+07 	
2.93493493e+06 	 3.830095e-06 	 1.245413e+07 	
2.93543544e+06 	 3.819152e-06 	 1.244960e+07 	
2.93593594e+06 	 3.808215e-06 	 1.244507e+07 	
2.93643644e+06 	 3.797284e-06 	 1.244054e+07 	
2.93693694e+06 	 3.786359e-06 	 1.243602e+07 	
2.93743744e+06 	 3.775441e-06 	 1.243150e+07 	
2.93793794e+06 	 3.764528e-06 	 1.242699e+07 	
2.93843844e+06 	 3.753621e-06 	 1.242247e+07 	
2.93893894e+06 	 3.742721e-06 	 1.241796e+07 	
2.93943944e+06 	 3.731826e-06 	 1.241345e+07 	
2.93993994e+06 	 3.720937e-06 	 1.240895e+07 	
2.94044044e+06 	 3.710054e-06 	 1.240445e+07 	
2.94094094e+06 	 3.699178e-06 	 1.239995e+07 	
2.94144144e+06 	 3.688307e-06 	 1.239545e+07 	
2.94194194e+06 	 3.677442e-06 	 1.239096e+07 	
2.94244244e+06 	 3.666583e-06 	 1.238647e+07 	
2.94294294e+06 	 3.655730e-06 	 1.238198e+07 	
2.94344344e+06 	 3.644882e-06 	 1.237749e+07 	
2.94394394e+06 	 3.634041e-06 	 1.237301e+07 	
2.94444444e+06 	 3.623205e-06 	 1.236853e+07 	
2.94494494e+06 	 3.612376e-06 	 1.236405e+07 	
2.94544545e+06 	 3.601552e-06 	 1.235958e+07 	
2.94594595e+06 	 3.590734e-06 	 1.235511e+07 	
2.94644645e+06 	 3.579921e-06 	 1.235064e+07 	
2.94694695e+06 	 3.569115e-06 	 1.234618e+07 	
2.94744745e+06 	 3.558314e-06 	 1.234171e+07 	
2.94794795e+06 	 3.547519e-06 	 1.233725e+07 	
2.94844845e+06 	 3.536729e-06 	 1.233280e+07 	
2.94894895e+06 	 3.525946e-06 	 1.232834e+07 	
2.94944945e+06 	 3.515168e-06 	 1.232389e+07 	
2.94994995e+06 	 3.504396e-06 	 1.231944e+07 	
2.95045045e+06 	 3.493629e-06 	 1.231500e+07 	
2.95095095e+06 	 3.482693e-06 	 1.231057e+07 	
2.95145145e+06 	 3.471935e-06 	 1.230614e+07 	
2.95195195e+06 	 3.461183e-06 	 1.230170e+07 	
2.95245245e+06 	 3.450437e-06 	 1.229727e+07 	
2.95295295e+06 	 3.439696e-06 	 1.229284e+07 	
2.95345345e+06 	 3.428961e-06 	 1.228841e+07 	
2.95395395e+06 	 3.418232e-06 	 1.228399e+07 	
2.95445445e+06 	 3.407508e-06 	 1.227956e+07 	
2.95495495e+06 	 3.396789e-06 	 1.227515e+07 	
2.95545546e+06 	 3.386076e-06 	 1.227073e+07 	
2.95595596e+06 	 3.375369e-06 	 1.226632e+07 	
2.95645646e+06 	 3.364667e-06 	 1.226191e+07 	
2.95695696e+06 	 3.353970e-06 	 1.225750e+07 	
2.95745746e+06 	 3.343279e-06 	 1.225310e+07 	
2.95795796e+06 	 3.332594e-06 	 1.224870e+07 	
2.95845846e+06 	 3.321914e-06 	 1.224430e+07 	
2.95895896e+06 	 3.311239e-06 	 1.223991e+07 	
2.95945946e+06 	 3.300570e-06 	 1.223552e+07 	
2.95995996e+06 	 3.289907e-06 	 1.223113e+07 	
2.96046046e+06 	 3.279249e-06 	 1.222674e+07 	
2.96096096e+06 	 3.268596e-06 	 1.222236e+07 	
2.96146146e+06 	 3.257949e-06 	 1.221798e+07 	
2.96196196e+06 	 3.247307e-06 	 1.221361e+07 	
2.96246246e+06 	 3.236670e-06 	 1.220923e+07 	
2.96296296e+06 	 3.226039e-06 	 1.220487e+07 	
2.96346346e+06 	 3.215414e-06 	 1.220050e+07 	
2.96396396e+06 	 3.204793e-06 	 1.219613e+07 	
2.96446446e+06 	 3.194178e-06 	 1.219177e+07 	
2.96496496e+06 	 3.183569e-06 	 1.218742e+07 	
2.96546547e+06 	 3.172965e-06 	 1.218306e+07 	
2.96596597e+06 	 3.162366e-06 	 1.217871e+07 	
2.96646647e+06 	 3.151773e-06 	 1.217436e+07 	
2.96696697e+06 	 3.141185e-06 	 1.217002e+07 	
2.96746747e+06 	 3.130602e-06 	 1.216568e+07 	
2.96796797e+06 	 3.120025e-06 	 1.216134e+07 	
2.96846847e+06 	 3.109453e-06 	 1.215700e+07 	
2.96896897e+06 	 3.098887e-06 	 1.215267e+07 	
2.96946947e+06 	 3.088325e-06 	 1.214834e+07 	
2.96996997e+06 	 3.077770e-06 	 1.214402e+07 	
2.97047047e+06 	 3.067219e-06 	 1.213969e+07 	
2.97097097e+06 	 3.056674e-06 	 1.213538e+07 	
2.97147147e+06 	 3.046134e-06 	 1.213106e+07 	
2.97197197e+06 	 3.035600e-06 	 1.212675e+07 	
2.97247247e+06 	 3.024917e-06 	 1.212245e+07 	
2.97297297e+06 	 3.014391e-06 	 1.211815e+07 	
2.97347347e+06 	 3.003871e-06 	 1.211384e+07 	
2.97397397e+06 	 2.993356e-06 	 1.210954e+07 	
2.97447447e+06 	 2.982846e-06 	 1.210525e+07 	
2.97497497e+06 	 2.972342e-06 	 1.210095e+07 	
2.97547548e+06 	 2.961843e-06 	 1.209667e+07 	
2.97597598e+06 	 2.951349e-06 	 1.209238e+07 	
2.97647648e+06 	 2.940861e-06 	 1.208810e+07 	
2.97697698e+06 	 2.930378e-06 	 1.208382e+07 	
2.97747748e+06 	 2.919900e-06 	 1.207954e+07 	
2.97797798e+06 	 2.909428e-06 	 1.207527e+07 	
2.97847848e+06 	 2.898961e-06 	 1.207100e+07 	
2.97897898e+06 	 2.888499e-06 	 1.206673e+07 	
2.97947948e+06 	 2.878043e-06 	 1.206247e+07 	
2.97997998e+06 	 2.867592e-06 	 1.205821e+07 	
2.98048048e+06 	 2.857147e-06 	 1.205395e+07 	
2.98098098e+06 	 2.846706e-06 	 1.204970e+07 	
2.98148148e+06 	 2.836272e-06 	 1.204545e+07 	
2.98198198e+06 	 2.825843e-06 	 1.204120e+07 	
2.98248248e+06 	 2.815419e-06 	 1.203696e+07 	
2.98298298e+06 	 2.805000e-06 	 1.203272e+07 	
2.98348348e+06 	 2.794587e-06 	 1.202848e+07 	
2.98398398e+06 	 2.784180e-06 	 1.202425e+07 	
2.98448448e+06 	 2.773778e-06 	 1.202002e+07 	
2.98498498e+06 	 2.763381e-06 	 1.201580e+07 	
2.98548549e+06 	 2.752990e-06 	 1.201157e+07 	
2.98598599e+06 	 2.742604e-06 	 1.200735e+07 	
2.98648649e+06 	 2.732224e-06 	 1.200314e+07 	
2.98698699e+06 	 2.721850e-06 	 1.199893e+07 	
2.98748749e+06 	 2.711481e-06 	 1.199472e+07 	
2.98798799e+06 	 2.701117e-06 	 1.199052e+07 	
2.98848849e+06 	 2.690759e-06 	 1.198632e+07 	
2.98898899e+06 	 2.680407e-06 	 1.198212e+07 	
2.98948949e+06 	 2.670060e-06 	 1.197792e+07 	
2.98998999e+06 	 2.659719e-06 	 1.197373e+07 	
2.99049049e+06 	 2.649384e-06 	 1.196955e+07 	
2.99099099e+06 	 2.639054e-06 	 1.196536e+07 	
2.99149149e+06 	 2.628730e-06 	 1.196118e+07 	
2.99199199e+06 	 2.618411e-06 	 1.195701e+07 	
2.99249249e+06 	 2.608099e-06 	 1.195284e+07 	
2.99299299e+06 	 2.597792e-06 	 1.194867e+07 	
2.99349349e+06 	 2.587360e-06 	 1.194452e+07 	
2.99399399e+06 	 2.577063e-06 	 1.194036e+07 	
2.99449449e+06 	 2.566772e-06 	 1.193620e+07 	
2.99499499e+06 	 2.556486e-06 	 1.193205e+07 	
2.99549550e+06 	 2.546207e-06 	 1.192790e+07 	
2.99599600e+06 	 2.535933e-06 	 1.192375e+07 	
2.99649650e+06 	 2.525665e-06 	 1.191961e+07 	
2.99699700e+06 	 2.515404e-06 	 1.191547e+07 	
2.99749750e+06 	 2.505148e-06 	 1.191134e+07 	
2.99799800e+06 	 2.494898e-06 	 1.190721e+07 	
2.99849850e+06 	 2.484654e-06 	 1.190308e+07 	
2.99899900e+06 	 2.474416e-06 	 1.189896e+07 	
2.99949950e+06 	 2.464184e-06 	 1.189484e+07 	
3.00000000e+06 	 2.453958e-06 	 1.189072e+07 	
3.01749569e+06 	 2.100534e-06 	 1.174941e+07 	
3.03509342e+06 	 1.754925e-06 	 1.161274e+07 	
3.05279377e+06 	 1.421173e-06 	 1.148169e+07 	
3.07059735e+06 	 1.105496e-06 	 1.135751e+07 	
3.08850476e+06 	 8.166955e-07 	 1.124157e+07 	
3.10651661e+06 	 5.648358e-07 	 1.113544e+07 	
3.12463349e+06 	 3.596245e-07 	 1.104049e+07 	
3.14285604e+06 	 2.068098e-07 	 1.095772e+07 	
3.16118485e+06 	 1.053149e-07 	 1.088730e+07 	
3.17962056e+06 	 4.658315e-08 	 1.082851e+07 	
3.19816378e+06 	 1.760273e-08 	 1.077971e+07 	
3.21681514e+06 	 5.613588e-09 	 1.073816e+07 	
3.61655405e+06 	 1.000000e-20 	 1.008202e+07 	
4.06596667e+06 	 1.000000e-20 	 9.474703e+06 	
4.57122575e+06 	 1.000000e-20 	 8.907848e+06 	
5.13927106e+06 	 1.000000e-20 	 8.378076e+06 	
5.77790477e+06 	 1.000000e-20 	 7.882404e+06 	
6.49589856e+06 	 1.000000e-20 	 7.418186e+06 	
7.30311416e+06 	 1.000000e-20 	 6.983060e+06 	
8.21063875e+06 	 1.000000e-20 	 6.574903e+06 	
9.23093727e+06 	 1.000000e-20 	 6.191797e+06 	
1.03780236e+07 	 1.000000e-20 	 5.832003e+06 	
1.16676531e+07 	 1.000000e-20 	 5.493937e+06 	
1.31175390e+07 	 1.000000e-20 	 5.176148e+06 	
1.47475956e+07 	 1.000000e-20 	 4.877308e+06 	
1.65802118e+07 	 1.000000e-20 	 4.596192e+06 	
1.86405589e+07 	 1.000000e-20 	 4.331671e+06 	
2.09569359e+07 	 1.000000e-20 	 4.082702e+06 	
2.35611584e+07 	 1.000000e-20 	 3.848315e+06 	
2.64889958e+07 	 1.000000e-20 	 3.627612e+06 	
2.97806621e+07 	 1.000000e-20 	 3.419757e+06 	
3.34813688e+07 	 1.000000e-20 	 3.223970e+06 	
3.76419453e+07 	 1.000000e-20 	 3.039525e+06 	
4.23195377e+07 	 1.000000e-20 	 2.865744e+06 	
4.75783930e+07 	 1.000000e-20 	 2.701991e+06 	
5.34907423e+07 	 1.000000e-20 	 2.547674e+06 	
6.01377922e+07 	 1.000000e-20 	 2.402235e+06 	
6.76108405e+07 	 1.000000e-20 	 2.265153e+06 	
7.60125303e+07 	 1.000000e-20 	 2.135939e+06 	
8.54582598e+07 	 1.000000e-20 	 2.014134e+06 	
9.60777668e+07 	 1.000000e-20 	 1.899308e+06 	
1.08016911e+08 	 1.000000e-20 	 1.791054e+06 	
1.21439679e+08 	 1.000000e-20 	 1.688993e+06 	
1.36530432e+08 	 1.000000e-20 	 1.592767e+06 	
1.53496444e+08 	 1.000000e-20 	 1.502039e+06 	
1.72570745e+08 	 1.000000e-20 	 1.416492e+06 	
1.94015322e+08 	 1.000000e-20 	 1.335829e+06 	
2.18124719e+08 	 1.000000e-20 	 1.259768e+06 	
2.45230080e+08 	 1.000000e-20 	 1.188046e+06 	
2.75703700e+08 	 1.000000e-20 	 1.120414e+06 	
3.09964138e+08 	 1.000000e-20 	 1.056637e+06 	
3.48481963e+08 	 1.000000e-20 	 9.964956e+05 	
3.91786223e+08 	 1.000000e-20 	 9.397809e+05 	
4.40471704e+08 	 1.000000e-20 	 8.862974e+05 	
4.95207108e+08 	 1.000000e-20 	 8.358603e+05 	
5.56744230e+08 	 1.000000e-20 	 7.882957e+05 	
6.25928289e+08 	 1.000000e-20 	 7.434398e+05 	
7.03709534e+08 	 1.000000e-20 	 7.011378e+05 	
7.91156299e+08 	 1.000000e-20 	 6.612442e+05 	
8.89469673e+08 	 1.000000e-20 	 6.236216e+05 	
1.00000000e+09 	 1.000000e-20 	 5.881405e+05 	
