r (cm)        	 rho (g/cm3) 	 T (K)       		 Linf = 3.476306e+38
1.20005851e+06 	 1.206320e+05 	 1.267464e+09 	
1.20006420e+06 	 1.197420e+05 	 1.265099e+09 	
1.20016291e+06 	 1.051663e+05 	 1.224369e+09 	
1.20026161e+06 	 9.210278e+04 	 1.184138e+09 	
1.20036032e+06 	 8.042601e+04 	 1.144421e+09 	
1.20045903e+06 	 7.001784e+04 	 1.105235e+09 	
1.20055773e+06 	 6.076722e+04 	 1.066597e+09 	
1.20065509e+06 	 5.267569e+04 	 1.029042e+09 	
1.20075244e+06 	 4.551535e+04 	 9.920534e+08 	
1.20084979e+06 	 3.919882e+04 	 9.556496e+08 	
1.20093025e+06 	 3.455706e+04 	 9.260161e+08 	
1.20101072e+06 	 3.039297e+04 	 8.968047e+08 	
1.20109118e+06 	 2.666615e+04 	 8.680259e+08 	
1.20117164e+06 	 2.333871e+04 	 8.396906e+08 	
1.20125210e+06 	 2.037521e+04 	 8.118097e+08 	
1.20133228e+06 	 1.775120e+04 	 7.844892e+08 	
1.20141246e+06 	 1.542519e+04 	 7.576419e+08 	
1.20149264e+06 	 1.336881e+04 	 7.312789e+08 	
1.20155877e+06 	 1.185705e+04 	 7.099092e+08 	
1.20162489e+06 	 1.049699e+04 	 6.888826e+08 	
1.20169102e+06 	 9.275759e+03 	 6.682054e+08 	
1.20175715e+06 	 8.181337e+03 	 6.478838e+08 	
1.20182327e+06 	 7.202504e+03 	 6.279239e+08 	
1.20188940e+06 	 6.328820e+03 	 6.083317e+08 	
1.20195608e+06 	 5.544446e+03 	 5.889538e+08 	
1.20202276e+06 	 4.847917e+03 	 5.699617e+08 	
1.20208944e+06 	 4.230717e+03 	 5.513613e+08 	
1.20214485e+06 	 3.772511e+03 	 5.362060e+08 	
1.20220026e+06 	 3.359480e+03 	 5.213283e+08 	
1.20225568e+06 	 2.987732e+03 	 5.067310e+08 	
1.20231109e+06 	 2.653653e+03 	 4.924170e+08 	
1.20236650e+06 	 2.353884e+03 	 4.783890e+08 	
1.20242191e+06 	 2.085315e+03 	 4.646495e+08 	
1.20247733e+06 	 1.845066e+03 	 4.512010e+08 	
1.20253482e+06 	 1.622898e+03 	 4.375578e+08 	
1.20259231e+06 	 1.425627e+03 	 4.242323e+08 	
1.20263985e+06 	 1.279501e+03 	 4.134534e+08 	
1.20268740e+06 	 1.147382e+03 	 4.028940e+08 	
1.20273495e+06 	 1.028061e+03 	 3.925551e+08 	
1.20278249e+06 	 9.204151e+02 	 3.824373e+08 	
1.20283004e+06 	 8.234072e+02 	 3.725411e+08 	
1.20287758e+06 	 7.360797e+02 	 3.628671e+08 	
1.20292513e+06 	 6.575491e+02 	 3.534153e+08 	
1.20297268e+06 	 5.870024e+02 	 3.441858e+08 	
1.20302022e+06 	 5.236921e+02 	 3.351787e+08 	
1.20306777e+06 	 4.669320e+02 	 3.263934e+08 	
1.20311001e+06 	 4.214882e+02 	 3.187738e+08 	
1.20315226e+06 	 3.803127e+02 	 3.113286e+08 	
1.20319450e+06 	 3.430314e+02 	 3.040572e+08 	
1.20323674e+06 	 3.092996e+02 	 2.969589e+08 	
1.20327899e+06 	 2.787997e+02 	 2.900330e+08 	
1.20332123e+06 	 2.512400e+02 	 2.832786e+08 	
1.20336347e+06 	 2.263523e+02 	 2.766945e+08 	
1.20340572e+06 	 2.038908e+02 	 2.702797e+08 	
1.20344796e+06 	 1.836303e+02 	 2.640327e+08 	
1.20349021e+06 	 1.653647e+02 	 2.579524e+08 	
1.20353245e+06 	 1.489057e+02 	 2.520370e+08 	
1.20357469e+06 	 1.340814e+02 	 2.462850e+08 	
1.20361694e+06 	 1.207351e+02 	 2.406946e+08 	
1.20365918e+06 	 1.087240e+02 	 2.352639e+08 	
1.20370142e+06 	 9.791827e+01 	 2.299910e+08 	
1.20374367e+06 	 8.819991e+01 	 2.248737e+08 	
1.20378591e+06 	 7.946181e+01 	 2.199100e+08 	
1.20382815e+06 	 7.160684e+01 	 2.150974e+08 	
1.20387040e+06 	 6.454701e+01 	 2.104336e+08 	
1.20391448e+06 	 5.794228e+01 	 2.057233e+08 	
1.20395855e+06 	 5.203501e+01 	 2.011693e+08 	
1.20400263e+06 	 4.675181e+01 	 1.967688e+08 	
1.20404671e+06 	 4.202676e+01 	 1.925185e+08 	
1.20409079e+06 	 3.780065e+01 	 1.884153e+08 	
1.20413487e+06 	 3.402042e+01 	 1.844561e+08 	
1.20417894e+06 	 3.063850e+01 	 1.806374e+08 	
1.20422302e+06 	 2.761231e+01 	 1.769559e+08 	
1.20426710e+06 	 2.490373e+01 	 1.734082e+08 	
1.20431118e+06 	 2.247869e+01 	 1.699908e+08 	
1.20435526e+06 	 2.030675e+01 	 1.667003e+08 	
1.20439933e+06 	 1.836070e+01 	 1.635332e+08 	
1.20444341e+06 	 1.661628e+01 	 1.604859e+08 	
1.20448749e+06 	 1.505181e+01 	 1.575549e+08 	
1.20453157e+06 	 1.364799e+01 	 1.547367e+08 	
1.20457565e+06 	 1.238757e+01 	 1.520278e+08 	
1.20461973e+06 	 1.125522e+01 	 1.494247e+08 	
1.20466380e+06 	 1.023723e+01 	 1.469239e+08 	
1.20470788e+06 	 9.321429e+00 	 1.445219e+08 	
1.20476487e+06 	 8.271342e+00 	 1.415576e+08 	
1.20482186e+06 	 7.353419e+00 	 1.387457e+08 	
1.20487884e+06 	 6.549932e+00 	 1.360791e+08 	
1.20493583e+06 	 5.845612e+00 	 1.335509e+08 	
1.20499282e+06 	 5.227304e+00 	 1.311543e+08 	
1.20504980e+06 	 4.683673e+00 	 1.288828e+08 	
1.20510679e+06 	 4.204944e+00 	 1.267301e+08 	
1.20516378e+06 	 3.782686e+00 	 1.246900e+08 	
1.20522076e+06 	 3.409624e+00 	 1.227567e+08 	
1.20527775e+06 	 3.079470e+00 	 1.209245e+08 	
1.20533474e+06 	 2.786792e+00 	 1.191879e+08 	
1.20539172e+06 	 2.526889e+00 	 1.175417e+08 	
1.20544871e+06 	 2.295688e+00 	 1.159810e+08 	
1.20550570e+06 	 2.089661e+00 	 1.145010e+08 	
1.20556269e+06 	 1.905745e+00 	 1.130972e+08 	
1.20561967e+06 	 1.741279e+00 	 1.117653e+08 	
1.20569482e+06 	 1.550265e+00 	 1.101120e+08 	
1.20576997e+06 	 1.384548e+00 	 1.085680e+08 	
1.20584511e+06 	 1.240345e+00 	 1.071250e+08 	
1.20592026e+06 	 1.114489e+00 	 1.057755e+08 	
1.20599541e+06 	 1.004321e+00 	 1.045125e+08 	
1.20607055e+06 	 9.076061e-01 	 1.033296e+08 	
1.20614570e+06 	 8.224584e-01 	 1.022207e+08 	
1.20622085e+06 	 7.472845e-01 	 1.011803e+08 	
1.20631543e+06 	 6.647803e-01 	 9.996033e+07 	
1.20641001e+06 	 5.937064e-01 	 9.883166e+07 	
1.20650459e+06 	 5.322262e-01 	 9.778590e+07 	
1.20659918e+06 	 4.788319e-01 	 9.681553e+07 	
1.20669376e+06 	 4.322800e-01 	 9.591378e+07 	
1.20678834e+06 	 3.915417e-01 	 9.507455e+07 	
1.20690798e+06 	 3.470215e-01 	 9.409409e+07 	
1.20702761e+06 	 3.090322e-01 	 9.319505e+07 	
1.20714725e+06 	 2.764433e-01 	 9.236875e+07 	
1.20726689e+06 	 2.483450e-01 	 9.160758e+07 	
1.20738652e+06 	 2.240013e-01 	 9.090484e+07 	
1.20750616e+06 	 2.028131e-01 	 9.025464e+07 	
1.20767526e+06 	 1.773126e-01 	 8.941520e+07 	
1.20784437e+06 	 1.560518e-01 	 8.865775e+07 	
1.20801348e+06 	 1.381882e-01 	 8.797158e+07 	
1.20818258e+06 	 1.230700e-01 	 8.734766e+07 	
1.20838404e+06 	 1.079438e-01 	 8.667503e+07 	
1.20858550e+06 	 9.533273e-02 	 8.606898e+07 	
1.20878696e+06 	 8.473128e-02 	 8.552045e+07 	
1.20898842e+06 	 7.575067e-02 	 8.502183e+07 	
1.20927791e+06 	 6.509284e-02 	 8.438020e+07 	
1.20956739e+06 	 5.649643e-02 	 8.381319e+07 	
1.20985687e+06 	 4.947797e-02 	 8.330855e+07 	
1.21024547e+06 	 4.193315e-02 	 8.271228e+07 	
1.21063406e+06 	 3.599786e-02 	 8.219234e+07 	
1.21102266e+06 	 3.125472e-02 	 8.173457e+07 	
1.21158177e+06 	 2.595210e-02 	 8.116351e+07 	
1.21214088e+06 	 2.193506e-02 	 8.067441e+07 	
1.21270000e+06 	 1.882491e-02 	 8.024964e+07 	
1.21334250e+06 	 1.605007e-02 	 7.982428e+07 	
1.21398501e+06 	 1.389116e-02 	 7.945228e+07 	
1.21462752e+06 	 1.217989e-02 	 7.912291e+07 	
1.21561997e+06 	 1.016052e-02 	 7.867990e+07 	
1.21661242e+06 	 8.667117e-03 	 7.829851e+07 	
1.21777111e+06 	 7.368733e-03 	 7.791187e+07 	
1.21892980e+06 	 6.396752e-03 	 7.757329e+07 	
1.22008849e+06 	 5.650118e-03 	 7.727162e+07 	
1.22189571e+06 	 4.789393e-03 	 7.685669e+07 	
1.22301229e+06 	 4.386671e-03 	 7.662647e+07 	
1.22526884e+06 	 3.772386e-03 	 7.620656e+07 	
1.22713798e+06 	 3.402815e-03 	 7.589374e+07 	
1.23010485e+06 	 2.980302e-03 	 7.544388e+07 	
1.23248879e+06 	 2.736921e-03 	 7.511292e+07 	
1.23656772e+06 	 2.442853e-03 	 7.459072e+07 	
1.23864912e+06 	 2.332618e-03 	 7.434016e+07 	
1.24373696e+06 	 2.133783e-03 	 7.375962e+07 	
1.24744305e+06 	 2.030745e-03 	 7.335786e+07 	
1.25427554e+06 	 1.894407e-03 	 7.264905e+07 	
1.25900499e+06 	 1.825019e-03 	 7.217602e+07 	
1.26849453e+06 	 1.719161e-03 	 7.125740e+07 	
1.27440262e+06 	 1.666362e-03 	 7.070139e+07 	
1.28799569e+06 	 1.564197e-03 	 6.945829e+07 	
1.29722673e+06 	 1.503599e-03 	 6.863879e+07 	
1.30047271e+06 	 1.483391e-03 	 6.835494e+07 	
1.30079730e+06 	 1.481397e-03 	 6.832668e+07 	
1.30082976e+06 	 1.481198e-03 	 6.832385e+07 	
1.30083301e+06 	 1.481178e-03 	 6.832357e+07 	
1.30083333e+06 	 1.481176e-03 	 6.832354e+07 	
1.31833333e+06 	 1.379727e-03 	 6.683077e+07 	
1.33000000e+06 	 1.317540e-03 	 6.586783e+07 	
1.34750000e+06 	 1.230890e-03 	 6.446885e+07 	
1.35916667e+06 	 1.177139e-03 	 6.356516e+07 	
1.37666667e+06 	 1.101857e-03 	 6.225089e+07 	
1.38833333e+06 	 1.054988e-03 	 6.140110e+07 	
1.40000000e+06 	 1.010609e-03 	 6.057158e+07 	
1.41750000e+06 	 9.482227e-04 	 5.936367e+07 	
1.43500000e+06 	 8.905803e-04 	 5.819755e+07 	
1.44666667e+06 	 8.545915e-04 	 5.744232e+07 	
1.46416667e+06 	 8.038822e-04 	 5.634123e+07 	
1.47583333e+06 	 7.721064e-04 	 5.562752e+07 	
1.49333333e+06 	 7.273803e-04 	 5.458630e+07 	
1.51083333e+06 	 6.858016e-04 	 5.357871e+07 	
1.52250000e+06 	 6.596966e-04 	 5.292488e+07 	
1.54000000e+06 	 6.228296e-04 	 5.196994e+07 	
1.55750000e+06 	 5.884580e-04 	 5.104465e+07 	
1.56916667e+06 	 5.668677e-04 	 5.044364e+07 	
1.58666667e+06 	 5.362572e-04 	 4.956489e+07 	
1.60416667e+06 	 5.076617e-04 	 4.871244e+07 	
1.61583333e+06 	 4.896417e-04 	 4.815818e+07 	
1.63333333e+06 	 4.640521e-04 	 4.734704e+07 	
1.65083333e+06 	 4.401021e-04 	 4.655932e+07 	
1.66833333e+06 	 4.176701e-04 	 4.579405e+07 	
1.68000000e+06 	 4.034839e-04 	 4.529586e+07 	
1.69750000e+06 	 3.833173e-04 	 4.456595e+07 	
1.71500000e+06 	 3.643589e-04 	 4.385609e+07 	
1.73250000e+06 	 3.465566e-04 	 4.316555e+07 	
1.75000000e+06 	 3.297995e-04 	 4.249351e+07 	
1.76750000e+06 	 3.140374e-04 	 4.183930e+07 	
1.78500000e+06 	 2.991820e-04 	 4.120220e+07 	
1.80250000e+06 	 2.851827e-04 	 4.058159e+07 	
1.82000000e+06 	 2.719828e-04 	 3.997685e+07 	
1.83750000e+06 	 2.595191e-04 	 3.938738e+07 	
1.85500000e+06 	 2.477521e-04 	 3.881265e+07 	
1.87250000e+06 	 2.366306e-04 	 3.825210e+07 	
1.89000000e+06 	 2.261113e-04 	 3.770524e+07 	
1.90750000e+06 	 2.161595e-04 	 3.717158e+07 	
1.92500000e+06 	 2.067381e-04 	 3.665066e+07 	
1.94250000e+06 	 1.978134e-04 	 3.614205e+07 	
1.96000000e+06 	 1.893551e-04 	 3.564533e+07 	
1.97750000e+06 	 1.813354e-04 	 3.516010e+07 	
1.99500000e+06 	 1.737253e-04 	 3.468596e+07 	
2.01250000e+06 	 1.665005e-04 	 3.422256e+07 	
2.03000000e+06 	 1.596369e-04 	 3.376953e+07 	
2.04750000e+06 	 1.531162e-04 	 3.332656e+07 	
2.06500000e+06 	 1.469161e-04 	 3.289332e+07 	
2.08250000e+06 	 1.410186e-04 	 3.246949e+07 	
2.10000000e+06 	 1.354047e-04 	 3.205478e+07 	
2.11750000e+06 	 1.300604e-04 	 3.164891e+07 	
2.13500000e+06 	 1.249707e-04 	 3.125162e+07 	
2.15250000e+06 	 1.201194e-04 	 3.086262e+07 	
2.17000000e+06 	 1.154946e-04 	 3.048168e+07 	
2.18750000e+06 	 1.110839e-04 	 3.010856e+07 	
2.20500000e+06 	 1.068750e-04 	 2.974302e+07 	
2.22250000e+06 	 1.028573e-04 	 2.938484e+07 	
2.24000000e+06 	 9.902006e-05 	 2.903381e+07 	
2.25750000e+06 	 9.535475e-05 	 2.868972e+07 	
2.27500000e+06 	 9.185108e-05 	 2.835237e+07 	
2.29250000e+06 	 8.850154e-05 	 2.802158e+07 	
2.31000000e+06 	 8.529815e-05 	 2.769715e+07 	
2.32750000e+06 	 8.223273e-05 	 2.737892e+07 	
2.34500000e+06 	 7.929901e-05 	 2.706671e+07 	
2.36250000e+06 	 7.648958e-05 	 2.676035e+07 	
2.38000000e+06 	 7.379881e-05 	 2.645970e+07 	
2.39750000e+06 	 7.122071e-05 	 2.616459e+07 	
2.41500000e+06 	 6.874944e-05 	 2.587487e+07 	
2.43250000e+06 	 6.638012e-05 	 2.559042e+07 	
2.45000000e+06 	 6.410742e-05 	 2.531108e+07 	
2.46750000e+06 	 6.192713e-05 	 2.503672e+07 	
2.48500000e+06 	 5.983435e-05 	 2.476723e+07 	
2.50250000e+06 	 5.782531e-05 	 2.450246e+07 	
2.52000000e+06 	 5.589600e-05 	 2.424231e+07 	
2.53750000e+06 	 5.404266e-05 	 2.398666e+07 	
2.55500000e+06 	 5.226175e-05 	 2.373539e+07 	
2.57250000e+06 	 5.054983e-05 	 2.348840e+07 	
2.59000000e+06 	 4.890375e-05 	 2.324558e+07 	
2.60750000e+06 	 4.732062e-05 	 2.300683e+07 	
2.62500000e+06 	 4.579768e-05 	 2.277205e+07 	
2.64250000e+06 	 4.433194e-05 	 2.254115e+07 	
2.66000000e+06 	 4.292119e-05 	 2.231403e+07 	
2.67750000e+06 	 4.156294e-05 	 2.209061e+07 	
2.69500000e+06 	 4.025472e-05 	 2.187079e+07 	
2.71250000e+06 	 3.899446e-05 	 2.165450e+07 	
2.73000000e+06 	 3.778019e-05 	 2.144166e+07 	
2.74750000e+06 	 3.660967e-05 	 2.123217e+07 	
2.76500000e+06 	 3.548125e-05 	 2.102597e+07 	
2.78250000e+06 	 3.439313e-05 	 2.082299e+07 	
2.80000000e+06 	 3.334348e-05 	 2.062315e+07 	
2.81750000e+06 	 3.233077e-05 	 2.042637e+07 	
2.83500000e+06 	 3.135355e-05 	 2.023261e+07 	
2.85250000e+06 	 3.041015e-05 	 2.004177e+07 	
2.87000000e+06 	 2.949935e-05 	 1.985381e+07 	
2.88750000e+06 	 2.861981e-05 	 1.966866e+07 	
2.90500000e+06 	 2.777015e-05 	 1.948626e+07 	
2.92250000e+06 	 2.694931e-05 	 1.930656e+07 	
2.94000000e+06 	 2.615605e-05 	 1.912948e+07 	
2.95750000e+06 	 2.538924e-05 	 1.895499e+07 	
2.97500000e+06 	 2.464783e-05 	 1.878302e+07 	
2.99250000e+06 	 2.393089e-05 	 1.861352e+07 	
3.01000000e+06 	 2.323748e-05 	 1.844644e+07 	
3.02750000e+06 	 2.256656e-05 	 1.828173e+07 	
3.04500000e+06 	 2.191739e-05 	 1.811934e+07 	
3.06250000e+06 	 2.128912e-05 	 1.795923e+07 	
3.08000000e+06 	 2.068087e-05 	 1.780135e+07 	
3.09750000e+06 	 2.009195e-05 	 1.764566e+07 	
3.11500000e+06 	 1.952162e-05 	 1.749210e+07 	
3.13250000e+06 	 1.896915e-05 	 1.734065e+07 	
3.15000000e+06 	 1.843390e-05 	 1.719125e+07 	
3.16750000e+06 	 1.791520e-05 	 1.704387e+07 	
3.18500000e+06 	 1.741249e-05 	 1.689848e+07 	
3.20250000e+06 	 1.692514e-05 	 1.675502e+07 	
3.22000000e+06 	 1.645259e-05 	 1.661346e+07 	
3.23750000e+06 	 1.599428e-05 	 1.647377e+07 	
3.25500000e+06 	 1.554974e-05 	 1.633592e+07 	
3.27250000e+06 	 1.511847e-05 	 1.619986e+07 	
3.29000000e+06 	 1.469997e-05 	 1.606556e+07 	
3.30750000e+06 	 1.429381e-05 	 1.593300e+07 	
3.32500000e+06 	 1.389952e-05 	 1.580213e+07 	
3.34250000e+06 	 1.351671e-05 	 1.567294e+07 	
3.36000000e+06 	 1.314497e-05 	 1.554538e+07 	
3.37750000e+06 	 1.278390e-05 	 1.541942e+07 	
3.39500000e+06 	 1.243315e-05 	 1.529505e+07 	
3.41250000e+06 	 1.209232e-05 	 1.517223e+07 	
3.43000000e+06 	 1.176112e-05 	 1.505093e+07 	
3.44750000e+06 	 1.143920e-05 	 1.493113e+07 	
3.46500000e+06 	 1.112622e-05 	 1.481279e+07 	
3.50000000e+06 	 1.052596e-05 	 1.458044e+07 	
3.50050050e+06 	 1.051762e-05 	 1.457715e+07 	
3.50100100e+06 	 1.050928e-05 	 1.457387e+07 	
3.50150150e+06 	 1.050095e-05 	 1.457059e+07 	
3.50200200e+06 	 1.049262e-05 	 1.456731e+07 	
3.50250250e+06 	 1.048431e-05 	 1.456404e+07 	
3.50300300e+06 	 1.047599e-05 	 1.456076e+07 	
3.50350350e+06 	 1.046769e-05 	 1.455749e+07 	
3.50400400e+06 	 1.045939e-05 	 1.455421e+07 	
3.50450450e+06 	 1.045110e-05 	 1.455094e+07 	
3.50500501e+06 	 1.044282e-05 	 1.454767e+07 	
3.50550551e+06 	 1.043454e-05 	 1.454440e+07 	
3.50600601e+06 	 1.042627e-05 	 1.454113e+07 	
3.50650651e+06 	 1.041800e-05 	 1.453786e+07 	
3.50700701e+06 	 1.040974e-05 	 1.453459e+07 	
3.50750751e+06 	 1.040149e-05 	 1.453133e+07 	
3.50800801e+06 	 1.039324e-05 	 1.452806e+07 	
3.50850851e+06 	 1.038500e-05 	 1.452480e+07 	
3.50900901e+06 	 1.037677e-05 	 1.452154e+07 	
3.50950951e+06 	 1.036855e-05 	 1.451828e+07 	
3.51001001e+06 	 1.036033e-05 	 1.451501e+07 	
3.51051051e+06 	 1.035211e-05 	 1.451176e+07 	
3.51101101e+06 	 1.034391e-05 	 1.450850e+07 	
3.51151151e+06 	 1.033571e-05 	 1.450524e+07 	
3.51201201e+06 	 1.032751e-05 	 1.450199e+07 	
3.51251251e+06 	 1.031932e-05 	 1.449873e+07 	
3.51301301e+06 	 1.031114e-05 	 1.449548e+07 	
3.51351351e+06 	 1.030297e-05 	 1.449222e+07 	
3.51401401e+06 	 1.029480e-05 	 1.448897e+07 	
3.51451451e+06 	 1.028664e-05 	 1.448572e+07 	
3.51501502e+06 	 1.027848e-05 	 1.448247e+07 	
3.51551552e+06 	 1.027033e-05 	 1.447923e+07 	
3.51601602e+06 	 1.026219e-05 	 1.447598e+07 	
3.51651652e+06 	 1.025406e-05 	 1.447273e+07 	
3.51701702e+06 	 1.024593e-05 	 1.446949e+07 	
3.51751752e+06 	 1.023780e-05 	 1.446625e+07 	
3.51801802e+06 	 1.022969e-05 	 1.446300e+07 	
3.51851852e+06 	 1.022158e-05 	 1.445976e+07 	
3.51901902e+06 	 1.021347e-05 	 1.445652e+07 	
3.51951952e+06 	 1.020537e-05 	 1.445328e+07 	
3.52002002e+06 	 1.019728e-05 	 1.445005e+07 	
3.52052052e+06 	 1.018920e-05 	 1.444681e+07 	
3.52102102e+06 	 1.018112e-05 	 1.444357e+07 	
3.52152152e+06 	 1.017305e-05 	 1.444034e+07 	
3.52202202e+06 	 1.016498e-05 	 1.443711e+07 	
3.52252252e+06 	 1.015692e-05 	 1.443387e+07 	
3.52302302e+06 	 1.014887e-05 	 1.443064e+07 	
3.52352352e+06 	 1.014082e-05 	 1.442741e+07 	
3.52402402e+06 	 1.013278e-05 	 1.442418e+07 	
3.52452452e+06 	 1.012475e-05 	 1.442096e+07 	
3.52502503e+06 	 1.011672e-05 	 1.441773e+07 	
3.52552553e+06 	 1.010870e-05 	 1.441450e+07 	
3.52602603e+06 	 1.010068e-05 	 1.441128e+07 	
3.52652653e+06 	 1.009267e-05 	 1.440806e+07 	
3.52702703e+06 	 1.008467e-05 	 1.440483e+07 	
3.52752753e+06 	 1.007667e-05 	 1.440161e+07 	
3.52802803e+06 	 1.006868e-05 	 1.439839e+07 	
3.52852853e+06 	 1.006070e-05 	 1.439517e+07 	
3.52902903e+06 	 1.005272e-05 	 1.439196e+07 	
3.52952953e+06 	 1.004475e-05 	 1.438874e+07 	
3.53003003e+06 	 1.003678e-05 	 1.438552e+07 	
3.53053053e+06 	 1.002882e-05 	 1.438231e+07 	
3.53103103e+06 	 1.002087e-05 	 1.437910e+07 	
3.53153153e+06 	 1.001292e-05 	 1.437589e+07 	
3.53203203e+06 	 1.000498e-05 	 1.437267e+07 	
3.53253253e+06 	 9.997047e-06 	 1.436946e+07 	
3.53303303e+06 	 9.989119e-06 	 1.436626e+07 	
3.53353353e+06 	 9.981197e-06 	 1.436305e+07 	
3.53403403e+06 	 9.973281e-06 	 1.435984e+07 	
3.53453453e+06 	 9.965372e-06 	 1.435664e+07 	
3.53503504e+06 	 9.957468e-06 	 1.435343e+07 	
3.53553554e+06 	 9.949571e-06 	 1.435023e+07 	
3.53603604e+06 	 9.941680e-06 	 1.434702e+07 	
3.53653654e+06 	 9.933795e-06 	 1.434382e+07 	
3.53703704e+06 	 9.925916e-06 	 1.434062e+07 	
3.53753754e+06 	 9.918043e-06 	 1.433742e+07 	
3.53803804e+06 	 9.910177e-06 	 1.433423e+07 	
3.53853854e+06 	 9.902317e-06 	 1.433103e+07 	
3.53903904e+06 	 9.894462e-06 	 1.432783e+07 	
3.53953954e+06 	 9.886614e-06 	 1.432464e+07 	
3.54004004e+06 	 9.878772e-06 	 1.432145e+07 	
3.54054054e+06 	 9.870937e-06 	 1.431825e+07 	
3.54104104e+06 	 9.863107e-06 	 1.431506e+07 	
3.54154154e+06 	 9.855283e-06 	 1.431187e+07 	
3.54204204e+06 	 9.847466e-06 	 1.430868e+07 	
3.54254254e+06 	 9.839654e-06 	 1.430550e+07 	
3.54304304e+06 	 9.831849e-06 	 1.430231e+07 	
3.54354354e+06 	 9.824049e-06 	 1.429912e+07 	
3.54404404e+06 	 9.816256e-06 	 1.429594e+07 	
3.54454454e+06 	 9.808469e-06 	 1.429275e+07 	
3.54504505e+06 	 9.800688e-06 	 1.428957e+07 	
3.54554555e+06 	 9.792913e-06 	 1.428639e+07 	
3.54604605e+06 	 9.785144e-06 	 1.428321e+07 	
3.54654655e+06 	 9.777381e-06 	 1.428003e+07 	
3.54704705e+06 	 9.769624e-06 	 1.427685e+07 	
3.54754755e+06 	 9.761873e-06 	 1.427368e+07 	
3.54804805e+06 	 9.754129e-06 	 1.427050e+07 	
3.54854855e+06 	 9.746390e-06 	 1.426733e+07 	
3.54904905e+06 	 9.738658e-06 	 1.426415e+07 	
3.54954955e+06 	 9.730931e-06 	 1.426098e+07 	
3.55005005e+06 	 9.723210e-06 	 1.425781e+07 	
3.55055055e+06 	 9.715496e-06 	 1.425464e+07 	
3.55105105e+06 	 9.707787e-06 	 1.425147e+07 	
3.55155155e+06 	 9.700084e-06 	 1.424830e+07 	
3.55205205e+06 	 9.692388e-06 	 1.424513e+07 	
3.55255255e+06 	 9.684697e-06 	 1.424197e+07 	
3.55305305e+06 	 9.677012e-06 	 1.423880e+07 	
3.55355355e+06 	 9.669333e-06 	 1.423564e+07 	
3.55405405e+06 	 9.661660e-06 	 1.423247e+07 	
3.55455455e+06 	 9.653993e-06 	 1.422931e+07 	
3.55505506e+06 	 9.646332e-06 	 1.422615e+07 	
3.55555556e+06 	 9.638676e-06 	 1.422299e+07 	
3.55605606e+06 	 9.631027e-06 	 1.421983e+07 	
3.55655656e+06 	 9.623384e-06 	 1.421667e+07 	
3.55705706e+06 	 9.615746e-06 	 1.421352e+07 	
3.55755756e+06 	 9.608115e-06 	 1.421036e+07 	
3.55805806e+06 	 9.600489e-06 	 1.420721e+07 	
3.55855856e+06 	 9.592869e-06 	 1.420406e+07 	
3.55905906e+06 	 9.585255e-06 	 1.420090e+07 	
3.55955956e+06 	 9.577647e-06 	 1.419775e+07 	
3.56006006e+06 	 9.570045e-06 	 1.419460e+07 	
3.56056056e+06 	 9.562448e-06 	 1.419145e+07 	
3.56106106e+06 	 9.554858e-06 	 1.418831e+07 	
3.56156156e+06 	 9.547273e-06 	 1.418516e+07 	
3.56206206e+06 	 9.539695e-06 	 1.418201e+07 	
3.56256256e+06 	 9.532122e-06 	 1.417887e+07 	
3.56306306e+06 	 9.524555e-06 	 1.417572e+07 	
3.56356356e+06 	 9.516993e-06 	 1.417258e+07 	
3.56406406e+06 	 9.509438e-06 	 1.416944e+07 	
3.56456456e+06 	 9.501888e-06 	 1.416630e+07 	
3.56506507e+06 	 9.494345e-06 	 1.416316e+07 	
3.56556557e+06 	 9.486807e-06 	 1.416002e+07 	
3.56606607e+06 	 9.479274e-06 	 1.415689e+07 	
3.56656657e+06 	 9.471748e-06 	 1.415375e+07 	
3.56706707e+06 	 9.464228e-06 	 1.415061e+07 	
3.56756757e+06 	 9.456713e-06 	 1.414748e+07 	
3.56806807e+06 	 9.449204e-06 	 1.414435e+07 	
3.56856857e+06 	 9.441701e-06 	 1.414122e+07 	
3.56906907e+06 	 9.434203e-06 	 1.413808e+07 	
3.56956957e+06 	 9.426712e-06 	 1.413496e+07 	
3.57007007e+06 	 9.419226e-06 	 1.413183e+07 	
3.57057057e+06 	 9.411746e-06 	 1.412870e+07 	
3.57107107e+06 	 9.404271e-06 	 1.412557e+07 	
3.57157157e+06 	 9.396803e-06 	 1.412245e+07 	
3.57207207e+06 	 9.389340e-06 	 1.411932e+07 	
3.57257257e+06 	 9.381883e-06 	 1.411620e+07 	
3.57307307e+06 	 9.374431e-06 	 1.411308e+07 	
3.57357357e+06 	 9.366986e-06 	 1.410996e+07 	
3.57407407e+06 	 9.359546e-06 	 1.410684e+07 	
3.57457457e+06 	 9.352112e-06 	 1.410372e+07 	
3.57507508e+06 	 9.344683e-06 	 1.410060e+07 	
3.57557558e+06 	 9.337260e-06 	 1.409748e+07 	
3.57607608e+06 	 9.329843e-06 	 1.409437e+07 	
3.57657658e+06 	 9.322432e-06 	 1.409125e+07 	
3.57707708e+06 	 9.315026e-06 	 1.408814e+07 	
3.57757758e+06 	 9.307626e-06 	 1.408502e+07 	
3.57807808e+06 	 9.300232e-06 	 1.408191e+07 	
3.57857858e+06 	 9.292843e-06 	 1.407880e+07 	
3.57907908e+06 	 9.285460e-06 	 1.407569e+07 	
3.57957958e+06 	 9.278083e-06 	 1.407258e+07 	
3.58008008e+06 	 9.270711e-06 	 1.406948e+07 	
3.58058058e+06 	 9.263345e-06 	 1.406637e+07 	
3.58108108e+06 	 9.255985e-06 	 1.406327e+07 	
3.58158158e+06 	 9.248630e-06 	 1.406016e+07 	
3.58208208e+06 	 9.241281e-06 	 1.405706e+07 	
3.58258258e+06 	 9.233938e-06 	 1.405396e+07 	
3.58308308e+06 	 9.226600e-06 	 1.405085e+07 	
3.58358358e+06 	 9.219268e-06 	 1.404775e+07 	
3.58408408e+06 	 9.211942e-06 	 1.404466e+07 	
3.58458458e+06 	 9.204621e-06 	 1.404156e+07 	
3.58508509e+06 	 9.197305e-06 	 1.403846e+07 	
3.58558559e+06 	 9.189996e-06 	 1.403536e+07 	
3.58608609e+06 	 9.182692e-06 	 1.403227e+07 	
3.58658659e+06 	 9.175393e-06 	 1.402918e+07 	
3.58708709e+06 	 9.168100e-06 	 1.402608e+07 	
3.58758759e+06 	 9.160813e-06 	 1.402299e+07 	
3.58808809e+06 	 9.153531e-06 	 1.401990e+07 	
3.58858859e+06 	 9.146255e-06 	 1.401681e+07 	
3.58908909e+06 	 9.138985e-06 	 1.401372e+07 	
3.58958959e+06 	 9.131720e-06 	 1.401064e+07 	
3.59009009e+06 	 9.124460e-06 	 1.400755e+07 	
3.59059059e+06 	 9.117206e-06 	 1.400446e+07 	
3.59109109e+06 	 9.109958e-06 	 1.400138e+07 	
3.59159159e+06 	 9.102715e-06 	 1.399830e+07 	
3.59209209e+06 	 9.095478e-06 	 1.399521e+07 	
3.59259259e+06 	 9.088246e-06 	 1.399213e+07 	
3.59309309e+06 	 9.081020e-06 	 1.398905e+07 	
3.59359359e+06 	 9.073799e-06 	 1.398597e+07 	
3.59409409e+06 	 9.066584e-06 	 1.398290e+07 	
3.59459459e+06 	 9.059374e-06 	 1.397982e+07 	
3.59509510e+06 	 9.052170e-06 	 1.397674e+07 	
3.59559560e+06 	 9.044972e-06 	 1.397367e+07 	
3.59609610e+06 	 9.037778e-06 	 1.397059e+07 	
3.59659660e+06 	 9.030591e-06 	 1.396752e+07 	
3.59709710e+06 	 9.023409e-06 	 1.396445e+07 	
3.59759760e+06 	 9.016232e-06 	 1.396138e+07 	
3.59809810e+06 	 9.009061e-06 	 1.395831e+07 	
3.59859860e+06 	 9.001895e-06 	 1.395524e+07 	
3.59909910e+06 	 8.994735e-06 	 1.395217e+07 	
3.59959960e+06 	 8.987580e-06 	 1.394911e+07 	
3.60010010e+06 	 8.980430e-06 	 1.394604e+07 	
3.60060060e+06 	 8.973286e-06 	 1.394298e+07 	
3.60110110e+06 	 8.966148e-06 	 1.393991e+07 	
3.60160160e+06 	 8.959015e-06 	 1.393685e+07 	
3.60210210e+06 	 8.951887e-06 	 1.393379e+07 	
3.60260260e+06 	 8.944765e-06 	 1.393073e+07 	
3.60310310e+06 	 8.937648e-06 	 1.392767e+07 	
3.60360360e+06 	 8.930537e-06 	 1.392461e+07 	
3.60410410e+06 	 8.923431e-06 	 1.392155e+07 	
3.60460460e+06 	 8.916331e-06 	 1.391850e+07 	
3.60510511e+06 	 8.909236e-06 	 1.391544e+07 	
3.60560561e+06 	 8.902146e-06 	 1.391239e+07 	
3.60610611e+06 	 8.895062e-06 	 1.390933e+07 	
3.60660661e+06 	 8.887983e-06 	 1.390628e+07 	
3.60710711e+06 	 8.880909e-06 	 1.390323e+07 	
3.60760761e+06 	 8.873841e-06 	 1.390018e+07 	
3.60810811e+06 	 8.866778e-06 	 1.389713e+07 	
3.60860861e+06 	 8.859721e-06 	 1.389408e+07 	
3.60910911e+06 	 8.852669e-06 	 1.389103e+07 	
3.60960961e+06 	 8.845622e-06 	 1.388799e+07 	
3.61011011e+06 	 8.838580e-06 	 1.388494e+07 	
3.61061061e+06 	 8.831544e-06 	 1.388190e+07 	
3.61111111e+06 	 8.824514e-06 	 1.387886e+07 	
3.61161161e+06 	 8.817488e-06 	 1.387582e+07 	
3.61211211e+06 	 8.810468e-06 	 1.387277e+07 	
3.61261261e+06 	 8.803454e-06 	 1.386973e+07 	
3.61311311e+06 	 8.796444e-06 	 1.386670e+07 	
3.61361361e+06 	 8.789440e-06 	 1.386366e+07 	
3.61411411e+06 	 8.782441e-06 	 1.386062e+07 	
3.61461461e+06 	 8.775448e-06 	 1.385758e+07 	
3.61511512e+06 	 8.768460e-06 	 1.385455e+07 	
3.61561562e+06 	 8.761477e-06 	 1.385152e+07 	
3.61611612e+06 	 8.754499e-06 	 1.384848e+07 	
3.61661662e+06 	 8.747527e-06 	 1.384545e+07 	
3.61711712e+06 	 8.740560e-06 	 1.384242e+07 	
3.61761762e+06 	 8.733598e-06 	 1.383939e+07 	
3.61811812e+06 	 8.726642e-06 	 1.383636e+07 	
3.61861862e+06 	 8.719691e-06 	 1.383334e+07 	
3.61911912e+06 	 8.712745e-06 	 1.383031e+07 	
3.61961962e+06 	 8.705804e-06 	 1.382728e+07 	
3.62012012e+06 	 8.698869e-06 	 1.382426e+07 	
3.62062062e+06 	 8.691938e-06 	 1.382123e+07 	
3.62112112e+06 	 8.685013e-06 	 1.381821e+07 	
3.62162162e+06 	 8.678094e-06 	 1.381519e+07 	
3.62212212e+06 	 8.671179e-06 	 1.381217e+07 	
3.62262262e+06 	 8.664270e-06 	 1.380915e+07 	
3.62312312e+06 	 8.657366e-06 	 1.380613e+07 	
3.62362362e+06 	 8.650467e-06 	 1.380311e+07 	
3.62412412e+06 	 8.643573e-06 	 1.380010e+07 	
3.62462462e+06 	 8.636685e-06 	 1.379708e+07 	
3.62512513e+06 	 8.629801e-06 	 1.379407e+07 	
3.62562563e+06 	 8.622923e-06 	 1.379105e+07 	
3.62612613e+06 	 8.616050e-06 	 1.378804e+07 	
3.62662663e+06 	 8.609183e-06 	 1.378503e+07 	
3.62712713e+06 	 8.602320e-06 	 1.378202e+07 	
3.62762763e+06 	 8.595463e-06 	 1.377901e+07 	
3.62812813e+06 	 8.588610e-06 	 1.377600e+07 	
3.62862863e+06 	 8.581763e-06 	 1.377300e+07 	
3.62912913e+06 	 8.574921e-06 	 1.376999e+07 	
3.62962963e+06 	 8.568085e-06 	 1.376698e+07 	
3.63013013e+06 	 8.561253e-06 	 1.376398e+07 	
3.63063063e+06 	 8.554427e-06 	 1.376098e+07 	
3.63113113e+06 	 8.547605e-06 	 1.375797e+07 	
3.63163163e+06 	 8.540789e-06 	 1.375497e+07 	
3.63213213e+06 	 8.533978e-06 	 1.375197e+07 	
3.63263263e+06 	 8.527172e-06 	 1.374897e+07 	
3.63313313e+06 	 8.520371e-06 	 1.374597e+07 	
3.63363363e+06 	 8.513575e-06 	 1.374298e+07 	
3.63413413e+06 	 8.506785e-06 	 1.373998e+07 	
3.63463463e+06 	 8.499999e-06 	 1.373698e+07 	
3.63513514e+06 	 8.493218e-06 	 1.373399e+07 	
3.63563564e+06 	 8.486443e-06 	 1.373100e+07 	
3.63613614e+06 	 8.479673e-06 	 1.372800e+07 	
3.63663664e+06 	 8.472907e-06 	 1.372501e+07 	
3.63713714e+06 	 8.466147e-06 	 1.372202e+07 	
3.63763764e+06 	 8.459392e-06 	 1.371903e+07 	
3.63813814e+06 	 8.452642e-06 	 1.371605e+07 	
3.63863864e+06 	 8.445897e-06 	 1.371306e+07 	
3.63913914e+06 	 8.439157e-06 	 1.371007e+07 	
3.63963964e+06 	 8.432422e-06 	 1.370709e+07 	
3.64014014e+06 	 8.425692e-06 	 1.370410e+07 	
3.64064064e+06 	 8.418968e-06 	 1.370112e+07 	
3.64114114e+06 	 8.412248e-06 	 1.369814e+07 	
3.64164164e+06 	 8.405533e-06 	 1.369515e+07 	
3.64214214e+06 	 8.398823e-06 	 1.369217e+07 	
3.64264264e+06 	 8.392118e-06 	 1.368919e+07 	
3.64314314e+06 	 8.385419e-06 	 1.368622e+07 	
3.64364364e+06 	 8.378724e-06 	 1.368324e+07 	
3.64414414e+06 	 8.372034e-06 	 1.368026e+07 	
3.64464464e+06 	 8.365349e-06 	 1.367729e+07 	
3.64514515e+06 	 8.358670e-06 	 1.367431e+07 	
3.64564565e+06 	 8.351995e-06 	 1.367134e+07 	
3.64614615e+06 	 8.345325e-06 	 1.366837e+07 	
3.64664665e+06 	 8.338660e-06 	 1.366540e+07 	
3.64714715e+06 	 8.332000e-06 	 1.366243e+07 	
3.64764765e+06 	 8.325346e-06 	 1.365946e+07 	
3.64814815e+06 	 8.318696e-06 	 1.365649e+07 	
3.64864865e+06 	 8.312051e-06 	 1.365352e+07 	
3.64914915e+06 	 8.305411e-06 	 1.365055e+07 	
3.64964965e+06 	 8.298776e-06 	 1.364759e+07 	
3.65015015e+06 	 8.292146e-06 	 1.364462e+07 	
3.65065065e+06 	 8.285521e-06 	 1.364166e+07 	
3.65115115e+06 	 8.278901e-06 	 1.363870e+07 	
3.65165165e+06 	 8.272286e-06 	 1.363574e+07 	
3.65215215e+06 	 8.265676e-06 	 1.363278e+07 	
3.65265265e+06 	 8.259070e-06 	 1.362982e+07 	
3.65315315e+06 	 8.252470e-06 	 1.362686e+07 	
3.65365365e+06 	 8.245874e-06 	 1.362390e+07 	
3.65415415e+06 	 8.239284e-06 	 1.362094e+07 	
3.65465465e+06 	 8.232698e-06 	 1.361799e+07 	
3.65515516e+06 	 8.226117e-06 	 1.361503e+07 	
3.65565566e+06 	 8.219541e-06 	 1.361208e+07 	
3.65615616e+06 	 8.212970e-06 	 1.360913e+07 	
3.65665666e+06 	 8.206404e-06 	 1.360617e+07 	
3.65715716e+06 	 8.199843e-06 	 1.360322e+07 	
3.65765766e+06 	 8.193286e-06 	 1.360027e+07 	
3.65815816e+06 	 8.186735e-06 	 1.359732e+07 	
3.65865866e+06 	 8.180188e-06 	 1.359438e+07 	
3.65915916e+06 	 8.173646e-06 	 1.359143e+07 	
3.65965966e+06 	 8.167109e-06 	 1.358848e+07 	
3.66016016e+06 	 8.160577e-06 	 1.358554e+07 	
3.66066066e+06 	 8.154049e-06 	 1.358260e+07 	
3.66116116e+06 	 8.147527e-06 	 1.357965e+07 	
3.66166166e+06 	 8.141009e-06 	 1.357671e+07 	
3.66216216e+06 	 8.134496e-06 	 1.357377e+07 	
3.66266266e+06 	 8.127988e-06 	 1.357083e+07 	
3.66316316e+06 	 8.121485e-06 	 1.356789e+07 	
3.66366366e+06 	 8.114987e-06 	 1.356495e+07 	
3.66416416e+06 	 8.108493e-06 	 1.356202e+07 	
3.66466466e+06 	 8.102004e-06 	 1.355908e+07 	
3.66516517e+06 	 8.095520e-06 	 1.355614e+07 	
3.66566567e+06 	 8.089041e-06 	 1.355321e+07 	
3.66616617e+06 	 8.082567e-06 	 1.355028e+07 	
3.66666667e+06 	 8.076097e-06 	 1.354734e+07 	
3.66716717e+06 	 8.069633e-06 	 1.354441e+07 	
3.66766767e+06 	 8.063173e-06 	 1.354148e+07 	
3.66816817e+06 	 8.056718e-06 	 1.353855e+07 	
3.66866867e+06 	 8.050267e-06 	 1.353563e+07 	
3.66916917e+06 	 8.043821e-06 	 1.353270e+07 	
3.66966967e+06 	 8.037381e-06 	 1.352977e+07 	
3.67017017e+06 	 8.030944e-06 	 1.352685e+07 	
3.67067067e+06 	 8.024513e-06 	 1.352392e+07 	
3.67117117e+06 	 8.018086e-06 	 1.352100e+07 	
3.67167167e+06 	 8.011665e-06 	 1.351808e+07 	
3.67217217e+06 	 8.005247e-06 	 1.351515e+07 	
3.67267267e+06 	 7.998835e-06 	 1.351223e+07 	
3.67317317e+06 	 7.992427e-06 	 1.350931e+07 	
3.67367367e+06 	 7.986025e-06 	 1.350640e+07 	
3.67417417e+06 	 7.979626e-06 	 1.350348e+07 	
3.67467467e+06 	 7.973233e-06 	 1.350056e+07 	
3.67517518e+06 	 7.966844e-06 	 1.349765e+07 	
3.67567568e+06 	 7.960460e-06 	 1.349473e+07 	
3.67617618e+06 	 7.954081e-06 	 1.349182e+07 	
3.67667668e+06 	 7.947706e-06 	 1.348890e+07 	
3.67717718e+06 	 7.941336e-06 	 1.348599e+07 	
3.67767768e+06 	 7.934971e-06 	 1.348308e+07 	
3.67817818e+06 	 7.928611e-06 	 1.348017e+07 	
3.67867868e+06 	 7.922255e-06 	 1.347726e+07 	
3.67917918e+06 	 7.915904e-06 	 1.347435e+07 	
3.67967968e+06 	 7.909557e-06 	 1.347145e+07 	
3.68018018e+06 	 7.903215e-06 	 1.346854e+07 	
3.68068068e+06 	 7.896878e-06 	 1.346564e+07 	
3.68118118e+06 	 7.890546e-06 	 1.346273e+07 	
3.68168168e+06 	 7.884218e-06 	 1.345983e+07 	
3.68218218e+06 	 7.877895e-06 	 1.345693e+07 	
3.68268268e+06 	 7.871576e-06 	 1.345402e+07 	
3.68318318e+06 	 7.865263e-06 	 1.345112e+07 	
3.68368368e+06 	 7.858953e-06 	 1.344822e+07 	
3.68418418e+06 	 7.852649e-06 	 1.344533e+07 	
3.68468468e+06 	 7.846349e-06 	 1.344243e+07 	
3.68518519e+06 	 7.840054e-06 	 1.343953e+07 	
3.68568569e+06 	 7.833763e-06 	 1.343664e+07 	
3.68618619e+06 	 7.827477e-06 	 1.343374e+07 	
3.68668669e+06 	 7.821196e-06 	 1.343085e+07 	
3.68718719e+06 	 7.814919e-06 	 1.342795e+07 	
3.68768769e+06 	 7.808647e-06 	 1.342506e+07 	
3.68818819e+06 	 7.802379e-06 	 1.342217e+07 	
3.68868869e+06 	 7.796116e-06 	 1.341928e+07 	
3.68918919e+06 	 7.789858e-06 	 1.341639e+07 	
3.68968969e+06 	 7.783604e-06 	 1.341351e+07 	
3.69019019e+06 	 7.777355e-06 	 1.341062e+07 	
3.69069069e+06 	 7.771111e-06 	 1.340773e+07 	
3.69119119e+06 	 7.764871e-06 	 1.340485e+07 	
3.69169169e+06 	 7.758635e-06 	 1.340196e+07 	
3.69219219e+06 	 7.752404e-06 	 1.339908e+07 	
3.69269269e+06 	 7.746178e-06 	 1.339620e+07 	
3.69319319e+06 	 7.739956e-06 	 1.339332e+07 	
3.69369369e+06 	 7.733739e-06 	 1.339044e+07 	
3.69419419e+06 	 7.727527e-06 	 1.338756e+07 	
3.69469469e+06 	 7.721319e-06 	 1.338468e+07 	
3.69519520e+06 	 7.715115e-06 	 1.338180e+07 	
3.69569570e+06 	 7.708916e-06 	 1.337892e+07 	
3.69619620e+06 	 7.702722e-06 	 1.337605e+07 	
3.69669670e+06 	 7.696532e-06 	 1.337317e+07 	
3.69719720e+06 	 7.690347e-06 	 1.337030e+07 	
3.69769770e+06 	 7.684166e-06 	 1.336743e+07 	
3.69819820e+06 	 7.677990e-06 	 1.336456e+07 	
3.69869870e+06 	 7.671818e-06 	 1.336168e+07 	
3.69919920e+06 	 7.665651e-06 	 1.335881e+07 	
3.69969970e+06 	 7.659488e-06 	 1.335595e+07 	
3.70020020e+06 	 7.653330e-06 	 1.335308e+07 	
3.70070070e+06 	 7.647176e-06 	 1.335021e+07 	
3.70120120e+06 	 7.641027e-06 	 1.334734e+07 	
3.70170170e+06 	 7.634882e-06 	 1.334448e+07 	
3.70220220e+06 	 7.628742e-06 	 1.334161e+07 	
3.70270270e+06 	 7.622606e-06 	 1.333875e+07 	
3.70320320e+06 	 7.616474e-06 	 1.333589e+07 	
3.70370370e+06 	 7.610348e-06 	 1.333303e+07 	
3.70420420e+06 	 7.604225e-06 	 1.333017e+07 	
3.70470470e+06 	 7.598107e-06 	 1.332731e+07 	
3.70520521e+06 	 7.591994e-06 	 1.332445e+07 	
3.70570571e+06 	 7.585885e-06 	 1.332159e+07 	
3.70620621e+06 	 7.579780e-06 	 1.331873e+07 	
3.70670671e+06 	 7.573680e-06 	 1.331588e+07 	
3.70720721e+06 	 7.567585e-06 	 1.331302e+07 	
3.70770771e+06 	 7.561494e-06 	 1.331017e+07 	
3.70820821e+06 	 7.555407e-06 	 1.330732e+07 	
3.70870871e+06 	 7.549324e-06 	 1.330446e+07 	
3.70920921e+06 	 7.543247e-06 	 1.330161e+07 	
3.70970971e+06 	 7.537173e-06 	 1.329876e+07 	
3.71021021e+06 	 7.531104e-06 	 1.329591e+07 	
3.71071071e+06 	 7.525039e-06 	 1.329306e+07 	
3.71121121e+06 	 7.518979e-06 	 1.329022e+07 	
3.71171171e+06 	 7.512923e-06 	 1.328737e+07 	
3.71221221e+06 	 7.506872e-06 	 1.328452e+07 	
3.71271271e+06 	 7.500825e-06 	 1.328168e+07 	
3.71321321e+06 	 7.494782e-06 	 1.327884e+07 	
3.71371371e+06 	 7.488744e-06 	 1.327599e+07 	
3.71421421e+06 	 7.482710e-06 	 1.327315e+07 	
3.71471471e+06 	 7.476681e-06 	 1.327031e+07 	
3.71521522e+06 	 7.470656e-06 	 1.326747e+07 	
3.71571572e+06 	 7.464635e-06 	 1.326463e+07 	
3.71621622e+06 	 7.458619e-06 	 1.326179e+07 	
3.71671672e+06 	 7.452607e-06 	 1.325896e+07 	
3.71721722e+06 	 7.446599e-06 	 1.325612e+07 	
3.71771772e+06 	 7.440596e-06 	 1.325328e+07 	
3.71821822e+06 	 7.434597e-06 	 1.325045e+07 	
3.71871872e+06 	 7.428602e-06 	 1.324762e+07 	
3.71921922e+06 	 7.422612e-06 	 1.324478e+07 	
3.71971972e+06 	 7.416626e-06 	 1.324195e+07 	
3.72022022e+06 	 7.410644e-06 	 1.323912e+07 	
3.72072072e+06 	 7.404667e-06 	 1.323629e+07 	
3.72122122e+06 	 7.398694e-06 	 1.323346e+07 	
3.72172172e+06 	 7.392726e-06 	 1.323064e+07 	
3.72222222e+06 	 7.386761e-06 	 1.322781e+07 	
3.72272272e+06 	 7.380801e-06 	 1.322498e+07 	
3.72322322e+06 	 7.374846e-06 	 1.322216e+07 	
3.72372372e+06 	 7.368894e-06 	 1.321933e+07 	
3.72422422e+06 	 7.362947e-06 	 1.321651e+07 	
3.72472472e+06 	 7.357005e-06 	 1.321369e+07 	
3.72522523e+06 	 7.351066e-06 	 1.321087e+07 	
3.72572573e+06 	 7.345132e-06 	 1.320804e+07 	
3.72622623e+06 	 7.339202e-06 	 1.320523e+07 	
3.72672673e+06 	 7.333276e-06 	 1.320241e+07 	
3.72722723e+06 	 7.327355e-06 	 1.319959e+07 	
3.72772773e+06 	 7.321438e-06 	 1.319677e+07 	
3.72822823e+06 	 7.315525e-06 	 1.319396e+07 	
3.72872873e+06 	 7.309617e-06 	 1.319114e+07 	
3.72922923e+06 	 7.303712e-06 	 1.318833e+07 	
3.72972973e+06 	 7.297812e-06 	 1.318551e+07 	
3.73023023e+06 	 7.291916e-06 	 1.318270e+07 	
3.73073073e+06 	 7.286025e-06 	 1.317989e+07 	
3.73123123e+06 	 7.280137e-06 	 1.317708e+07 	
3.73173173e+06 	 7.274254e-06 	 1.317427e+07 	
3.73223223e+06 	 7.268376e-06 	 1.317146e+07 	
3.73273273e+06 	 7.262501e-06 	 1.316865e+07 	
3.73323323e+06 	 7.256630e-06 	 1.316585e+07 	
3.73373373e+06 	 7.250764e-06 	 1.316304e+07 	
3.73423423e+06 	 7.244902e-06 	 1.316024e+07 	
3.73473473e+06 	 7.239044e-06 	 1.315743e+07 	
3.73523524e+06 	 7.233553e-06 	 1.315461e+07 	
3.73573574e+06 	 7.227707e-06 	 1.315181e+07 	
3.73623624e+06 	 7.221865e-06 	 1.314901e+07 	
3.73673674e+06 	 7.216026e-06 	 1.314621e+07 	
3.73723724e+06 	 7.210193e-06 	 1.314341e+07 	
3.73773774e+06 	 7.204363e-06 	 1.314061e+07 	
3.73823824e+06 	 7.198538e-06 	 1.313781e+07 	
3.73873874e+06 	 7.192717e-06 	 1.313501e+07 	
3.73923924e+06 	 7.186900e-06 	 1.313222e+07 	
3.73973974e+06 	 7.181087e-06 	 1.312942e+07 	
3.74024024e+06 	 7.175278e-06 	 1.312663e+07 	
3.74074074e+06 	 7.169474e-06 	 1.312384e+07 	
3.74124124e+06 	 7.163674e-06 	 1.312104e+07 	
3.74174174e+06 	 7.157878e-06 	 1.311825e+07 	
3.74224224e+06 	 7.152086e-06 	 1.311546e+07 	
3.74274274e+06 	 7.146298e-06 	 1.311267e+07 	
3.74324324e+06 	 7.140515e-06 	 1.310988e+07 	
3.74374374e+06 	 7.134735e-06 	 1.310710e+07 	
3.74424424e+06 	 7.128960e-06 	 1.310431e+07 	
3.74474474e+06 	 7.123189e-06 	 1.310152e+07 	
3.74524525e+06 	 7.117422e-06 	 1.309874e+07 	
3.74574575e+06 	 7.111660e-06 	 1.309595e+07 	
3.74624625e+06 	 7.105901e-06 	 1.309317e+07 	
3.74674675e+06 	 7.100147e-06 	 1.309039e+07 	
3.74724725e+06 	 7.094397e-06 	 1.308761e+07 	
3.74774775e+06 	 7.088650e-06 	 1.308482e+07 	
3.74824825e+06 	 7.082908e-06 	 1.308205e+07 	
3.74874875e+06 	 7.077171e-06 	 1.307927e+07 	
3.74924925e+06 	 7.071437e-06 	 1.307649e+07 	
3.74974975e+06 	 7.065707e-06 	 1.307371e+07 	
3.75025025e+06 	 7.059982e-06 	 1.307094e+07 	
3.75075075e+06 	 7.054260e-06 	 1.306816e+07 	
3.75125125e+06 	 7.048543e-06 	 1.306539e+07 	
3.75175175e+06 	 7.042830e-06 	 1.306261e+07 	
3.75225225e+06 	 7.037121e-06 	 1.305984e+07 	
3.75275275e+06 	 7.031416e-06 	 1.305707e+07 	
3.75325325e+06 	 7.025715e-06 	 1.305430e+07 	
3.75375375e+06 	 7.020018e-06 	 1.305153e+07 	
3.75425425e+06 	 7.014326e-06 	 1.304876e+07 	
3.75475475e+06 	 7.008637e-06 	 1.304599e+07 	
3.75525526e+06 	 7.002953e-06 	 1.304322e+07 	
3.75575576e+06 	 6.997272e-06 	 1.304046e+07 	
3.75625626e+06 	 6.991596e-06 	 1.303769e+07 	
3.75675676e+06 	 6.985924e-06 	 1.303493e+07 	
3.75725726e+06 	 6.980255e-06 	 1.303216e+07 	
3.75775776e+06 	 6.974591e-06 	 1.302940e+07 	
3.75825826e+06 	 6.968931e-06 	 1.302664e+07 	
3.75875876e+06 	 6.963275e-06 	 1.302388e+07 	
3.75925926e+06 	 6.957623e-06 	 1.302112e+07 	
3.75975976e+06 	 6.951975e-06 	 1.301836e+07 	
3.76026026e+06 	 6.946331e-06 	 1.301560e+07 	
3.76076076e+06 	 6.940692e-06 	 1.301284e+07 	
3.76126126e+06 	 6.935056e-06 	 1.301009e+07 	
3.76176176e+06 	 6.929424e-06 	 1.300733e+07 	
3.76226226e+06 	 6.923796e-06 	 1.300458e+07 	
3.76276276e+06 	 6.918173e-06 	 1.300182e+07 	
3.76326326e+06 	 6.912553e-06 	 1.299907e+07 	
3.76376376e+06 	 6.906937e-06 	 1.299632e+07 	
3.76426426e+06 	 6.901326e-06 	 1.299357e+07 	
3.76476476e+06 	 6.895718e-06 	 1.299082e+07 	
3.76526527e+06 	 6.890114e-06 	 1.298807e+07 	
3.76576577e+06 	 6.884515e-06 	 1.298532e+07 	
3.76626627e+06 	 6.878919e-06 	 1.298257e+07 	
3.76676677e+06 	 6.873327e-06 	 1.297982e+07 	
3.76726727e+06 	 6.867740e-06 	 1.297708e+07 	
3.76776777e+06 	 6.862156e-06 	 1.297433e+07 	
3.76826827e+06 	 6.856577e-06 	 1.297159e+07 	
3.76876877e+06 	 6.851001e-06 	 1.296885e+07 	
3.76926927e+06 	 6.845429e-06 	 1.296610e+07 	
3.76976977e+06 	 6.839862e-06 	 1.296336e+07 	
3.77027027e+06 	 6.834298e-06 	 1.296062e+07 	
3.77077077e+06 	 6.828738e-06 	 1.295788e+07 	
3.77127127e+06 	 6.823182e-06 	 1.295514e+07 	
3.77177177e+06 	 6.817630e-06 	 1.295241e+07 	
3.77227227e+06 	 6.812083e-06 	 1.294967e+07 	
3.77277277e+06 	 6.806197e-06 	 1.294695e+07 	
3.77327327e+06 	 6.800655e-06 	 1.294422e+07 	
3.77377377e+06 	 6.795116e-06 	 1.294148e+07 	
3.77427427e+06 	 6.789581e-06 	 1.293875e+07 	
3.77477477e+06 	 6.784050e-06 	 1.293602e+07 	
3.77527528e+06 	 6.778522e-06 	 1.293328e+07 	
3.77577578e+06 	 6.772999e-06 	 1.293055e+07 	
3.77627628e+06 	 6.767480e-06 	 1.292782e+07 	
3.77677678e+06 	 6.761965e-06 	 1.292509e+07 	
3.77727728e+06 	 6.756453e-06 	 1.292237e+07 	
3.77777778e+06 	 6.750945e-06 	 1.291964e+07 	
3.77827828e+06 	 6.745442e-06 	 1.291691e+07 	
3.77877878e+06 	 6.739942e-06 	 1.291419e+07 	
3.77927928e+06 	 6.734446e-06 	 1.291146e+07 	
3.77977978e+06 	 6.728954e-06 	 1.290874e+07 	
3.78028028e+06 	 6.723466e-06 	 1.290602e+07 	
3.78078078e+06 	 6.717981e-06 	 1.290330e+07 	
3.78128128e+06 	 6.712501e-06 	 1.290057e+07 	
3.78178178e+06 	 6.707024e-06 	 1.289785e+07 	
3.78228228e+06 	 6.701552e-06 	 1.289513e+07 	
3.78278278e+06 	 6.696083e-06 	 1.289242e+07 	
3.78328328e+06 	 6.690618e-06 	 1.288970e+07 	
3.78378378e+06 	 6.685157e-06 	 1.288698e+07 	
3.78428428e+06 	 6.679699e-06 	 1.288427e+07 	
3.78478478e+06 	 6.674246e-06 	 1.288155e+07 	
3.78528529e+06 	 6.668796e-06 	 1.287884e+07 	
3.78578579e+06 	 6.663351e-06 	 1.287612e+07 	
3.78628629e+06 	 6.657909e-06 	 1.287341e+07 	
3.78678679e+06 	 6.652471e-06 	 1.287070e+07 	
3.78728729e+06 	 6.647036e-06 	 1.286799e+07 	
3.78778779e+06 	 6.641606e-06 	 1.286528e+07 	
3.78828829e+06 	 6.636179e-06 	 1.286257e+07 	
3.78878879e+06 	 6.630757e-06 	 1.285986e+07 	
3.78928929e+06 	 6.625338e-06 	 1.285716e+07 	
3.78978979e+06 	 6.619923e-06 	 1.285445e+07 	
3.79029029e+06 	 6.614511e-06 	 1.285175e+07 	
3.79079079e+06 	 6.609104e-06 	 1.284904e+07 	
3.79129129e+06 	 6.603700e-06 	 1.284634e+07 	
3.79179179e+06 	 6.598300e-06 	 1.284363e+07 	
3.79229229e+06 	 6.592904e-06 	 1.284093e+07 	
3.79279279e+06 	 6.587511e-06 	 1.283823e+07 	
3.79329329e+06 	 6.582123e-06 	 1.283553e+07 	
3.79379379e+06 	 6.576738e-06 	 1.283283e+07 	
3.79429429e+06 	 6.571357e-06 	 1.283013e+07 	
3.79479479e+06 	 6.565980e-06 	 1.282744e+07 	
3.79529530e+06 	 6.560606e-06 	 1.282474e+07 	
3.79579580e+06 	 6.555237e-06 	 1.282204e+07 	
3.79629630e+06 	 6.549871e-06 	 1.281935e+07 	
3.79679680e+06 	 6.544509e-06 	 1.281666e+07 	
3.79729730e+06 	 6.539150e-06 	 1.281396e+07 	
3.79779780e+06 	 6.533795e-06 	 1.281127e+07 	
3.79829830e+06 	 6.528445e-06 	 1.280858e+07 	
3.79879880e+06 	 6.523097e-06 	 1.280589e+07 	
3.79929930e+06 	 6.517754e-06 	 1.280320e+07 	
3.79979980e+06 	 6.512414e-06 	 1.280051e+07 	
3.80030030e+06 	 6.507078e-06 	 1.279782e+07 	
3.80080080e+06 	 6.501746e-06 	 1.279513e+07 	
3.80130130e+06 	 6.496418e-06 	 1.279245e+07 	
3.80180180e+06 	 6.491093e-06 	 1.278976e+07 	
3.80230230e+06 	 6.485772e-06 	 1.278708e+07 	
3.80280280e+06 	 6.480455e-06 	 1.278439e+07 	
3.80330330e+06 	 6.475141e-06 	 1.278171e+07 	
3.80380380e+06 	 6.469831e-06 	 1.277903e+07 	
3.80430430e+06 	 6.464525e-06 	 1.277635e+07 	
3.80480480e+06 	 6.459223e-06 	 1.277367e+07 	
3.80530531e+06 	 6.453924e-06 	 1.277099e+07 	
3.80580581e+06 	 6.448629e-06 	 1.276831e+07 	
3.80630631e+06 	 6.443337e-06 	 1.276563e+07 	
3.80680681e+06 	 6.438050e-06 	 1.276296e+07 	
3.80730731e+06 	 6.432766e-06 	 1.276028e+07 	
3.80780781e+06 	 6.427485e-06 	 1.275760e+07 	
3.80830831e+06 	 6.422209e-06 	 1.275493e+07 	
3.80880881e+06 	 6.416936e-06 	 1.275226e+07 	
3.80930931e+06 	 6.411667e-06 	 1.274958e+07 	
3.80980981e+06 	 6.406401e-06 	 1.274691e+07 	
3.81031031e+06 	 6.401139e-06 	 1.274424e+07 	
3.81081081e+06 	 6.396201e-06 	 1.274156e+07 	
3.81131131e+06 	 6.390949e-06 	 1.273889e+07 	
3.81181181e+06 	 6.385701e-06 	 1.273622e+07 	
3.81231231e+06 	 6.380456e-06 	 1.273355e+07 	
3.81281281e+06 	 6.375215e-06 	 1.273088e+07 	
3.81331331e+06 	 6.369978e-06 	 1.272822e+07 	
3.81381381e+06 	 6.364744e-06 	 1.272555e+07 	
3.81431431e+06 	 6.359514e-06 	 1.272289e+07 	
3.81481481e+06 	 6.354288e-06 	 1.272023e+07 	
3.81531532e+06 	 6.349066e-06 	 1.271756e+07 	
3.81581582e+06 	 6.343847e-06 	 1.271490e+07 	
3.81631632e+06 	 6.338631e-06 	 1.271224e+07 	
3.81681682e+06 	 6.333420e-06 	 1.270958e+07 	
3.81731732e+06 	 6.328212e-06 	 1.270692e+07 	
3.81781782e+06 	 6.323007e-06 	 1.270426e+07 	
3.81831832e+06 	 6.317806e-06 	 1.270161e+07 	
3.81881882e+06 	 6.312609e-06 	 1.269895e+07 	
3.81931932e+06 	 6.307416e-06 	 1.269629e+07 	
3.81981982e+06 	 6.302226e-06 	 1.269364e+07 	
3.82032032e+06 	 6.297040e-06 	 1.269098e+07 	
3.82082082e+06 	 6.291857e-06 	 1.268833e+07 	
3.82132132e+06 	 6.286678e-06 	 1.268568e+07 	
3.82182182e+06 	 6.281503e-06 	 1.268303e+07 	
3.82232232e+06 	 6.276331e-06 	 1.268038e+07 	
3.82282282e+06 	 6.271163e-06 	 1.267773e+07 	
3.82332332e+06 	 6.265998e-06 	 1.267508e+07 	
3.82382382e+06 	 6.260837e-06 	 1.267243e+07 	
3.82432432e+06 	 6.255680e-06 	 1.266978e+07 	
3.82482482e+06 	 6.250526e-06 	 1.266714e+07 	
3.82532533e+06 	 6.245376e-06 	 1.266449e+07 	
3.82582583e+06 	 6.240229e-06 	 1.266185e+07 	
3.82632633e+06 	 6.235086e-06 	 1.265920e+07 	
3.82682683e+06 	 6.229947e-06 	 1.265656e+07 	
3.82732733e+06 	 6.224811e-06 	 1.265392e+07 	
3.82782783e+06 	 6.219679e-06 	 1.265128e+07 	
3.82832833e+06 	 6.214550e-06 	 1.264863e+07 	
3.82882883e+06 	 6.209425e-06 	 1.264599e+07 	
3.82932933e+06 	 6.204304e-06 	 1.264336e+07 	
3.82982983e+06 	 6.199186e-06 	 1.264072e+07 	
3.83033033e+06 	 6.194071e-06 	 1.263808e+07 	
3.83083083e+06 	 6.188961e-06 	 1.263544e+07 	
3.83133133e+06 	 6.183853e-06 	 1.263281e+07 	
3.83183183e+06 	 6.178749e-06 	 1.263017e+07 	
3.83233233e+06 	 6.173649e-06 	 1.262754e+07 	
3.83283283e+06 	 6.168553e-06 	 1.262491e+07 	
3.83333333e+06 	 6.163460e-06 	 1.262228e+07 	
3.83383383e+06 	 6.158370e-06 	 1.261964e+07 	
3.83433433e+06 	 6.153284e-06 	 1.261701e+07 	
3.83483483e+06 	 6.148202e-06 	 1.261438e+07 	
3.83533534e+06 	 6.143123e-06 	 1.261175e+07 	
3.83583584e+06 	 6.138047e-06 	 1.260913e+07 	
3.83633634e+06 	 6.132975e-06 	 1.260650e+07 	
3.83683684e+06 	 6.127907e-06 	 1.260387e+07 	
3.83733734e+06 	 6.122842e-06 	 1.260125e+07 	
3.83783784e+06 	 6.117781e-06 	 1.259862e+07 	
3.83833834e+06 	 6.112723e-06 	 1.259600e+07 	
3.83883884e+06 	 6.107669e-06 	 1.259338e+07 	
3.83933934e+06 	 6.102618e-06 	 1.259075e+07 	
3.83983984e+06 	 6.097570e-06 	 1.258813e+07 	
3.84034034e+06 	 6.092527e-06 	 1.258551e+07 	
3.84084084e+06 	 6.087486e-06 	 1.258289e+07 	
3.84134134e+06 	 6.082449e-06 	 1.258027e+07 	
3.84184184e+06 	 6.077416e-06 	 1.257766e+07 	
3.84234234e+06 	 6.072386e-06 	 1.257504e+07 	
3.84284284e+06 	 6.067360e-06 	 1.257242e+07 	
3.84334334e+06 	 6.062337e-06 	 1.256981e+07 	
3.84384384e+06 	 6.057318e-06 	 1.256719e+07 	
3.84434434e+06 	 6.052302e-06 	 1.256458e+07 	
3.84484484e+06 	 6.047289e-06 	 1.256196e+07 	
3.84534535e+06 	 6.042280e-06 	 1.255935e+07 	
3.84584585e+06 	 6.037275e-06 	 1.255674e+07 	
3.84634635e+06 	 6.032273e-06 	 1.255413e+07 	
3.84684685e+06 	 6.027274e-06 	 1.255152e+07 	
3.84734735e+06 	 6.022279e-06 	 1.254891e+07 	
3.84784785e+06 	 6.017288e-06 	 1.254630e+07 	
3.84834835e+06 	 6.012300e-06 	 1.254370e+07 	
3.84884885e+06 	 6.007315e-06 	 1.254109e+07 	
3.84934935e+06 	 6.002334e-06 	 1.253848e+07 	
3.84984985e+06 	 5.997055e-06 	 1.253589e+07 	
3.85035035e+06 	 5.992078e-06 	 1.253329e+07 	
3.85085085e+06 	 5.987104e-06 	 1.253069e+07 	
3.85135135e+06 	 5.982134e-06 	 1.252809e+07 	
3.85185185e+06 	 5.977168e-06 	 1.252548e+07 	
3.85235235e+06 	 5.972205e-06 	 1.252288e+07 	
3.85285285e+06 	 5.967245e-06 	 1.252028e+07 	
3.85335335e+06 	 5.962288e-06 	 1.251768e+07 	
3.85385385e+06 	 5.957336e-06 	 1.251509e+07 	
3.85435435e+06 	 5.952386e-06 	 1.251249e+07 	
3.85485485e+06 	 5.947440e-06 	 1.250989e+07 	
3.85535536e+06 	 5.942497e-06 	 1.250730e+07 	
3.85585586e+06 	 5.937558e-06 	 1.250470e+07 	
3.85635636e+06 	 5.932622e-06 	 1.250211e+07 	
3.85685686e+06 	 5.927689e-06 	 1.249952e+07 	
3.85735736e+06 	 5.922760e-06 	 1.249692e+07 	
3.85785786e+06 	 5.917834e-06 	 1.249433e+07 	
3.85835836e+06 	 5.912912e-06 	 1.249174e+07 	
3.85885886e+06 	 5.907993e-06 	 1.248915e+07 	
3.85935936e+06 	 5.903077e-06 	 1.248656e+07 	
3.85985986e+06 	 5.898164e-06 	 1.248397e+07 	
3.86036036e+06 	 5.893255e-06 	 1.248139e+07 	
3.86086086e+06 	 5.888350e-06 	 1.247880e+07 	
3.86136136e+06 	 5.883448e-06 	 1.247621e+07 	
3.86186186e+06 	 5.878549e-06 	 1.247363e+07 	
3.86236236e+06 	 5.873653e-06 	 1.247104e+07 	
3.86286286e+06 	 5.868761e-06 	 1.246846e+07 	
3.86336336e+06 	 5.863872e-06 	 1.246588e+07 	
3.86386386e+06 	 5.858987e-06 	 1.246330e+07 	
3.86436436e+06 	 5.854104e-06 	 1.246071e+07 	
3.86486486e+06 	 5.849226e-06 	 1.245813e+07 	
3.86536537e+06 	 5.844350e-06 	 1.245556e+07 	
3.86586587e+06 	 5.839478e-06 	 1.245298e+07 	
3.86636637e+06 	 5.834609e-06 	 1.245040e+07 	
3.86686687e+06 	 5.829743e-06 	 1.244782e+07 	
3.86736737e+06 	 5.824881e-06 	 1.244525e+07 	
3.86786787e+06 	 5.820022e-06 	 1.244267e+07 	
3.86836837e+06 	 5.815167e-06 	 1.244010e+07 	
3.86886887e+06 	 5.810315e-06 	 1.243752e+07 	
3.86936937e+06 	 5.805466e-06 	 1.243495e+07 	
3.86986987e+06 	 5.800620e-06 	 1.243238e+07 	
3.87037037e+06 	 5.795778e-06 	 1.242981e+07 	
3.87087087e+06 	 5.790939e-06 	 1.242724e+07 	
3.87137137e+06 	 5.786103e-06 	 1.242467e+07 	
3.87187187e+06 	 5.781271e-06 	 1.242210e+07 	
3.87237237e+06 	 5.776441e-06 	 1.241953e+07 	
3.87287287e+06 	 5.771616e-06 	 1.241696e+07 	
3.87337337e+06 	 5.766793e-06 	 1.241440e+07 	
3.87387387e+06 	 5.761974e-06 	 1.241183e+07 	
3.87437437e+06 	 5.757158e-06 	 1.240927e+07 	
3.87487487e+06 	 5.752345e-06 	 1.240670e+07 	
3.87537538e+06 	 5.747536e-06 	 1.240414e+07 	
3.87587588e+06 	 5.742730e-06 	 1.240158e+07 	
3.87637638e+06 	 5.737927e-06 	 1.239901e+07 	
3.87687688e+06 	 5.733127e-06 	 1.239645e+07 	
3.87737738e+06 	 5.728331e-06 	 1.239389e+07 	
3.87787788e+06 	 5.723538e-06 	 1.239133e+07 	
3.87837838e+06 	 5.718748e-06 	 1.238878e+07 	
3.87887888e+06 	 5.713961e-06 	 1.238622e+07 	
3.87937938e+06 	 5.709178e-06 	 1.238366e+07 	
3.87987988e+06 	 5.704398e-06 	 1.238111e+07 	
3.88038038e+06 	 5.699621e-06 	 1.237855e+07 	
3.88088088e+06 	 5.694847e-06 	 1.237600e+07 	
3.88138138e+06 	 5.690077e-06 	 1.237344e+07 	
3.88188188e+06 	 5.685310e-06 	 1.237089e+07 	
3.88238238e+06 	 5.680546e-06 	 1.236834e+07 	
3.88288288e+06 	 5.675786e-06 	 1.236579e+07 	
3.88338338e+06 	 5.671028e-06 	 1.236324e+07 	
3.88388388e+06 	 5.666274e-06 	 1.236069e+07 	
3.88438438e+06 	 5.661523e-06 	 1.235814e+07 	
3.88488488e+06 	 5.656776e-06 	 1.235559e+07 	
3.88538539e+06 	 5.652031e-06 	 1.235304e+07 	
3.88588589e+06 	 5.647290e-06 	 1.235050e+07 	
3.88638639e+06 	 5.642552e-06 	 1.234795e+07 	
3.88688689e+06 	 5.637817e-06 	 1.234541e+07 	
3.88738739e+06 	 5.633085e-06 	 1.234286e+07 	
3.88788789e+06 	 5.628357e-06 	 1.234032e+07 	
3.88838839e+06 	 5.623632e-06 	 1.233778e+07 	
3.88888889e+06 	 5.618910e-06 	 1.233524e+07 	
3.88938939e+06 	 5.613908e-06 	 1.233271e+07 	
3.88988989e+06 	 5.609190e-06 	 1.233017e+07 	
3.89039039e+06 	 5.604476e-06 	 1.232763e+07 	
3.89089089e+06 	 5.599764e-06 	 1.232509e+07 	
3.89139139e+06 	 5.595056e-06 	 1.232256e+07 	
3.89189189e+06 	 5.590351e-06 	 1.232002e+07 	
3.89239239e+06 	 5.585649e-06 	 1.231748e+07 	
3.89289289e+06 	 5.580950e-06 	 1.231495e+07 	
3.89339339e+06 	 5.576254e-06 	 1.231241e+07 	
3.89389389e+06 	 5.571562e-06 	 1.230988e+07 	
3.89439439e+06 	 5.566872e-06 	 1.230735e+07 	
3.89489489e+06 	 5.562186e-06 	 1.230482e+07 	
3.89539540e+06 	 5.557503e-06 	 1.230229e+07 	
3.89589590e+06 	 5.552823e-06 	 1.229976e+07 	
3.89639640e+06 	 5.548146e-06 	 1.229723e+07 	
3.89689690e+06 	 5.543473e-06 	 1.229470e+07 	
3.89739740e+06 	 5.538802e-06 	 1.229217e+07 	
3.89789790e+06 	 5.534135e-06 	 1.228964e+07 	
3.89839840e+06 	 5.529471e-06 	 1.228712e+07 	
3.89889890e+06 	 5.524810e-06 	 1.228459e+07 	
3.89939940e+06 	 5.520152e-06 	 1.228207e+07 	
3.89989990e+06 	 5.515497e-06 	 1.227954e+07 	
3.90040040e+06 	 5.510845e-06 	 1.227702e+07 	
3.90090090e+06 	 5.506196e-06 	 1.227450e+07 	
3.90140140e+06 	 5.501551e-06 	 1.227197e+07 	
3.90190190e+06 	 5.496909e-06 	 1.226945e+07 	
3.90240240e+06 	 5.492269e-06 	 1.226693e+07 	
3.90290290e+06 	 5.487633e-06 	 1.226441e+07 	
3.90340340e+06 	 5.483000e-06 	 1.226190e+07 	
3.90390390e+06 	 5.478370e-06 	 1.225938e+07 	
3.90440440e+06 	 5.473743e-06 	 1.225686e+07 	
3.90490490e+06 	 5.469120e-06 	 1.225435e+07 	
3.90540541e+06 	 5.464499e-06 	 1.225183e+07 	
3.90590591e+06 	 5.459881e-06 	 1.224932e+07 	
3.90640641e+06 	 5.455267e-06 	 1.224680e+07 	
3.90690691e+06 	 5.450655e-06 	 1.224429e+07 	
3.90740741e+06 	 5.446047e-06 	 1.224178e+07 	
3.90790791e+06 	 5.441442e-06 	 1.223927e+07 	
3.90840841e+06 	 5.436840e-06 	 1.223675e+07 	
3.90890891e+06 	 5.432241e-06 	 1.223424e+07 	
3.90940941e+06 	 5.427645e-06 	 1.223174e+07 	
3.90990991e+06 	 5.423052e-06 	 1.222923e+07 	
3.91041041e+06 	 5.418462e-06 	 1.222672e+07 	
3.91091091e+06 	 5.413875e-06 	 1.222421e+07 	
3.91141141e+06 	 5.409291e-06 	 1.222171e+07 	
3.91191191e+06 	 5.404710e-06 	 1.221920e+07 	
3.91241241e+06 	 5.400133e-06 	 1.221670e+07 	
3.91291291e+06 	 5.395558e-06 	 1.221419e+07 	
3.91341341e+06 	 5.390987e-06 	 1.221169e+07 	
3.91391391e+06 	 5.386418e-06 	 1.220919e+07 	
3.91441441e+06 	 5.381853e-06 	 1.220669e+07 	
3.91491491e+06 	 5.377290e-06 	 1.220419e+07 	
3.91541542e+06 	 5.372731e-06 	 1.220169e+07 	
3.91591592e+06 	 5.368175e-06 	 1.219919e+07 	
3.91641642e+06 	 5.363621e-06 	 1.219669e+07 	
3.91691692e+06 	 5.359071e-06 	 1.219419e+07 	
3.91741742e+06 	 5.354524e-06 	 1.219170e+07 	
3.91791792e+06 	 5.349979e-06 	 1.218920e+07 	
3.91841842e+06 	 5.345438e-06 	 1.218671e+07 	
3.91891892e+06 	 5.340900e-06 	 1.218421e+07 	
3.91941942e+06 	 5.336365e-06 	 1.218172e+07 	
3.91991992e+06 	 5.331833e-06 	 1.217923e+07 	
3.92042042e+06 	 5.327304e-06 	 1.217673e+07 	
3.92092092e+06 	 5.322778e-06 	 1.217424e+07 	
3.92142142e+06 	 5.318254e-06 	 1.217175e+07 	
3.92192192e+06 	 5.313734e-06 	 1.216926e+07 	
3.92242242e+06 	 5.309217e-06 	 1.216678e+07 	
3.92292292e+06 	 5.304703e-06 	 1.216429e+07 	
3.92342342e+06 	 5.300192e-06 	 1.216180e+07 	
3.92392392e+06 	 5.295684e-06 	 1.215931e+07 	
3.92442442e+06 	 5.291179e-06 	 1.215683e+07 	
3.92492492e+06 	 5.286677e-06 	 1.215434e+07 	
3.92542543e+06 	 5.282178e-06 	 1.215186e+07 	
3.92592593e+06 	 5.277681e-06 	 1.214938e+07 	
3.92642643e+06 	 5.273188e-06 	 1.214689e+07 	
3.92692693e+06 	 5.268698e-06 	 1.214441e+07 	
3.92742743e+06 	 5.264211e-06 	 1.214193e+07 	
3.92792793e+06 	 5.259727e-06 	 1.213945e+07 	
3.92842843e+06 	 5.255245e-06 	 1.213697e+07 	
3.92892893e+06 	 5.250504e-06 	 1.213451e+07 	
3.92942943e+06 	 5.246027e-06 	 1.213203e+07 	
3.92992993e+06 	 5.241552e-06 	 1.212955e+07 	
3.93043043e+06 	 5.237081e-06 	 1.212708e+07 	
3.93093093e+06 	 5.232612e-06 	 1.212460e+07 	
3.93143143e+06 	 5.228146e-06 	 1.212213e+07 	
3.93193193e+06 	 5.223684e-06 	 1.211965e+07 	
3.93243243e+06 	 5.219224e-06 	 1.211718e+07 	
3.93293293e+06 	 5.214767e-06 	 1.211471e+07 	
3.93343343e+06 	 5.210313e-06 	 1.211223e+07 	
3.93393393e+06 	 5.205862e-06 	 1.210976e+07 	
3.93443443e+06 	 5.201414e-06 	 1.210729e+07 	
3.93493493e+06 	 5.196969e-06 	 1.210482e+07 	
3.93543544e+06 	 5.192527e-06 	 1.210236e+07 	
3.93593594e+06 	 5.188088e-06 	 1.209989e+07 	
3.93643644e+06 	 5.183651e-06 	 1.209742e+07 	
3.93693694e+06 	 5.179218e-06 	 1.209495e+07 	
3.93743744e+06 	 5.174787e-06 	 1.209249e+07 	
3.93793794e+06 	 5.170360e-06 	 1.209002e+07 	
3.93843844e+06 	 5.165935e-06 	 1.208756e+07 	
3.93893894e+06 	 5.161513e-06 	 1.208510e+07 	
3.93943944e+06 	 5.157094e-06 	 1.208263e+07 	
3.93993994e+06 	 5.152678e-06 	 1.208017e+07 	
3.94044044e+06 	 5.148265e-06 	 1.207771e+07 	
3.94094094e+06 	 5.143855e-06 	 1.207525e+07 	
3.94144144e+06 	 5.139447e-06 	 1.207279e+07 	
3.94194194e+06 	 5.135043e-06 	 1.207033e+07 	
3.94244244e+06 	 5.130641e-06 	 1.206788e+07 	
3.94294294e+06 	 5.126242e-06 	 1.206542e+07 	
3.94344344e+06 	 5.121847e-06 	 1.206296e+07 	
3.94394394e+06 	 5.117454e-06 	 1.206051e+07 	
3.94444444e+06 	 5.113064e-06 	 1.205805e+07 	
3.94494494e+06 	 5.108676e-06 	 1.205560e+07 	
3.94544545e+06 	 5.104292e-06 	 1.205314e+07 	
3.94594595e+06 	 5.099910e-06 	 1.205069e+07 	
3.94644645e+06 	 5.095532e-06 	 1.204824e+07 	
3.94694695e+06 	 5.091156e-06 	 1.204579e+07 	
3.94744745e+06 	 5.086783e-06 	 1.204334e+07 	
3.94794795e+06 	 5.082413e-06 	 1.204089e+07 	
3.94844845e+06 	 5.078046e-06 	 1.203844e+07 	
3.94894895e+06 	 5.073681e-06 	 1.203599e+07 	
3.94944945e+06 	 5.069320e-06 	 1.203354e+07 	
3.94994995e+06 	 5.064961e-06 	 1.203110e+07 	
3.95045045e+06 	 5.060605e-06 	 1.202865e+07 	
3.95095095e+06 	 5.056252e-06 	 1.202621e+07 	
3.95145145e+06 	 5.051902e-06 	 1.202376e+07 	
3.95195195e+06 	 5.047555e-06 	 1.202132e+07 	
3.95245245e+06 	 5.043210e-06 	 1.201888e+07 	
3.95295295e+06 	 5.038869e-06 	 1.201644e+07 	
3.95345345e+06 	 5.034530e-06 	 1.201399e+07 	
3.95395395e+06 	 5.030194e-06 	 1.201155e+07 	
3.95445445e+06 	 5.025860e-06 	 1.200911e+07 	
3.95495495e+06 	 5.021530e-06 	 1.200667e+07 	
3.95545546e+06 	 5.017202e-06 	 1.200424e+07 	
3.95595596e+06 	 5.012878e-06 	 1.200180e+07 	
3.95645646e+06 	 5.008556e-06 	 1.199936e+07 	
3.95695696e+06 	 5.004237e-06 	 1.199693e+07 	
3.95745746e+06 	 4.999920e-06 	 1.199449e+07 	
3.95795796e+06 	 4.995607e-06 	 1.199206e+07 	
3.95845846e+06 	 4.991296e-06 	 1.198962e+07 	
3.95895896e+06 	 4.986988e-06 	 1.198719e+07 	
3.95945946e+06 	 4.982683e-06 	 1.198476e+07 	
3.95995996e+06 	 4.978380e-06 	 1.198233e+07 	
3.96046046e+06 	 4.974081e-06 	 1.197990e+07 	
3.96096096e+06 	 4.969784e-06 	 1.197747e+07 	
3.96146146e+06 	 4.965490e-06 	 1.197504e+07 	
3.96196196e+06 	 4.961199e-06 	 1.197261e+07 	
3.96246246e+06 	 4.956910e-06 	 1.197018e+07 	
3.96296296e+06 	 4.952625e-06 	 1.196775e+07 	
3.96346346e+06 	 4.948342e-06 	 1.196533e+07 	
3.96396396e+06 	 4.944062e-06 	 1.196290e+07 	
3.96446446e+06 	 4.939784e-06 	 1.196048e+07 	
3.96496496e+06 	 4.935510e-06 	 1.195805e+07 	
3.96546547e+06 	 4.931238e-06 	 1.195563e+07 	
3.96596597e+06 	 4.926969e-06 	 1.195321e+07 	
3.96646647e+06 	 4.922703e-06 	 1.195079e+07 	
3.96696697e+06 	 4.918439e-06 	 1.194837e+07 	
3.96746747e+06 	 4.914178e-06 	 1.194595e+07 	
3.96796797e+06 	 4.909920e-06 	 1.194353e+07 	
3.96846847e+06 	 4.905665e-06 	 1.194111e+07 	
3.96896897e+06 	 4.901413e-06 	 1.193869e+07 	
3.96946947e+06 	 4.896917e-06 	 1.193629e+07 	
3.96996997e+06 	 4.892668e-06 	 1.193387e+07 	
3.97047047e+06 	 4.888422e-06 	 1.193146e+07 	
3.97097097e+06 	 4.884178e-06 	 1.192904e+07 	
3.97147147e+06 	 4.879937e-06 	 1.192663e+07 	
3.97197197e+06 	 4.875699e-06 	 1.192422e+07 	
3.97247247e+06 	 4.871464e-06 	 1.192180e+07 	
3.97297297e+06 	 4.867231e-06 	 1.191939e+07 	
3.97347347e+06 	 4.863001e-06 	 1.191698e+07 	
3.97397397e+06 	 4.858774e-06 	 1.191457e+07 	
3.97447447e+06 	 4.854550e-06 	 1.191216e+07 	
3.97497497e+06 	 4.850328e-06 	 1.190975e+07 	
3.97547548e+06 	 4.846109e-06 	 1.190734e+07 	
3.97597598e+06 	 4.841892e-06 	 1.190494e+07 	
3.97647648e+06 	 4.837679e-06 	 1.190253e+07 	
3.97697698e+06 	 4.833468e-06 	 1.190012e+07 	
3.97747748e+06 	 4.829260e-06 	 1.189772e+07 	
3.97797798e+06 	 4.825054e-06 	 1.189531e+07 	
3.97847848e+06 	 4.820851e-06 	 1.189291e+07 	
3.97897898e+06 	 4.816651e-06 	 1.189051e+07 	
3.97947948e+06 	 4.812453e-06 	 1.188811e+07 	
3.97997998e+06 	 4.808258e-06 	 1.188570e+07 	
3.98048048e+06 	 4.804066e-06 	 1.188330e+07 	
3.98098098e+06 	 4.799877e-06 	 1.188090e+07 	
3.98148148e+06 	 4.795690e-06 	 1.187850e+07 	
3.98198198e+06 	 4.791506e-06 	 1.187611e+07 	
3.98248248e+06 	 4.787324e-06 	 1.187371e+07 	
3.98298298e+06 	 4.783145e-06 	 1.187131e+07 	
3.98348348e+06 	 4.778969e-06 	 1.186891e+07 	
3.98398398e+06 	 4.774795e-06 	 1.186652e+07 	
3.98448448e+06 	 4.770624e-06 	 1.186412e+07 	
3.98498498e+06 	 4.766456e-06 	 1.186173e+07 	
3.98548549e+06 	 4.762291e-06 	 1.185934e+07 	
3.98598599e+06 	 4.758128e-06 	 1.185694e+07 	
3.98648649e+06 	 4.753967e-06 	 1.185455e+07 	
3.98698699e+06 	 4.749810e-06 	 1.185216e+07 	
3.98748749e+06 	 4.745655e-06 	 1.184977e+07 	
3.98798799e+06 	 4.741502e-06 	 1.184738e+07 	
3.98848849e+06 	 4.737353e-06 	 1.184499e+07 	
3.98898899e+06 	 4.733206e-06 	 1.184260e+07 	
3.98948949e+06 	 4.729061e-06 	 1.184022e+07 	
3.98998999e+06 	 4.724919e-06 	 1.183783e+07 	
3.99049049e+06 	 4.720780e-06 	 1.183545e+07 	
3.99099099e+06 	 4.716643e-06 	 1.183306e+07 	
3.99149149e+06 	 4.712509e-06 	 1.183068e+07 	
3.99199199e+06 	 4.708378e-06 	 1.182829e+07 	
3.99249249e+06 	 4.704249e-06 	 1.182591e+07 	
3.99299299e+06 	 4.700123e-06 	 1.182353e+07 	
3.99349349e+06 	 4.696000e-06 	 1.182115e+07 	
3.99399399e+06 	 4.691879e-06 	 1.181876e+07 	
3.99449449e+06 	 4.687761e-06 	 1.181638e+07 	
3.99499499e+06 	 4.683645e-06 	 1.181401e+07 	
3.99549550e+06 	 4.679532e-06 	 1.181163e+07 	
3.99599600e+06 	 4.675421e-06 	 1.180925e+07 	
3.99649650e+06 	 4.671313e-06 	 1.180687e+07 	
3.99699700e+06 	 4.667208e-06 	 1.180450e+07 	
3.99749750e+06 	 4.663105e-06 	 1.180212e+07 	
3.99799800e+06 	 4.659005e-06 	 1.179974e+07 	
3.99849850e+06 	 4.654908e-06 	 1.179737e+07 	
3.99899900e+06 	 4.650813e-06 	 1.179500e+07 	
3.99949950e+06 	 4.646720e-06 	 1.179262e+07 	
4.00000000e+06 	 4.642631e-06 	 1.179025e+07 	
4.02216916e+06 	 4.464303e-06 	 1.168590e+07 	
4.04446119e+06 	 4.289709e-06 	 1.158239e+07 	
4.06687676e+06 	 4.118661e-06 	 1.147975e+07 	
4.08941657e+06 	 3.951475e-06 	 1.137792e+07 	
4.11208131e+06 	 3.787582e-06 	 1.127694e+07 	
4.13487165e+06 	 3.627287e-06 	 1.117678e+07 	
4.15778831e+06 	 3.470158e-06 	 1.107747e+07 	
4.18083198e+06 	 3.316277e-06 	 1.097898e+07 	
4.20400336e+06 	 3.165434e-06 	 1.088133e+07 	
4.22730317e+06 	 3.017340e-06 	 1.078453e+07 	
4.25073210e+06 	 2.872146e-06 	 1.068857e+07 	
4.27429089e+06 	 2.729762e-06 	 1.059345e+07 	
4.29798025e+06 	 2.589801e-06 	 1.049921e+07 	
4.32180091e+06 	 2.452408e-06 	 1.040582e+07 	
4.34575358e+06 	 2.317210e-06 	 1.031335e+07 	
4.36983901e+06 	 2.184342e-06 	 1.022177e+07 	
4.39405792e+06 	 2.053455e-06 	 1.013115e+07 	
4.41841106e+06 	 1.924618e-06 	 1.004150e+07 	
4.44289918e+06 	 1.797625e-06 	 9.952867e+06 	
4.46752301e+06 	 1.672452e-06 	 9.865301e+06 	
4.49228332e+06 	 1.548964e-06 	 9.778879e+06 	
4.51718086e+06 	 1.427282e-06 	 9.693652e+06 	
4.54221638e+06 	 1.307298e-06 	 9.609738e+06 	
4.56739066e+06 	 1.189229e-06 	 9.527223e+06 	
4.59270447e+06 	 1.073128e-06 	 9.446270e+06 	
4.61815857e+06 	 9.593866e-07 	 9.367009e+06 	
4.64375374e+06 	 8.484553e-07 	 9.289612e+06 	
4.66949077e+06 	 7.407537e-07 	 9.214341e+06 	
4.69537044e+06 	 6.370917e-07 	 9.141419e+06 	
4.72139354e+06 	 5.383607e-07 	 9.071136e+06 	
4.74756088e+06 	 4.456944e-07 	 9.003757e+06 	
4.77387323e+06 	 3.602414e-07 	 8.939605e+06 	
4.80033142e+06 	 2.832153e-07 	 8.878958e+06 	
4.82693625e+06 	 2.156683e-07 	 8.822087e+06 	
4.85368853e+06 	 1.583496e-07 	 8.769230e+06 	
4.88058908e+06 	 1.115939e-07 	 8.720462e+06 	
4.90763872e+06 	 7.512583e-08 	 8.675802e+06 	
4.93483828e+06 	 4.808985e-08 	 8.635152e+06 	
4.96218858e+06 	 2.914899e-08 	 8.598192e+06 	
4.98969047e+06 	 1.666553e-08 	 8.564603e+06 	
5.01734478e+06 	 8.960322e-09 	 8.533846e+06 	
5.04515236e+06 	 4.519932e-09 	 8.505315e+06 	
5.07311405e+06 	 2.135866e-09 	 8.478564e+06 	
5.10123072e+06 	 9.448311e-10 	 8.452818e+06 	
5.68142281e+06 	 1.000000e-20 	 7.990648e+06 	
6.32760344e+06 	 1.000000e-20 	 7.556471e+06 	
7.04727789e+06 	 1.000000e-20 	 7.147448e+06 	
7.84880503e+06 	 1.000000e-20 	 6.761873e+06 	
8.74149441e+06 	 1.000000e-20 	 6.398196e+06 	
9.73571446e+06 	 1.000000e-20 	 6.055000e+06 	
1.08430128e+07 	 1.000000e-20 	 5.730989e+06 	
1.20762506e+07 	 1.000000e-20 	 5.424970e+06 	
1.34497514e+07 	 1.000000e-20 	 5.135842e+06 	
1.49794684e+07 	 1.000000e-20 	 4.862588e+06 	
1.66831689e+07 	 1.000000e-20 	 4.604265e+06 	
1.85806409e+07 	 1.000000e-20 	 4.359998e+06 	
2.06939232e+07 	 1.000000e-20 	 4.128970e+06 	
2.30475612e+07 	 1.000000e-20 	 3.910421e+06 	
2.56688918e+07 	 1.000000e-20 	 3.703642e+06 	
2.85883614e+07 	 1.000000e-20 	 3.507967e+06 	
3.18398789e+07 	 1.000000e-20 	 3.322775e+06 	
3.54612100e+07 	 1.000000e-20 	 3.147482e+06 	
3.94944158e+07 	 1.000000e-20 	 2.981541e+06 	
4.39863411e+07 	 1.000000e-20 	 2.824436e+06 	
4.89891587e+07 	 1.000000e-20 	 2.675685e+06 	
5.45609752e+07 	 1.000000e-20 	 2.534831e+06 	
6.07665063e+07 	 1.000000e-20 	 2.401446e+06 	
6.76778279e+07 	 1.000000e-20 	 2.275126e+06 	
7.53752135e+07 	 1.000000e-20 	 2.155489e+06 	
8.39480666e+07 	 1.000000e-20 	 2.042177e+06 	
9.34959593e+07 	 1.000000e-20 	 1.934849e+06 	
1.04129788e+08 	 1.000000e-20 	 1.833186e+06 	
1.15973063e+08 	 1.000000e-20 	 1.736885e+06 	
1.29163342e+08 	 1.000000e-20 	 1.645660e+06 	
1.43853826e+08 	 1.000000e-20 	 1.559241e+06 	
1.60215142e+08 	 1.000000e-20 	 1.477372e+06 	
1.78437325e+08 	 1.000000e-20 	 1.399813e+06 	
1.98732020e+08 	 1.000000e-20 	 1.326334e+06 	
2.21334947e+08 	 1.000000e-20 	 1.256721e+06 	
2.46508633e+08 	 1.000000e-20 	 1.190767e+06 	
2.74545467e+08 	 1.000000e-20 	 1.128280e+06 	
3.05771090e+08 	 1.000000e-20 	 1.069077e+06 	
3.40548181e+08 	 1.000000e-20 	 1.012985e+06 	
3.79280669e+08 	 1.000000e-20 	 9.598388e+05 	
4.22418424e+08 	 1.000000e-20 	 9.094840e+05 	
4.70462482e+08 	 1.000000e-20 	 8.617734e+05 	
5.23970865e+08 	 1.000000e-20 	 8.165677e+05 	
5.83565061e+08 	 1.000000e-20 	 7.737351e+05 	
6.49937246e+08 	 1.000000e-20 	 7.331508e+05 	
7.23858318e+08 	 1.000000e-20 	 6.946966e+05 	
8.06186856e+08 	 1.000000e-20 	 6.582604e+05 	
8.97879087e+08 	 1.000000e-20 	 6.237362e+05 	
1.00000000e+09 	 1.000000e-20 	 5.910235e+05 	
