r (cm)        	 rho (g/cm3) 	 T (K)       		 Linf = 3.509338e+38
1.20004166e+06 	 1.197055e+05 	 1.270104e+09 	
1.20007892e+06 	 1.140604e+05 	 1.254748e+09 	
1.20017730e+06 	 1.002158e+05 	 1.214546e+09 	
1.20027567e+06 	 8.780651e+04 	 1.174845e+09 	
1.20037405e+06 	 7.671312e+04 	 1.135660e+09 	
1.20047242e+06 	 6.682336e+04 	 1.097009e+09 	
1.20057080e+06 	 5.803168e+04 	 1.058907e+09 	
1.20066548e+06 	 5.051465e+04 	 1.022770e+09 	
1.20076016e+06 	 4.384060e+04 	 9.871727e+08 	
1.20085485e+06 	 3.793227e+04 	 9.521324e+08 	
1.20094953e+06 	 3.271756e+04 	 9.176651e+08 	
1.20102808e+06 	 2.886953e+04 	 8.895169e+08 	
1.20110664e+06 	 2.541681e+04 	 8.617843e+08 	
1.20118519e+06 	 2.232582e+04 	 8.344772e+08 	
1.20126374e+06 	 1.956505e+04 	 8.076055e+08 	
1.20134229e+06 	 1.710510e+04 	 7.811793e+08 	
1.20141908e+06 	 1.496499e+04 	 7.557892e+08 	
1.20149586e+06 	 1.306219e+04 	 7.308438e+08 	
1.20157264e+06 	 1.137448e+04 	 7.063526e+08 	
1.20164942e+06 	 9.881275e+03 	 6.823252e+08 	
1.20171320e+06 	 8.775003e+03 	 6.627244e+08 	
1.20177699e+06 	 7.779600e+03 	 6.434554e+08 	
1.20184077e+06 	 6.885567e+03 	 6.245235e+08 	
1.20190455e+06 	 6.084047e+03 	 6.059338e+08 	
1.20196834e+06 	 5.366796e+03 	 5.876914e+08 	
1.20203212e+06 	 4.726152e+03 	 5.698012e+08 	
1.20209670e+06 	 4.148292e+03 	 5.520513e+08 	
1.20216128e+06 	 3.634868e+03 	 5.346722e+08 	
1.20222586e+06 	 3.179592e+03 	 5.176685e+08 	
1.20227932e+06 	 2.842587e+03 	 5.038810e+08 	
1.20233278e+06 	 2.538411e+03 	 4.903560e+08 	
1.20238623e+06 	 2.264240e+03 	 4.770958e+08 	
1.20243969e+06 	 2.017451e+03 	 4.641023e+08 	
1.20249314e+06 	 1.795611e+03 	 4.513774e+08 	
1.20254660e+06 	 1.596469e+03 	 4.389231e+08 	
1.20260005e+06 	 1.417942e+03 	 4.267406e+08 	
1.20265351e+06 	 1.258112e+03 	 4.148315e+08 	
1.20270996e+06 	 1.107681e+03 	 4.025540e+08 	
1.20275648e+06 	 9.965298e+02 	 3.926658e+08 	
1.20280300e+06 	 8.959190e+02 	 3.829868e+08 	
1.20284953e+06 	 8.049368e+02 	 3.735172e+08 	
1.20289605e+06 	 7.227402e+02 	 3.642572e+08 	
1.20294257e+06 	 6.485502e+02 	 3.552070e+08 	
1.20298910e+06 	 5.816483e+02 	 3.463664e+08 	
1.20303562e+06 	 5.213726e+02 	 3.377352e+08 	
1.20308214e+06 	 4.671142e+02 	 3.293129e+08 	
1.20312867e+06 	 4.183136e+02 	 3.210990e+08 	
1.20317519e+06 	 3.744579e+02 	 3.130928e+08 	
1.20322171e+06 	 3.350771e+02 	 3.052933e+08 	
1.20326824e+06 	 2.997414e+02 	 2.976995e+08 	
1.20331138e+06 	 2.702444e+02 	 2.908400e+08 	
1.20335452e+06 	 2.436019e+02 	 2.841551e+08 	
1.20339767e+06 	 2.195511e+02 	 2.776438e+08 	
1.20344081e+06 	 1.978516e+02 	 2.713045e+08 	
1.20348396e+06 	 1.782831e+02 	 2.651358e+08 	
1.20352710e+06 	 1.606447e+02 	 2.591360e+08 	
1.20357024e+06 	 1.447527e+02 	 2.533035e+08 	
1.20361339e+06 	 1.304398e+02 	 2.476363e+08 	
1.20365653e+06 	 1.175537e+02 	 2.421326e+08 	
1.20369968e+06 	 1.059558e+02 	 2.367901e+08 	
1.20374282e+06 	 9.552018e+01 	 2.316067e+08 	
1.20378597e+06 	 8.613251e+01 	 2.265801e+08 	
1.20382911e+06 	 7.768916e+01 	 2.217079e+08 	
1.20387225e+06 	 7.009625e+01 	 2.169876e+08 	
1.20391540e+06 	 6.326884e+01 	 2.124165e+08 	
1.20395854e+06 	 5.713011e+01 	 2.079920e+08 	
1.20400169e+06 	 5.161067e+01 	 2.037114e+08 	
1.20404483e+06 	 4.664789e+01 	 1.995718e+08 	
1.20408797e+06 	 4.218531e+01 	 1.955702e+08 	
1.20413587e+06 	 3.775569e+01 	 1.912863e+08 	
1.20418376e+06 	 3.381749e+01 	 1.871648e+08 	
1.20423166e+06 	 3.031528e+01 	 1.832014e+08 	
1.20427955e+06 	 2.719977e+01 	 1.793920e+08 	
1.20432744e+06 	 2.442720e+01 	 1.757321e+08 	
1.20437534e+06 	 2.195873e+01 	 1.722175e+08 	
1.20442323e+06 	 1.975992e+01 	 1.688438e+08 	
1.20447112e+06 	 1.780021e+01 	 1.656066e+08 	
1.20451902e+06 	 1.605256e+01 	 1.625015e+08 	
1.20456691e+06 	 1.449298e+01 	 1.595241e+08 	
1.20461480e+06 	 1.310027e+01 	 1.566702e+08 	
1.20466270e+06 	 1.185562e+01 	 1.539354e+08 	
1.20471059e+06 	 1.074241e+01 	 1.513154e+08 	
1.20475848e+06 	 9.745920e+00 	 1.488060e+08 	
1.20480638e+06 	 8.853128e+00 	 1.464031e+08 	
1.20485427e+06 	 8.052508e+00 	 1.441026e+08 	
1.20490216e+06 	 7.333860e+00 	 1.419005e+08 	
1.20495006e+06 	 6.688157e+00 	 1.397928e+08 	
1.20499795e+06 	 6.107406e+00 	 1.377758e+08 	
1.20505746e+06 	 5.465748e+00 	 1.353904e+08 	
1.20511696e+06 	 4.901627e+00 	 1.331321e+08 	
1.20517647e+06 	 4.404836e+00 	 1.309942e+08 	
1.20523597e+06 	 3.966584e+00 	 1.289704e+08 	
1.20529548e+06 	 3.579295e+00 	 1.270543e+08 	
1.20535498e+06 	 3.236436e+00 	 1.252401e+08 	
1.20541449e+06 	 2.932364e+00 	 1.235220e+08 	
1.20547399e+06 	 2.662204e+00 	 1.218948e+08 	
1.20553350e+06 	 2.421738e+00 	 1.203531e+08 	
1.20559301e+06 	 2.207314e+00 	 1.188921e+08 	
1.20566702e+06 	 1.972211e+00 	 1.171805e+08 	
1.20574103e+06 	 1.767312e+00 	 1.155782e+08 	
1.20581505e+06 	 1.588240e+00 	 1.140774e+08 	
1.20588906e+06 	 1.431304e+00 	 1.126706e+08 	
1.20596307e+06 	 1.293393e+00 	 1.113512e+08 	
1.20603708e+06 	 1.171872e+00 	 1.101127e+08 	
1.20611110e+06 	 1.064508e+00 	 1.089495e+08 	
1.20618511e+06 	 9.694033e-01 	 1.078560e+08 	
1.20625912e+06 	 8.849421e-01 	 1.068273e+08 	
1.20635506e+06 	 7.890733e-01 	 1.055827e+08 	
1.20645099e+06 	 7.062661e-01 	 1.044300e+08 	
1.20654692e+06 	 6.344537e-01 	 1.033608e+08 	
1.20664285e+06 	 5.719338e-01 	 1.023677e+08 	
1.20673879e+06 	 5.172987e-01 	 1.014438e+08 	
1.20683472e+06 	 4.693799e-01 	 1.005831e+08 	
1.20695708e+06 	 4.164803e-01 	 9.956844e+07 	
1.20707945e+06 	 3.712833e-01 	 9.863755e+07 	
1.20720181e+06 	 3.324643e-01 	 9.778158e+07 	
1.20732418e+06 	 2.989558e-01 	 9.699271e+07 	
1.20744654e+06 	 2.698928e-01 	 9.626407e+07 	
1.20759550e+06 	 2.395044e-01 	 9.544969e+07 	
1.20774445e+06 	 2.136443e-01 	 9.470610e+07 	
1.20789340e+06 	 1.915044e-01 	 9.402512e+07 	
1.20804235e+06 	 1.724413e-01 	 9.339965e+07 	
1.20819131e+06 	 1.559390e-01 	 9.282359e+07 	
1.20841191e+06 	 1.353358e-01 	 9.205000e+07 	
1.20863251e+06 	 1.183980e-01 	 9.135862e+07 	
1.20885312e+06 	 1.043399e-01 	 9.073748e+07 	
1.20907372e+06 	 9.256874e-02 	 9.017668e+07 	
1.20933991e+06 	 8.077407e-02 	 8.956878e+07 	
1.20960610e+06 	 7.105611e-02 	 8.902503e+07 	
1.20987228e+06 	 6.296953e-02 	 8.853584e+07 	
1.21013847e+06 	 5.617924e-02 	 8.809337e+07 	
1.21053760e+06 	 4.788505e-02 	 8.750363e+07 	
1.21093673e+06 	 4.131446e-02 	 8.698724e+07 	
1.21133586e+06 	 3.603087e-02 	 8.653090e+07 	
1.21190658e+06 	 3.011685e-02 	 8.596257e+07 	
1.21247730e+06 	 2.559871e-02 	 8.547334e+07 	
1.21304803e+06 	 2.207506e-02 	 8.504658e+07 	
1.21370399e+06 	 1.890964e-02 	 8.461741e+07 	
1.21435995e+06 	 1.643150e-02 	 8.424066e+07 	
1.21501592e+06 	 1.445657e-02 	 8.390601e+07 	
1.21602784e+06 	 1.211521e-02 	 8.345486e+07 	
1.21703976e+06 	 1.037261e-02 	 8.306503e+07 	
1.21822680e+06 	 8.842705e-03 	 8.266681e+07 	
1.21941385e+06 	 7.692939e-03 	 8.231728e+07 	
1.22060089e+06 	 6.806853e-03 	 8.200529e+07 	
1.22244269e+06 	 5.786384e-03 	 8.157747e+07 	
1.22358867e+06 	 5.303833e-03 	 8.133803e+07 	
1.22590156e+06 	 4.567127e-03 	 8.090141e+07 	
1.22782147e+06 	 4.121966e-03 	 8.057516e+07 	
1.23086993e+06 	 3.612066e-03 	 8.010555e+07 	
1.23332924e+06 	 3.316914e-03 	 7.975860e+07 	
1.23750592e+06 	 2.962441e-03 	 7.921507e+07 	
1.23980181e+06 	 2.820028e-03 	 7.893445e+07 	
1.24503798e+06 	 2.581708e-03 	 7.832836e+07 	
1.24916089e+06 	 2.449328e-03 	 7.787551e+07 	
1.25630988e+06 	 2.286195e-03 	 7.712492e+07 	
1.26124275e+06 	 2.203425e-03 	 7.662560e+07 	
1.27120711e+06 	 2.076248e-03 	 7.564967e+07 	
1.27735512e+06 	 2.013313e-03 	 7.506452e+07 	
1.29171175e+06 	 1.889609e-03 	 7.373774e+07 	
1.30134722e+06 	 1.817054e-03 	 7.287416e+07 	
1.30463475e+06 	 1.793559e-03 	 7.258404e+07 	
1.30496351e+06 	 1.791240e-03 	 7.255515e+07 	
1.30499638e+06 	 1.791009e-03 	 7.255226e+07 	
1.30499967e+06 	 1.790985e-03 	 7.255197e+07 	
1.30500000e+06 	 1.790983e-03 	 7.255194e+07 	
1.32000000e+06 	 1.690151e-03 	 7.125676e+07 	
1.34250000e+06 	 1.553622e-03 	 6.939338e+07 	
1.35750000e+06 	 1.470633e-03 	 6.820069e+07 	
1.37250000e+06 	 1.393186e-03 	 6.704537e+07 	
1.39500000e+06 	 1.286580e-03 	 6.537883e+07 	
1.41000000e+06 	 1.221219e-03 	 6.430977e+07 	
1.42500000e+06 	 1.160039e-03 	 6.327256e+07 	
1.44750000e+06 	 1.075353e-03 	 6.177346e+07 	
1.46250000e+06 	 1.023186e-03 	 6.080999e+07 	
1.48500000e+06 	 9.508568e-04 	 5.941577e+07 	
1.50000000e+06 	 9.062269e-04 	 5.851864e+07 	
1.51500000e+06 	 8.642387e-04 	 5.764619e+07 	
1.53750000e+06 	 8.057201e-04 	 5.638156e+07 	
1.55250000e+06 	 7.694491e-04 	 5.556649e+07 	
1.57500000e+06 	 7.189085e-04 	 5.438391e+07 	
1.59000000e+06 	 6.875124e-04 	 5.362094e+07 	
1.61250000e+06 	 6.436130e-04 	 5.251277e+07 	
1.63500000e+06 	 6.032231e-04 	 5.144603e+07 	
1.65000000e+06 	 5.780651e-04 	 5.075676e+07 	
1.67250000e+06 	 5.427640e-04 	 4.975413e+07 	
1.68750000e+06 	 5.207269e-04 	 4.910570e+07 	
1.71000000e+06 	 4.897722e-04 	 4.816171e+07 	
1.73250000e+06 	 4.610950e-04 	 4.725049e+07 	
1.74750000e+06 	 4.431690e-04 	 4.666044e+07 	
1.77000000e+06 	 4.178701e-04 	 4.580025e+07 	
1.79250000e+06 	 3.943866e-04 	 4.496875e+07 	
1.80750000e+06 	 3.796600e-04 	 4.442964e+07 	
1.83000000e+06 	 3.588238e-04 	 4.364282e+07 	
1.85250000e+06 	 3.394210e-04 	 4.288117e+07 	
1.86750000e+06 	 3.272331e-04 	 4.238684e+07 	
1.89000000e+06 	 3.099529e-04 	 4.166458e+07 	
1.91250000e+06 	 2.937999e-04 	 4.096451e+07 	
1.93500000e+06 	 2.787014e-04 	 4.028568e+07 	
1.95750000e+06 	 2.645775e-04 	 3.962716e+07 	
1.98000000e+06 	 2.513429e-04 	 3.898806e+07 	
2.00250000e+06 	 2.389282e-04 	 3.836753e+07 	
2.02500000e+06 	 2.272795e-04 	 3.776481e+07 	
2.04750000e+06 	 2.163417e-04 	 3.717918e+07 	
2.07000000e+06 	 2.060586e-04 	 3.660992e+07 	
2.09250000e+06 	 1.963817e-04 	 3.605635e+07 	
2.11500000e+06 	 1.872719e-04 	 3.551787e+07 	
2.13750000e+06 	 1.786904e-04 	 3.499389e+07 	
2.16000000e+06 	 1.705979e-04 	 3.448383e+07 	
2.18250000e+06 	 1.629612e-04 	 3.398716e+07 	
2.20500000e+06 	 1.557503e-04 	 3.350337e+07 	
2.22750000e+06 	 1.489357e-04 	 3.303197e+07 	
2.25000000e+06 	 1.424928e-04 	 3.257251e+07 	
2.27250000e+06 	 1.363975e-04 	 3.212456e+07 	
2.29500000e+06 	 1.306265e-04 	 3.168769e+07 	
2.31750000e+06 	 1.251586e-04 	 3.126151e+07 	
2.34000000e+06 	 1.199757e-04 	 3.084563e+07 	
2.36250000e+06 	 1.150598e-04 	 3.043971e+07 	
2.38500000e+06 	 1.103941e-04 	 3.004339e+07 	
2.40750000e+06 	 1.059640e-04 	 2.965634e+07 	
2.43000000e+06 	 1.017556e-04 	 2.927826e+07 	
2.45250000e+06 	 9.775392e-05 	 2.890883e+07 	
2.47500000e+06 	 9.394852e-05 	 2.854778e+07 	
2.49750000e+06 	 9.032683e-05 	 2.819483e+07 	
2.52000000e+06 	 8.687865e-05 	 2.784972e+07 	
2.54250000e+06 	 8.359305e-05 	 2.751218e+07 	
2.56500000e+06 	 8.046212e-05 	 2.718199e+07 	
2.58750000e+06 	 7.747715e-05 	 2.685891e+07 	
2.61000000e+06 	 7.462932e-05 	 2.654272e+07 	
2.63250000e+06 	 7.191114e-05 	 2.623321e+07 	
2.65500000e+06 	 6.931588e-05 	 2.593017e+07 	
2.67750000e+06 	 6.683621e-05 	 2.563340e+07 	
2.70000000e+06 	 6.446671e-05 	 2.534272e+07 	
2.72250000e+06 	 6.220139e-05 	 2.505795e+07 	
2.74500000e+06 	 6.003441e-05 	 2.477891e+07 	
2.76750000e+06 	 5.796102e-05 	 2.450545e+07 	
2.79000000e+06 	 5.597607e-05 	 2.423738e+07 	
2.81250000e+06 	 5.407507e-05 	 2.397457e+07 	
2.83500000e+06 	 5.225400e-05 	 2.371685e+07 	
2.85750000e+06 	 5.050855e-05 	 2.346410e+07 	
2.88000000e+06 	 4.883520e-05 	 2.321616e+07 	
2.90250000e+06 	 4.723018e-05 	 2.297292e+07 	
2.92500000e+06 	 4.569015e-05 	 2.273423e+07 	
2.94750000e+06 	 4.421212e-05 	 2.249997e+07 	
2.97000000e+06 	 4.279289e-05 	 2.227003e+07 	
2.99250000e+06 	 4.142986e-05 	 2.204429e+07 	
3.01500000e+06 	 4.012018e-05 	 2.182264e+07 	
3.03750000e+06 	 3.886137e-05 	 2.160497e+07 	
3.06000000e+06 	 3.765116e-05 	 2.139118e+07 	
3.08250000e+06 	 3.648716e-05 	 2.118116e+07 	
3.10500000e+06 	 3.536741e-05 	 2.097483e+07 	
3.12750000e+06 	 3.428969e-05 	 2.077209e+07 	
3.15000000e+06 	 3.325227e-05 	 2.057284e+07 	
3.17250000e+06 	 3.225332e-05 	 2.037700e+07 	
3.19500000e+06 	 3.129102e-05 	 2.018448e+07 	
3.21750000e+06 	 3.036390e-05 	 1.999521e+07 	
3.24000000e+06 	 2.947024e-05 	 1.980911e+07 	
3.26250000e+06 	 2.860871e-05 	 1.962609e+07 	
3.28500000e+06 	 2.777795e-05 	 1.944608e+07 	
3.30750000e+06 	 2.697651e-05 	 1.926902e+07 	
3.33000000e+06 	 2.620323e-05 	 1.909483e+07 	
3.35250000e+06 	 2.545695e-05 	 1.892344e+07 	
3.37500000e+06 	 2.473646e-05 	 1.875479e+07 	
3.39750000e+06 	 2.404070e-05 	 1.858881e+07 	
3.42000000e+06 	 2.336868e-05 	 1.842545e+07 	
3.44250000e+06 	 2.271937e-05 	 1.826464e+07 	
3.46500000e+06 	 2.209190e-05 	 1.810633e+07 	
3.48750000e+06 	 2.148539e-05 	 1.795046e+07 	
3.51000000e+06 	 2.089897e-05 	 1.779698e+07 	
3.53250000e+06 	 2.033183e-05 	 1.764583e+07 	
3.55500000e+06 	 1.978320e-05 	 1.749696e+07 	
3.57750000e+06 	 1.925239e-05 	 1.735032e+07 	
3.60000000e+06 	 1.873864e-05 	 1.720586e+07 	
3.62250000e+06 	 1.824135e-05 	 1.706354e+07 	
3.64500000e+06 	 1.775988e-05 	 1.692331e+07 	
3.66750000e+06 	 1.729358e-05 	 1.678512e+07 	
3.69000000e+06 	 1.684190e-05 	 1.664894e+07 	
3.71250000e+06 	 1.640429e-05 	 1.651471e+07 	
3.73500000e+06 	 1.598019e-05 	 1.638241e+07 	
3.75750000e+06 	 1.556913e-05 	 1.625198e+07 	
3.78000000e+06 	 1.517062e-05 	 1.612340e+07 	
3.80250000e+06 	 1.478418e-05 	 1.599662e+07 	
3.82500000e+06 	 1.440939e-05 	 1.587161e+07 	
3.84750000e+06 	 1.404579e-05 	 1.574832e+07 	
3.87000000e+06 	 1.369302e-05 	 1.562674e+07 	
3.89250000e+06 	 1.335065e-05 	 1.550681e+07 	
3.91500000e+06 	 1.301833e-05 	 1.538852e+07 	
3.93750000e+06 	 1.269570e-05 	 1.527182e+07 	
3.96000000e+06 	 1.238240e-05 	 1.515669e+07 	
3.98250000e+06 	 1.207813e-05 	 1.504309e+07 	
4.00500000e+06 	 1.178256e-05 	 1.493100e+07 	
4.02750000e+06 	 1.149539e-05 	 1.482039e+07 	
4.05000000e+06 	 1.121633e-05 	 1.471123e+07 	
4.07250000e+06 	 1.094509e-05 	 1.460349e+07 	
4.09500000e+06 	 1.068142e-05 	 1.449714e+07 	
4.11750000e+06 	 1.042506e-05 	 1.439216e+07 	
4.14000000e+06 	 1.017575e-05 	 1.428852e+07 	
4.16250000e+06 	 9.933277e-06 	 1.418621e+07 	
4.18500000e+06 	 9.697393e-06 	 1.408518e+07 	
4.20750000e+06 	 9.467890e-06 	 1.398543e+07 	
4.23000000e+06 	 9.244552e-06 	 1.388692e+07 	
4.25250000e+06 	 9.027177e-06 	 1.378964e+07 	
4.27500000e+06 	 8.815575e-06 	 1.369356e+07 	
4.29750000e+06 	 8.609551e-06 	 1.359866e+07 	
4.32000000e+06 	 8.408934e-06 	 1.350492e+07 	
4.34250000e+06 	 8.213546e-06 	 1.341232e+07 	
4.36500000e+06 	 8.023219e-06 	 1.332084e+07 	
4.38750000e+06 	 7.837796e-06 	 1.323046e+07 	
4.41000000e+06 	 7.657117e-06 	 1.314117e+07 	
4.43250000e+06 	 7.481038e-06 	 1.305293e+07 	
4.45500000e+06 	 7.309410e-06 	 1.296574e+07 	
4.50000000e+06 	 6.978972e-06 	 1.279441e+07 	
4.50050050e+06 	 6.975390e-06 	 1.279253e+07 	
4.50100100e+06 	 6.971810e-06 	 1.279065e+07 	
4.50150150e+06 	 6.968232e-06 	 1.278877e+07 	
4.50200200e+06 	 6.964655e-06 	 1.278689e+07 	
4.50250250e+06 	 6.961081e-06 	 1.278500e+07 	
4.50300300e+06 	 6.957509e-06 	 1.278312e+07 	
4.50350350e+06 	 6.953939e-06 	 1.278124e+07 	
4.50400400e+06 	 6.950371e-06 	 1.277936e+07 	
4.50450450e+06 	 6.946805e-06 	 1.277749e+07 	
4.50500501e+06 	 6.943240e-06 	 1.277561e+07 	
4.50550551e+06 	 6.939678e-06 	 1.277373e+07 	
4.50600601e+06 	 6.936118e-06 	 1.277185e+07 	
4.50650651e+06 	 6.932560e-06 	 1.276997e+07 	
4.50700701e+06 	 6.929004e-06 	 1.276810e+07 	
4.50750751e+06 	 6.925449e-06 	 1.276622e+07 	
4.50800801e+06 	 6.921897e-06 	 1.276435e+07 	
4.50850851e+06 	 6.918347e-06 	 1.276247e+07 	
4.50900901e+06 	 6.914799e-06 	 1.276060e+07 	
4.50950951e+06 	 6.911252e-06 	 1.275872e+07 	
4.51001001e+06 	 6.907708e-06 	 1.275685e+07 	
4.51051051e+06 	 6.904166e-06 	 1.275498e+07 	
4.51101101e+06 	 6.900625e-06 	 1.275310e+07 	
4.51151151e+06 	 6.897087e-06 	 1.275123e+07 	
4.51201201e+06 	 6.893551e-06 	 1.274936e+07 	
4.51251251e+06 	 6.890016e-06 	 1.274749e+07 	
4.51301301e+06 	 6.886484e-06 	 1.274562e+07 	
4.51351351e+06 	 6.882953e-06 	 1.274375e+07 	
4.51401401e+06 	 6.879425e-06 	 1.274188e+07 	
4.51451451e+06 	 6.875898e-06 	 1.274001e+07 	
4.51501502e+06 	 6.872373e-06 	 1.273814e+07 	
4.51551552e+06 	 6.868851e-06 	 1.273627e+07 	
4.51601602e+06 	 6.865330e-06 	 1.273440e+07 	
4.51651652e+06 	 6.861811e-06 	 1.273254e+07 	
4.51701702e+06 	 6.858295e-06 	 1.273067e+07 	
4.51751752e+06 	 6.854780e-06 	 1.272880e+07 	
4.51801802e+06 	 6.851267e-06 	 1.272694e+07 	
4.51851852e+06 	 6.847756e-06 	 1.272507e+07 	
4.51901902e+06 	 6.844247e-06 	 1.272321e+07 	
4.51951952e+06 	 6.840740e-06 	 1.272134e+07 	
4.52002002e+06 	 6.837235e-06 	 1.271948e+07 	
4.52052052e+06 	 6.833732e-06 	 1.271761e+07 	
4.52102102e+06 	 6.830231e-06 	 1.271575e+07 	
4.52152152e+06 	 6.826732e-06 	 1.271389e+07 	
4.52202202e+06 	 6.823234e-06 	 1.271203e+07 	
4.52252252e+06 	 6.819739e-06 	 1.271017e+07 	
4.52302302e+06 	 6.816246e-06 	 1.270830e+07 	
4.52352352e+06 	 6.812754e-06 	 1.270644e+07 	
4.52402402e+06 	 6.809265e-06 	 1.270458e+07 	
4.52452452e+06 	 6.805777e-06 	 1.270272e+07 	
4.52502503e+06 	 6.802292e-06 	 1.270086e+07 	
4.52552553e+06 	 6.798808e-06 	 1.269901e+07 	
4.52602603e+06 	 6.795326e-06 	 1.269715e+07 	
4.52652653e+06 	 6.791847e-06 	 1.269529e+07 	
4.52702703e+06 	 6.788369e-06 	 1.269343e+07 	
4.52752753e+06 	 6.784893e-06 	 1.269158e+07 	
4.52802803e+06 	 6.781419e-06 	 1.268972e+07 	
4.52852853e+06 	 6.777947e-06 	 1.268786e+07 	
4.52902903e+06 	 6.774477e-06 	 1.268601e+07 	
4.52952953e+06 	 6.771008e-06 	 1.268415e+07 	
4.53003003e+06 	 6.767542e-06 	 1.268230e+07 	
4.53053053e+06 	 6.764078e-06 	 1.268045e+07 	
4.53103103e+06 	 6.760615e-06 	 1.267859e+07 	
4.53153153e+06 	 6.757155e-06 	 1.267674e+07 	
4.53203203e+06 	 6.753696e-06 	 1.267489e+07 	
4.53253253e+06 	 6.750240e-06 	 1.267304e+07 	
4.53303303e+06 	 6.746785e-06 	 1.267118e+07 	
4.53353353e+06 	 6.743332e-06 	 1.266933e+07 	
4.53403403e+06 	 6.739881e-06 	 1.266748e+07 	
4.53453453e+06 	 6.736432e-06 	 1.266563e+07 	
4.53503504e+06 	 6.732985e-06 	 1.266378e+07 	
4.53553554e+06 	 6.729540e-06 	 1.266193e+07 	
4.53603604e+06 	 6.726097e-06 	 1.266009e+07 	
4.53653654e+06 	 6.722655e-06 	 1.265824e+07 	
4.53703704e+06 	 6.719216e-06 	 1.265639e+07 	
4.53753754e+06 	 6.715778e-06 	 1.265454e+07 	
4.53803804e+06 	 6.712343e-06 	 1.265270e+07 	
4.53853854e+06 	 6.708909e-06 	 1.265085e+07 	
4.53903904e+06 	 6.705477e-06 	 1.264900e+07 	
4.53953954e+06 	 6.702047e-06 	 1.264716e+07 	
4.54004004e+06 	 6.698619e-06 	 1.264531e+07 	
4.54054054e+06 	 6.695193e-06 	 1.264347e+07 	
4.54104104e+06 	 6.691769e-06 	 1.264163e+07 	
4.54154154e+06 	 6.688346e-06 	 1.263978e+07 	
4.54204204e+06 	 6.684926e-06 	 1.263794e+07 	
4.54254254e+06 	 6.681507e-06 	 1.263610e+07 	
4.54304304e+06 	 6.678091e-06 	 1.263426e+07 	
4.54354354e+06 	 6.674676e-06 	 1.263241e+07 	
4.54404404e+06 	 6.671263e-06 	 1.263057e+07 	
4.54454454e+06 	 6.667852e-06 	 1.262873e+07 	
4.54504505e+06 	 6.664443e-06 	 1.262689e+07 	
4.54554555e+06 	 6.661035e-06 	 1.262505e+07 	
4.54604605e+06 	 6.657630e-06 	 1.262321e+07 	
4.54654655e+06 	 6.654227e-06 	 1.262138e+07 	
4.54704705e+06 	 6.650825e-06 	 1.261954e+07 	
4.54754755e+06 	 6.647425e-06 	 1.261770e+07 	
4.54804805e+06 	 6.644027e-06 	 1.261586e+07 	
4.54854855e+06 	 6.640632e-06 	 1.261403e+07 	
4.54904905e+06 	 6.637237e-06 	 1.261219e+07 	
4.54954955e+06 	 6.633845e-06 	 1.261035e+07 	
4.55005005e+06 	 6.630455e-06 	 1.260852e+07 	
4.55055055e+06 	 6.627066e-06 	 1.260668e+07 	
4.55105105e+06 	 6.623680e-06 	 1.260485e+07 	
4.55155155e+06 	 6.620295e-06 	 1.260302e+07 	
4.55205205e+06 	 6.616912e-06 	 1.260118e+07 	
4.55255255e+06 	 6.613531e-06 	 1.259935e+07 	
4.55305305e+06 	 6.610152e-06 	 1.259752e+07 	
4.55355355e+06 	 6.606775e-06 	 1.259569e+07 	
4.55405405e+06 	 6.603400e-06 	 1.259385e+07 	
4.55455455e+06 	 6.600026e-06 	 1.259202e+07 	
4.55505506e+06 	 6.596655e-06 	 1.259019e+07 	
4.55555556e+06 	 6.593285e-06 	 1.258836e+07 	
4.55605606e+06 	 6.589917e-06 	 1.258653e+07 	
4.55655656e+06 	 6.586551e-06 	 1.258470e+07 	
4.55705706e+06 	 6.583187e-06 	 1.258287e+07 	
4.55755756e+06 	 6.579824e-06 	 1.258105e+07 	
4.55805806e+06 	 6.576464e-06 	 1.257922e+07 	
4.55855856e+06 	 6.573105e-06 	 1.257739e+07 	
4.55905906e+06 	 6.569748e-06 	 1.257556e+07 	
4.55955956e+06 	 6.566393e-06 	 1.257374e+07 	
4.56006006e+06 	 6.563040e-06 	 1.257191e+07 	
4.56056056e+06 	 6.559689e-06 	 1.257009e+07 	
4.56106106e+06 	 6.556339e-06 	 1.256826e+07 	
4.56156156e+06 	 6.552992e-06 	 1.256644e+07 	
4.56206206e+06 	 6.549646e-06 	 1.256461e+07 	
4.56256256e+06 	 6.546302e-06 	 1.256279e+07 	
4.56306306e+06 	 6.542960e-06 	 1.256097e+07 	
4.56356356e+06 	 6.539620e-06 	 1.255914e+07 	
4.56406406e+06 	 6.536281e-06 	 1.255732e+07 	
4.56456456e+06 	 6.532945e-06 	 1.255550e+07 	
4.56506507e+06 	 6.529610e-06 	 1.255368e+07 	
4.56556557e+06 	 6.526277e-06 	 1.255186e+07 	
4.56606607e+06 	 6.522946e-06 	 1.255004e+07 	
4.56656657e+06 	 6.519617e-06 	 1.254822e+07 	
4.56706707e+06 	 6.516289e-06 	 1.254640e+07 	
4.56756757e+06 	 6.512964e-06 	 1.254458e+07 	
4.56806807e+06 	 6.509640e-06 	 1.254276e+07 	
4.56856857e+06 	 6.506318e-06 	 1.254095e+07 	
4.56906907e+06 	 6.502998e-06 	 1.253913e+07 	
4.56956957e+06 	 6.499680e-06 	 1.253731e+07 	
4.57007007e+06 	 6.496363e-06 	 1.253549e+07 	
4.57057057e+06 	 6.493048e-06 	 1.253368e+07 	
4.57107107e+06 	 6.489736e-06 	 1.253186e+07 	
4.57157157e+06 	 6.486424e-06 	 1.253005e+07 	
4.57207207e+06 	 6.483115e-06 	 1.252823e+07 	
4.57257257e+06 	 6.479808e-06 	 1.252642e+07 	
4.57307307e+06 	 6.476502e-06 	 1.252460e+07 	
4.57357357e+06 	 6.473198e-06 	 1.252279e+07 	
4.57407407e+06 	 6.469896e-06 	 1.252098e+07 	
4.57457457e+06 	 6.466596e-06 	 1.251917e+07 	
4.57507508e+06 	 6.463298e-06 	 1.251735e+07 	
4.57557558e+06 	 6.460001e-06 	 1.251554e+07 	
4.57607608e+06 	 6.456707e-06 	 1.251373e+07 	
4.57657658e+06 	 6.453414e-06 	 1.251192e+07 	
4.57707708e+06 	 6.450123e-06 	 1.251011e+07 	
4.57757758e+06 	 6.446833e-06 	 1.250830e+07 	
4.57807808e+06 	 6.443546e-06 	 1.250649e+07 	
4.57857858e+06 	 6.440260e-06 	 1.250468e+07 	
4.57907908e+06 	 6.436976e-06 	 1.250288e+07 	
4.57957958e+06 	 6.433694e-06 	 1.250107e+07 	
4.58008008e+06 	 6.430414e-06 	 1.249926e+07 	
4.58058058e+06 	 6.427135e-06 	 1.249745e+07 	
4.58108108e+06 	 6.423858e-06 	 1.249565e+07 	
4.58158158e+06 	 6.420583e-06 	 1.249384e+07 	
4.58208208e+06 	 6.417310e-06 	 1.249204e+07 	
4.58258258e+06 	 6.414039e-06 	 1.249023e+07 	
4.58308308e+06 	 6.410769e-06 	 1.248843e+07 	
4.58358358e+06 	 6.407502e-06 	 1.248662e+07 	
4.58408408e+06 	 6.404236e-06 	 1.248482e+07 	
4.58458458e+06 	 6.400971e-06 	 1.248302e+07 	
4.58508509e+06 	 6.397709e-06 	 1.248121e+07 	
4.58558559e+06 	 6.394448e-06 	 1.247941e+07 	
4.58608609e+06 	 6.391190e-06 	 1.247761e+07 	
4.58658659e+06 	 6.387932e-06 	 1.247581e+07 	
4.58708709e+06 	 6.384677e-06 	 1.247401e+07 	
4.58758759e+06 	 6.381424e-06 	 1.247221e+07 	
4.58808809e+06 	 6.378172e-06 	 1.247041e+07 	
4.58858859e+06 	 6.374922e-06 	 1.246861e+07 	
4.58908909e+06 	 6.371674e-06 	 1.246681e+07 	
4.58958959e+06 	 6.368427e-06 	 1.246501e+07 	
4.59009009e+06 	 6.365183e-06 	 1.246321e+07 	
4.59059059e+06 	 6.361940e-06 	 1.246142e+07 	
4.59109109e+06 	 6.358699e-06 	 1.245962e+07 	
4.59159159e+06 	 6.355459e-06 	 1.245782e+07 	
4.59209209e+06 	 6.352222e-06 	 1.245603e+07 	
4.59259259e+06 	 6.348986e-06 	 1.245423e+07 	
4.59309309e+06 	 6.345752e-06 	 1.245244e+07 	
4.59359359e+06 	 6.342520e-06 	 1.245064e+07 	
4.59409409e+06 	 6.339289e-06 	 1.244885e+07 	
4.59459459e+06 	 6.336061e-06 	 1.244705e+07 	
4.59509510e+06 	 6.332834e-06 	 1.244526e+07 	
4.59559560e+06 	 6.329609e-06 	 1.244347e+07 	
4.59609610e+06 	 6.326385e-06 	 1.244167e+07 	
4.59659660e+06 	 6.323163e-06 	 1.243988e+07 	
4.59709710e+06 	 6.319944e-06 	 1.243809e+07 	
4.59759760e+06 	 6.316725e-06 	 1.243630e+07 	
4.59809810e+06 	 6.313509e-06 	 1.243451e+07 	
4.59859860e+06 	 6.310294e-06 	 1.243272e+07 	
4.59909910e+06 	 6.307081e-06 	 1.243093e+07 	
4.59959960e+06 	 6.303870e-06 	 1.242914e+07 	
4.60010010e+06 	 6.300661e-06 	 1.242735e+07 	
4.60060060e+06 	 6.297453e-06 	 1.242556e+07 	
4.60110110e+06 	 6.294247e-06 	 1.242377e+07 	
4.60160160e+06 	 6.291043e-06 	 1.242199e+07 	
4.60210210e+06 	 6.287841e-06 	 1.242020e+07 	
4.60260260e+06 	 6.284640e-06 	 1.241841e+07 	
4.60310310e+06 	 6.281441e-06 	 1.241663e+07 	
4.60360360e+06 	 6.278244e-06 	 1.241484e+07 	
4.60410410e+06 	 6.275049e-06 	 1.241306e+07 	
4.60460460e+06 	 6.271855e-06 	 1.241127e+07 	
4.60510511e+06 	 6.268663e-06 	 1.240949e+07 	
4.60560561e+06 	 6.265473e-06 	 1.240770e+07 	
4.60610611e+06 	 6.262284e-06 	 1.240592e+07 	
4.60660661e+06 	 6.259097e-06 	 1.240414e+07 	
4.60710711e+06 	 6.255912e-06 	 1.240235e+07 	
4.60760761e+06 	 6.252729e-06 	 1.240057e+07 	
4.60810811e+06 	 6.249548e-06 	 1.239879e+07 	
4.60860861e+06 	 6.246368e-06 	 1.239701e+07 	
4.60910911e+06 	 6.243190e-06 	 1.239523e+07 	
4.60960961e+06 	 6.240013e-06 	 1.239345e+07 	
4.61011011e+06 	 6.236839e-06 	 1.239167e+07 	
4.61061061e+06 	 6.233666e-06 	 1.238989e+07 	
4.61111111e+06 	 6.230495e-06 	 1.238811e+07 	
4.61161161e+06 	 6.227325e-06 	 1.238633e+07 	
4.61211211e+06 	 6.224157e-06 	 1.238455e+07 	
4.61261261e+06 	 6.220991e-06 	 1.238278e+07 	
4.61311311e+06 	 6.217827e-06 	 1.238100e+07 	
4.61361361e+06 	 6.214664e-06 	 1.237922e+07 	
4.61411411e+06 	 6.211504e-06 	 1.237745e+07 	
4.61461461e+06 	 6.208344e-06 	 1.237567e+07 	
4.61511512e+06 	 6.205187e-06 	 1.237390e+07 	
4.61561562e+06 	 6.202031e-06 	 1.237212e+07 	
4.61611612e+06 	 6.198877e-06 	 1.237035e+07 	
4.61661662e+06 	 6.195725e-06 	 1.236857e+07 	
4.61711712e+06 	 6.192574e-06 	 1.236680e+07 	
4.61761762e+06 	 6.189426e-06 	 1.236503e+07 	
4.61811812e+06 	 6.186278e-06 	 1.236325e+07 	
4.61861862e+06 	 6.183133e-06 	 1.236148e+07 	
4.61911912e+06 	 6.179989e-06 	 1.235971e+07 	
4.61961962e+06 	 6.176847e-06 	 1.235794e+07 	
4.62012012e+06 	 6.173707e-06 	 1.235617e+07 	
4.62062062e+06 	 6.170568e-06 	 1.235440e+07 	
4.62112112e+06 	 6.167431e-06 	 1.235263e+07 	
4.62162162e+06 	 6.164296e-06 	 1.235086e+07 	
4.62212212e+06 	 6.161162e-06 	 1.234909e+07 	
4.62262262e+06 	 6.158031e-06 	 1.234732e+07 	
4.62312312e+06 	 6.154900e-06 	 1.234555e+07 	
4.62362362e+06 	 6.151772e-06 	 1.234378e+07 	
4.62412412e+06 	 6.148645e-06 	 1.234202e+07 	
4.62462462e+06 	 6.145520e-06 	 1.234025e+07 	
4.62512513e+06 	 6.142397e-06 	 1.233848e+07 	
4.62562563e+06 	 6.139275e-06 	 1.233672e+07 	
4.62612613e+06 	 6.136155e-06 	 1.233495e+07 	
4.62662663e+06 	 6.133037e-06 	 1.233319e+07 	
4.62712713e+06 	 6.129920e-06 	 1.233142e+07 	
4.62762763e+06 	 6.126805e-06 	 1.232966e+07 	
4.62812813e+06 	 6.123692e-06 	 1.232790e+07 	
4.62862863e+06 	 6.120580e-06 	 1.232613e+07 	
4.62912913e+06 	 6.117471e-06 	 1.232437e+07 	
4.62962963e+06 	 6.114362e-06 	 1.232261e+07 	
4.63013013e+06 	 6.111256e-06 	 1.232085e+07 	
4.63063063e+06 	 6.108151e-06 	 1.231908e+07 	
4.63113113e+06 	 6.105048e-06 	 1.231732e+07 	
4.63163163e+06 	 6.101946e-06 	 1.231556e+07 	
4.63213213e+06 	 6.098847e-06 	 1.231380e+07 	
4.63263263e+06 	 6.095748e-06 	 1.231204e+07 	
4.63313313e+06 	 6.092652e-06 	 1.231028e+07 	
4.63363363e+06 	 6.089557e-06 	 1.230853e+07 	
4.63413413e+06 	 6.086464e-06 	 1.230677e+07 	
4.63463463e+06 	 6.083373e-06 	 1.230501e+07 	
4.63513514e+06 	 6.080283e-06 	 1.230325e+07 	
4.63563564e+06 	 6.077195e-06 	 1.230150e+07 	
4.63613614e+06 	 6.074108e-06 	 1.229974e+07 	
4.63663664e+06 	 6.071023e-06 	 1.229798e+07 	
4.63713714e+06 	 6.067940e-06 	 1.229623e+07 	
4.63763764e+06 	 6.064859e-06 	 1.229447e+07 	
4.63813814e+06 	 6.061779e-06 	 1.229272e+07 	
4.63863864e+06 	 6.058701e-06 	 1.229096e+07 	
4.63913914e+06 	 6.055624e-06 	 1.228921e+07 	
4.63963964e+06 	 6.052550e-06 	 1.228746e+07 	
4.64014014e+06 	 6.049476e-06 	 1.228570e+07 	
4.64064064e+06 	 6.046405e-06 	 1.228395e+07 	
4.64114114e+06 	 6.043335e-06 	 1.228220e+07 	
4.64164164e+06 	 6.040267e-06 	 1.228045e+07 	
4.64214214e+06 	 6.037200e-06 	 1.227870e+07 	
4.64264264e+06 	 6.034135e-06 	 1.227694e+07 	
4.64314314e+06 	 6.031072e-06 	 1.227519e+07 	
4.64364364e+06 	 6.028011e-06 	 1.227344e+07 	
4.64414414e+06 	 6.024951e-06 	 1.227170e+07 	
4.64464464e+06 	 6.021892e-06 	 1.226995e+07 	
4.64514515e+06 	 6.018836e-06 	 1.226820e+07 	
4.64564565e+06 	 6.015781e-06 	 1.226645e+07 	
4.64614615e+06 	 6.012727e-06 	 1.226470e+07 	
4.64664665e+06 	 6.009676e-06 	 1.226295e+07 	
4.64714715e+06 	 6.006626e-06 	 1.226121e+07 	
4.64764765e+06 	 6.003577e-06 	 1.225946e+07 	
4.64814815e+06 	 6.000530e-06 	 1.225772e+07 	
4.64864865e+06 	 5.997485e-06 	 1.225597e+07 	
4.64914915e+06 	 5.994442e-06 	 1.225423e+07 	
4.64964965e+06 	 5.991400e-06 	 1.225248e+07 	
4.65015015e+06 	 5.988359e-06 	 1.225074e+07 	
4.65065065e+06 	 5.985321e-06 	 1.224899e+07 	
4.65115115e+06 	 5.982284e-06 	 1.224725e+07 	
4.65165165e+06 	 5.979248e-06 	 1.224551e+07 	
4.65215215e+06 	 5.976215e-06 	 1.224376e+07 	
4.65265265e+06 	 5.973183e-06 	 1.224202e+07 	
4.65315315e+06 	 5.970152e-06 	 1.224028e+07 	
4.65365365e+06 	 5.967123e-06 	 1.223854e+07 	
4.65415415e+06 	 5.964096e-06 	 1.223680e+07 	
4.65465465e+06 	 5.961071e-06 	 1.223506e+07 	
4.65515516e+06 	 5.958047e-06 	 1.223332e+07 	
4.65565566e+06 	 5.955024e-06 	 1.223158e+07 	
4.65615616e+06 	 5.952004e-06 	 1.222984e+07 	
4.65665666e+06 	 5.948984e-06 	 1.222810e+07 	
4.65715716e+06 	 5.945967e-06 	 1.222636e+07 	
4.65765766e+06 	 5.942951e-06 	 1.222463e+07 	
4.65815816e+06 	 5.939937e-06 	 1.222289e+07 	
4.65865866e+06 	 5.936924e-06 	 1.222115e+07 	
4.65915916e+06 	 5.933913e-06 	 1.221942e+07 	
4.65965966e+06 	 5.930904e-06 	 1.221768e+07 	
4.66016016e+06 	 5.927896e-06 	 1.221595e+07 	
4.66066066e+06 	 5.924890e-06 	 1.221421e+07 	
4.66116116e+06 	 5.921885e-06 	 1.221248e+07 	
4.66166166e+06 	 5.918882e-06 	 1.221074e+07 	
4.66216216e+06 	 5.915881e-06 	 1.220901e+07 	
4.66266266e+06 	 5.912881e-06 	 1.220728e+07 	
4.66316316e+06 	 5.909883e-06 	 1.220554e+07 	
4.66366366e+06 	 5.906887e-06 	 1.220381e+07 	
4.66416416e+06 	 5.903892e-06 	 1.220208e+07 	
4.66466466e+06 	 5.900898e-06 	 1.220035e+07 	
4.66516517e+06 	 5.897907e-06 	 1.219862e+07 	
4.66566567e+06 	 5.894916e-06 	 1.219689e+07 	
4.66616617e+06 	 5.891928e-06 	 1.219516e+07 	
4.66666667e+06 	 5.888941e-06 	 1.219343e+07 	
4.66716717e+06 	 5.885956e-06 	 1.219170e+07 	
4.66766767e+06 	 5.882972e-06 	 1.218997e+07 	
4.66816817e+06 	 5.879990e-06 	 1.218824e+07 	
4.66866867e+06 	 5.877009e-06 	 1.218651e+07 	
4.66916917e+06 	 5.874030e-06 	 1.218478e+07 	
4.66966967e+06 	 5.871053e-06 	 1.218306e+07 	
4.67017017e+06 	 5.868077e-06 	 1.218133e+07 	
4.67067067e+06 	 5.865103e-06 	 1.217960e+07 	
4.67117117e+06 	 5.862130e-06 	 1.217788e+07 	
4.67167167e+06 	 5.859159e-06 	 1.217615e+07 	
4.67217217e+06 	 5.856190e-06 	 1.217443e+07 	
4.67267267e+06 	 5.853222e-06 	 1.217270e+07 	
4.67317317e+06 	 5.850255e-06 	 1.217098e+07 	
4.67367367e+06 	 5.847291e-06 	 1.216925e+07 	
4.67417417e+06 	 5.844328e-06 	 1.216753e+07 	
4.67467467e+06 	 5.841366e-06 	 1.216581e+07 	
4.67517518e+06 	 5.838406e-06 	 1.216409e+07 	
4.67567568e+06 	 5.835448e-06 	 1.216236e+07 	
4.67617618e+06 	 5.832491e-06 	 1.216064e+07 	
4.67667668e+06 	 5.829536e-06 	 1.215892e+07 	
4.67717718e+06 	 5.826582e-06 	 1.215720e+07 	
4.67767768e+06 	 5.823630e-06 	 1.215548e+07 	
4.67817818e+06 	 5.820680e-06 	 1.215376e+07 	
4.67867868e+06 	 5.817731e-06 	 1.215204e+07 	
4.67917918e+06 	 5.814783e-06 	 1.215032e+07 	
4.67967968e+06 	 5.811838e-06 	 1.214860e+07 	
4.68018018e+06 	 5.808893e-06 	 1.214689e+07 	
4.68068068e+06 	 5.805951e-06 	 1.214517e+07 	
4.68118118e+06 	 5.803010e-06 	 1.214345e+07 	
4.68168168e+06 	 5.800070e-06 	 1.214173e+07 	
4.68218218e+06 	 5.797132e-06 	 1.214002e+07 	
4.68268268e+06 	 5.794196e-06 	 1.213830e+07 	
4.68318318e+06 	 5.791261e-06 	 1.213659e+07 	
4.68368368e+06 	 5.788328e-06 	 1.213487e+07 	
4.68418418e+06 	 5.785396e-06 	 1.213316e+07 	
4.68468468e+06 	 5.782466e-06 	 1.213144e+07 	
4.68518519e+06 	 5.779538e-06 	 1.212973e+07 	
4.68568569e+06 	 5.776611e-06 	 1.212802e+07 	
4.68618619e+06 	 5.773685e-06 	 1.212630e+07 	
4.68668669e+06 	 5.770761e-06 	 1.212459e+07 	
4.68718719e+06 	 5.767839e-06 	 1.212288e+07 	
4.68768769e+06 	 5.764918e-06 	 1.212117e+07 	
4.68818819e+06 	 5.761999e-06 	 1.211946e+07 	
4.68868869e+06 	 5.759081e-06 	 1.211774e+07 	
4.68918919e+06 	 5.756165e-06 	 1.211603e+07 	
4.68968969e+06 	 5.753251e-06 	 1.211432e+07 	
4.69019019e+06 	 5.750338e-06 	 1.211262e+07 	
4.69069069e+06 	 5.747426e-06 	 1.211091e+07 	
4.69119119e+06 	 5.744516e-06 	 1.210920e+07 	
4.69169169e+06 	 5.741608e-06 	 1.210749e+07 	
4.69219219e+06 	 5.738701e-06 	 1.210578e+07 	
4.69269269e+06 	 5.735796e-06 	 1.210407e+07 	
4.69319319e+06 	 5.732892e-06 	 1.210237e+07 	
4.69369369e+06 	 5.729990e-06 	 1.210066e+07 	
4.69419419e+06 	 5.727089e-06 	 1.209895e+07 	
4.69469469e+06 	 5.724190e-06 	 1.209725e+07 	
4.69519520e+06 	 5.721293e-06 	 1.209554e+07 	
4.69569570e+06 	 5.718397e-06 	 1.209384e+07 	
4.69619620e+06 	 5.715502e-06 	 1.209213e+07 	
4.69669670e+06 	 5.712609e-06 	 1.209043e+07 	
4.69719720e+06 	 5.709718e-06 	 1.208873e+07 	
4.69769770e+06 	 5.706828e-06 	 1.208702e+07 	
4.69819820e+06 	 5.703940e-06 	 1.208532e+07 	
4.69869870e+06 	 5.701053e-06 	 1.208362e+07 	
4.69919920e+06 	 5.698168e-06 	 1.208192e+07 	
4.69969970e+06 	 5.695284e-06 	 1.208022e+07 	
4.70020020e+06 	 5.692402e-06 	 1.207851e+07 	
4.70070070e+06 	 5.689521e-06 	 1.207681e+07 	
4.70120120e+06 	 5.686642e-06 	 1.207511e+07 	
4.70170170e+06 	 5.683764e-06 	 1.207341e+07 	
4.70220220e+06 	 5.680888e-06 	 1.207171e+07 	
4.70270270e+06 	 5.678014e-06 	 1.207002e+07 	
4.70320320e+06 	 5.675141e-06 	 1.206832e+07 	
4.70370370e+06 	 5.672269e-06 	 1.206662e+07 	
4.70420420e+06 	 5.669399e-06 	 1.206492e+07 	
4.70470470e+06 	 5.666531e-06 	 1.206322e+07 	
4.70520521e+06 	 5.663664e-06 	 1.206153e+07 	
4.70570571e+06 	 5.660798e-06 	 1.205983e+07 	
4.70620621e+06 	 5.657934e-06 	 1.205814e+07 	
4.70670671e+06 	 5.655072e-06 	 1.205644e+07 	
4.70720721e+06 	 5.652211e-06 	 1.205474e+07 	
4.70770771e+06 	 5.649352e-06 	 1.205305e+07 	
4.70820821e+06 	 5.646494e-06 	 1.205136e+07 	
4.70870871e+06 	 5.643637e-06 	 1.204966e+07 	
4.70920921e+06 	 5.640783e-06 	 1.204797e+07 	
4.70970971e+06 	 5.637929e-06 	 1.204628e+07 	
4.71021021e+06 	 5.635078e-06 	 1.204458e+07 	
4.71071071e+06 	 5.632227e-06 	 1.204289e+07 	
4.71121121e+06 	 5.629378e-06 	 1.204120e+07 	
4.71171171e+06 	 5.626531e-06 	 1.203951e+07 	
4.71221221e+06 	 5.623685e-06 	 1.203782e+07 	
4.71271271e+06 	 5.620841e-06 	 1.203613e+07 	
4.71321321e+06 	 5.617998e-06 	 1.203444e+07 	
4.71371371e+06 	 5.615157e-06 	 1.203275e+07 	
4.71421421e+06 	 5.612317e-06 	 1.203106e+07 	
4.71471471e+06 	 5.609479e-06 	 1.202937e+07 	
4.71521522e+06 	 5.606642e-06 	 1.202768e+07 	
4.71571572e+06 	 5.603807e-06 	 1.202599e+07 	
4.71621622e+06 	 5.600973e-06 	 1.202430e+07 	
4.71671672e+06 	 5.598141e-06 	 1.202262e+07 	
4.71721722e+06 	 5.595310e-06 	 1.202093e+07 	
4.71771772e+06 	 5.592481e-06 	 1.201924e+07 	
4.71821822e+06 	 5.589653e-06 	 1.201756e+07 	
4.71871872e+06 	 5.586827e-06 	 1.201587e+07 	
4.71921922e+06 	 5.584002e-06 	 1.201419e+07 	
4.71971972e+06 	 5.581179e-06 	 1.201250e+07 	
4.72022022e+06 	 5.578357e-06 	 1.201082e+07 	
4.72072072e+06 	 5.575537e-06 	 1.200914e+07 	
4.72122122e+06 	 5.572718e-06 	 1.200745e+07 	
4.72172172e+06 	 5.569900e-06 	 1.200577e+07 	
4.72222222e+06 	 5.567085e-06 	 1.200409e+07 	
4.72272272e+06 	 5.564270e-06 	 1.200241e+07 	
4.72322322e+06 	 5.561457e-06 	 1.200072e+07 	
4.72372372e+06 	 5.558646e-06 	 1.199904e+07 	
4.72422422e+06 	 5.555836e-06 	 1.199736e+07 	
4.72472472e+06 	 5.553027e-06 	 1.199568e+07 	
4.72522523e+06 	 5.550221e-06 	 1.199400e+07 	
4.72572573e+06 	 5.547415e-06 	 1.199232e+07 	
4.72622623e+06 	 5.544611e-06 	 1.199064e+07 	
4.72672673e+06 	 5.541808e-06 	 1.198896e+07 	
4.72722723e+06 	 5.539007e-06 	 1.198728e+07 	
4.72772773e+06 	 5.536208e-06 	 1.198561e+07 	
4.72822823e+06 	 5.533410e-06 	 1.198393e+07 	
4.72872873e+06 	 5.530613e-06 	 1.198225e+07 	
4.72922923e+06 	 5.527818e-06 	 1.198058e+07 	
4.72972973e+06 	 5.525024e-06 	 1.197890e+07 	
4.73023023e+06 	 5.522232e-06 	 1.197722e+07 	
4.73073073e+06 	 5.519441e-06 	 1.197555e+07 	
4.73123123e+06 	 5.516652e-06 	 1.197387e+07 	
4.73173173e+06 	 5.513864e-06 	 1.197220e+07 	
4.73223223e+06 	 5.511078e-06 	 1.197052e+07 	
4.73273273e+06 	 5.508293e-06 	 1.196885e+07 	
4.73323323e+06 	 5.505510e-06 	 1.196718e+07 	
4.73373373e+06 	 5.502728e-06 	 1.196550e+07 	
4.73423423e+06 	 5.499947e-06 	 1.196383e+07 	
4.73473473e+06 	 5.497168e-06 	 1.196216e+07 	
4.73523524e+06 	 5.494390e-06 	 1.196049e+07 	
4.73573574e+06 	 5.491614e-06 	 1.195882e+07 	
4.73623624e+06 	 5.488840e-06 	 1.195715e+07 	
4.73673674e+06 	 5.486066e-06 	 1.195548e+07 	
4.73723724e+06 	 5.483295e-06 	 1.195380e+07 	
4.73773774e+06 	 5.480524e-06 	 1.195214e+07 	
4.73823824e+06 	 5.477756e-06 	 1.195047e+07 	
4.73873874e+06 	 5.474988e-06 	 1.194880e+07 	
4.73923924e+06 	 5.472222e-06 	 1.194713e+07 	
4.73973974e+06 	 5.469458e-06 	 1.194546e+07 	
4.74024024e+06 	 5.466695e-06 	 1.194379e+07 	
4.74074074e+06 	 5.463933e-06 	 1.194213e+07 	
4.74124124e+06 	 5.461173e-06 	 1.194046e+07 	
4.74174174e+06 	 5.458414e-06 	 1.193879e+07 	
4.74224224e+06 	 5.455657e-06 	 1.193713e+07 	
4.74274274e+06 	 5.452901e-06 	 1.193546e+07 	
4.74324324e+06 	 5.450147e-06 	 1.193380e+07 	
4.74374374e+06 	 5.447394e-06 	 1.193213e+07 	
4.74424424e+06 	 5.444643e-06 	 1.193047e+07 	
4.74474474e+06 	 5.441893e-06 	 1.192880e+07 	
4.74524525e+06 	 5.439144e-06 	 1.192714e+07 	
4.74574575e+06 	 5.436397e-06 	 1.192548e+07 	
4.74624625e+06 	 5.433651e-06 	 1.192381e+07 	
4.74674675e+06 	 5.430907e-06 	 1.192215e+07 	
4.74724725e+06 	 5.428164e-06 	 1.192049e+07 	
4.74774775e+06 	 5.425423e-06 	 1.191883e+07 	
4.74824825e+06 	 5.422683e-06 	 1.191717e+07 	
4.74874875e+06 	 5.419944e-06 	 1.191551e+07 	
4.74924925e+06 	 5.417207e-06 	 1.191385e+07 	
4.74974975e+06 	 5.414471e-06 	 1.191219e+07 	
4.75025025e+06 	 5.411737e-06 	 1.191053e+07 	
4.75075075e+06 	 5.409004e-06 	 1.190887e+07 	
4.75125125e+06 	 5.406273e-06 	 1.190721e+07 	
4.75175175e+06 	 5.403543e-06 	 1.190555e+07 	
4.75225225e+06 	 5.400815e-06 	 1.190389e+07 	
4.75275275e+06 	 5.398088e-06 	 1.190224e+07 	
4.75325325e+06 	 5.395362e-06 	 1.190058e+07 	
4.75375375e+06 	 5.392638e-06 	 1.189892e+07 	
4.75425425e+06 	 5.389915e-06 	 1.189727e+07 	
4.75475475e+06 	 5.387194e-06 	 1.189561e+07 	
4.75525526e+06 	 5.384474e-06 	 1.189396e+07 	
4.75575576e+06 	 5.381755e-06 	 1.189230e+07 	
4.75625626e+06 	 5.379038e-06 	 1.189065e+07 	
4.75675676e+06 	 5.376322e-06 	 1.188899e+07 	
4.75725726e+06 	 5.373608e-06 	 1.188734e+07 	
4.75775776e+06 	 5.370895e-06 	 1.188569e+07 	
4.75825826e+06 	 5.368184e-06 	 1.188403e+07 	
4.75875876e+06 	 5.365474e-06 	 1.188238e+07 	
4.75925926e+06 	 5.362765e-06 	 1.188073e+07 	
4.75975976e+06 	 5.360058e-06 	 1.187908e+07 	
4.76026026e+06 	 5.357352e-06 	 1.187743e+07 	
4.76076076e+06 	 5.354647e-06 	 1.187577e+07 	
4.76126126e+06 	 5.351944e-06 	 1.187412e+07 	
4.76176176e+06 	 5.349243e-06 	 1.187247e+07 	
4.76226226e+06 	 5.346543e-06 	 1.187082e+07 	
4.76276276e+06 	 5.343844e-06 	 1.186918e+07 	
4.76326326e+06 	 5.341147e-06 	 1.186753e+07 	
4.76376376e+06 	 5.338451e-06 	 1.186588e+07 	
4.76426426e+06 	 5.335756e-06 	 1.186423e+07 	
4.76476476e+06 	 5.333063e-06 	 1.186258e+07 	
4.76526527e+06 	 5.330371e-06 	 1.186094e+07 	
4.76576577e+06 	 5.327681e-06 	 1.185929e+07 	
4.76626627e+06 	 5.324992e-06 	 1.185764e+07 	
4.76676677e+06 	 5.322304e-06 	 1.185600e+07 	
4.76726727e+06 	 5.319618e-06 	 1.185435e+07 	
4.76776777e+06 	 5.316933e-06 	 1.185271e+07 	
4.76826827e+06 	 5.314250e-06 	 1.185106e+07 	
4.76876877e+06 	 5.311568e-06 	 1.184942e+07 	
4.76926927e+06 	 5.308887e-06 	 1.184777e+07 	
4.76976977e+06 	 5.306208e-06 	 1.184613e+07 	
4.77027027e+06 	 5.303530e-06 	 1.184449e+07 	
4.77077077e+06 	 5.300854e-06 	 1.184284e+07 	
4.77127127e+06 	 5.298179e-06 	 1.184120e+07 	
4.77177177e+06 	 5.295505e-06 	 1.183956e+07 	
4.77227227e+06 	 5.292833e-06 	 1.183792e+07 	
4.77277277e+06 	 5.290162e-06 	 1.183628e+07 	
4.77327327e+06 	 5.287493e-06 	 1.183463e+07 	
4.77377377e+06 	 5.284825e-06 	 1.183299e+07 	
4.77427427e+06 	 5.282158e-06 	 1.183135e+07 	
4.77477477e+06 	 5.279493e-06 	 1.182972e+07 	
4.77527528e+06 	 5.276829e-06 	 1.182808e+07 	
4.77577578e+06 	 5.274166e-06 	 1.182644e+07 	
4.77627628e+06 	 5.271505e-06 	 1.182480e+07 	
4.77677678e+06 	 5.268845e-06 	 1.182316e+07 	
4.77727728e+06 	 5.266187e-06 	 1.182152e+07 	
4.77777778e+06 	 5.263530e-06 	 1.181989e+07 	
4.77827828e+06 	 5.260875e-06 	 1.181825e+07 	
4.77877878e+06 	 5.258220e-06 	 1.181661e+07 	
4.77927928e+06 	 5.255567e-06 	 1.181498e+07 	
4.77977978e+06 	 5.252916e-06 	 1.181334e+07 	
4.78028028e+06 	 5.250266e-06 	 1.181171e+07 	
4.78078078e+06 	 5.247617e-06 	 1.181007e+07 	
4.78128128e+06 	 5.244970e-06 	 1.180844e+07 	
4.78178178e+06 	 5.242324e-06 	 1.180680e+07 	
4.78228228e+06 	 5.239679e-06 	 1.180517e+07 	
4.78278278e+06 	 5.237036e-06 	 1.180354e+07 	
4.78328328e+06 	 5.234394e-06 	 1.180190e+07 	
4.78378378e+06 	 5.231753e-06 	 1.180027e+07 	
4.78428428e+06 	 5.229114e-06 	 1.179864e+07 	
4.78478478e+06 	 5.226477e-06 	 1.179701e+07 	
4.78528529e+06 	 5.223840e-06 	 1.179538e+07 	
4.78578579e+06 	 5.221205e-06 	 1.179375e+07 	
4.78628629e+06 	 5.218571e-06 	 1.179212e+07 	
4.78678679e+06 	 5.215939e-06 	 1.179049e+07 	
4.78728729e+06 	 5.213308e-06 	 1.178886e+07 	
4.78778779e+06 	 5.210679e-06 	 1.178723e+07 	
4.78828829e+06 	 5.208050e-06 	 1.178560e+07 	
4.78878879e+06 	 5.205424e-06 	 1.178397e+07 	
4.78928929e+06 	 5.202798e-06 	 1.178234e+07 	
4.78978979e+06 	 5.200174e-06 	 1.178071e+07 	
4.79029029e+06 	 5.197551e-06 	 1.177909e+07 	
4.79079079e+06 	 5.194930e-06 	 1.177746e+07 	
4.79129129e+06 	 5.192310e-06 	 1.177583e+07 	
4.79179179e+06 	 5.189691e-06 	 1.177421e+07 	
4.79229229e+06 	 5.187074e-06 	 1.177258e+07 	
4.79279279e+06 	 5.184458e-06 	 1.177096e+07 	
4.79329329e+06 	 5.181843e-06 	 1.176933e+07 	
4.79379379e+06 	 5.179230e-06 	 1.176771e+07 	
4.79429429e+06 	 5.176618e-06 	 1.176608e+07 	
4.79479479e+06 	 5.174007e-06 	 1.176446e+07 	
4.79529530e+06 	 5.171398e-06 	 1.176284e+07 	
4.79579580e+06 	 5.168790e-06 	 1.176122e+07 	
4.79629630e+06 	 5.166184e-06 	 1.175959e+07 	
4.79679680e+06 	 5.163578e-06 	 1.175797e+07 	
4.79729730e+06 	 5.160974e-06 	 1.175635e+07 	
4.79779780e+06 	 5.158372e-06 	 1.175473e+07 	
4.79829830e+06 	 5.155771e-06 	 1.175311e+07 	
4.79879880e+06 	 5.153171e-06 	 1.175149e+07 	
4.79929930e+06 	 5.150573e-06 	 1.174987e+07 	
4.79979980e+06 	 5.147975e-06 	 1.174825e+07 	
4.80030030e+06 	 5.145380e-06 	 1.174663e+07 	
4.80080080e+06 	 5.142785e-06 	 1.174501e+07 	
4.80130130e+06 	 5.140192e-06 	 1.174339e+07 	
4.80180180e+06 	 5.137600e-06 	 1.174177e+07 	
4.80230230e+06 	 5.135010e-06 	 1.174015e+07 	
4.80280280e+06 	 5.132421e-06 	 1.173854e+07 	
4.80330330e+06 	 5.129833e-06 	 1.173692e+07 	
4.80380380e+06 	 5.127247e-06 	 1.173530e+07 	
4.80430430e+06 	 5.124661e-06 	 1.173369e+07 	
4.80480480e+06 	 5.122078e-06 	 1.173207e+07 	
4.80530531e+06 	 5.119495e-06 	 1.173046e+07 	
4.80580581e+06 	 5.116914e-06 	 1.172884e+07 	
4.80630631e+06 	 5.114334e-06 	 1.172723e+07 	
4.80680681e+06 	 5.111756e-06 	 1.172561e+07 	
4.80730731e+06 	 5.109179e-06 	 1.172400e+07 	
4.80780781e+06 	 5.106603e-06 	 1.172239e+07 	
4.80830831e+06 	 5.104029e-06 	 1.172077e+07 	
4.80880881e+06 	 5.101456e-06 	 1.171916e+07 	
4.80930931e+06 	 5.098884e-06 	 1.171755e+07 	
4.80980981e+06 	 5.096313e-06 	 1.171594e+07 	
4.81031031e+06 	 5.093744e-06 	 1.171433e+07 	
4.81081081e+06 	 5.091176e-06 	 1.171271e+07 	
4.81131131e+06 	 5.088610e-06 	 1.171110e+07 	
4.81181181e+06 	 5.086045e-06 	 1.170949e+07 	
4.81231231e+06 	 5.083481e-06 	 1.170788e+07 	
4.81281281e+06 	 5.080918e-06 	 1.170627e+07 	
4.81331331e+06 	 5.078357e-06 	 1.170467e+07 	
4.81381381e+06 	 5.075797e-06 	 1.170306e+07 	
4.81431431e+06 	 5.073239e-06 	 1.170145e+07 	
4.81481481e+06 	 5.070681e-06 	 1.169984e+07 	
4.81531532e+06 	 5.068125e-06 	 1.169823e+07 	
4.81581582e+06 	 5.065571e-06 	 1.169663e+07 	
4.81631632e+06 	 5.063017e-06 	 1.169502e+07 	
4.81681682e+06 	 5.060465e-06 	 1.169341e+07 	
4.81731732e+06 	 5.057915e-06 	 1.169181e+07 	
4.81781782e+06 	 5.055365e-06 	 1.169020e+07 	
4.81831832e+06 	 5.052817e-06 	 1.168860e+07 	
4.81881882e+06 	 5.050270e-06 	 1.168699e+07 	
4.81931932e+06 	 5.047725e-06 	 1.168539e+07 	
4.81981982e+06 	 5.045181e-06 	 1.168378e+07 	
4.82032032e+06 	 5.042638e-06 	 1.168218e+07 	
4.82082082e+06 	 5.040096e-06 	 1.168058e+07 	
4.82132132e+06 	 5.037556e-06 	 1.167897e+07 	
4.82182182e+06 	 5.035017e-06 	 1.167737e+07 	
4.82232232e+06 	 5.032479e-06 	 1.167577e+07 	
4.82282282e+06 	 5.029943e-06 	 1.167417e+07 	
4.82332332e+06 	 5.027408e-06 	 1.167257e+07 	
4.82382382e+06 	 5.024874e-06 	 1.167097e+07 	
4.82432432e+06 	 5.022342e-06 	 1.166937e+07 	
4.82482482e+06 	 5.019811e-06 	 1.166777e+07 	
4.82532533e+06 	 5.017281e-06 	 1.166617e+07 	
4.82582583e+06 	 5.014752e-06 	 1.166457e+07 	
4.82632633e+06 	 5.012225e-06 	 1.166297e+07 	
4.82682683e+06 	 5.009699e-06 	 1.166137e+07 	
4.82732733e+06 	 5.007175e-06 	 1.165977e+07 	
4.82782783e+06 	 5.004651e-06 	 1.165817e+07 	
4.82832833e+06 	 5.002129e-06 	 1.165658e+07 	
4.82882883e+06 	 4.999608e-06 	 1.165498e+07 	
4.82932933e+06 	 4.997089e-06 	 1.165338e+07 	
4.82982983e+06 	 4.994571e-06 	 1.165179e+07 	
4.83033033e+06 	 4.992054e-06 	 1.165019e+07 	
4.83083083e+06 	 4.989538e-06 	 1.164860e+07 	
4.83133133e+06 	 4.987024e-06 	 1.164700e+07 	
4.83183183e+06 	 4.984511e-06 	 1.164541e+07 	
4.83233233e+06 	 4.981999e-06 	 1.164381e+07 	
4.83283283e+06 	 4.979489e-06 	 1.164222e+07 	
4.83333333e+06 	 4.976979e-06 	 1.164062e+07 	
4.83383383e+06 	 4.974472e-06 	 1.163903e+07 	
4.83433433e+06 	 4.971965e-06 	 1.163744e+07 	
4.83483483e+06 	 4.969460e-06 	 1.163585e+07 	
4.83533534e+06 	 4.966956e-06 	 1.163425e+07 	
4.83583584e+06 	 4.964453e-06 	 1.163266e+07 	
4.83633634e+06 	 4.961951e-06 	 1.163107e+07 	
4.83683684e+06 	 4.959451e-06 	 1.162948e+07 	
4.83733734e+06 	 4.956952e-06 	 1.162789e+07 	
4.83783784e+06 	 4.954454e-06 	 1.162630e+07 	
4.83833834e+06 	 4.951958e-06 	 1.162471e+07 	
4.83883884e+06 	 4.949463e-06 	 1.162312e+07 	
4.83933934e+06 	 4.946969e-06 	 1.162153e+07 	
4.83983984e+06 	 4.944476e-06 	 1.161994e+07 	
4.84034034e+06 	 4.941985e-06 	 1.161836e+07 	
4.84084084e+06 	 4.939495e-06 	 1.161677e+07 	
4.84134134e+06 	 4.937006e-06 	 1.161518e+07 	
4.84184184e+06 	 4.934519e-06 	 1.161359e+07 	
4.84234234e+06 	 4.932033e-06 	 1.161201e+07 	
4.84284284e+06 	 4.929548e-06 	 1.161042e+07 	
4.84334334e+06 	 4.927064e-06 	 1.160884e+07 	
4.84384384e+06 	 4.924582e-06 	 1.160725e+07 	
4.84434434e+06 	 4.922100e-06 	 1.160566e+07 	
4.84484484e+06 	 4.919621e-06 	 1.160408e+07 	
4.84534535e+06 	 4.917142e-06 	 1.160250e+07 	
4.84584585e+06 	 4.914665e-06 	 1.160091e+07 	
4.84634635e+06 	 4.912188e-06 	 1.159933e+07 	
4.84684685e+06 	 4.909714e-06 	 1.159775e+07 	
4.84734735e+06 	 4.907240e-06 	 1.159616e+07 	
4.84784785e+06 	 4.904768e-06 	 1.159458e+07 	
4.84834835e+06 	 4.902297e-06 	 1.159300e+07 	
4.84884885e+06 	 4.899827e-06 	 1.159142e+07 	
4.84934935e+06 	 4.897358e-06 	 1.158984e+07 	
4.84984985e+06 	 4.894891e-06 	 1.158825e+07 	
4.85035035e+06 	 4.892425e-06 	 1.158667e+07 	
4.85085085e+06 	 4.889960e-06 	 1.158509e+07 	
4.85135135e+06 	 4.887497e-06 	 1.158351e+07 	
4.85185185e+06 	 4.885034e-06 	 1.158193e+07 	
4.85235235e+06 	 4.882573e-06 	 1.158036e+07 	
4.85285285e+06 	 4.880114e-06 	 1.157878e+07 	
4.85335335e+06 	 4.877655e-06 	 1.157720e+07 	
4.85385385e+06 	 4.875198e-06 	 1.157562e+07 	
4.85435435e+06 	 4.872742e-06 	 1.157404e+07 	
4.85485485e+06 	 4.870287e-06 	 1.157247e+07 	
4.85535536e+06 	 4.867834e-06 	 1.157089e+07 	
4.85585586e+06 	 4.865381e-06 	 1.156931e+07 	
4.85635636e+06 	 4.862930e-06 	 1.156774e+07 	
4.85685686e+06 	 4.860481e-06 	 1.156616e+07 	
4.85735736e+06 	 4.858032e-06 	 1.156459e+07 	
4.85785786e+06 	 4.855585e-06 	 1.156301e+07 	
4.85835836e+06 	 4.853139e-06 	 1.156144e+07 	
4.85885886e+06 	 4.850694e-06 	 1.155986e+07 	
4.85935936e+06 	 4.848250e-06 	 1.155829e+07 	
4.85985986e+06 	 4.845808e-06 	 1.155672e+07 	
4.86036036e+06 	 4.843367e-06 	 1.155514e+07 	
4.86086086e+06 	 4.840927e-06 	 1.155357e+07 	
4.86136136e+06 	 4.838488e-06 	 1.155200e+07 	
4.86186186e+06 	 4.836051e-06 	 1.155043e+07 	
4.86236236e+06 	 4.833615e-06 	 1.154886e+07 	
4.86286286e+06 	 4.831180e-06 	 1.154729e+07 	
4.86336336e+06 	 4.828746e-06 	 1.154572e+07 	
4.86386386e+06 	 4.826314e-06 	 1.154415e+07 	
4.86436436e+06 	 4.823883e-06 	 1.154258e+07 	
4.86486486e+06 	 4.821453e-06 	 1.154101e+07 	
4.86536537e+06 	 4.819024e-06 	 1.153944e+07 	
4.86586587e+06 	 4.816596e-06 	 1.153787e+07 	
4.86636637e+06 	 4.814170e-06 	 1.153630e+07 	
4.86686687e+06 	 4.811745e-06 	 1.153473e+07 	
4.86736737e+06 	 4.809321e-06 	 1.153316e+07 	
4.86786787e+06 	 4.806898e-06 	 1.153160e+07 	
4.86836837e+06 	 4.804477e-06 	 1.153003e+07 	
4.86886887e+06 	 4.802057e-06 	 1.152846e+07 	
4.86936937e+06 	 4.799638e-06 	 1.152690e+07 	
4.86986987e+06 	 4.797220e-06 	 1.152533e+07 	
4.87037037e+06 	 4.794804e-06 	 1.152377e+07 	
4.87087087e+06 	 4.792388e-06 	 1.152220e+07 	
4.87137137e+06 	 4.789974e-06 	 1.152064e+07 	
4.87187187e+06 	 4.787562e-06 	 1.151907e+07 	
4.87237237e+06 	 4.785150e-06 	 1.151751e+07 	
4.87287287e+06 	 4.782740e-06 	 1.151595e+07 	
4.87337337e+06 	 4.780330e-06 	 1.151438e+07 	
4.87387387e+06 	 4.777922e-06 	 1.151282e+07 	
4.87437437e+06 	 4.775516e-06 	 1.151126e+07 	
4.87487487e+06 	 4.773110e-06 	 1.150970e+07 	
4.87537538e+06 	 4.770706e-06 	 1.150813e+07 	
4.87587588e+06 	 4.768303e-06 	 1.150657e+07 	
4.87637638e+06 	 4.765901e-06 	 1.150501e+07 	
4.87687688e+06 	 4.763500e-06 	 1.150345e+07 	
4.87737738e+06 	 4.761101e-06 	 1.150189e+07 	
4.87787788e+06 	 4.758702e-06 	 1.150033e+07 	
4.87837838e+06 	 4.756305e-06 	 1.149877e+07 	
4.87887888e+06 	 4.753910e-06 	 1.149721e+07 	
4.87937938e+06 	 4.751515e-06 	 1.149566e+07 	
4.87987988e+06 	 4.749359e-06 	 1.149408e+07 	
4.88038038e+06 	 4.746969e-06 	 1.149252e+07 	
4.88088088e+06 	 4.744579e-06 	 1.149097e+07 	
4.88138138e+06 	 4.742190e-06 	 1.148941e+07 	
4.88188188e+06 	 4.739803e-06 	 1.148785e+07 	
4.88238238e+06 	 4.737417e-06 	 1.148630e+07 	
4.88288288e+06 	 4.735032e-06 	 1.148474e+07 	
4.88338338e+06 	 4.732648e-06 	 1.148318e+07 	
4.88388388e+06 	 4.730266e-06 	 1.148163e+07 	
4.88438438e+06 	 4.727884e-06 	 1.148007e+07 	
4.88488488e+06 	 4.725504e-06 	 1.147852e+07 	
4.88538539e+06 	 4.723126e-06 	 1.147697e+07 	
4.88588589e+06 	 4.720748e-06 	 1.147541e+07 	
4.88638639e+06 	 4.718371e-06 	 1.147386e+07 	
4.88688689e+06 	 4.715996e-06 	 1.147231e+07 	
4.88738739e+06 	 4.713622e-06 	 1.147075e+07 	
4.88788789e+06 	 4.711249e-06 	 1.146920e+07 	
4.88838839e+06 	 4.708878e-06 	 1.146765e+07 	
4.88888889e+06 	 4.706507e-06 	 1.146610e+07 	
4.88938939e+06 	 4.704138e-06 	 1.146455e+07 	
4.88988989e+06 	 4.701770e-06 	 1.146299e+07 	
4.89039039e+06 	 4.699403e-06 	 1.146144e+07 	
4.89089089e+06 	 4.697037e-06 	 1.145989e+07 	
4.89139139e+06 	 4.694673e-06 	 1.145834e+07 	
4.89189189e+06 	 4.692310e-06 	 1.145680e+07 	
4.89239239e+06 	 4.689948e-06 	 1.145525e+07 	
4.89289289e+06 	 4.687587e-06 	 1.145370e+07 	
4.89339339e+06 	 4.685227e-06 	 1.145215e+07 	
4.89389389e+06 	 4.682869e-06 	 1.145060e+07 	
4.89439439e+06 	 4.680511e-06 	 1.144905e+07 	
4.89489489e+06 	 4.678155e-06 	 1.144751e+07 	
4.89539540e+06 	 4.675800e-06 	 1.144596e+07 	
4.89589590e+06 	 4.673447e-06 	 1.144441e+07 	
4.89639640e+06 	 4.671094e-06 	 1.144287e+07 	
4.89689690e+06 	 4.668743e-06 	 1.144132e+07 	
4.89739740e+06 	 4.666393e-06 	 1.143978e+07 	
4.89789790e+06 	 4.664044e-06 	 1.143823e+07 	
4.89839840e+06 	 4.661696e-06 	 1.143669e+07 	
4.89889890e+06 	 4.659350e-06 	 1.143514e+07 	
4.89939940e+06 	 4.657004e-06 	 1.143360e+07 	
4.89989990e+06 	 4.654660e-06 	 1.143206e+07 	
4.90040040e+06 	 4.652317e-06 	 1.143051e+07 	
4.90090090e+06 	 4.649975e-06 	 1.142897e+07 	
4.90140140e+06 	 4.647634e-06 	 1.142743e+07 	
4.90190190e+06 	 4.645295e-06 	 1.142589e+07 	
4.90240240e+06 	 4.642957e-06 	 1.142434e+07 	
4.90290290e+06 	 4.640620e-06 	 1.142280e+07 	
4.90340340e+06 	 4.638284e-06 	 1.142126e+07 	
4.90390390e+06 	 4.635949e-06 	 1.141972e+07 	
4.90440440e+06 	 4.633615e-06 	 1.141818e+07 	
4.90490490e+06 	 4.631283e-06 	 1.141664e+07 	
4.90540541e+06 	 4.628952e-06 	 1.141510e+07 	
4.90590591e+06 	 4.626622e-06 	 1.141356e+07 	
4.90640641e+06 	 4.624293e-06 	 1.141202e+07 	
4.90690691e+06 	 4.621965e-06 	 1.141049e+07 	
4.90740741e+06 	 4.619639e-06 	 1.140895e+07 	
4.90790791e+06 	 4.617313e-06 	 1.140741e+07 	
4.90840841e+06 	 4.614989e-06 	 1.140587e+07 	
4.90890891e+06 	 4.612666e-06 	 1.140434e+07 	
4.90940941e+06 	 4.610344e-06 	 1.140280e+07 	
4.90990991e+06 	 4.608024e-06 	 1.140126e+07 	
4.91041041e+06 	 4.605704e-06 	 1.139973e+07 	
4.91091091e+06 	 4.603386e-06 	 1.139819e+07 	
4.91141141e+06 	 4.601069e-06 	 1.139666e+07 	
4.91191191e+06 	 4.598753e-06 	 1.139512e+07 	
4.91241241e+06 	 4.596438e-06 	 1.139359e+07 	
4.91291291e+06 	 4.594124e-06 	 1.139205e+07 	
4.91341341e+06 	 4.591812e-06 	 1.139052e+07 	
4.91391391e+06 	 4.589501e-06 	 1.138899e+07 	
4.91441441e+06 	 4.587190e-06 	 1.138745e+07 	
4.91491491e+06 	 4.584881e-06 	 1.138592e+07 	
4.91541542e+06 	 4.582574e-06 	 1.138439e+07 	
4.91591592e+06 	 4.580267e-06 	 1.138286e+07 	
4.91641642e+06 	 4.577961e-06 	 1.138133e+07 	
4.91691692e+06 	 4.575657e-06 	 1.137980e+07 	
4.91741742e+06 	 4.573354e-06 	 1.137827e+07 	
4.91791792e+06 	 4.571052e-06 	 1.137674e+07 	
4.91841842e+06 	 4.568751e-06 	 1.137521e+07 	
4.91891892e+06 	 4.566451e-06 	 1.137368e+07 	
4.91941942e+06 	 4.564153e-06 	 1.137215e+07 	
4.91991992e+06 	 4.561855e-06 	 1.137062e+07 	
4.92042042e+06 	 4.559559e-06 	 1.136909e+07 	
4.92092092e+06 	 4.557264e-06 	 1.136756e+07 	
4.92142142e+06 	 4.554970e-06 	 1.136603e+07 	
4.92192192e+06 	 4.552677e-06 	 1.136451e+07 	
4.92242242e+06 	 4.550386e-06 	 1.136298e+07 	
4.92292292e+06 	 4.548095e-06 	 1.136145e+07 	
4.92342342e+06 	 4.545806e-06 	 1.135993e+07 	
4.92392392e+06 	 4.543518e-06 	 1.135840e+07 	
4.92442442e+06 	 4.541231e-06 	 1.135687e+07 	
4.92492492e+06 	 4.538945e-06 	 1.135535e+07 	
4.92542543e+06 	 4.536660e-06 	 1.135382e+07 	
4.92592593e+06 	 4.534377e-06 	 1.135230e+07 	
4.92642643e+06 	 4.532094e-06 	 1.135078e+07 	
4.92692693e+06 	 4.529813e-06 	 1.134925e+07 	
4.92742743e+06 	 4.527533e-06 	 1.134773e+07 	
4.92792793e+06 	 4.525254e-06 	 1.134621e+07 	
4.92842843e+06 	 4.522976e-06 	 1.134468e+07 	
4.92892893e+06 	 4.520699e-06 	 1.134316e+07 	
4.92942943e+06 	 4.518424e-06 	 1.134164e+07 	
4.92992993e+06 	 4.516149e-06 	 1.134012e+07 	
4.93043043e+06 	 4.513876e-06 	 1.133860e+07 	
4.93093093e+06 	 4.511604e-06 	 1.133707e+07 	
4.93143143e+06 	 4.509333e-06 	 1.133555e+07 	
4.93193193e+06 	 4.507063e-06 	 1.133403e+07 	
4.93243243e+06 	 4.504795e-06 	 1.133251e+07 	
4.93293293e+06 	 4.502527e-06 	 1.133099e+07 	
4.93343343e+06 	 4.500261e-06 	 1.132948e+07 	
4.93393393e+06 	 4.497995e-06 	 1.132796e+07 	
4.93443443e+06 	 4.495731e-06 	 1.132644e+07 	
4.93493493e+06 	 4.493468e-06 	 1.132492e+07 	
4.93543544e+06 	 4.491206e-06 	 1.132340e+07 	
4.93593594e+06 	 4.488945e-06 	 1.132189e+07 	
4.93643644e+06 	 4.486686e-06 	 1.132037e+07 	
4.93693694e+06 	 4.484427e-06 	 1.131885e+07 	
4.93743744e+06 	 4.482170e-06 	 1.131734e+07 	
4.93793794e+06 	 4.479914e-06 	 1.131582e+07 	
4.93843844e+06 	 4.477659e-06 	 1.131430e+07 	
4.93893894e+06 	 4.475405e-06 	 1.131279e+07 	
4.93943944e+06 	 4.473152e-06 	 1.131127e+07 	
4.93993994e+06 	 4.470900e-06 	 1.130976e+07 	
4.94044044e+06 	 4.468650e-06 	 1.130825e+07 	
4.94094094e+06 	 4.466400e-06 	 1.130673e+07 	
4.94144144e+06 	 4.464152e-06 	 1.130522e+07 	
4.94194194e+06 	 4.461905e-06 	 1.130371e+07 	
4.94244244e+06 	 4.459435e-06 	 1.130221e+07 	
4.94294294e+06 	 4.457189e-06 	 1.130070e+07 	
4.94344344e+06 	 4.454944e-06 	 1.129918e+07 	
4.94394394e+06 	 4.452700e-06 	 1.129767e+07 	
4.94444444e+06 	 4.450457e-06 	 1.129616e+07 	
4.94494494e+06 	 4.448216e-06 	 1.129465e+07 	
4.94544545e+06 	 4.445975e-06 	 1.129314e+07 	
4.94594595e+06 	 4.443736e-06 	 1.129163e+07 	
4.94644645e+06 	 4.441498e-06 	 1.129012e+07 	
4.94694695e+06 	 4.439260e-06 	 1.128861e+07 	
4.94744745e+06 	 4.437024e-06 	 1.128710e+07 	
4.94794795e+06 	 4.434789e-06 	 1.128559e+07 	
4.94844845e+06 	 4.432556e-06 	 1.128408e+07 	
4.94894895e+06 	 4.430323e-06 	 1.128258e+07 	
4.94944945e+06 	 4.428091e-06 	 1.128107e+07 	
4.94994995e+06 	 4.425861e-06 	 1.127956e+07 	
4.95045045e+06 	 4.423632e-06 	 1.127806e+07 	
4.95095095e+06 	 4.421403e-06 	 1.127655e+07 	
4.95145145e+06 	 4.419176e-06 	 1.127504e+07 	
4.95195195e+06 	 4.416950e-06 	 1.127354e+07 	
4.95245245e+06 	 4.414725e-06 	 1.127203e+07 	
4.95295295e+06 	 4.412501e-06 	 1.127053e+07 	
4.95345345e+06 	 4.410279e-06 	 1.126902e+07 	
4.95395395e+06 	 4.408057e-06 	 1.126752e+07 	
4.95445445e+06 	 4.405837e-06 	 1.126601e+07 	
4.95495495e+06 	 4.403617e-06 	 1.126451e+07 	
4.95545546e+06 	 4.401399e-06 	 1.126301e+07 	
4.95595596e+06 	 4.399182e-06 	 1.126150e+07 	
4.95645646e+06 	 4.396966e-06 	 1.126000e+07 	
4.95695696e+06 	 4.394751e-06 	 1.125850e+07 	
4.95745746e+06 	 4.392537e-06 	 1.125700e+07 	
4.95795796e+06 	 4.390324e-06 	 1.125550e+07 	
4.95845846e+06 	 4.388112e-06 	 1.125399e+07 	
4.95895896e+06 	 4.385902e-06 	 1.125249e+07 	
4.95945946e+06 	 4.383692e-06 	 1.125099e+07 	
4.95995996e+06 	 4.381484e-06 	 1.124949e+07 	
4.96046046e+06 	 4.379276e-06 	 1.124799e+07 	
4.96096096e+06 	 4.377070e-06 	 1.124649e+07 	
4.96146146e+06 	 4.374865e-06 	 1.124499e+07 	
4.96196196e+06 	 4.372661e-06 	 1.124350e+07 	
4.96246246e+06 	 4.370458e-06 	 1.124200e+07 	
4.96296296e+06 	 4.368256e-06 	 1.124050e+07 	
4.96346346e+06 	 4.366055e-06 	 1.123900e+07 	
4.96396396e+06 	 4.363856e-06 	 1.123750e+07 	
4.96446446e+06 	 4.361657e-06 	 1.123601e+07 	
4.96496496e+06 	 4.359460e-06 	 1.123451e+07 	
4.96546547e+06 	 4.357263e-06 	 1.123301e+07 	
4.96596597e+06 	 4.355068e-06 	 1.123152e+07 	
4.96646647e+06 	 4.352874e-06 	 1.123002e+07 	
4.96696697e+06 	 4.350681e-06 	 1.122853e+07 	
4.96746747e+06 	 4.348488e-06 	 1.122703e+07 	
4.96796797e+06 	 4.346298e-06 	 1.122554e+07 	
4.96846847e+06 	 4.344108e-06 	 1.122404e+07 	
4.96896897e+06 	 4.341919e-06 	 1.122255e+07 	
4.96946947e+06 	 4.339731e-06 	 1.122106e+07 	
4.96996997e+06 	 4.337544e-06 	 1.121956e+07 	
4.97047047e+06 	 4.335359e-06 	 1.121807e+07 	
4.97097097e+06 	 4.333174e-06 	 1.121658e+07 	
4.97147147e+06 	 4.330991e-06 	 1.121509e+07 	
4.97197197e+06 	 4.328809e-06 	 1.121360e+07 	
4.97247247e+06 	 4.326628e-06 	 1.121210e+07 	
4.97297297e+06 	 4.324447e-06 	 1.121061e+07 	
4.97347347e+06 	 4.322268e-06 	 1.120912e+07 	
4.97397397e+06 	 4.320090e-06 	 1.120763e+07 	
4.97447447e+06 	 4.317913e-06 	 1.120614e+07 	
4.97497497e+06 	 4.315738e-06 	 1.120465e+07 	
4.97547548e+06 	 4.313563e-06 	 1.120316e+07 	
4.97597598e+06 	 4.311389e-06 	 1.120167e+07 	
4.97647648e+06 	 4.309216e-06 	 1.120019e+07 	
4.97697698e+06 	 4.307045e-06 	 1.119870e+07 	
4.97747748e+06 	 4.304874e-06 	 1.119721e+07 	
4.97797798e+06 	 4.302705e-06 	 1.119572e+07 	
4.97847848e+06 	 4.300537e-06 	 1.119424e+07 	
4.97897898e+06 	 4.298369e-06 	 1.119275e+07 	
4.97947948e+06 	 4.296203e-06 	 1.119126e+07 	
4.97997998e+06 	 4.294038e-06 	 1.118978e+07 	
4.98048048e+06 	 4.291874e-06 	 1.118829e+07 	
4.98098098e+06 	 4.289711e-06 	 1.118680e+07 	
4.98148148e+06 	 4.287549e-06 	 1.118532e+07 	
4.98198198e+06 	 4.285388e-06 	 1.118384e+07 	
4.98248248e+06 	 4.283229e-06 	 1.118235e+07 	
4.98298298e+06 	 4.281070e-06 	 1.118087e+07 	
4.98348348e+06 	 4.278912e-06 	 1.117938e+07 	
4.98398398e+06 	 4.276756e-06 	 1.117790e+07 	
4.98448448e+06 	 4.274600e-06 	 1.117642e+07 	
4.98498498e+06 	 4.272446e-06 	 1.117493e+07 	
4.98548549e+06 	 4.270292e-06 	 1.117345e+07 	
4.98598599e+06 	 4.268140e-06 	 1.117197e+07 	
4.98648649e+06 	 4.265989e-06 	 1.117049e+07 	
4.98698699e+06 	 4.263838e-06 	 1.116901e+07 	
4.98748749e+06 	 4.261689e-06 	 1.116753e+07 	
4.98798799e+06 	 4.259541e-06 	 1.116605e+07 	
4.98848849e+06 	 4.257394e-06 	 1.116457e+07 	
4.98898899e+06 	 4.255248e-06 	 1.116309e+07 	
4.98948949e+06 	 4.253103e-06 	 1.116161e+07 	
4.98998999e+06 	 4.250959e-06 	 1.116013e+07 	
4.99049049e+06 	 4.248816e-06 	 1.115865e+07 	
4.99099099e+06 	 4.246675e-06 	 1.115717e+07 	
4.99149149e+06 	 4.244534e-06 	 1.115569e+07 	
4.99199199e+06 	 4.242394e-06 	 1.115421e+07 	
4.99249249e+06 	 4.240256e-06 	 1.115274e+07 	
4.99299299e+06 	 4.238118e-06 	 1.115126e+07 	
4.99349349e+06 	 4.235982e-06 	 1.114978e+07 	
4.99399399e+06 	 4.233846e-06 	 1.114831e+07 	
4.99449449e+06 	 4.231712e-06 	 1.114683e+07 	
4.99499499e+06 	 4.229579e-06 	 1.114536e+07 	
4.99549550e+06 	 4.227446e-06 	 1.114388e+07 	
4.99599600e+06 	 4.225315e-06 	 1.114240e+07 	
4.99649650e+06 	 4.223185e-06 	 1.114093e+07 	
4.99699700e+06 	 4.221056e-06 	 1.113946e+07 	
4.99749750e+06 	 4.218928e-06 	 1.113798e+07 	
4.99799800e+06 	 4.216800e-06 	 1.113651e+07 	
4.99849850e+06 	 4.214674e-06 	 1.113504e+07 	
4.99899900e+06 	 4.212550e-06 	 1.113356e+07 	
4.99949950e+06 	 4.210426e-06 	 1.113209e+07 	
5.00000000e+06 	 4.208303e-06 	 1.113062e+07 	
5.02658855e+06 	 4.096753e-06 	 1.105292e+07 	
5.05331849e+06 	 3.987667e-06 	 1.097575e+07 	
5.08019057e+06 	 3.881011e-06 	 1.089911e+07 	
5.10720555e+06 	 3.776362e-06 	 1.082303e+07 	
5.13436419e+06 	 3.673841e-06 	 1.074748e+07 	
5.16166725e+06 	 3.573170e-06 	 1.067249e+07 	
5.18911550e+06 	 3.474706e-06 	 1.059801e+07 	
5.21670971e+06 	 3.378026e-06 	 1.052407e+07 	
5.24445066e+06 	 3.283425e-06 	 1.045064e+07 	
5.27233913e+06 	 3.190540e-06 	 1.037775e+07 	
5.30037590e+06 	 3.099610e-06 	 1.030536e+07 	
5.32856177e+06 	 3.010460e-06 	 1.023350e+07 	
5.35689751e+06 	 2.923221e-06 	 1.016212e+07 	
5.38538394e+06 	 2.837545e-06 	 1.009127e+07 	
5.41402185e+06 	 2.753673e-06 	 1.002091e+07 	
5.44281205e+06 	 2.671311e-06 	 9.951066e+06 	
5.47175535e+06 	 2.590532e-06 	 9.881721e+06 	
5.50085255e+06 	 2.511451e-06 	 9.812857e+06 	
5.53010449e+06 	 2.433762e-06 	 9.744501e+06 	
5.55951199e+06 	 2.357423e-06 	 9.676652e+06 	
5.58907586e+06 	 2.282614e-06 	 9.609283e+06 	
5.61879694e+06 	 2.209201e-06 	 9.542404e+06 	
5.64867608e+06 	 2.137278e-06 	 9.475996e+06 	
5.67871410e+06 	 2.066580e-06 	 9.410087e+06 	
5.70891185e+06 	 1.997285e-06 	 9.344648e+06 	
5.73927019e+06 	 1.929170e-06 	 9.279702e+06 	
5.76978997e+06 	 1.862289e-06 	 9.215237e+06 	
5.80047204e+06 	 1.796499e-06 	 9.151270e+06 	
5.83131727e+06 	 1.731962e-06 	 9.087771e+06 	
5.86232652e+06 	 1.668470e-06 	 9.024768e+06 	
5.89350067e+06 	 1.606148e-06 	 8.962236e+06 	
5.92484060e+06 	 1.544896e-06 	 8.900188e+06 	
5.95634719e+06 	 1.484591e-06 	 8.838642e+06 	
5.98802131e+06 	 1.425365e-06 	 8.777573e+06 	
6.01986388e+06 	 1.367042e-06 	 8.717009e+06 	
6.05187577e+06 	 1.309722e-06 	 8.656931e+06 	
6.08405789e+06 	 1.253319e-06 	 8.597356e+06 	
6.11641114e+06 	 1.197731e-06 	 8.538304e+06 	
6.14893644e+06 	 1.143063e-06 	 8.479758e+06 	
6.18163471e+06 	 1.089291e-06 	 8.421723e+06 	
6.21450685e+06 	 1.036289e-06 	 8.364235e+06 	
6.24755379e+06 	 9.840825e-07 	 8.307296e+06 	
6.28077647e+06 	 9.327151e-07 	 8.250904e+06 	
6.31417582e+06 	 8.820708e-07 	 8.195103e+06 	
6.34775278e+06 	 8.322348e-07 	 8.139887e+06 	
6.38150829e+06 	 7.831247e-07 	 8.085302e+06 	
6.41544330e+06 	 7.347829e-07 	 8.031361e+06 	
6.44955876e+06 	 6.871795e-07 	 7.978112e+06 	
6.48385565e+06 	 6.404163e-07 	 7.925558e+06 	
6.51833491e+06 	 5.944598e-07 	 7.873765e+06 	
6.55299753e+06 	 5.494185e-07 	 7.822749e+06 	
6.58784447e+06 	 5.053550e-07 	 7.772555e+06 	
6.62287672e+06 	 4.623054e-07 	 7.723259e+06 	
6.65809525e+06 	 4.203904e-07 	 7.674906e+06 	
6.69350107e+06 	 3.797063e-07 	 7.627576e+06 	
6.72909517e+06 	 3.404329e-07 	 7.581306e+06 	
6.76487855e+06 	 3.027248e-07 	 7.536166e+06 	
6.80085221e+06 	 2.667240e-07 	 7.492252e+06 	
6.83701717e+06 	 2.326155e-07 	 7.449643e+06 	
6.87337445e+06 	 2.006079e-07 	 7.408387e+06 	
6.90992506e+06 	 1.708732e-07 	 7.368564e+06 	
6.94667004e+06 	 1.435673e-07 	 7.330261e+06 	
6.98361042e+06 	 1.188457e-07 	 7.293496e+06 	
7.02074723e+06 	 9.678571e-08 	 7.258364e+06 	
7.05808153e+06 	 7.744987e-08 	 7.224832e+06 	
7.09561436e+06 	 6.081114e-08 	 7.192934e+06 	
7.13334678e+06 	 4.678687e-08 	 7.162639e+06 	
7.17127985e+06 	 3.522500e-08 	 7.133934e+06 	
7.20941464e+06 	 2.592220e-08 	 7.106689e+06 	
7.24775222e+06 	 1.862300e-08 	 7.080862e+06 	
7.28629366e+06 	 1.304687e-08 	 7.056442e+06 	
7.32504006e+06 	 8.907164e-09 	 7.033144e+06 	
7.36399250e+06 	 5.921316e-09 	 7.010856e+06 	
7.40315207e+06 	 3.830872e-09 	 6.989482e+06 	
7.44251989e+06 	 2.411203e-09 	 6.968762e+06 	
7.48209705e+06 	 1.476175e-09 	 6.948459e+06 	
7.52188468e+06 	 8.789290e-10 	 6.928964e+06 	
7.56188388e+06 	 5.090420e-10 	 6.909521e+06 	
8.35455398e+06 	 1.000000e-20 	 6.563975e+06 	
9.23031526e+06 	 1.000000e-20 	 6.237092e+06 	
1.01978777e+07 	 1.000000e-20 	 5.927215e+06 	
1.12668643e+07 	 1.000000e-20 	 5.633355e+06 	
1.24479069e+07 	 1.000000e-20 	 5.354594e+06 	
1.37527515e+07 	 1.000000e-20 	 5.090079e+06 	
1.51943757e+07 	 1.000000e-20 	 4.839018e+06 	
1.67871173e+07 	 1.000000e-20 	 4.600671e+06 	
1.85468172e+07 	 1.000000e-20 	 4.374347e+06 	
2.04909765e+07 	 1.000000e-20 	 4.159400e+06 	
2.26389313e+07 	 1.000000e-20 	 3.955222e+06 	
2.50120442e+07 	 1.000000e-20 	 3.761246e+06 	
2.76339172e+07 	 1.000000e-20 	 3.576935e+06 	
3.05306266e+07 	 1.000000e-20 	 3.401788e+06 	
3.37309818e+07 	 1.000000e-20 	 3.235329e+06 	
3.72668124e+07 	 1.000000e-20 	 3.077112e+06 	
4.11732845e+07 	 1.000000e-20 	 2.926716e+06 	
4.54892502e+07 	 1.000000e-20 	 2.783741e+06 	
5.02576345e+07 	 1.000000e-20 	 2.647813e+06 	
5.55258619e+07 	 1.000000e-20 	 2.518574e+06 	
6.13463282e+07 	 1.000000e-20 	 2.395689e+06 	
6.77769215e+07 	 1.000000e-20 	 2.278838e+06 	
7.48815981e+07 	 1.000000e-20 	 2.167721e+06 	
8.27310182e+07 	 1.000000e-20 	 2.062050e+06 	
9.14032493e+07 	 1.000000e-20 	 1.961555e+06 	
1.00984542e+08 	 1.000000e-20 	 1.865979e+06 	
1.11570188e+08 	 1.000000e-20 	 1.775079e+06 	
1.23265468e+08 	 1.000000e-20 	 1.688622e+06 	
1.36186700e+08 	 1.000000e-20 	 1.606390e+06 	
1.50462392e+08 	 1.000000e-20 	 1.528174e+06 	
1.66234525e+08 	 1.000000e-20 	 1.453777e+06 	
1.83659962e+08 	 1.000000e-20 	 1.383010e+06 	
2.02912012e+08 	 1.000000e-20 	 1.315695e+06 	
2.24182146e+08 	 1.000000e-20 	 1.251663e+06 	
2.47681909e+08 	 1.000000e-20 	 1.190753e+06 	
2.73645022e+08 	 1.000000e-20 	 1.132812e+06 	
3.02329703e+08 	 1.000000e-20 	 1.077694e+06 	
3.34021239e+08 	 1.000000e-20 	 1.025261e+06 	
3.69034822e+08 	 1.000000e-20 	 9.753828e+05 	
4.07718683e+08 	 1.000000e-20 	 9.279335e+05 	
4.50457558e+08 	 1.000000e-20 	 8.827947e+05 	
4.97676511e+08 	 1.000000e-20 	 8.398535e+05 	
5.49845163e+08 	 1.000000e-20 	 7.990028e+05 	
6.07482363e+08 	 1.000000e-20 	 7.601405e+05 	
6.71161350e+08 	 1.000000e-20 	 7.231697e+05 	
7.41515450e+08 	 1.000000e-20 	 6.879980e+05 	
8.19244378e+08 	 1.000000e-20 	 6.545379e+05 	
9.05121195e+08 	 1.000000e-20 	 6.227058e+05 	
1.00000000e+09 	 1.000000e-20 	 5.924225e+05 	
