r (cm)        	 rho (g/cm3) 	 T (K)       		 Linf = 3.534696e+38
1.20006035e+06 	 1.189992e+05 	 1.272115e+09 	
1.20011784e+06 	 1.104751e+05 	 1.248557e+09 	
1.20022801e+06 	 9.556435e+04 	 1.203887e+09 	
1.20033819e+06 	 8.237957e+04 	 1.159852e+09 	
1.20044836e+06 	 7.075973e+04 	 1.116474e+09 	
1.20053880e+06 	 6.228404e+04 	 1.081370e+09 	
1.20062925e+06 	 5.468353e+04 	 1.046737e+09 	
1.20071969e+06 	 4.788480e+04 	 1.012590e+09 	
1.20081014e+06 	 4.181886e+04 	 9.789400e+08 	
1.20090059e+06 	 3.642105e+04 	 9.458026e+08 	
1.20099033e+06 	 3.166596e+04 	 9.134432e+08 	
1.20108007e+06 	 2.745390e+04 	 8.816162e+08 	
1.20116981e+06 	 2.373348e+04 	 8.503357e+08 	
1.20124323e+06 	 2.102199e+04 	 8.251621e+08 	
1.20131664e+06 	 1.858309e+04 	 8.003720e+08 	
1.20139006e+06 	 1.639388e+04 	 7.759736e+08 	
1.20146348e+06 	 1.443292e+04 	 7.519748e+08 	
1.20153689e+06 	 1.268017e+04 	 7.283839e+08 	
1.20161031e+06 	 1.111695e+04 	 7.052088e+08 	
1.20168402e+06 	 9.720563e+03 	 6.823665e+08 	
1.20175774e+06 	 8.481352e+03 	 6.599597e+08 	
1.20183145e+06 	 7.384176e+03 	 6.379962e+08 	
1.20189215e+06 	 6.577386e+03 	 6.202481e+08 	
1.20195286e+06 	 5.850151e+03 	 6.028102e+08 	
1.20201356e+06 	 5.195697e+03 	 5.856868e+08 	
1.20207426e+06 	 4.607712e+03 	 5.688819e+08 	
1.20213496e+06 	 4.080323e+03 	 5.523995e+08 	
1.20219566e+06 	 3.608077e+03 	 5.362433e+08 	
1.20225637e+06 	 3.185920e+03 	 5.204171e+08 	
1.20231917e+06 	 2.796886e+03 	 5.043934e+08 	
1.20238198e+06 	 2.451694e+03 	 4.887301e+08 	
1.20243385e+06 	 2.196523e+03 	 4.760674e+08 	
1.20248572e+06 	 1.965978e+03 	 4.636545e+08 	
1.20253759e+06 	 1.757941e+03 	 4.514931e+08 	
1.20258947e+06 	 1.570443e+03 	 4.395845e+08 	
1.20264134e+06 	 1.401662e+03 	 4.279299e+08 	
1.20269321e+06 	 1.249914e+03 	 4.165306e+08 	
1.20274508e+06 	 1.113642e+03 	 4.053873e+08 	
1.20279696e+06 	 9.914126e+02 	 3.945008e+08 	
1.20284883e+06 	 8.819057e+02 	 3.838717e+08 	
1.20290369e+06 	 7.785917e+02 	 3.729107e+08 	
1.20294925e+06 	 7.016363e+02 	 3.640272e+08 	
1.20299481e+06 	 6.319640e+02 	 3.553425e+08 	
1.20304036e+06 	 5.689376e+02 	 3.468563e+08 	
1.20308592e+06 	 5.119688e+02 	 3.385682e+08 	
1.20313148e+06 	 4.605156e+02 	 3.304778e+08 	
1.20317704e+06 	 4.140791e+02 	 3.225843e+08 	
1.20322260e+06 	 3.722006e+02 	 3.148871e+08 	
1.20326816e+06 	 3.344593e+02 	 3.073851e+08 	
1.20331372e+06 	 3.004691e+02 	 3.000772e+08 	
1.20335928e+06 	 2.698768e+02 	 2.929623e+08 	
1.20340483e+06 	 2.423594e+02 	 2.860388e+08 	
1.20345039e+06 	 2.176218e+02 	 2.793053e+08 	
1.20349595e+06 	 1.953951e+02 	 2.727600e+08 	
1.20354151e+06 	 1.754342e+02 	 2.664011e+08 	
1.20358591e+06 	 1.579493e+02 	 2.603817e+08 	
1.20363031e+06 	 1.422168e+02 	 2.545354e+08 	
1.20367470e+06 	 1.280661e+02 	 2.488601e+08 	
1.20371910e+06 	 1.153420e+02 	 2.433537e+08 	
1.20376350e+06 	 1.039039e+02 	 2.380136e+08 	
1.20380790e+06 	 9.362399e+01 	 2.328376e+08 	
1.20385229e+06 	 8.438671e+01 	 2.278230e+08 	
1.20389669e+06 	 7.608741e+01 	 2.229672e+08 	
1.20394109e+06 	 6.863154e+01 	 2.182673e+08 	
1.20398549e+06 	 6.193366e+01 	 2.137205e+08 	
1.20402988e+06 	 5.591670e+01 	 2.093238e+08 	
1.20407428e+06 	 5.051119e+01 	 2.050743e+08 	
1.20411868e+06 	 4.565452e+01 	 2.009687e+08 	
1.20416308e+06 	 4.129035e+01 	 1.970040e+08 	
1.20420747e+06 	 3.736801e+01 	 1.931770e+08 	
1.20425187e+06 	 3.384194e+01 	 1.894842e+08 	
1.20429627e+06 	 3.067123e+01 	 1.859225e+08 	
1.20434067e+06 	 2.781915e+01 	 1.824885e+08 	
1.20438507e+06 	 2.525274e+01 	 1.791787e+08 	
1.20443157e+06 	 2.283863e+01 	 1.758414e+08 	
1.20447808e+06 	 2.067519e+01 	 1.726328e+08 	
1.20452458e+06 	 1.873534e+01 	 1.695490e+08 	
1.20457109e+06 	 1.699495e+01 	 1.665862e+08 	
1.20461760e+06 	 1.543253e+01 	 1.637404e+08 	
1.20466410e+06 	 1.402894e+01 	 1.610078e+08 	
1.20471061e+06 	 1.276714e+01 	 1.583845e+08 	
1.20475711e+06 	 1.163195e+01 	 1.558667e+08 	
1.20480362e+06 	 1.060988e+01 	 1.534508e+08 	
1.20485013e+06 	 9.688892e+00 	 1.511329e+08 	
1.20491044e+06 	 8.627629e+00 	 1.482670e+08 	
1.20497076e+06 	 7.698057e+00 	 1.455523e+08 	
1.20503107e+06 	 6.882579e+00 	 1.429813e+08 	
1.20509139e+06 	 6.166052e+00 	 1.405466e+08 	
1.20515170e+06 	 5.535439e+00 	 1.382411e+08 	
1.20521202e+06 	 4.979506e+00 	 1.360581e+08 	
1.20527233e+06 	 4.488573e+00 	 1.339911e+08 	
1.20533265e+06 	 4.054285e+00 	 1.320336e+08 	
1.20539297e+06 	 3.669431e+00 	 1.301797e+08 	
1.20545328e+06 	 3.327776e+00 	 1.284237e+08 	
1.20551360e+06 	 3.023930e+00 	 1.267599e+08 	
1.20557391e+06 	 2.753222e+00 	 1.251833e+08 	
1.20563423e+06 	 2.511604e+00 	 1.236888e+08 	
1.20569454e+06 	 2.295562e+00 	 1.222717e+08 	
1.20575486e+06 	 2.102041e+00 	 1.209276e+08 	
1.20582700e+06 	 1.896454e+00 	 1.194097e+08 	
1.20589914e+06 	 1.715389e+00 	 1.179834e+08 	
1.20597129e+06 	 1.555520e+00 	 1.166423e+08 	
1.20604343e+06 	 1.414014e+00 	 1.153806e+08 	
1.20611558e+06 	 1.288455e+00 	 1.141926e+08 	
1.20618772e+06 	 1.176777e+00 	 1.130734e+08 	
1.20625986e+06 	 1.077209e+00 	 1.120181e+08 	
1.20633201e+06 	 9.882304e-01 	 1.110224e+08 	
1.20642878e+06 	 8.832414e-01 	 1.097732e+08 	
1.20652556e+06 	 7.923136e-01 	 1.086150e+08 	
1.20662234e+06 	 7.132564e-01 	 1.075394e+08 	
1.20671911e+06 	 6.442598e-01 	 1.065393e+08 	
1.20681589e+06 	 5.838230e-01 	 1.056080e+08 	
1.20691267e+06 	 5.306963e-01 	 1.047395e+08 	
1.20703463e+06 	 4.725554e-01 	 1.037262e+08 	
1.20715660e+06 	 4.226621e-01 	 1.027945e+08 	
1.20727856e+06 	 3.796324e-01 	 1.019360e+08 	
1.20740052e+06 	 3.423449e-01 	 1.011432e+08 	
1.20752249e+06 	 3.098860e-01 	 1.004095e+08 	
1.20767020e+06 	 2.759786e-01 	 9.959184e+07 	
1.20781791e+06 	 2.469892e-01 	 9.884336e+07 	
1.20796562e+06 	 2.220626e-01 	 9.815627e+07 	
1.20811333e+06 	 2.005134e-01 	 9.752379e+07 	
1.20826104e+06 	 1.817890e-01 	 9.694005e+07 	
1.20847575e+06 	 1.587069e-01 	 9.616808e+07 	
1.20869046e+06 	 1.395778e-01 	 9.547500e+07 	
1.20890517e+06 	 1.235846e-01 	 9.484974e+07 	
1.20911988e+06 	 1.101042e-01 	 9.428311e+07 	
1.20937774e+06 	 9.656614e-02 	 9.366934e+07 	
1.20963559e+06 	 8.532939e-02 	 9.311807e+07 	
1.20989345e+06 	 7.591701e-02 	 9.262028e+07 	
1.21015130e+06 	 6.796624e-02 	 9.216855e+07 	
1.21053051e+06 	 5.835806e-02 	 9.157518e+07 	
1.21090972e+06 	 5.066182e-02 	 9.105249e+07 	
1.21128893e+06 	 4.441298e-02 	 9.058821e+07 	
1.21182144e+06 	 3.745935e-02 	 9.001674e+07 	
1.21235394e+06 	 3.206935e-02 	 8.952120e+07 	
1.21288644e+06 	 2.781371e-02 	 8.908642e+07 	
1.21350115e+06 	 2.393277e-02 	 8.864525e+07 	
1.21411585e+06 	 2.086615e-02 	 8.825661e+07 	
1.21473056e+06 	 1.840290e-02 	 8.791051e+07 	
1.21564740e+06 	 1.554277e-02 	 8.745737e+07 	
1.21656424e+06 	 1.337729e-02 	 8.706364e+07 	
1.21777947e+06 	 1.123374e-02 	 8.661134e+07 	
1.21899470e+06 	 9.652411e-03 	 8.621924e+07 	
1.22041983e+06 	 8.274716e-03 	 8.581680e+07 	
1.22184496e+06 	 7.245835e-03 	 8.546129e+07 	
1.22327009e+06 	 6.456891e-03 	 8.514168e+07 	
1.22552497e+06 	 5.537984e-03 	 8.469102e+07 	
1.22684658e+06 	 5.130166e-03 	 8.445104e+07 	
1.22967925e+06 	 4.471168e-03 	 8.398120e+07 	
1.23198441e+06 	 4.083772e-03 	 8.363289e+07 	
1.23584590e+06 	 3.621710e-03 	 8.309782e+07 	
1.23805011e+06 	 3.428348e-03 	 8.281264e+07 	
1.24292010e+06 	 3.115006e-03 	 8.221955e+07 	
1.24680793e+06 	 2.938934e-03 	 8.177297e+07 	
1.25337316e+06 	 2.729171e-03 	 8.105589e+07 	
1.25842271e+06 	 2.613555e-03 	 8.052702e+07 	
1.26748935e+06 	 2.460838e-03 	 7.961174e+07 	
1.27390377e+06 	 2.377443e-03 	 7.898420e+07 	
1.28686088e+06 	 2.240675e-03 	 7.775481e+07 	
1.29632184e+06 	 2.155630e-03 	 7.688406e+07 	
1.29963222e+06 	 2.127719e-03 	 7.658418e+07 	
1.29996325e+06 	 2.124971e-03 	 7.655433e+07 	
1.29999636e+06 	 2.124696e-03 	 7.655134e+07 	
1.29999967e+06 	 2.124669e-03 	 7.655104e+07 	
1.30000000e+06 	 2.124666e-03 	 7.655101e+07 	
1.32000000e+06 	 1.970027e-03 	 7.478936e+07 	
1.34000000e+06 	 1.832254e-03 	 7.310501e+07 	
1.36000000e+06 	 1.707110e-03 	 7.149196e+07 	
1.38000000e+06 	 1.593007e-03 	 6.994574e+07 	
1.41000000e+06 	 1.439572e-03 	 6.774277e+07 	
1.43000000e+06 	 1.347779e-03 	 6.634648e+07 	
1.45000000e+06 	 1.263409e-03 	 6.500424e+07 	
1.47000000e+06 	 1.185733e-03 	 6.371299e+07 	
1.49000000e+06 	 1.114172e-03 	 6.247000e+07 	
1.51000000e+06 	 1.048016e-03 	 6.127255e+07 	
1.54000000e+06 	 9.580318e-04 	 5.955667e+07 	
1.56000000e+06 	 9.035117e-04 	 5.846301e+07 	
1.58000000e+06 	 8.529360e-04 	 5.740718e+07 	
1.60000000e+06 	 8.059961e-04 	 5.638733e+07 	
1.63000000e+06 	 7.415852e-04 	 5.492102e+07 	
1.65000000e+06 	 7.023269e-04 	 5.398348e+07 	
1.67000000e+06 	 6.657282e-04 	 5.307618e+07 	
1.70000000e+06 	 6.152658e-04 	 5.176875e+07 	
1.72000000e+06 	 5.843568e-04 	 5.093098e+07 	
1.75000000e+06 	 5.416588e-04 	 4.972204e+07 	
1.77000000e+06 	 5.154234e-04 	 4.894628e+07 	
1.80000000e+06 	 4.790537e-04 	 4.782527e+07 	
1.82000000e+06 	 4.566292e-04 	 4.710495e+07 	
1.85000000e+06 	 4.254988e-04 	 4.606282e+07 	
1.87000000e+06 	 4.062535e-04 	 4.539236e+07 	
1.90000000e+06 	 3.794413e-04 	 4.442116e+07 	
1.92000000e+06 	 3.628357e-04 	 4.379564e+07 	
1.95000000e+06 	 3.396253e-04 	 4.288850e+07 	
1.98000000e+06 	 3.183153e-04 	 4.201689e+07 	
2.00000000e+06 	 3.050624e-04 	 4.145454e+07 	
2.03000000e+06 	 2.864846e-04 	 4.063771e+07 	
2.05000000e+06 	 2.749086e-04 	 4.011020e+07 	
2.08000000e+06 	 2.586565e-04 	 3.934326e+07 	
2.11000000e+06 	 2.436351e-04 	 3.860414e+07 	
2.13000000e+06 	 2.342376e-04 	 3.812611e+07 	
2.16000000e+06 	 2.210128e-04 	 3.743015e+07 	
2.19000000e+06 	 2.087303e-04 	 3.675831e+07 	
2.22000000e+06 	 1.973209e-04 	 3.610941e+07 	
2.25000000e+06 	 1.867075e-04 	 3.548231e+07 	
2.28000000e+06 	 1.768264e-04 	 3.487597e+07 	
2.31000000e+06 	 1.676086e-04 	 3.428936e+07 	
2.34000000e+06 	 1.590050e-04 	 3.372157e+07 	
2.37000000e+06 	 1.509681e-04 	 3.317174e+07 	
2.40000000e+06 	 1.434495e-04 	 3.263902e+07 	
2.43000000e+06 	 1.364090e-04 	 3.212266e+07 	
2.46000000e+06 	 1.298102e-04 	 3.162193e+07 	
2.49000000e+06 	 1.236191e-04 	 3.113613e+07 	
2.52000000e+06 	 1.178064e-04 	 3.066463e+07 	
2.55000000e+06 	 1.123444e-04 	 3.020683e+07 	
2.58000000e+06 	 1.072064e-04 	 2.976213e+07 	
2.61000000e+06 	 1.023689e-04 	 2.933000e+07 	
2.64000000e+06 	 9.781168e-05 	 2.890993e+07 	
2.67000000e+06 	 9.351416e-05 	 2.850142e+07 	
2.70000000e+06 	 8.945886e-05 	 2.810401e+07 	
2.73000000e+06 	 8.562893e-05 	 2.771728e+07 	
2.76000000e+06 	 8.200935e-05 	 2.734079e+07 	
2.79000000e+06 	 7.858662e-05 	 2.697417e+07 	
2.82000000e+06 	 7.534700e-05 	 2.661703e+07 	
2.85000000e+06 	 7.227846e-05 	 2.626901e+07 	
2.88000000e+06 	 6.937072e-05 	 2.592979e+07 	
2.91000000e+06 	 6.661306e-05 	 2.559903e+07 	
2.94000000e+06 	 6.399629e-05 	 2.527644e+07 	
2.97000000e+06 	 6.151158e-05 	 2.496171e+07 	
3.00000000e+06 	 5.915072e-05 	 2.465457e+07 	
3.03000000e+06 	 5.690628e-05 	 2.435476e+07 	
3.06000000e+06 	 5.477119e-05 	 2.406202e+07 	
3.09000000e+06 	 5.273928e-05 	 2.377611e+07 	
3.12000000e+06 	 5.080412e-05 	 2.349679e+07 	
3.15000000e+06 	 4.896042e-05 	 2.322385e+07 	
3.18000000e+06 	 4.720271e-05 	 2.295708e+07 	
3.21000000e+06 	 4.552606e-05 	 2.269627e+07 	
3.24000000e+06 	 4.392610e-05 	 2.244123e+07 	
3.27000000e+06 	 4.239844e-05 	 2.219177e+07 	
3.30000000e+06 	 4.093906e-05 	 2.194772e+07 	
3.33000000e+06 	 3.954437e-05 	 2.170890e+07 	
3.36000000e+06 	 3.821073e-05 	 2.147516e+07 	
3.39000000e+06 	 3.693503e-05 	 2.124634e+07 	
3.42000000e+06 	 3.571408e-05 	 2.102228e+07 	
3.45000000e+06 	 3.454504e-05 	 2.080284e+07 	
3.48000000e+06 	 3.342519e-05 	 2.058788e+07 	
3.51000000e+06 	 3.235209e-05 	 2.037727e+07 	
3.54000000e+06 	 3.132328e-05 	 2.017089e+07 	
3.57000000e+06 	 3.033654e-05 	 1.996860e+07 	
3.60000000e+06 	 2.938976e-05 	 1.977030e+07 	
3.63000000e+06 	 2.848101e-05 	 1.957586e+07 	
3.66000000e+06 	 2.760839e-05 	 1.938518e+07 	
3.69000000e+06 	 2.677013e-05 	 1.919815e+07 	
3.72000000e+06 	 2.596459e-05 	 1.901467e+07 	
3.75000000e+06 	 2.519020e-05 	 1.883464e+07 	
3.78000000e+06 	 2.444549e-05 	 1.865796e+07 	
3.81000000e+06 	 2.372909e-05 	 1.848456e+07 	
3.84000000e+06 	 2.303966e-05 	 1.831433e+07 	
3.87000000e+06 	 2.237594e-05 	 1.814719e+07 	
3.90000000e+06 	 2.173680e-05 	 1.798307e+07 	
3.93000000e+06 	 2.112109e-05 	 1.782188e+07 	
3.96000000e+06 	 2.052776e-05 	 1.766354e+07 	
3.99000000e+06 	 1.995581e-05 	 1.750799e+07 	
4.02000000e+06 	 1.940432e-05 	 1.735515e+07 	
4.05000000e+06 	 1.887238e-05 	 1.720495e+07 	
4.08000000e+06 	 1.835912e-05 	 1.705732e+07 	
4.11000000e+06 	 1.786376e-05 	 1.691221e+07 	
4.14000000e+06 	 1.738553e-05 	 1.676955e+07 	
4.17000000e+06 	 1.692370e-05 	 1.662928e+07 	
4.20000000e+06 	 1.647757e-05 	 1.649133e+07 	
4.23000000e+06 	 1.604649e-05 	 1.635567e+07 	
4.26000000e+06 	 1.562985e-05 	 1.622222e+07 	
4.29000000e+06 	 1.522705e-05 	 1.609094e+07 	
4.32000000e+06 	 1.483751e-05 	 1.596177e+07 	
4.35000000e+06 	 1.446070e-05 	 1.583467e+07 	
4.38000000e+06 	 1.409612e-05 	 1.570959e+07 	
4.41000000e+06 	 1.374328e-05 	 1.558648e+07 	
4.44000000e+06 	 1.340170e-05 	 1.546529e+07 	
4.47000000e+06 	 1.307095e-05 	 1.534599e+07 	
4.50000000e+06 	 1.275061e-05 	 1.522853e+07 	
4.53000000e+06 	 1.244027e-05 	 1.511286e+07 	
4.56000000e+06 	 1.213954e-05 	 1.499896e+07 	
4.59000000e+06 	 1.184807e-05 	 1.488677e+07 	
4.62000000e+06 	 1.156550e-05 	 1.477626e+07 	
4.65000000e+06 	 1.129149e-05 	 1.466740e+07 	
4.68000000e+06 	 1.102573e-05 	 1.456014e+07 	
4.71000000e+06 	 1.076791e-05 	 1.445446e+07 	
4.74000000e+06 	 1.051773e-05 	 1.435032e+07 	
4.77000000e+06 	 1.027493e-05 	 1.424769e+07 	
4.80000000e+06 	 1.003922e-05 	 1.414653e+07 	
4.83000000e+06 	 9.810364e-06 	 1.404682e+07 	
4.86000000e+06 	 9.588103e-06 	 1.394853e+07 	
4.89000000e+06 	 9.372207e-06 	 1.385161e+07 	
4.92000000e+06 	 9.162449e-06 	 1.375606e+07 	
4.95000000e+06 	 8.958617e-06 	 1.366184e+07 	
4.98000000e+06 	 8.760502e-06 	 1.356891e+07 	
5.01000000e+06 	 8.567906e-06 	 1.347727e+07 	
5.04000000e+06 	 8.380640e-06 	 1.338687e+07 	
5.07000000e+06 	 8.198522e-06 	 1.329770e+07 	
5.10000000e+06 	 8.021377e-06 	 1.320973e+07 	
5.13000000e+06 	 7.849036e-06 	 1.312294e+07 	
5.16000000e+06 	 7.681340e-06 	 1.303730e+07 	
5.19000000e+06 	 7.518133e-06 	 1.295280e+07 	
5.22000000e+06 	 7.359266e-06 	 1.286940e+07 	
5.25000000e+06 	 7.204597e-06 	 1.278710e+07 	
5.28000000e+06 	 7.053989e-06 	 1.270586e+07 	
5.31000000e+06 	 6.907309e-06 	 1.262568e+07 	
5.34000000e+06 	 6.764432e-06 	 1.254652e+07 	
5.37000000e+06 	 6.625235e-06 	 1.246837e+07 	
5.40000000e+06 	 6.489600e-06 	 1.239121e+07 	
5.43000000e+06 	 6.357415e-06 	 1.231502e+07 	
5.46000000e+06 	 6.228572e-06 	 1.223978e+07 	
5.49000000e+06 	 6.102965e-06 	 1.216549e+07 	
5.52000000e+06 	 5.980494e-06 	 1.209211e+07 	
5.55000000e+06 	 5.861061e-06 	 1.201964e+07 	
5.58000000e+06 	 5.744574e-06 	 1.194805e+07 	
5.61000000e+06 	 5.630942e-06 	 1.187733e+07 	
5.64000000e+06 	 5.520079e-06 	 1.180748e+07 	
5.67000000e+06 	 5.411901e-06 	 1.173846e+07 	
5.70000000e+06 	 5.306328e-06 	 1.167026e+07 	
5.73000000e+06 	 5.203280e-06 	 1.160288e+07 	
5.76000000e+06 	 5.102684e-06 	 1.153629e+07 	
5.79000000e+06 	 5.004468e-06 	 1.147049e+07 	
5.82000000e+06 	 4.908561e-06 	 1.140546e+07 	
5.85000000e+06 	 4.814895e-06 	 1.134119e+07 	
5.88000000e+06 	 4.723406e-06 	 1.127766e+07 	
5.91000000e+06 	 4.634031e-06 	 1.121486e+07 	
5.94000000e+06 	 4.546710e-06 	 1.115278e+07 	
6.00000000e+06 	 4.377996e-06 	 1.103073e+07 	
6.00050050e+06 	 4.376620e-06 	 1.102972e+07 	
6.00100100e+06 	 4.375246e-06 	 1.102872e+07 	
6.00150150e+06 	 4.373872e-06 	 1.102771e+07 	
6.00200200e+06 	 4.372498e-06 	 1.102670e+07 	
6.00250250e+06 	 4.371125e-06 	 1.102570e+07 	
6.00300300e+06 	 4.369753e-06 	 1.102469e+07 	
6.00350350e+06 	 4.368381e-06 	 1.102369e+07 	
6.00400400e+06 	 4.367010e-06 	 1.102268e+07 	
6.00450450e+06 	 4.365639e-06 	 1.102168e+07 	
6.00500501e+06 	 4.364268e-06 	 1.102067e+07 	
6.00550551e+06 	 4.362898e-06 	 1.101967e+07 	
6.00600601e+06 	 4.361529e-06 	 1.101866e+07 	
6.00650651e+06 	 4.360160e-06 	 1.101766e+07 	
6.00700701e+06 	 4.358792e-06 	 1.101666e+07 	
6.00750751e+06 	 4.357424e-06 	 1.101565e+07 	
6.00800801e+06 	 4.356057e-06 	 1.101465e+07 	
6.00850851e+06 	 4.354690e-06 	 1.101365e+07 	
6.00900901e+06 	 4.353324e-06 	 1.101264e+07 	
6.00950951e+06 	 4.351958e-06 	 1.101164e+07 	
6.01001001e+06 	 4.350593e-06 	 1.101064e+07 	
6.01051051e+06 	 4.349228e-06 	 1.100963e+07 	
6.01101101e+06 	 4.347864e-06 	 1.100863e+07 	
6.01151151e+06 	 4.346501e-06 	 1.100763e+07 	
6.01201201e+06 	 4.345138e-06 	 1.100663e+07 	
6.01251251e+06 	 4.343775e-06 	 1.100562e+07 	
6.01301301e+06 	 4.342413e-06 	 1.100462e+07 	
6.01351351e+06 	 4.341051e-06 	 1.100362e+07 	
6.01401401e+06 	 4.339690e-06 	 1.100262e+07 	
6.01451451e+06 	 4.338330e-06 	 1.100162e+07 	
6.01501502e+06 	 4.336970e-06 	 1.100062e+07 	
6.01551552e+06 	 4.335610e-06 	 1.099962e+07 	
6.01601602e+06 	 4.334252e-06 	 1.099862e+07 	
6.01651652e+06 	 4.332893e-06 	 1.099762e+07 	
6.01701702e+06 	 4.331535e-06 	 1.099662e+07 	
6.01751752e+06 	 4.330178e-06 	 1.099562e+07 	
6.01801802e+06 	 4.328821e-06 	 1.099462e+07 	
6.01851852e+06 	 4.327464e-06 	 1.099362e+07 	
6.01901902e+06 	 4.326109e-06 	 1.099262e+07 	
6.01951952e+06 	 4.324753e-06 	 1.099162e+07 	
6.02002002e+06 	 4.323398e-06 	 1.099062e+07 	
6.02052052e+06 	 4.322044e-06 	 1.098962e+07 	
6.02102102e+06 	 4.320690e-06 	 1.098862e+07 	
6.02152152e+06 	 4.319337e-06 	 1.098762e+07 	
6.02202202e+06 	 4.317984e-06 	 1.098662e+07 	
6.02252252e+06 	 4.316632e-06 	 1.098563e+07 	
6.02302302e+06 	 4.315280e-06 	 1.098463e+07 	
6.02352352e+06 	 4.313929e-06 	 1.098363e+07 	
6.02402402e+06 	 4.312578e-06 	 1.098263e+07 	
6.02452452e+06 	 4.311228e-06 	 1.098164e+07 	
6.02502503e+06 	 4.309878e-06 	 1.098064e+07 	
6.02552553e+06 	 4.308529e-06 	 1.097964e+07 	
6.02602603e+06 	 4.307180e-06 	 1.097864e+07 	
6.02652653e+06 	 4.305832e-06 	 1.097765e+07 	
6.02702703e+06 	 4.304485e-06 	 1.097665e+07 	
6.02752753e+06 	 4.303137e-06 	 1.097566e+07 	
6.02802803e+06 	 4.301791e-06 	 1.097466e+07 	
6.02852853e+06 	 4.300445e-06 	 1.097366e+07 	
6.02902903e+06 	 4.299099e-06 	 1.097267e+07 	
6.02952953e+06 	 4.297754e-06 	 1.097167e+07 	
6.03003003e+06 	 4.296409e-06 	 1.097068e+07 	
6.03053053e+06 	 4.295065e-06 	 1.096968e+07 	
6.03103103e+06 	 4.293722e-06 	 1.096869e+07 	
6.03153153e+06 	 4.292379e-06 	 1.096769e+07 	
6.03203203e+06 	 4.291036e-06 	 1.096670e+07 	
6.03253253e+06 	 4.289694e-06 	 1.096570e+07 	
6.03303303e+06 	 4.288353e-06 	 1.096471e+07 	
6.03353353e+06 	 4.287011e-06 	 1.096371e+07 	
6.03403403e+06 	 4.285671e-06 	 1.096272e+07 	
6.03453453e+06 	 4.284331e-06 	 1.096173e+07 	
6.03503504e+06 	 4.282991e-06 	 1.096073e+07 	
6.03553554e+06 	 4.281652e-06 	 1.095974e+07 	
6.03603604e+06 	 4.280314e-06 	 1.095875e+07 	
6.03653654e+06 	 4.278976e-06 	 1.095775e+07 	
6.03703704e+06 	 4.277638e-06 	 1.095676e+07 	
6.03753754e+06 	 4.276301e-06 	 1.095577e+07 	
6.03803804e+06 	 4.274965e-06 	 1.095478e+07 	
6.03853854e+06 	 4.273629e-06 	 1.095378e+07 	
6.03903904e+06 	 4.272294e-06 	 1.095279e+07 	
6.03953954e+06 	 4.270959e-06 	 1.095180e+07 	
6.04004004e+06 	 4.269624e-06 	 1.095081e+07 	
6.04054054e+06 	 4.268290e-06 	 1.094982e+07 	
6.04104104e+06 	 4.266957e-06 	 1.094883e+07 	
6.04154154e+06 	 4.265624e-06 	 1.094784e+07 	
6.04204204e+06 	 4.264291e-06 	 1.094685e+07 	
6.04254254e+06 	 4.262959e-06 	 1.094585e+07 	
6.04304304e+06 	 4.261628e-06 	 1.094486e+07 	
6.04354354e+06 	 4.260297e-06 	 1.094387e+07 	
6.04404404e+06 	 4.258967e-06 	 1.094288e+07 	
6.04454454e+06 	 4.257637e-06 	 1.094189e+07 	
6.04504505e+06 	 4.256307e-06 	 1.094090e+07 	
6.04554555e+06 	 4.254978e-06 	 1.093991e+07 	
6.04604605e+06 	 4.253650e-06 	 1.093892e+07 	
6.04654655e+06 	 4.252322e-06 	 1.093794e+07 	
6.04704705e+06 	 4.250995e-06 	 1.093695e+07 	
6.04754755e+06 	 4.249668e-06 	 1.093596e+07 	
6.04804805e+06 	 4.248341e-06 	 1.093497e+07 	
6.04854855e+06 	 4.247015e-06 	 1.093398e+07 	
6.04904905e+06 	 4.245690e-06 	 1.093299e+07 	
6.04954955e+06 	 4.244365e-06 	 1.093200e+07 	
6.05005005e+06 	 4.243041e-06 	 1.093102e+07 	
6.05055055e+06 	 4.241717e-06 	 1.093003e+07 	
6.05105105e+06 	 4.240393e-06 	 1.092904e+07 	
6.05155155e+06 	 4.239071e-06 	 1.092805e+07 	
6.05205205e+06 	 4.237748e-06 	 1.092707e+07 	
6.05255255e+06 	 4.236426e-06 	 1.092608e+07 	
6.05305305e+06 	 4.235105e-06 	 1.092509e+07 	
6.05355355e+06 	 4.233784e-06 	 1.092411e+07 	
6.05405405e+06 	 4.232464e-06 	 1.092312e+07 	
6.05455455e+06 	 4.231144e-06 	 1.092213e+07 	
6.05505506e+06 	 4.229824e-06 	 1.092115e+07 	
6.05555556e+06 	 4.228505e-06 	 1.092016e+07 	
6.05605606e+06 	 4.227187e-06 	 1.091918e+07 	
6.05655656e+06 	 4.225869e-06 	 1.091819e+07 	
6.05705706e+06 	 4.224551e-06 	 1.091721e+07 	
6.05755756e+06 	 4.223235e-06 	 1.091622e+07 	
6.05805806e+06 	 4.221918e-06 	 1.091524e+07 	
6.05855856e+06 	 4.220602e-06 	 1.091425e+07 	
6.05905906e+06 	 4.219287e-06 	 1.091327e+07 	
6.05955956e+06 	 4.217972e-06 	 1.091228e+07 	
6.06006006e+06 	 4.216657e-06 	 1.091130e+07 	
6.06056056e+06 	 4.215343e-06 	 1.091031e+07 	
6.06106106e+06 	 4.214030e-06 	 1.090933e+07 	
6.06156156e+06 	 4.212717e-06 	 1.090835e+07 	
6.06206206e+06 	 4.211405e-06 	 1.090736e+07 	
6.06256256e+06 	 4.210093e-06 	 1.090638e+07 	
6.06306306e+06 	 4.208781e-06 	 1.090540e+07 	
6.06356356e+06 	 4.207470e-06 	 1.090441e+07 	
6.06406406e+06 	 4.206160e-06 	 1.090343e+07 	
6.06456456e+06 	 4.204850e-06 	 1.090245e+07 	
6.06506507e+06 	 4.203540e-06 	 1.090147e+07 	
6.06556557e+06 	 4.202231e-06 	 1.090048e+07 	
6.06606607e+06 	 4.200923e-06 	 1.089950e+07 	
6.06656657e+06 	 4.199615e-06 	 1.089852e+07 	
6.06706707e+06 	 4.198307e-06 	 1.089754e+07 	
6.06756757e+06 	 4.197000e-06 	 1.089656e+07 	
6.06806807e+06 	 4.195693e-06 	 1.089558e+07 	
6.06856857e+06 	 4.194387e-06 	 1.089460e+07 	
6.06906907e+06 	 4.193082e-06 	 1.089361e+07 	
6.06956957e+06 	 4.191777e-06 	 1.089263e+07 	
6.07007007e+06 	 4.190472e-06 	 1.089165e+07 	
6.07057057e+06 	 4.189168e-06 	 1.089067e+07 	
6.07107107e+06 	 4.187864e-06 	 1.088969e+07 	
6.07157157e+06 	 4.186561e-06 	 1.088871e+07 	
6.07207207e+06 	 4.185259e-06 	 1.088773e+07 	
6.07257257e+06 	 4.183957e-06 	 1.088675e+07 	
6.07307307e+06 	 4.182655e-06 	 1.088577e+07 	
6.07357357e+06 	 4.181354e-06 	 1.088479e+07 	
6.07407407e+06 	 4.180053e-06 	 1.088382e+07 	
6.07457457e+06 	 4.178753e-06 	 1.088284e+07 	
6.07507508e+06 	 4.177453e-06 	 1.088186e+07 	
6.07557558e+06 	 4.176154e-06 	 1.088088e+07 	
6.07607608e+06 	 4.174855e-06 	 1.087990e+07 	
6.07657658e+06 	 4.173557e-06 	 1.087892e+07 	
6.07707708e+06 	 4.172259e-06 	 1.087795e+07 	
6.07757758e+06 	 4.170962e-06 	 1.087697e+07 	
6.07807808e+06 	 4.169665e-06 	 1.087599e+07 	
6.07857858e+06 	 4.168369e-06 	 1.087501e+07 	
6.07907908e+06 	 4.167073e-06 	 1.087404e+07 	
6.07957958e+06 	 4.165778e-06 	 1.087306e+07 	
6.08008008e+06 	 4.164483e-06 	 1.087208e+07 	
6.08058058e+06 	 4.163189e-06 	 1.087110e+07 	
6.08108108e+06 	 4.161895e-06 	 1.087013e+07 	
6.08158158e+06 	 4.160601e-06 	 1.086915e+07 	
6.08208208e+06 	 4.159308e-06 	 1.086818e+07 	
6.08258258e+06 	 4.158016e-06 	 1.086720e+07 	
6.08308308e+06 	 4.156724e-06 	 1.086622e+07 	
6.08358358e+06 	 4.155433e-06 	 1.086525e+07 	
6.08408408e+06 	 4.154142e-06 	 1.086427e+07 	
6.08458458e+06 	 4.152851e-06 	 1.086330e+07 	
6.08508509e+06 	 4.151561e-06 	 1.086232e+07 	
6.08558559e+06 	 4.150272e-06 	 1.086135e+07 	
6.08608609e+06 	 4.148983e-06 	 1.086037e+07 	
6.08658659e+06 	 4.147694e-06 	 1.085940e+07 	
6.08708709e+06 	 4.146406e-06 	 1.085842e+07 	
6.08758759e+06 	 4.145119e-06 	 1.085745e+07 	
6.08808809e+06 	 4.143832e-06 	 1.085648e+07 	
6.08858859e+06 	 4.142545e-06 	 1.085550e+07 	
6.08908909e+06 	 4.141259e-06 	 1.085453e+07 	
6.08958959e+06 	 4.139973e-06 	 1.085356e+07 	
6.09009009e+06 	 4.138688e-06 	 1.085258e+07 	
6.09059059e+06 	 4.137403e-06 	 1.085161e+07 	
6.09109109e+06 	 4.136119e-06 	 1.085064e+07 	
6.09159159e+06 	 4.134835e-06 	 1.084966e+07 	
6.09209209e+06 	 4.133552e-06 	 1.084869e+07 	
6.09259259e+06 	 4.132269e-06 	 1.084772e+07 	
6.09309309e+06 	 4.130987e-06 	 1.084675e+07 	
6.09359359e+06 	 4.129705e-06 	 1.084577e+07 	
6.09409409e+06 	 4.128424e-06 	 1.084480e+07 	
6.09459459e+06 	 4.127143e-06 	 1.084383e+07 	
6.09509510e+06 	 4.125863e-06 	 1.084286e+07 	
6.09559560e+06 	 4.124583e-06 	 1.084189e+07 	
6.09609610e+06 	 4.123304e-06 	 1.084092e+07 	
6.09659660e+06 	 4.122025e-06 	 1.083995e+07 	
6.09709710e+06 	 4.120746e-06 	 1.083898e+07 	
6.09759760e+06 	 4.119468e-06 	 1.083801e+07 	
6.09809810e+06 	 4.118191e-06 	 1.083704e+07 	
6.09859860e+06 	 4.116914e-06 	 1.083607e+07 	
6.09909910e+06 	 4.115637e-06 	 1.083510e+07 	
6.09959960e+06 	 4.114361e-06 	 1.083413e+07 	
6.10010010e+06 	 4.113086e-06 	 1.083316e+07 	
6.10060060e+06 	 4.111811e-06 	 1.083219e+07 	
6.10110110e+06 	 4.110536e-06 	 1.083122e+07 	
6.10160160e+06 	 4.109262e-06 	 1.083025e+07 	
6.10210210e+06 	 4.107988e-06 	 1.082928e+07 	
6.10260260e+06 	 4.106715e-06 	 1.082831e+07 	
6.10310310e+06 	 4.105442e-06 	 1.082734e+07 	
6.10360360e+06 	 4.104170e-06 	 1.082637e+07 	
6.10410410e+06 	 4.102898e-06 	 1.082541e+07 	
6.10460460e+06 	 4.101627e-06 	 1.082444e+07 	
6.10510511e+06 	 4.100356e-06 	 1.082347e+07 	
6.10560561e+06 	 4.099086e-06 	 1.082250e+07 	
6.10610611e+06 	 4.097816e-06 	 1.082153e+07 	
6.10660661e+06 	 4.096547e-06 	 1.082057e+07 	
6.10710711e+06 	 4.095278e-06 	 1.081960e+07 	
6.10760761e+06 	 4.094009e-06 	 1.081863e+07 	
6.10810811e+06 	 4.092741e-06 	 1.081767e+07 	
6.10860861e+06 	 4.091474e-06 	 1.081670e+07 	
6.10910911e+06 	 4.090207e-06 	 1.081573e+07 	
6.10960961e+06 	 4.088940e-06 	 1.081477e+07 	
6.11011011e+06 	 4.087674e-06 	 1.081380e+07 	
6.11061061e+06 	 4.086409e-06 	 1.081284e+07 	
6.11111111e+06 	 4.085143e-06 	 1.081187e+07 	
6.11161161e+06 	 4.083879e-06 	 1.081090e+07 	
6.11211211e+06 	 4.082615e-06 	 1.080994e+07 	
6.11261261e+06 	 4.081351e-06 	 1.080897e+07 	
6.11311311e+06 	 4.080088e-06 	 1.080801e+07 	
6.11361361e+06 	 4.078825e-06 	 1.080704e+07 	
6.11411411e+06 	 4.077563e-06 	 1.080608e+07 	
6.11461461e+06 	 4.076301e-06 	 1.080512e+07 	
6.11511512e+06 	 4.075039e-06 	 1.080415e+07 	
6.11561562e+06 	 4.073779e-06 	 1.080319e+07 	
6.11611612e+06 	 4.072518e-06 	 1.080222e+07 	
6.11661662e+06 	 4.071258e-06 	 1.080126e+07 	
6.11711712e+06 	 4.069999e-06 	 1.080030e+07 	
6.11761762e+06 	 4.068740e-06 	 1.079933e+07 	
6.11811812e+06 	 4.067481e-06 	 1.079837e+07 	
6.11861862e+06 	 4.066223e-06 	 1.079741e+07 	
6.11911912e+06 	 4.064966e-06 	 1.079644e+07 	
6.11961962e+06 	 4.063708e-06 	 1.079548e+07 	
6.12012012e+06 	 4.062452e-06 	 1.079452e+07 	
6.12062062e+06 	 4.061196e-06 	 1.079356e+07 	
6.12112112e+06 	 4.059940e-06 	 1.079259e+07 	
6.12162162e+06 	 4.058685e-06 	 1.079163e+07 	
6.12212212e+06 	 4.057430e-06 	 1.079067e+07 	
6.12262262e+06 	 4.056175e-06 	 1.078971e+07 	
6.12312312e+06 	 4.054922e-06 	 1.078875e+07 	
6.12362362e+06 	 4.053668e-06 	 1.078779e+07 	
6.12412412e+06 	 4.052415e-06 	 1.078683e+07 	
6.12462462e+06 	 4.051163e-06 	 1.078586e+07 	
6.12512513e+06 	 4.049911e-06 	 1.078490e+07 	
6.12562563e+06 	 4.048659e-06 	 1.078394e+07 	
6.12612613e+06 	 4.047408e-06 	 1.078298e+07 	
6.12662663e+06 	 4.046158e-06 	 1.078202e+07 	
6.12712713e+06 	 4.044908e-06 	 1.078106e+07 	
6.12762763e+06 	 4.043658e-06 	 1.078010e+07 	
6.12812813e+06 	 4.042409e-06 	 1.077914e+07 	
6.12862863e+06 	 4.041160e-06 	 1.077818e+07 	
6.12912913e+06 	 4.039912e-06 	 1.077723e+07 	
6.12962963e+06 	 4.038664e-06 	 1.077627e+07 	
6.13013013e+06 	 4.037417e-06 	 1.077531e+07 	
6.13063063e+06 	 4.036170e-06 	 1.077435e+07 	
6.13113113e+06 	 4.034923e-06 	 1.077339e+07 	
6.13163163e+06 	 4.033677e-06 	 1.077243e+07 	
6.13213213e+06 	 4.032432e-06 	 1.077147e+07 	
6.13263263e+06 	 4.031187e-06 	 1.077052e+07 	
6.13313313e+06 	 4.029942e-06 	 1.076956e+07 	
6.13363363e+06 	 4.028698e-06 	 1.076860e+07 	
6.13413413e+06 	 4.027455e-06 	 1.076764e+07 	
6.13463463e+06 	 4.026211e-06 	 1.076669e+07 	
6.13513514e+06 	 4.024969e-06 	 1.076573e+07 	
6.13563564e+06 	 4.023726e-06 	 1.076477e+07 	
6.13613614e+06 	 4.022485e-06 	 1.076381e+07 	
6.13663664e+06 	 4.021243e-06 	 1.076286e+07 	
6.13713714e+06 	 4.020002e-06 	 1.076190e+07 	
6.13763764e+06 	 4.018762e-06 	 1.076095e+07 	
6.13813814e+06 	 4.017522e-06 	 1.075999e+07 	
6.13863864e+06 	 4.016283e-06 	 1.075903e+07 	
6.13913914e+06 	 4.015044e-06 	 1.075808e+07 	
6.13963964e+06 	 4.013805e-06 	 1.075712e+07 	
6.14014014e+06 	 4.012567e-06 	 1.075617e+07 	
6.14064064e+06 	 4.011329e-06 	 1.075521e+07 	
6.14114114e+06 	 4.010092e-06 	 1.075426e+07 	
6.14164164e+06 	 4.008855e-06 	 1.075330e+07 	
6.14214214e+06 	 4.007619e-06 	 1.075235e+07 	
6.14264264e+06 	 4.006383e-06 	 1.075139e+07 	
6.14314314e+06 	 4.005148e-06 	 1.075044e+07 	
6.14364364e+06 	 4.003913e-06 	 1.074948e+07 	
6.14414414e+06 	 4.002679e-06 	 1.074853e+07 	
6.14464464e+06 	 4.001445e-06 	 1.074758e+07 	
6.14514515e+06 	 4.000211e-06 	 1.074662e+07 	
6.14564565e+06 	 3.998978e-06 	 1.074567e+07 	
6.14614615e+06 	 3.997745e-06 	 1.074472e+07 	
6.14664665e+06 	 3.996513e-06 	 1.074376e+07 	
6.14714715e+06 	 3.995282e-06 	 1.074281e+07 	
6.14764765e+06 	 3.994050e-06 	 1.074186e+07 	
6.14814815e+06 	 3.992820e-06 	 1.074091e+07 	
6.14864865e+06 	 3.991589e-06 	 1.073995e+07 	
6.14914915e+06 	 3.990359e-06 	 1.073900e+07 	
6.14964965e+06 	 3.989130e-06 	 1.073805e+07 	
6.15015015e+06 	 3.987901e-06 	 1.073710e+07 	
6.15065065e+06 	 3.986673e-06 	 1.073615e+07 	
6.15115115e+06 	 3.985445e-06 	 1.073519e+07 	
6.15165165e+06 	 3.984217e-06 	 1.073424e+07 	
6.15215215e+06 	 3.982990e-06 	 1.073329e+07 	
6.15265265e+06 	 3.981763e-06 	 1.073234e+07 	
6.15315315e+06 	 3.980537e-06 	 1.073139e+07 	
6.15365365e+06 	 3.979311e-06 	 1.073044e+07 	
6.15415415e+06 	 3.978086e-06 	 1.072949e+07 	
6.15465465e+06 	 3.976861e-06 	 1.072854e+07 	
6.15515516e+06 	 3.975637e-06 	 1.072759e+07 	
6.15565566e+06 	 3.974413e-06 	 1.072664e+07 	
6.15615616e+06 	 3.973189e-06 	 1.072569e+07 	
6.15665666e+06 	 3.971966e-06 	 1.072474e+07 	
6.15715716e+06 	 3.970743e-06 	 1.072379e+07 	
6.15765766e+06 	 3.969521e-06 	 1.072284e+07 	
6.15815816e+06 	 3.968300e-06 	 1.072189e+07 	
6.15865866e+06 	 3.967078e-06 	 1.072094e+07 	
6.15915916e+06 	 3.965858e-06 	 1.071999e+07 	
6.15965966e+06 	 3.964637e-06 	 1.071905e+07 	
6.16016016e+06 	 3.963417e-06 	 1.071810e+07 	
6.16066066e+06 	 3.962198e-06 	 1.071715e+07 	
6.16116116e+06 	 3.960979e-06 	 1.071620e+07 	
6.16166166e+06 	 3.959760e-06 	 1.071525e+07 	
6.16216216e+06 	 3.958542e-06 	 1.071431e+07 	
6.16266266e+06 	 3.957325e-06 	 1.071336e+07 	
6.16316316e+06 	 3.956107e-06 	 1.071241e+07 	
6.16366366e+06 	 3.954891e-06 	 1.071146e+07 	
6.16416416e+06 	 3.953674e-06 	 1.071052e+07 	
6.16466466e+06 	 3.952459e-06 	 1.070957e+07 	
6.16516517e+06 	 3.951243e-06 	 1.070862e+07 	
6.16566567e+06 	 3.950028e-06 	 1.070768e+07 	
6.16616617e+06 	 3.948814e-06 	 1.070673e+07 	
6.16666667e+06 	 3.947600e-06 	 1.070578e+07 	
6.16716717e+06 	 3.946386e-06 	 1.070484e+07 	
6.16766767e+06 	 3.945173e-06 	 1.070389e+07 	
6.16816817e+06 	 3.943960e-06 	 1.070295e+07 	
6.16866867e+06 	 3.942748e-06 	 1.070200e+07 	
6.16916917e+06 	 3.941536e-06 	 1.070106e+07 	
6.16966967e+06 	 3.940325e-06 	 1.070011e+07 	
6.17017017e+06 	 3.939114e-06 	 1.069917e+07 	
6.17067067e+06 	 3.937903e-06 	 1.069822e+07 	
6.17117117e+06 	 3.936693e-06 	 1.069728e+07 	
6.17167167e+06 	 3.935484e-06 	 1.069633e+07 	
6.17217217e+06 	 3.934275e-06 	 1.069539e+07 	
6.17267267e+06 	 3.933066e-06 	 1.069445e+07 	
6.17317317e+06 	 3.931858e-06 	 1.069350e+07 	
6.17367367e+06 	 3.930650e-06 	 1.069256e+07 	
6.17417417e+06 	 3.929443e-06 	 1.069161e+07 	
6.17467467e+06 	 3.928236e-06 	 1.069067e+07 	
6.17517518e+06 	 3.927029e-06 	 1.068973e+07 	
6.17567568e+06 	 3.925823e-06 	 1.068879e+07 	
6.17617618e+06 	 3.924618e-06 	 1.068784e+07 	
6.17667668e+06 	 3.923413e-06 	 1.068690e+07 	
6.17717718e+06 	 3.922208e-06 	 1.068596e+07 	
6.17767768e+06 	 3.921004e-06 	 1.068502e+07 	
6.17817818e+06 	 3.919800e-06 	 1.068407e+07 	
6.17867868e+06 	 3.918597e-06 	 1.068313e+07 	
6.17917918e+06 	 3.917394e-06 	 1.068219e+07 	
6.17967968e+06 	 3.916191e-06 	 1.068125e+07 	
6.18018018e+06 	 3.914989e-06 	 1.068031e+07 	
6.18068068e+06 	 3.913788e-06 	 1.067937e+07 	
6.18118118e+06 	 3.912587e-06 	 1.067842e+07 	
6.18168168e+06 	 3.911386e-06 	 1.067748e+07 	
6.18218218e+06 	 3.910186e-06 	 1.067654e+07 	
6.18268268e+06 	 3.908986e-06 	 1.067560e+07 	
6.18318318e+06 	 3.907786e-06 	 1.067466e+07 	
6.18368368e+06 	 3.906587e-06 	 1.067372e+07 	
6.18418418e+06 	 3.905389e-06 	 1.067278e+07 	
6.18468468e+06 	 3.904191e-06 	 1.067184e+07 	
6.18518519e+06 	 3.902993e-06 	 1.067090e+07 	
6.18568569e+06 	 3.901796e-06 	 1.066996e+07 	
6.18618619e+06 	 3.900599e-06 	 1.066902e+07 	
6.18668669e+06 	 3.899403e-06 	 1.066808e+07 	
6.18718719e+06 	 3.898207e-06 	 1.066715e+07 	
6.18768769e+06 	 3.897012e-06 	 1.066621e+07 	
6.18818819e+06 	 3.895817e-06 	 1.066527e+07 	
6.18868869e+06 	 3.894622e-06 	 1.066433e+07 	
6.18918919e+06 	 3.893428e-06 	 1.066339e+07 	
6.18968969e+06 	 3.892235e-06 	 1.066245e+07 	
6.19019019e+06 	 3.891042e-06 	 1.066151e+07 	
6.19069069e+06 	 3.889849e-06 	 1.066058e+07 	
6.19119119e+06 	 3.888656e-06 	 1.065964e+07 	
6.19169169e+06 	 3.887465e-06 	 1.065870e+07 	
6.19219219e+06 	 3.886273e-06 	 1.065776e+07 	
6.19269269e+06 	 3.885082e-06 	 1.065683e+07 	
6.19319319e+06 	 3.883892e-06 	 1.065589e+07 	
6.19369369e+06 	 3.882701e-06 	 1.065495e+07 	
6.19419419e+06 	 3.881512e-06 	 1.065402e+07 	
6.19469469e+06 	 3.880322e-06 	 1.065308e+07 	
6.19519520e+06 	 3.879134e-06 	 1.065214e+07 	
6.19569570e+06 	 3.877945e-06 	 1.065121e+07 	
6.19619620e+06 	 3.876757e-06 	 1.065027e+07 	
6.19669670e+06 	 3.875570e-06 	 1.064934e+07 	
6.19719720e+06 	 3.874383e-06 	 1.064840e+07 	
6.19769770e+06 	 3.873196e-06 	 1.064747e+07 	
6.19819820e+06 	 3.872010e-06 	 1.064653e+07 	
6.19869870e+06 	 3.870824e-06 	 1.064560e+07 	
6.19919920e+06 	 3.869639e-06 	 1.064466e+07 	
6.19969970e+06 	 3.868454e-06 	 1.064373e+07 	
6.20020020e+06 	 3.867269e-06 	 1.064279e+07 	
6.20070070e+06 	 3.866085e-06 	 1.064186e+07 	
6.20120120e+06 	 3.864902e-06 	 1.064092e+07 	
6.20170170e+06 	 3.863719e-06 	 1.063999e+07 	
6.20220220e+06 	 3.862536e-06 	 1.063906e+07 	
6.20270270e+06 	 3.861353e-06 	 1.063812e+07 	
6.20320320e+06 	 3.860172e-06 	 1.063719e+07 	
6.20370370e+06 	 3.858990e-06 	 1.063626e+07 	
6.20420420e+06 	 3.857809e-06 	 1.063532e+07 	
6.20470470e+06 	 3.856629e-06 	 1.063439e+07 	
6.20520521e+06 	 3.855448e-06 	 1.063346e+07 	
6.20570571e+06 	 3.854269e-06 	 1.063252e+07 	
6.20620621e+06 	 3.853090e-06 	 1.063159e+07 	
6.20670671e+06 	 3.851911e-06 	 1.063066e+07 	
6.20720721e+06 	 3.850732e-06 	 1.062973e+07 	
6.20770771e+06 	 3.849554e-06 	 1.062879e+07 	
6.20820821e+06 	 3.848377e-06 	 1.062786e+07 	
6.20870871e+06 	 3.847200e-06 	 1.062693e+07 	
6.20920921e+06 	 3.846023e-06 	 1.062600e+07 	
6.20970971e+06 	 3.844847e-06 	 1.062507e+07 	
6.21021021e+06 	 3.843671e-06 	 1.062414e+07 	
6.21071071e+06 	 3.842496e-06 	 1.062321e+07 	
6.21121121e+06 	 3.841321e-06 	 1.062228e+07 	
6.21171171e+06 	 3.840146e-06 	 1.062134e+07 	
6.21221221e+06 	 3.838972e-06 	 1.062041e+07 	
6.21271271e+06 	 3.837798e-06 	 1.061948e+07 	
6.21321321e+06 	 3.836625e-06 	 1.061855e+07 	
6.21371371e+06 	 3.835452e-06 	 1.061762e+07 	
6.21421421e+06 	 3.834280e-06 	 1.061669e+07 	
6.21471471e+06 	 3.833108e-06 	 1.061576e+07 	
6.21521522e+06 	 3.831937e-06 	 1.061484e+07 	
6.21571572e+06 	 3.830765e-06 	 1.061391e+07 	
6.21621622e+06 	 3.829595e-06 	 1.061298e+07 	
6.21671672e+06 	 3.828425e-06 	 1.061205e+07 	
6.21721722e+06 	 3.827255e-06 	 1.061112e+07 	
6.21771772e+06 	 3.826085e-06 	 1.061019e+07 	
6.21821822e+06 	 3.824916e-06 	 1.060926e+07 	
6.21871872e+06 	 3.823748e-06 	 1.060833e+07 	
6.21921922e+06 	 3.822580e-06 	 1.060741e+07 	
6.21971972e+06 	 3.821412e-06 	 1.060648e+07 	
6.22022022e+06 	 3.820245e-06 	 1.060555e+07 	
6.22072072e+06 	 3.819078e-06 	 1.060462e+07 	
6.22122122e+06 	 3.817912e-06 	 1.060370e+07 	
6.22172172e+06 	 3.816746e-06 	 1.060277e+07 	
6.22222222e+06 	 3.815580e-06 	 1.060184e+07 	
6.22272272e+06 	 3.814415e-06 	 1.060091e+07 	
6.22322322e+06 	 3.813251e-06 	 1.059999e+07 	
6.22372372e+06 	 3.812086e-06 	 1.059906e+07 	
6.22422422e+06 	 3.810922e-06 	 1.059813e+07 	
6.22472472e+06 	 3.809759e-06 	 1.059721e+07 	
6.22522523e+06 	 3.808596e-06 	 1.059628e+07 	
6.22572573e+06 	 3.807434e-06 	 1.059536e+07 	
6.22622623e+06 	 3.806271e-06 	 1.059443e+07 	
6.22672673e+06 	 3.805110e-06 	 1.059351e+07 	
6.22722723e+06 	 3.803948e-06 	 1.059258e+07 	
6.22772773e+06 	 3.802788e-06 	 1.059165e+07 	
6.22822823e+06 	 3.801627e-06 	 1.059073e+07 	
6.22872873e+06 	 3.800467e-06 	 1.058980e+07 	
6.22922923e+06 	 3.799308e-06 	 1.058888e+07 	
6.22972973e+06 	 3.798148e-06 	 1.058796e+07 	
6.23023023e+06 	 3.796990e-06 	 1.058703e+07 	
6.23073073e+06 	 3.795831e-06 	 1.058611e+07 	
6.23123123e+06 	 3.794674e-06 	 1.058518e+07 	
6.23173173e+06 	 3.793516e-06 	 1.058426e+07 	
6.23223223e+06 	 3.792359e-06 	 1.058334e+07 	
6.23273273e+06 	 3.791202e-06 	 1.058241e+07 	
6.23323323e+06 	 3.790046e-06 	 1.058149e+07 	
6.23373373e+06 	 3.788890e-06 	 1.058057e+07 	
6.23423423e+06 	 3.787735e-06 	 1.057964e+07 	
6.23473473e+06 	 3.786580e-06 	 1.057872e+07 	
6.23523524e+06 	 3.785426e-06 	 1.057780e+07 	
6.23573574e+06 	 3.784272e-06 	 1.057687e+07 	
6.23623624e+06 	 3.783118e-06 	 1.057595e+07 	
6.23673674e+06 	 3.781965e-06 	 1.057503e+07 	
6.23723724e+06 	 3.780812e-06 	 1.057411e+07 	
6.23773774e+06 	 3.779659e-06 	 1.057319e+07 	
6.23823824e+06 	 3.778507e-06 	 1.057226e+07 	
6.23873874e+06 	 3.777356e-06 	 1.057134e+07 	
6.23923924e+06 	 3.776205e-06 	 1.057042e+07 	
6.23973974e+06 	 3.775054e-06 	 1.056950e+07 	
6.24024024e+06 	 3.773904e-06 	 1.056858e+07 	
6.24074074e+06 	 3.772754e-06 	 1.056766e+07 	
6.24124124e+06 	 3.771604e-06 	 1.056674e+07 	
6.24174174e+06 	 3.770455e-06 	 1.056582e+07 	
6.24224224e+06 	 3.769307e-06 	 1.056490e+07 	
6.24274274e+06 	 3.768158e-06 	 1.056398e+07 	
6.24324324e+06 	 3.767011e-06 	 1.056306e+07 	
6.24374374e+06 	 3.765863e-06 	 1.056214e+07 	
6.24424424e+06 	 3.764716e-06 	 1.056122e+07 	
6.24474474e+06 	 3.763570e-06 	 1.056030e+07 	
6.24524525e+06 	 3.762424e-06 	 1.055938e+07 	
6.24574575e+06 	 3.761278e-06 	 1.055846e+07 	
6.24624625e+06 	 3.760133e-06 	 1.055754e+07 	
6.24674675e+06 	 3.758988e-06 	 1.055662e+07 	
6.24724725e+06 	 3.757843e-06 	 1.055570e+07 	
6.24774775e+06 	 3.756699e-06 	 1.055478e+07 	
6.24824825e+06 	 3.755556e-06 	 1.055387e+07 	
6.24874875e+06 	 3.754412e-06 	 1.055295e+07 	
6.24924925e+06 	 3.753270e-06 	 1.055203e+07 	
6.24974975e+06 	 3.752127e-06 	 1.055111e+07 	
6.25025025e+06 	 3.750985e-06 	 1.055019e+07 	
6.25075075e+06 	 3.749844e-06 	 1.054928e+07 	
6.25125125e+06 	 3.748702e-06 	 1.054836e+07 	
6.25175175e+06 	 3.747562e-06 	 1.054744e+07 	
6.25225225e+06 	 3.746421e-06 	 1.054652e+07 	
6.25275275e+06 	 3.745282e-06 	 1.054561e+07 	
6.25325325e+06 	 3.744142e-06 	 1.054469e+07 	
6.25375375e+06 	 3.743003e-06 	 1.054377e+07 	
6.25425425e+06 	 3.741864e-06 	 1.054286e+07 	
6.25475475e+06 	 3.740726e-06 	 1.054194e+07 	
6.25525526e+06 	 3.739588e-06 	 1.054103e+07 	
6.25575576e+06 	 3.738451e-06 	 1.054011e+07 	
6.25625626e+06 	 3.737314e-06 	 1.053919e+07 	
6.25675676e+06 	 3.736177e-06 	 1.053828e+07 	
6.25725726e+06 	 3.735041e-06 	 1.053736e+07 	
6.25775776e+06 	 3.733905e-06 	 1.053645e+07 	
6.25825826e+06 	 3.732770e-06 	 1.053553e+07 	
6.25875876e+06 	 3.731635e-06 	 1.053462e+07 	
6.25925926e+06 	 3.730501e-06 	 1.053370e+07 	
6.25975976e+06 	 3.729366e-06 	 1.053279e+07 	
6.26026026e+06 	 3.728233e-06 	 1.053188e+07 	
6.26076076e+06 	 3.727100e-06 	 1.053096e+07 	
6.26126126e+06 	 3.725967e-06 	 1.053005e+07 	
6.26176176e+06 	 3.724834e-06 	 1.052913e+07 	
6.26226226e+06 	 3.723702e-06 	 1.052822e+07 	
6.26276276e+06 	 3.722570e-06 	 1.052731e+07 	
6.26326326e+06 	 3.721439e-06 	 1.052639e+07 	
6.26376376e+06 	 3.720308e-06 	 1.052548e+07 	
6.26426426e+06 	 3.719178e-06 	 1.052457e+07 	
6.26476476e+06 	 3.718048e-06 	 1.052365e+07 	
6.26526527e+06 	 3.716918e-06 	 1.052274e+07 	
6.26576577e+06 	 3.715789e-06 	 1.052183e+07 	
6.26626627e+06 	 3.714660e-06 	 1.052092e+07 	
6.26676677e+06 	 3.713532e-06 	 1.052000e+07 	
6.26726727e+06 	 3.712404e-06 	 1.051909e+07 	
6.26776777e+06 	 3.711277e-06 	 1.051818e+07 	
6.26826827e+06 	 3.710149e-06 	 1.051727e+07 	
6.26876877e+06 	 3.709023e-06 	 1.051636e+07 	
6.26926927e+06 	 3.707896e-06 	 1.051545e+07 	
6.26976977e+06 	 3.706771e-06 	 1.051453e+07 	
6.27027027e+06 	 3.705645e-06 	 1.051362e+07 	
6.27077077e+06 	 3.704520e-06 	 1.051271e+07 	
6.27127127e+06 	 3.703395e-06 	 1.051180e+07 	
6.27177177e+06 	 3.702271e-06 	 1.051089e+07 	
6.27227227e+06 	 3.701147e-06 	 1.050998e+07 	
6.27277277e+06 	 3.700024e-06 	 1.050907e+07 	
6.27327327e+06 	 3.698901e-06 	 1.050816e+07 	
6.27377377e+06 	 3.697778e-06 	 1.050725e+07 	
6.27427427e+06 	 3.696656e-06 	 1.050634e+07 	
6.27477477e+06 	 3.695534e-06 	 1.050543e+07 	
6.27527528e+06 	 3.694412e-06 	 1.050452e+07 	
6.27577578e+06 	 3.693291e-06 	 1.050361e+07 	
6.27627628e+06 	 3.692171e-06 	 1.050270e+07 	
6.27677678e+06 	 3.691050e-06 	 1.050179e+07 	
6.27727728e+06 	 3.689931e-06 	 1.050089e+07 	
6.27777778e+06 	 3.688811e-06 	 1.049998e+07 	
6.27827828e+06 	 3.687692e-06 	 1.049907e+07 	
6.27877878e+06 	 3.686574e-06 	 1.049816e+07 	
6.27927928e+06 	 3.685455e-06 	 1.049725e+07 	
6.27977978e+06 	 3.684338e-06 	 1.049634e+07 	
6.28028028e+06 	 3.683220e-06 	 1.049544e+07 	
6.28078078e+06 	 3.682103e-06 	 1.049453e+07 	
6.28128128e+06 	 3.680987e-06 	 1.049362e+07 	
6.28178178e+06 	 3.679870e-06 	 1.049271e+07 	
6.28228228e+06 	 3.678755e-06 	 1.049181e+07 	
6.28278278e+06 	 3.677639e-06 	 1.049090e+07 	
6.28328328e+06 	 3.676524e-06 	 1.048999e+07 	
6.28378378e+06 	 3.675410e-06 	 1.048909e+07 	
6.28428428e+06 	 3.674296e-06 	 1.048818e+07 	
6.28478478e+06 	 3.673182e-06 	 1.048727e+07 	
6.28528529e+06 	 3.672068e-06 	 1.048637e+07 	
6.28578579e+06 	 3.670956e-06 	 1.048546e+07 	
6.28628629e+06 	 3.669843e-06 	 1.048456e+07 	
6.28678679e+06 	 3.668731e-06 	 1.048365e+07 	
6.28728729e+06 	 3.667619e-06 	 1.048274e+07 	
6.28778779e+06 	 3.666508e-06 	 1.048184e+07 	
6.28828829e+06 	 3.665397e-06 	 1.048093e+07 	
6.28878879e+06 	 3.664286e-06 	 1.048003e+07 	
6.28928929e+06 	 3.663176e-06 	 1.047912e+07 	
6.28978979e+06 	 3.662066e-06 	 1.047822e+07 	
6.29029029e+06 	 3.660957e-06 	 1.047731e+07 	
6.29079079e+06 	 3.659848e-06 	 1.047641e+07 	
6.29129129e+06 	 3.658739e-06 	 1.047551e+07 	
6.29179179e+06 	 3.657631e-06 	 1.047460e+07 	
6.29229229e+06 	 3.656524e-06 	 1.047370e+07 	
6.29279279e+06 	 3.655416e-06 	 1.047279e+07 	
6.29329329e+06 	 3.654309e-06 	 1.047189e+07 	
6.29379379e+06 	 3.653203e-06 	 1.047099e+07 	
6.29429429e+06 	 3.652097e-06 	 1.047008e+07 	
6.29479479e+06 	 3.650991e-06 	 1.046918e+07 	
6.29529530e+06 	 3.649885e-06 	 1.046828e+07 	
6.29579580e+06 	 3.648781e-06 	 1.046738e+07 	
6.29629630e+06 	 3.647676e-06 	 1.046647e+07 	
6.29679680e+06 	 3.646572e-06 	 1.046557e+07 	
6.29729730e+06 	 3.645468e-06 	 1.046467e+07 	
6.29779780e+06 	 3.644365e-06 	 1.046377e+07 	
6.29829830e+06 	 3.643262e-06 	 1.046286e+07 	
6.29879880e+06 	 3.642159e-06 	 1.046196e+07 	
6.29929930e+06 	 3.641057e-06 	 1.046106e+07 	
6.29979980e+06 	 3.639955e-06 	 1.046016e+07 	
6.30030030e+06 	 3.638854e-06 	 1.045926e+07 	
6.30080080e+06 	 3.637753e-06 	 1.045836e+07 	
6.30130130e+06 	 3.636652e-06 	 1.045746e+07 	
6.30180180e+06 	 3.635552e-06 	 1.045656e+07 	
6.30230230e+06 	 3.634452e-06 	 1.045565e+07 	
6.30280280e+06 	 3.633353e-06 	 1.045475e+07 	
6.30330330e+06 	 3.632254e-06 	 1.045385e+07 	
6.30380380e+06 	 3.631155e-06 	 1.045295e+07 	
6.30430430e+06 	 3.630057e-06 	 1.045205e+07 	
6.30480480e+06 	 3.628959e-06 	 1.045115e+07 	
6.30530531e+06 	 3.627862e-06 	 1.045025e+07 	
6.30580581e+06 	 3.626765e-06 	 1.044936e+07 	
6.30630631e+06 	 3.625668e-06 	 1.044846e+07 	
6.30680681e+06 	 3.624572e-06 	 1.044756e+07 	
6.30730731e+06 	 3.623476e-06 	 1.044666e+07 	
6.30780781e+06 	 3.622381e-06 	 1.044576e+07 	
6.30830831e+06 	 3.621286e-06 	 1.044486e+07 	
6.30880881e+06 	 3.620191e-06 	 1.044396e+07 	
6.30930931e+06 	 3.619097e-06 	 1.044306e+07 	
6.30980981e+06 	 3.618003e-06 	 1.044217e+07 	
6.31031031e+06 	 3.616910e-06 	 1.044127e+07 	
6.31081081e+06 	 3.615816e-06 	 1.044037e+07 	
6.31131131e+06 	 3.614724e-06 	 1.043947e+07 	
6.31181181e+06 	 3.613631e-06 	 1.043857e+07 	
6.31231231e+06 	 3.612540e-06 	 1.043768e+07 	
6.31281281e+06 	 3.611448e-06 	 1.043678e+07 	
6.31331331e+06 	 3.610357e-06 	 1.043588e+07 	
6.31381381e+06 	 3.609266e-06 	 1.043499e+07 	
6.31431431e+06 	 3.608176e-06 	 1.043409e+07 	
6.31481481e+06 	 3.607086e-06 	 1.043319e+07 	
6.31531532e+06 	 3.605996e-06 	 1.043230e+07 	
6.31581582e+06 	 3.604907e-06 	 1.043140e+07 	
6.31631632e+06 	 3.603819e-06 	 1.043050e+07 	
6.31681682e+06 	 3.602730e-06 	 1.042961e+07 	
6.31731732e+06 	 3.601642e-06 	 1.042871e+07 	
6.31781782e+06 	 3.600555e-06 	 1.042782e+07 	
6.31831832e+06 	 3.599467e-06 	 1.042692e+07 	
6.31881882e+06 	 3.598381e-06 	 1.042602e+07 	
6.31931932e+06 	 3.597294e-06 	 1.042513e+07 	
6.31981982e+06 	 3.596208e-06 	 1.042423e+07 	
6.32032032e+06 	 3.595122e-06 	 1.042334e+07 	
6.32082082e+06 	 3.594037e-06 	 1.042245e+07 	
6.32132132e+06 	 3.592952e-06 	 1.042155e+07 	
6.32182182e+06 	 3.591868e-06 	 1.042066e+07 	
6.32232232e+06 	 3.590784e-06 	 1.041976e+07 	
6.32282282e+06 	 3.589700e-06 	 1.041887e+07 	
6.32332332e+06 	 3.588617e-06 	 1.041797e+07 	
6.32382382e+06 	 3.587534e-06 	 1.041708e+07 	
6.32432432e+06 	 3.586451e-06 	 1.041619e+07 	
6.32482482e+06 	 3.585369e-06 	 1.041529e+07 	
6.32532533e+06 	 3.584288e-06 	 1.041440e+07 	
6.32582583e+06 	 3.583206e-06 	 1.041351e+07 	
6.32632633e+06 	 3.582125e-06 	 1.041261e+07 	
6.32682683e+06 	 3.581045e-06 	 1.041172e+07 	
6.32732733e+06 	 3.579964e-06 	 1.041083e+07 	
6.32782783e+06 	 3.578885e-06 	 1.040994e+07 	
6.32832833e+06 	 3.577805e-06 	 1.040904e+07 	
6.32882883e+06 	 3.576726e-06 	 1.040815e+07 	
6.32932933e+06 	 3.575648e-06 	 1.040726e+07 	
6.32982983e+06 	 3.574569e-06 	 1.040637e+07 	
6.33033033e+06 	 3.573491e-06 	 1.040548e+07 	
6.33083083e+06 	 3.572414e-06 	 1.040459e+07 	
6.33133133e+06 	 3.571337e-06 	 1.040369e+07 	
6.33183183e+06 	 3.570260e-06 	 1.040280e+07 	
6.33233233e+06 	 3.569184e-06 	 1.040191e+07 	
6.33283283e+06 	 3.568108e-06 	 1.040102e+07 	
6.33333333e+06 	 3.567032e-06 	 1.040013e+07 	
6.33383383e+06 	 3.565957e-06 	 1.039924e+07 	
6.33433433e+06 	 3.564882e-06 	 1.039835e+07 	
6.33483483e+06 	 3.563808e-06 	 1.039746e+07 	
6.33533534e+06 	 3.562734e-06 	 1.039657e+07 	
6.33583584e+06 	 3.561660e-06 	 1.039568e+07 	
6.33633634e+06 	 3.560587e-06 	 1.039479e+07 	
6.33683684e+06 	 3.559514e-06 	 1.039390e+07 	
6.33733734e+06 	 3.558442e-06 	 1.039301e+07 	
6.33783784e+06 	 3.557370e-06 	 1.039212e+07 	
6.33833834e+06 	 3.556298e-06 	 1.039123e+07 	
6.33883884e+06 	 3.555226e-06 	 1.039034e+07 	
6.33933934e+06 	 3.554156e-06 	 1.038945e+07 	
6.33983984e+06 	 3.553085e-06 	 1.038857e+07 	
6.34034034e+06 	 3.552015e-06 	 1.038768e+07 	
6.34084084e+06 	 3.550945e-06 	 1.038679e+07 	
6.34134134e+06 	 3.549876e-06 	 1.038590e+07 	
6.34184184e+06 	 3.548807e-06 	 1.038501e+07 	
6.34234234e+06 	 3.547738e-06 	 1.038413e+07 	
6.34284284e+06 	 3.546670e-06 	 1.038324e+07 	
6.34334334e+06 	 3.545602e-06 	 1.038235e+07 	
6.34384384e+06 	 3.544534e-06 	 1.038146e+07 	
6.34434434e+06 	 3.543467e-06 	 1.038058e+07 	
6.34484484e+06 	 3.542400e-06 	 1.037969e+07 	
6.34534535e+06 	 3.541334e-06 	 1.037880e+07 	
6.34584585e+06 	 3.540268e-06 	 1.037792e+07 	
6.34634635e+06 	 3.539202e-06 	 1.037703e+07 	
6.34684685e+06 	 3.538137e-06 	 1.037614e+07 	
6.34734735e+06 	 3.537072e-06 	 1.037526e+07 	
6.34784785e+06 	 3.536008e-06 	 1.037437e+07 	
6.34834835e+06 	 3.534944e-06 	 1.037348e+07 	
6.34884885e+06 	 3.533880e-06 	 1.037260e+07 	
6.34934935e+06 	 3.532817e-06 	 1.037171e+07 	
6.34984985e+06 	 3.531754e-06 	 1.037083e+07 	
6.35035035e+06 	 3.530691e-06 	 1.036994e+07 	
6.35085085e+06 	 3.529629e-06 	 1.036906e+07 	
6.35135135e+06 	 3.528567e-06 	 1.036817e+07 	
6.35185185e+06 	 3.527506e-06 	 1.036729e+07 	
6.35235235e+06 	 3.526445e-06 	 1.036640e+07 	
6.35285285e+06 	 3.525384e-06 	 1.036552e+07 	
6.35335335e+06 	 3.524324e-06 	 1.036463e+07 	
6.35385385e+06 	 3.523264e-06 	 1.036375e+07 	
6.35435435e+06 	 3.522204e-06 	 1.036287e+07 	
6.35485485e+06 	 3.521145e-06 	 1.036198e+07 	
6.35535536e+06 	 3.520087e-06 	 1.036110e+07 	
6.35585586e+06 	 3.519028e-06 	 1.036021e+07 	
6.35635636e+06 	 3.517970e-06 	 1.035933e+07 	
6.35685686e+06 	 3.516912e-06 	 1.035845e+07 	
6.35735736e+06 	 3.515855e-06 	 1.035756e+07 	
6.35785786e+06 	 3.514798e-06 	 1.035668e+07 	
6.35835836e+06 	 3.513742e-06 	 1.035580e+07 	
6.35885886e+06 	 3.512686e-06 	 1.035492e+07 	
6.35935936e+06 	 3.511630e-06 	 1.035403e+07 	
6.35985986e+06 	 3.510575e-06 	 1.035315e+07 	
6.36036036e+06 	 3.509520e-06 	 1.035227e+07 	
6.36086086e+06 	 3.508465e-06 	 1.035139e+07 	
6.36136136e+06 	 3.507411e-06 	 1.035051e+07 	
6.36186186e+06 	 3.506357e-06 	 1.034962e+07 	
6.36236236e+06 	 3.505303e-06 	 1.034874e+07 	
6.36286286e+06 	 3.504250e-06 	 1.034786e+07 	
6.36336336e+06 	 3.503197e-06 	 1.034698e+07 	
6.36386386e+06 	 3.502145e-06 	 1.034610e+07 	
6.36436436e+06 	 3.501093e-06 	 1.034522e+07 	
6.36486486e+06 	 3.500041e-06 	 1.034434e+07 	
6.36536537e+06 	 3.498990e-06 	 1.034346e+07 	
6.36586587e+06 	 3.497939e-06 	 1.034258e+07 	
6.36636637e+06 	 3.496889e-06 	 1.034170e+07 	
6.36686687e+06 	 3.495839e-06 	 1.034082e+07 	
6.36736737e+06 	 3.494789e-06 	 1.033994e+07 	
6.36786787e+06 	 3.493739e-06 	 1.033906e+07 	
6.36836837e+06 	 3.492690e-06 	 1.033818e+07 	
6.36886887e+06 	 3.491642e-06 	 1.033730e+07 	
6.36936937e+06 	 3.490594e-06 	 1.033642e+07 	
6.36986987e+06 	 3.489546e-06 	 1.033554e+07 	
6.37037037e+06 	 3.488498e-06 	 1.033466e+07 	
6.37087087e+06 	 3.487451e-06 	 1.033378e+07 	
6.37137137e+06 	 3.486404e-06 	 1.033290e+07 	
6.37187187e+06 	 3.485358e-06 	 1.033202e+07 	
6.37237237e+06 	 3.484312e-06 	 1.033114e+07 	
6.37287287e+06 	 3.483266e-06 	 1.033027e+07 	
6.37337337e+06 	 3.482221e-06 	 1.032939e+07 	
6.37387387e+06 	 3.481176e-06 	 1.032851e+07 	
6.37437437e+06 	 3.480131e-06 	 1.032763e+07 	
6.37487487e+06 	 3.479087e-06 	 1.032676e+07 	
6.37537538e+06 	 3.478043e-06 	 1.032588e+07 	
6.37587588e+06 	 3.477000e-06 	 1.032500e+07 	
6.37637638e+06 	 3.475957e-06 	 1.032412e+07 	
6.37687688e+06 	 3.474914e-06 	 1.032325e+07 	
6.37737738e+06 	 3.473872e-06 	 1.032237e+07 	
6.37787788e+06 	 3.472830e-06 	 1.032149e+07 	
6.37837838e+06 	 3.471788e-06 	 1.032062e+07 	
6.37887888e+06 	 3.470747e-06 	 1.031974e+07 	
6.37937938e+06 	 3.469706e-06 	 1.031886e+07 	
6.37987988e+06 	 3.468666e-06 	 1.031799e+07 	
6.38038038e+06 	 3.467626e-06 	 1.031711e+07 	
6.38088088e+06 	 3.466586e-06 	 1.031624e+07 	
6.38138138e+06 	 3.465547e-06 	 1.031536e+07 	
6.38188188e+06 	 3.464508e-06 	 1.031448e+07 	
6.38238238e+06 	 3.463469e-06 	 1.031361e+07 	
6.38288288e+06 	 3.462431e-06 	 1.031273e+07 	
6.38338338e+06 	 3.461393e-06 	 1.031186e+07 	
6.38388388e+06 	 3.460355e-06 	 1.031098e+07 	
6.38438438e+06 	 3.459318e-06 	 1.031011e+07 	
6.38488488e+06 	 3.458281e-06 	 1.030924e+07 	
6.38538539e+06 	 3.457245e-06 	 1.030836e+07 	
6.38588589e+06 	 3.456209e-06 	 1.030749e+07 	
6.38638639e+06 	 3.455173e-06 	 1.030661e+07 	
6.38688689e+06 	 3.454138e-06 	 1.030574e+07 	
6.38738739e+06 	 3.453103e-06 	 1.030487e+07 	
6.38788789e+06 	 3.452068e-06 	 1.030399e+07 	
6.38838839e+06 	 3.451034e-06 	 1.030312e+07 	
6.38888889e+06 	 3.450000e-06 	 1.030225e+07 	
6.38938939e+06 	 3.448967e-06 	 1.030137e+07 	
6.38988989e+06 	 3.447934e-06 	 1.030050e+07 	
6.39039039e+06 	 3.446901e-06 	 1.029963e+07 	
6.39089089e+06 	 3.445869e-06 	 1.029875e+07 	
6.39139139e+06 	 3.444836e-06 	 1.029788e+07 	
6.39189189e+06 	 3.443805e-06 	 1.029701e+07 	
6.39239239e+06 	 3.442774e-06 	 1.029614e+07 	
6.39289289e+06 	 3.441743e-06 	 1.029526e+07 	
6.39339339e+06 	 3.440712e-06 	 1.029439e+07 	
6.39389389e+06 	 3.439682e-06 	 1.029352e+07 	
6.39439439e+06 	 3.438652e-06 	 1.029265e+07 	
6.39489489e+06 	 3.437623e-06 	 1.029178e+07 	
6.39539540e+06 	 3.436593e-06 	 1.029091e+07 	
6.39589590e+06 	 3.435565e-06 	 1.029004e+07 	
6.39639640e+06 	 3.434536e-06 	 1.028916e+07 	
6.39689690e+06 	 3.433508e-06 	 1.028829e+07 	
6.39739740e+06 	 3.432481e-06 	 1.028742e+07 	
6.39789790e+06 	 3.431453e-06 	 1.028655e+07 	
6.39839840e+06 	 3.430427e-06 	 1.028568e+07 	
6.39889890e+06 	 3.429400e-06 	 1.028481e+07 	
6.39939940e+06 	 3.428374e-06 	 1.028394e+07 	
6.39989990e+06 	 3.427348e-06 	 1.028307e+07 	
6.40040040e+06 	 3.426323e-06 	 1.028220e+07 	
6.40090090e+06 	 3.425297e-06 	 1.028133e+07 	
6.40140140e+06 	 3.424273e-06 	 1.028046e+07 	
6.40190190e+06 	 3.423248e-06 	 1.027959e+07 	
6.40240240e+06 	 3.422224e-06 	 1.027873e+07 	
6.40290290e+06 	 3.421201e-06 	 1.027786e+07 	
6.40340340e+06 	 3.420177e-06 	 1.027699e+07 	
6.40390390e+06 	 3.419154e-06 	 1.027612e+07 	
6.40440440e+06 	 3.418132e-06 	 1.027525e+07 	
6.40490490e+06 	 3.417110e-06 	 1.027438e+07 	
6.40540541e+06 	 3.416088e-06 	 1.027351e+07 	
6.40590591e+06 	 3.415066e-06 	 1.027265e+07 	
6.40640641e+06 	 3.414045e-06 	 1.027178e+07 	
6.40690691e+06 	 3.413024e-06 	 1.027091e+07 	
6.40740741e+06 	 3.412004e-06 	 1.027004e+07 	
6.40790791e+06 	 3.410984e-06 	 1.026918e+07 	
6.40840841e+06 	 3.409964e-06 	 1.026831e+07 	
6.40890891e+06 	 3.408945e-06 	 1.026744e+07 	
6.40940941e+06 	 3.407926e-06 	 1.026657e+07 	
6.40990991e+06 	 3.406907e-06 	 1.026571e+07 	
6.41041041e+06 	 3.405889e-06 	 1.026484e+07 	
6.41091091e+06 	 3.404871e-06 	 1.026397e+07 	
6.41141141e+06 	 3.403854e-06 	 1.026311e+07 	
6.41191191e+06 	 3.402837e-06 	 1.026224e+07 	
6.41241241e+06 	 3.401820e-06 	 1.026138e+07 	
6.41291291e+06 	 3.400803e-06 	 1.026051e+07 	
6.41341341e+06 	 3.399787e-06 	 1.025964e+07 	
6.41391391e+06 	 3.398772e-06 	 1.025878e+07 	
6.41441441e+06 	 3.397756e-06 	 1.025791e+07 	
6.41491491e+06 	 3.396741e-06 	 1.025705e+07 	
6.41541542e+06 	 3.395727e-06 	 1.025618e+07 	
6.41591592e+06 	 3.394712e-06 	 1.025532e+07 	
6.41641642e+06 	 3.393698e-06 	 1.025445e+07 	
6.41691692e+06 	 3.392685e-06 	 1.025359e+07 	
6.41741742e+06 	 3.391672e-06 	 1.025272e+07 	
6.41791792e+06 	 3.390659e-06 	 1.025186e+07 	
6.41841842e+06 	 3.389646e-06 	 1.025099e+07 	
6.41891892e+06 	 3.388634e-06 	 1.025013e+07 	
6.41941942e+06 	 3.387622e-06 	 1.024927e+07 	
6.41991992e+06 	 3.386611e-06 	 1.024840e+07 	
6.42042042e+06 	 3.385600e-06 	 1.024754e+07 	
6.42092092e+06 	 3.384589e-06 	 1.024668e+07 	
6.42142142e+06 	 3.383579e-06 	 1.024581e+07 	
6.42192192e+06 	 3.382569e-06 	 1.024495e+07 	
6.42242242e+06 	 3.381559e-06 	 1.024409e+07 	
6.42292292e+06 	 3.380550e-06 	 1.024322e+07 	
6.42342342e+06 	 3.379541e-06 	 1.024236e+07 	
6.42392392e+06 	 3.378532e-06 	 1.024150e+07 	
6.42442442e+06 	 3.377524e-06 	 1.024064e+07 	
6.42492492e+06 	 3.376516e-06 	 1.023977e+07 	
6.42542543e+06 	 3.375509e-06 	 1.023891e+07 	
6.42592593e+06 	 3.374501e-06 	 1.023805e+07 	
6.42642643e+06 	 3.373495e-06 	 1.023719e+07 	
6.42692693e+06 	 3.372488e-06 	 1.023633e+07 	
6.42742743e+06 	 3.371482e-06 	 1.023546e+07 	
6.42792793e+06 	 3.370476e-06 	 1.023460e+07 	
6.42842843e+06 	 3.369471e-06 	 1.023374e+07 	
6.42892893e+06 	 3.368466e-06 	 1.023288e+07 	
6.42942943e+06 	 3.367461e-06 	 1.023202e+07 	
6.42992993e+06 	 3.366457e-06 	 1.023116e+07 	
6.43043043e+06 	 3.365453e-06 	 1.023030e+07 	
6.43093093e+06 	 3.364449e-06 	 1.022944e+07 	
6.43143143e+06 	 3.363446e-06 	 1.022858e+07 	
6.43193193e+06 	 3.362443e-06 	 1.022772e+07 	
6.43243243e+06 	 3.361441e-06 	 1.022686e+07 	
6.43293293e+06 	 3.360438e-06 	 1.022600e+07 	
6.43343343e+06 	 3.359437e-06 	 1.022514e+07 	
6.43393393e+06 	 3.358435e-06 	 1.022428e+07 	
6.43443443e+06 	 3.357434e-06 	 1.022342e+07 	
6.43493493e+06 	 3.356433e-06 	 1.022256e+07 	
6.43543544e+06 	 3.355433e-06 	 1.022170e+07 	
6.43593594e+06 	 3.354433e-06 	 1.022084e+07 	
6.43643644e+06 	 3.353433e-06 	 1.021998e+07 	
6.43693694e+06 	 3.352433e-06 	 1.021913e+07 	
6.43743744e+06 	 3.351434e-06 	 1.021827e+07 	
6.43793794e+06 	 3.350436e-06 	 1.021741e+07 	
6.43843844e+06 	 3.349437e-06 	 1.021655e+07 	
6.43893894e+06 	 3.348439e-06 	 1.021569e+07 	
6.43943944e+06 	 3.347442e-06 	 1.021483e+07 	
6.43993994e+06 	 3.346444e-06 	 1.021398e+07 	
6.44044044e+06 	 3.345447e-06 	 1.021312e+07 	
6.44094094e+06 	 3.344451e-06 	 1.021226e+07 	
6.44144144e+06 	 3.343455e-06 	 1.021140e+07 	
6.44194194e+06 	 3.342459e-06 	 1.021055e+07 	
6.44244244e+06 	 3.341463e-06 	 1.020969e+07 	
6.44294294e+06 	 3.340468e-06 	 1.020883e+07 	
6.44344344e+06 	 3.339473e-06 	 1.020798e+07 	
6.44394394e+06 	 3.338479e-06 	 1.020712e+07 	
6.44444444e+06 	 3.337485e-06 	 1.020626e+07 	
6.44494494e+06 	 3.336491e-06 	 1.020541e+07 	
6.44544545e+06 	 3.335497e-06 	 1.020455e+07 	
6.44594595e+06 	 3.334504e-06 	 1.020370e+07 	
6.44644645e+06 	 3.333511e-06 	 1.020284e+07 	
6.44694695e+06 	 3.332519e-06 	 1.020198e+07 	
6.44744745e+06 	 3.331527e-06 	 1.020113e+07 	
6.44794795e+06 	 3.330535e-06 	 1.020027e+07 	
6.44844845e+06 	 3.329544e-06 	 1.019942e+07 	
6.44894895e+06 	 3.328553e-06 	 1.019856e+07 	
6.44944945e+06 	 3.327562e-06 	 1.019771e+07 	
6.44994995e+06 	 3.326572e-06 	 1.019685e+07 	
6.45045045e+06 	 3.325582e-06 	 1.019600e+07 	
6.45095095e+06 	 3.324592e-06 	 1.019515e+07 	
6.45145145e+06 	 3.323603e-06 	 1.019429e+07 	
6.45195195e+06 	 3.322614e-06 	 1.019344e+07 	
6.45245245e+06 	 3.321626e-06 	 1.019258e+07 	
6.45295295e+06 	 3.320637e-06 	 1.019173e+07 	
6.45345345e+06 	 3.319649e-06 	 1.019088e+07 	
6.45395395e+06 	 3.318662e-06 	 1.019002e+07 	
6.45445445e+06 	 3.317675e-06 	 1.018917e+07 	
6.45495495e+06 	 3.316688e-06 	 1.018832e+07 	
6.45545546e+06 	 3.315701e-06 	 1.018746e+07 	
6.45595596e+06 	 3.314715e-06 	 1.018661e+07 	
6.45645646e+06 	 3.313729e-06 	 1.018576e+07 	
6.45695696e+06 	 3.312744e-06 	 1.018490e+07 	
6.45745746e+06 	 3.311759e-06 	 1.018405e+07 	
6.45795796e+06 	 3.310774e-06 	 1.018320e+07 	
6.45845846e+06 	 3.309790e-06 	 1.018235e+07 	
6.45895896e+06 	 3.308805e-06 	 1.018150e+07 	
6.45945946e+06 	 3.307822e-06 	 1.018064e+07 	
6.45995996e+06 	 3.306838e-06 	 1.017979e+07 	
6.46046046e+06 	 3.305855e-06 	 1.017894e+07 	
6.46096096e+06 	 3.304873e-06 	 1.017809e+07 	
6.46146146e+06 	 3.303890e-06 	 1.017724e+07 	
6.46196196e+06 	 3.302908e-06 	 1.017639e+07 	
6.46246246e+06 	 3.301927e-06 	 1.017554e+07 	
6.46296296e+06 	 3.300945e-06 	 1.017468e+07 	
6.46346346e+06 	 3.299964e-06 	 1.017383e+07 	
6.46396396e+06 	 3.298984e-06 	 1.017298e+07 	
6.46446446e+06 	 3.298003e-06 	 1.017213e+07 	
6.46496496e+06 	 3.297023e-06 	 1.017128e+07 	
6.46546547e+06 	 3.296044e-06 	 1.017043e+07 	
6.46596597e+06 	 3.295064e-06 	 1.016958e+07 	
6.46646647e+06 	 3.294085e-06 	 1.016873e+07 	
6.46696697e+06 	 3.293107e-06 	 1.016788e+07 	
6.46746747e+06 	 3.292129e-06 	 1.016703e+07 	
6.46796797e+06 	 3.291151e-06 	 1.016618e+07 	
6.46846847e+06 	 3.290173e-06 	 1.016534e+07 	
6.46896897e+06 	 3.289196e-06 	 1.016449e+07 	
6.46946947e+06 	 3.288219e-06 	 1.016364e+07 	
6.46996997e+06 	 3.287242e-06 	 1.016279e+07 	
6.47047047e+06 	 3.286266e-06 	 1.016194e+07 	
6.47097097e+06 	 3.285290e-06 	 1.016109e+07 	
6.47147147e+06 	 3.284315e-06 	 1.016024e+07 	
6.47197197e+06 	 3.283340e-06 	 1.015940e+07 	
6.47247247e+06 	 3.282365e-06 	 1.015855e+07 	
6.47297297e+06 	 3.281390e-06 	 1.015770e+07 	
6.47347347e+06 	 3.280416e-06 	 1.015685e+07 	
6.47397397e+06 	 3.279442e-06 	 1.015600e+07 	
6.47447447e+06 	 3.278469e-06 	 1.015516e+07 	
6.47497497e+06 	 3.277496e-06 	 1.015431e+07 	
6.47547548e+06 	 3.276523e-06 	 1.015346e+07 	
6.47597598e+06 	 3.275550e-06 	 1.015262e+07 	
6.47647648e+06 	 3.274578e-06 	 1.015177e+07 	
6.47697698e+06 	 3.273607e-06 	 1.015092e+07 	
6.47747748e+06 	 3.272635e-06 	 1.015008e+07 	
6.47797798e+06 	 3.271664e-06 	 1.014923e+07 	
6.47847848e+06 	 3.270693e-06 	 1.014838e+07 	
6.47897898e+06 	 3.269723e-06 	 1.014754e+07 	
6.47947948e+06 	 3.268753e-06 	 1.014669e+07 	
6.47997998e+06 	 3.267783e-06 	 1.014585e+07 	
6.48048048e+06 	 3.266813e-06 	 1.014500e+07 	
6.48098098e+06 	 3.265844e-06 	 1.014415e+07 	
6.48148148e+06 	 3.264876e-06 	 1.014331e+07 	
6.48198198e+06 	 3.263907e-06 	 1.014246e+07 	
6.48248248e+06 	 3.262939e-06 	 1.014162e+07 	
6.48298298e+06 	 3.261971e-06 	 1.014077e+07 	
6.48348348e+06 	 3.261004e-06 	 1.013993e+07 	
6.48398398e+06 	 3.260037e-06 	 1.013908e+07 	
6.48448448e+06 	 3.259070e-06 	 1.013824e+07 	
6.48498498e+06 	 3.258104e-06 	 1.013740e+07 	
6.48548549e+06 	 3.257138e-06 	 1.013655e+07 	
6.48598599e+06 	 3.256172e-06 	 1.013571e+07 	
6.48648649e+06 	 3.255207e-06 	 1.013486e+07 	
6.48698699e+06 	 3.254242e-06 	 1.013402e+07 	
6.48748749e+06 	 3.253277e-06 	 1.013318e+07 	
6.48798799e+06 	 3.252313e-06 	 1.013233e+07 	
6.48848849e+06 	 3.251349e-06 	 1.013149e+07 	
6.48898899e+06 	 3.250385e-06 	 1.013065e+07 	
6.48948949e+06 	 3.249422e-06 	 1.012980e+07 	
6.48998999e+06 	 3.248459e-06 	 1.012896e+07 	
6.49049049e+06 	 3.247496e-06 	 1.012812e+07 	
6.49099099e+06 	 3.246533e-06 	 1.012728e+07 	
6.49149149e+06 	 3.245571e-06 	 1.012643e+07 	
6.49199199e+06 	 3.244610e-06 	 1.012559e+07 	
6.49249249e+06 	 3.243648e-06 	 1.012475e+07 	
6.49299299e+06 	 3.242687e-06 	 1.012391e+07 	
6.49349349e+06 	 3.241727e-06 	 1.012306e+07 	
6.49399399e+06 	 3.240766e-06 	 1.012222e+07 	
6.49449449e+06 	 3.239806e-06 	 1.012138e+07 	
6.49499499e+06 	 3.238847e-06 	 1.012054e+07 	
6.49549550e+06 	 3.237887e-06 	 1.011970e+07 	
6.49599600e+06 	 3.236928e-06 	 1.011886e+07 	
6.49649650e+06 	 3.235970e-06 	 1.011802e+07 	
6.49699700e+06 	 3.235011e-06 	 1.011718e+07 	
6.49749750e+06 	 3.234053e-06 	 1.011634e+07 	
6.49799800e+06 	 3.233096e-06 	 1.011550e+07 	
6.49849850e+06 	 3.232138e-06 	 1.011465e+07 	
6.49899900e+06 	 3.231181e-06 	 1.011381e+07 	
6.49949950e+06 	 3.230225e-06 	 1.011297e+07 	
6.50000000e+06 	 3.229268e-06 	 1.011213e+07 	
6.53284919e+06 	 3.167220e-06 	 1.005733e+07 	
6.56586439e+06 	 3.106260e-06 	 1.000287e+07 	
6.59904644e+06 	 3.046367e-06 	 9.948748e+06 	
6.63239618e+06 	 2.987521e-06 	 9.894973e+06 	
6.66591446e+06 	 2.929862e-06 	 9.841522e+06 	
6.69960213e+06 	 2.873085e-06 	 9.788420e+06 	
6.73346005e+06 	 2.817305e-06 	 9.735653e+06 	
6.76748909e+06 	 2.762360e-06 	 9.683231e+06 	
6.80169009e+06 	 2.708490e-06 	 9.631128e+06 	
6.83606393e+06 	 2.655557e-06 	 9.579354e+06 	
6.87061150e+06 	 2.603547e-06 	 9.527905e+06 	
6.90533365e+06 	 2.552288e-06 	 9.476796e+06 	
6.94023128e+06 	 2.502038e-06 	 9.425997e+06 	
6.97530528e+06 	 2.452653e-06 	 9.375517e+06 	
7.01055653e+06 	 2.404253e-06 	 9.325342e+06 	
7.04598593e+06 	 2.356576e-06 	 9.275494e+06 	
7.08159437e+06 	 2.309720e-06 	 9.225960e+06 	
7.11738278e+06 	 2.263787e-06 	 9.176724e+06 	
7.15335205e+06 	 2.218548e-06 	 9.127809e+06 	
7.18950310e+06 	 2.174086e-06 	 9.079201e+06 	
7.22583684e+06 	 2.130387e-06 	 9.030899e+06 	
7.26235421e+06 	 2.087563e-06 	 8.982885e+06 	
7.29905612e+06 	 2.045373e-06 	 8.935185e+06 	
7.33594351e+06 	 2.003908e-06 	 8.887784e+06 	
7.37301733e+06 	 1.963045e-06 	 8.840695e+06 	
7.41027850e+06 	 1.922970e-06 	 8.793890e+06 	
7.44772799e+06 	 1.883577e-06 	 8.747379e+06 	
7.48536673e+06 	 1.844949e-06 	 8.701147e+06 	
7.52319568e+06 	 1.806901e-06 	 8.655216e+06 	
7.56121582e+06 	 1.769501e-06 	 8.609574e+06 	
7.59942810e+06 	 1.732737e-06 	 8.564217e+06 	
7.63783349e+06 	 1.696696e-06 	 8.519131e+06 	
7.67643297e+06 	 1.661187e-06 	 8.474339e+06 	
7.71522752e+06 	 1.626284e-06 	 8.429828e+06 	
7.75421813e+06 	 1.591890e-06 	 8.385609e+06 	
7.79340579e+06 	 1.558148e-06 	 8.341656e+06 	
7.83279149e+06 	 1.524976e-06 	 8.297979e+06 	
7.87237623e+06 	 1.492366e-06 	 8.254577e+06 	
7.91216103e+06 	 1.460219e-06 	 8.211460e+06 	
7.95214689e+06 	 1.428682e-06 	 8.168604e+06 	
7.99233482e+06 	 1.397674e-06 	 8.126017e+06 	
8.03272585e+06 	 1.367256e-06 	 8.083685e+06 	
8.07332101e+06 	 1.337287e-06 	 8.041630e+06 	
8.11412132e+06 	 1.307819e-06 	 7.999839e+06 	
8.15512783e+06 	 1.278843e-06 	 7.958312e+06 	
8.19634158e+06 	 1.250422e-06 	 7.917032e+06 	
8.23776360e+06 	 1.222415e-06 	 7.876024e+06 	
8.27939496e+06 	 1.194875e-06 	 7.835274e+06 	
8.32123672e+06 	 1.167732e-06 	 7.794793e+06 	
8.36328993e+06 	 1.141091e-06 	 7.754558e+06 	
8.40555566e+06 	 1.114890e-06 	 7.714577e+06 	
8.44803500e+06 	 1.089122e-06 	 7.674848e+06 	
8.49072901e+06 	 1.063717e-06 	 7.635385e+06 	
8.53363879e+06 	 1.038780e-06 	 7.596162e+06 	
8.57676542e+06 	 1.014250e-06 	 7.557188e+06 	
8.62011001e+06 	 9.901718e-07 	 7.518450e+06 	
8.66367364e+06 	 9.664435e-07 	 7.479969e+06 	
8.70745743e+06 	 9.431012e-07 	 7.441734e+06 	
8.75146249e+06 	 9.201378e-07 	 7.403743e+06 	
8.79568995e+06 	 8.975959e-07 	 7.365984e+06 	
8.84014091e+06 	 8.753777e-07 	 7.328477e+06 	
8.88481652e+06 	 8.535184e-07 	 7.291212e+06 	
8.92971791e+06 	 8.320116e-07 	 7.254186e+06 	
8.97484621e+06 	 8.108991e-07 	 7.217387e+06 	
9.02020258e+06 	 7.900860e-07 	 7.180837e+06 	
9.06578817e+06 	 7.696075e-07 	 7.144524e+06 	
9.11160414e+06 	 7.494178e-07 	 7.108459e+06 	
9.15765165e+06 	 7.295835e-07 	 7.072620e+06 	
9.20393187e+06 	 7.100648e-07 	 7.037017e+06 	
9.25044597e+06 	 6.908562e-07 	 7.001648e+06 	
9.29719515e+06 	 6.719140e-07 	 6.966526e+06 	
9.34418058e+06 	 6.533019e-07 	 6.931627e+06 	
9.39140347e+06 	 6.349823e-07 	 6.896962e+06 	
9.43886500e+06 	 6.169495e-07 	 6.862530e+06 	
9.48656639e+06 	 5.992344e-07 	 6.828318e+06 	
9.53450886e+06 	 5.817660e-07 	 6.794350e+06 	
9.58269361e+06 	 5.645699e-07 	 6.760615e+06 	
9.63112187e+06 	 5.476704e-07 	 6.727100e+06 	
9.67979488e+06 	 5.310099e-07 	 6.693828e+06 	
9.72871386e+06 	 5.146086e-07 	 6.660789e+06 	
9.77788007e+06 	 4.984625e-07 	 6.627983e+06 	
9.82729475e+06 	 4.825404e-07 	 6.595424e+06 	
9.87695916e+06 	 4.668880e-07 	 6.563088e+06 	
9.92687456e+06 	 4.514786e-07 	 6.530989e+06 	
9.97704221e+06 	 4.363087e-07 	 6.499125e+06 	
1.00274634e+07 	 4.213500e-07 	 6.467513e+06 	
1.00781394e+07 	 4.066454e-07 	 6.436129e+06 	
1.01290715e+07 	 3.921707e-07 	 6.404985e+06 	
1.01802610e+07 	 3.779036e-07 	 6.374097e+06 	
1.02317092e+07 	 3.638782e-07 	 6.343443e+06 	
1.02834174e+07 	 3.500756e-07 	 6.313037e+06 	
1.03353870e+07 	 3.364942e-07 	 6.282881e+06 	
1.03876191e+07 	 3.231507e-07 	 6.252966e+06 	
1.04401153e+07 	 3.100113e-07 	 6.223316e+06 	
1.04928767e+07 	 2.970910e-07 	 6.193925e+06 	
1.05459048e+07 	 2.843901e-07 	 6.164796e+06 	
1.05992008e+07 	 2.718930e-07 	 6.135947e+06 	
1.06527662e+07 	 2.596306e-07 	 6.107358e+06 	
1.07066023e+07 	 2.475907e-07 	 6.079044e+06 	
1.07607105e+07 	 2.357881e-07 	 6.050999e+06 	
1.08150922e+07 	 2.242024e-07 	 6.023249e+06 	
1.08697486e+07 	 2.128481e-07 	 5.995790e+06 	
1.09246813e+07 	 2.017293e-07 	 5.968628e+06 	
1.09798916e+07 	 1.908398e-07 	 5.941783e+06 	
1.10353809e+07 	 1.802055e-07 	 5.915236e+06 	
1.10911506e+07 	 1.698229e-07 	 5.889006e+06 	
1.11472022e+07 	 1.597073e-07 	 5.863088e+06 	
1.12035371e+07 	 1.498503e-07 	 5.837511e+06 	
1.12601566e+07 	 1.402671e-07 	 5.812273e+06 	
1.13170623e+07 	 1.309662e-07 	 5.787382e+06 	
1.13742556e+07 	 1.219636e-07 	 5.762829e+06 	
1.14317379e+07 	 1.132546e-07 	 5.738649e+06 	
1.14895107e+07 	 1.048549e-07 	 5.714839e+06 	
1.15475755e+07 	 9.677922e-08 	 5.691390e+06 	
1.16059338e+07 	 8.902606e-08 	 5.668337e+06 	
1.16645869e+07 	 8.160887e-08 	 5.645673e+06 	
1.17235365e+07 	 7.454003e-08 	 5.623389e+06 	
1.17827840e+07 	 6.781850e-08 	 5.601519e+06 	
1.18423309e+07 	 6.145415e-08 	 5.580055e+06 	
1.19021787e+07 	 5.545527e-08 	 5.558979e+06 	
1.19623290e+07 	 4.981862e-08 	 5.538329e+06 	
1.20227833e+07 	 4.454616e-08 	 5.518109e+06 	
1.20835431e+07 	 3.964201e-08 	 5.498288e+06 	
1.21446099e+07 	 3.509963e-08 	 5.478898e+06 	
1.22059854e+07 	 3.091761e-08 	 5.459902e+06 	
1.22676711e+07 	 2.708591e-08 	 5.441337e+06 	
1.23296685e+07 	 2.359786e-08 	 5.423161e+06 	
1.23919792e+07 	 2.044284e-08 	 5.405329e+06 	
1.24546048e+07 	 1.760400e-08 	 5.387913e+06 	
1.25175469e+07 	 1.506755e-08 	 5.370868e+06 	
1.25808071e+07 	 1.281683e-08 	 5.354161e+06 	
1.26443870e+07 	 1.083322e-08 	 5.337790e+06 	
1.27082882e+07 	 9.096992e-09 	 5.321792e+06 	
1.27725123e+07 	 7.589366e-09 	 5.306022e+06 	
1.28370610e+07 	 6.288736e-09 	 5.290686e+06 	
1.29019360e+07 	 5.176393e-09 	 5.275470e+06 	
1.29671387e+07 	 4.231411e-09 	 5.260680e+06 	
1.30326710e+07 	 3.435476e-09 	 5.245988e+06 	
1.30985345e+07 	 2.769954e-09 	 5.231602e+06 	
1.31647309e+07 	 2.218038e-09 	 5.217280e+06 	
1.32312618e+07 	 1.763743e-09 	 5.203310e+06 	
1.32981289e+07 	 1.392822e-09 	 5.189559e+06 	
1.33653339e+07 	 1.092418e-09 	 5.175651e+06 	
1.34328786e+07 	 8.509452e-10 	 5.161858e+06 	
1.35007646e+07 	 6.583195e-10 	 5.148500e+06 	
1.35689937e+07 	 5.058736e-10 	 5.135225e+06 	
1.48135420e+07 	 1.000000e-20 	 4.910542e+06 	
1.61722403e+07 	 1.000000e-20 	 4.696894e+06 	
1.76555584e+07 	 1.000000e-20 	 4.492775e+06 	
1.92749265e+07 	 1.000000e-20 	 4.297731e+06 	
2.10428231e+07 	 1.000000e-20 	 4.111334e+06 	
2.29728711e+07 	 1.000000e-20 	 3.933176e+06 	
2.50799432e+07 	 1.000000e-20 	 3.762875e+06 	
2.73802760e+07 	 1.000000e-20 	 3.600066e+06 	
2.98915954e+07 	 1.000000e-20 	 3.444406e+06 	
3.26332529e+07 	 1.000000e-20 	 3.295566e+06 	
3.56263754e+07 	 1.000000e-20 	 3.153238e+06 	
3.88940271e+07 	 1.000000e-20 	 3.017126e+06 	
4.24613879e+07 	 1.000000e-20 	 2.886950e+06 	
4.63559470e+07 	 1.000000e-20 	 2.762444e+06 	
5.06077152e+07 	 1.000000e-20 	 2.643354e+06 	
5.52494556e+07 	 1.000000e-20 	 2.529439e+06 	
6.03169365e+07 	 1.000000e-20 	 2.420468e+06 	
6.58492069e+07 	 1.000000e-20 	 2.316224e+06 	
7.18888971e+07 	 1.000000e-20 	 2.216496e+06 	
7.84825479e+07 	 1.000000e-20 	 2.121086e+06 	
8.56809684e+07 	 1.000000e-20 	 2.029804e+06 	
9.35396281e+07 	 1.000000e-20 	 1.942468e+06 	
1.02119084e+08 	 1.000000e-20 	 1.858907e+06 	
1.11485448e+08 	 1.000000e-20 	 1.778954e+06 	
1.21710895e+08 	 1.000000e-20 	 1.702452e+06 	
1.32874220e+08 	 1.000000e-20 	 1.629251e+06 	
1.45061446e+08 	 1.000000e-20 	 1.559207e+06 	
1.58366484e+08 	 1.000000e-20 	 1.492182e+06 	
1.72891860e+08 	 1.000000e-20 	 1.428046e+06 	
1.88749504e+08 	 1.000000e-20 	 1.366673e+06 	
2.06061612e+08 	 1.000000e-20 	 1.307943e+06 	
2.24961586e+08 	 1.000000e-20 	 1.251742e+06 	
2.45595066e+08 	 1.000000e-20 	 1.197960e+06 	
2.68121049e+08 	 1.000000e-20 	 1.146492e+06 	
2.92713116e+08 	 1.000000e-20 	 1.097239e+06 	
3.19560768e+08 	 1.000000e-20 	 1.050105e+06 	
3.48870886e+08 	 1.000000e-20 	 1.004998e+06 	
3.80869329e+08 	 1.000000e-20 	 9.618308e+05 	
4.15802670e+08 	 1.000000e-20 	 9.205197e+05 	
4.53940097e+08 	 1.000000e-20 	 8.809846e+05 	
4.95575490e+08 	 1.000000e-20 	 8.431490e+05 	
5.41029681e+08 	 1.000000e-20 	 8.069396e+05 	
5.90652932e+08 	 1.000000e-20 	 7.722863e+05 	
6.44827628e+08 	 1.000000e-20 	 7.391223e+05 	
7.03971228e+08 	 1.000000e-20 	 7.073833e+05 	
7.68539480e+08 	 1.000000e-20 	 6.770079e+05 	
8.39029933e+08 	 1.000000e-20 	 6.479376e+05 	
9.15985771e+08 	 1.000000e-20 	 6.201161e+05 	
1.00000000e+09 	 1.000000e-20 	 5.934898e+05 	
