r (cm)        	 rho (g/cm3) 	 T (K)       		 Linf = 3.539938e+38
1.20008679e+06 	 1.188541e+05 	 1.272528e+09 	
1.20014727e+06 	 1.099233e+05 	 1.247780e+09 	
1.20025743e+06 	 9.509387e+04 	 1.203171e+09 	
1.20036760e+06 	 8.198074e+04 	 1.159199e+09 	
1.20047777e+06 	 7.042370e+04 	 1.115885e+09 	
1.20056823e+06 	 6.199178e+04 	 1.080826e+09 	
1.20065870e+06 	 5.443043e+04 	 1.046238e+09 	
1.20074916e+06 	 4.766661e+04 	 1.012136e+09 	
1.20083962e+06 	 4.163168e+04 	 9.785332e+08 	
1.20093009e+06 	 3.626132e+04 	 9.454427e+08 	
1.20101986e+06 	 3.152958e+04 	 9.131256e+08 	
1.20110963e+06 	 2.733811e+04 	 8.813413e+08 	
1.20119940e+06 	 2.363576e+04 	 8.501042e+08 	
1.20127287e+06 	 2.093658e+04 	 8.249591e+08 	
1.20134633e+06 	 1.850875e+04 	 8.001981e+08 	
1.20141980e+06 	 1.632946e+04 	 7.758292e+08 	
1.20149326e+06 	 1.437734e+04 	 7.518605e+08 	
1.20156672e+06 	 1.263247e+04 	 7.283001e+08 	
1.20164019e+06 	 1.107622e+04 	 7.051560e+08 	
1.20171396e+06 	 9.685788e+03 	 6.823415e+08 	
1.20178773e+06 	 8.451836e+03 	 6.599629e+08 	
1.20186150e+06 	 7.359282e+03 	 6.380283e+08 	
1.20192228e+06 	 6.555566e+03 	 6.202974e+08 	
1.20198305e+06 	 5.831102e+03 	 6.028773e+08 	
1.20204383e+06 	 5.179141e+03 	 5.857722e+08 	
1.20210460e+06 	 4.593390e+03 	 5.689861e+08 	
1.20216538e+06 	 4.067997e+03 	 5.525230e+08 	
1.20222615e+06 	 3.597528e+03 	 5.363865e+08 	
1.20228693e+06 	 3.176948e+03 	 5.205804e+08 	
1.20234981e+06 	 2.789306e+03 	 5.045760e+08 	
1.20241270e+06 	 2.445339e+03 	 4.889324e+08 	
1.20246467e+06 	 2.190927e+03 	 4.762793e+08 	
1.20251664e+06 	 1.961073e+03 	 4.638766e+08 	
1.20256861e+06 	 1.753661e+03 	 4.517258e+08 	
1.20262058e+06 	 1.566728e+03 	 4.398284e+08 	
1.20267255e+06 	 1.398457e+03 	 4.281856e+08 	
1.20272452e+06 	 1.247165e+03 	 4.167985e+08 	
1.20277649e+06 	 1.111302e+03 	 4.056678e+08 	
1.20282847e+06 	 9.894360e+02 	 3.947945e+08 	
1.20288044e+06 	 8.802521e+02 	 3.841788e+08 	
1.20293540e+06 	 7.772321e+02 	 3.732317e+08 	
1.20298110e+06 	 7.004177e+02 	 3.643511e+08 	
1.20302679e+06 	 6.308775e+02 	 3.556698e+08 	
1.20307249e+06 	 5.679741e+02 	 3.471878e+08 	
1.20311818e+06 	 5.111195e+02 	 3.389045e+08 	
1.20316388e+06 	 4.597717e+02 	 3.308194e+08 	
1.20320957e+06 	 4.134320e+02 	 3.229319e+08 	
1.20325527e+06 	 3.716423e+02 	 3.152412e+08 	
1.20330096e+06 	 3.339817e+02 	 3.077462e+08 	
1.20334666e+06 	 3.000649e+02 	 3.004459e+08 	
1.20339235e+06 	 2.695389e+02 	 2.933389e+08 	
1.20343805e+06 	 2.420810e+02 	 2.864238e+08 	
1.20348374e+06 	 2.173968e+02 	 2.796991e+08 	
1.20352944e+06 	 1.952175e+02 	 2.731629e+08 	
1.20357513e+06 	 1.752987e+02 	 2.668135e+08 	
1.20361974e+06 	 1.578206e+02 	 2.607931e+08 	
1.20366435e+06 	 1.420966e+02 	 2.549467e+08 	
1.20370896e+06 	 1.279553e+02 	 2.492722e+08 	
1.20375357e+06 	 1.152413e+02 	 2.437672e+08 	
1.20379818e+06 	 1.038136e+02 	 2.384294e+08 	
1.20384279e+06 	 9.354407e+01 	 2.332563e+08 	
1.20388740e+06 	 8.431703e+01 	 2.282453e+08 	
1.20393201e+06 	 7.602765e+01 	 2.233936e+08 	
1.20397662e+06 	 6.858123e+01 	 2.186984e+08 	
1.20402123e+06 	 6.189228e+01 	 2.141569e+08 	
1.20406584e+06 	 5.588366e+01 	 2.097660e+08 	
1.20411045e+06 	 5.048586e+01 	 2.055226e+08 	
1.20415506e+06 	 4.563627e+01 	 2.014236e+08 	
1.20419967e+06 	 4.127854e+01 	 1.974658e+08 	
1.20424427e+06 	 3.736200e+01 	 1.936459e+08 	
1.20428888e+06 	 3.384114e+01 	 1.899607e+08 	
1.20433349e+06 	 3.067506e+01 	 1.864067e+08 	
1.20437810e+06 	 2.782705e+01 	 1.829805e+08 	
1.20442271e+06 	 2.526421e+01 	 1.796788e+08 	
1.20446949e+06 	 2.285107e+01 	 1.763468e+08 	
1.20451626e+06 	 2.068858e+01 	 1.731438e+08 	
1.20456304e+06 	 1.874963e+01 	 1.700660e+08 	
1.20460981e+06 	 1.701008e+01 	 1.671094e+08 	
1.20465658e+06 	 1.544841e+01 	 1.642700e+08 	
1.20470336e+06 	 1.404548e+01 	 1.615439e+08 	
1.20475013e+06 	 1.278424e+01 	 1.589274e+08 	
1.20479691e+06 	 1.164951e+01 	 1.564164e+08 	
1.20484368e+06 	 1.062780e+01 	 1.540073e+08 	
1.20489046e+06 	 9.707082e+00 	 1.516963e+08 	
1.20495126e+06 	 8.643769e+00 	 1.488330e+08 	
1.20501206e+06 	 7.712574e+00 	 1.461215e+08 	
1.20507286e+06 	 6.895802e+00 	 1.435542e+08 	
1.20513366e+06 	 6.178237e+00 	 1.411236e+08 	
1.20519446e+06 	 5.546780e+00 	 1.388227e+08 	
1.20525527e+06 	 4.990155e+00 	 1.366445e+08 	
1.20531607e+06 	 4.498643e+00 	 1.345825e+08 	
1.20537687e+06 	 4.063865e+00 	 1.326302e+08 	
1.20543767e+06 	 3.678586e+00 	 1.307816e+08 	
1.20549847e+06 	 3.336559e+00 	 1.290308e+08 	
1.20555928e+06 	 3.032378e+00 	 1.273724e+08 	
1.20562008e+06 	 2.761366e+00 	 1.258011e+08 	
1.20568088e+06 	 2.519467e+00 	 1.243118e+08 	
1.20574168e+06 	 2.303162e+00 	 1.228999e+08 	
1.20580248e+06 	 2.109394e+00 	 1.215608e+08 	
1.20587526e+06 	 1.903397e+00 	 1.200479e+08 	
1.20594803e+06 	 1.721966e+00 	 1.186266e+08 	
1.20602080e+06 	 1.561767e+00 	 1.172903e+08 	
1.20609358e+06 	 1.419960e+00 	 1.160332e+08 	
1.20616635e+06 	 1.294125e+00 	 1.148498e+08 	
1.20623913e+06 	 1.182190e+00 	 1.137350e+08 	
1.20631190e+06 	 1.082384e+00 	 1.126840e+08 	
1.20638467e+06 	 9.931826e-01 	 1.116924e+08 	
1.20648234e+06 	 8.878729e-01 	 1.104479e+08 	
1.20658000e+06 	 7.966570e-01 	 1.092941e+08 	
1.20667767e+06 	 7.173389e-01 	 1.082228e+08 	
1.20677533e+06 	 6.481048e-01 	 1.072267e+08 	
1.20687300e+06 	 5.874505e-01 	 1.062992e+08 	
1.20697066e+06 	 5.341240e-01 	 1.054343e+08 	
1.20709376e+06 	 4.757449e-01 	 1.044250e+08 	
1.20721687e+06 	 4.256371e-01 	 1.034971e+08 	
1.20733997e+06 	 3.824133e-01 	 1.026420e+08 	
1.20746307e+06 	 3.449495e-01 	 1.018524e+08 	
1.20758617e+06 	 3.123301e-01 	 1.011216e+08 	
1.20773526e+06 	 2.782461e-01 	 1.003071e+08 	
1.20788436e+06 	 2.490979e-01 	 9.956152e+07 	
1.20803345e+06 	 2.240280e-01 	 9.887703e+07 	
1.20818254e+06 	 2.023493e-01 	 9.824689e+07 	
1.20833163e+06 	 1.835073e-01 	 9.766526e+07 	
1.20854825e+06 	 1.602820e-01 	 9.689630e+07 	
1.20876488e+06 	 1.410255e-01 	 9.620578e+07 	
1.20898150e+06 	 1.249191e-01 	 9.558271e+07 	
1.20919812e+06 	 1.113377e-01 	 9.501795e+07 	
1.20945825e+06 	 9.769367e-02 	 9.440613e+07 	
1.20971837e+06 	 8.636375e-02 	 9.385647e+07 	
1.20997849e+06 	 7.686916e-02 	 9.336002e+07 	
1.21023862e+06 	 6.884563e-02 	 9.290937e+07 	
1.21062090e+06 	 5.915100e-02 	 9.231765e+07 	
1.21100318e+06 	 5.138025e-02 	 9.179618e+07 	
1.21138546e+06 	 4.506703e-02 	 9.133280e+07 	
1.21192217e+06 	 3.803819e-02 	 9.076226e+07 	
1.21245889e+06 	 3.258580e-02 	 9.026727e+07 	
1.21299560e+06 	 2.827801e-02 	 8.983276e+07 	
1.21361219e+06 	 2.436378e-02 	 8.939363e+07 	
1.21422878e+06 	 2.126569e-02 	 8.900637e+07 	
1.21484536e+06 	 1.877352e-02 	 8.866121e+07 	
1.21578069e+06 	 1.583271e-02 	 8.820167e+07 	
1.21671602e+06 	 1.361215e-02 	 8.780282e+07 	
1.21781693e+06 	 1.163197e-02 	 8.739292e+07 	
1.21891785e+06 	 1.012814e-02 	 8.703278e+07 	
1.22001876e+06 	 8.959146e-03 	 8.671137e+07 	
1.22170048e+06 	 7.618722e-03 	 8.627763e+07 	
1.22273473e+06 	 6.984405e-03 	 8.603781e+07 	
1.22484354e+06 	 5.994860e-03 	 8.559683e+07 	
1.22659510e+06 	 5.389944e-03 	 8.526839e+07 	
1.22942443e+06 	 4.680127e-03 	 8.479049e+07 	
1.23111137e+06 	 4.364579e-03 	 8.452903e+07 	
1.23469249e+06 	 3.867133e-03 	 8.401622e+07 	
1.23760599e+06 	 3.579089e-03 	 8.363068e+07 	
1.24239632e+06 	 3.244742e-03 	 8.303973e+07 	
1.24612134e+06 	 3.061199e-03 	 8.260677e+07 	
1.25291857e+06 	 2.826987e-03 	 8.185746e+07 	
1.25566746e+06 	 2.756171e-03 	 8.156552e+07 	
1.26417874e+06 	 2.587963e-03 	 8.069043e+07 	
1.26972684e+06 	 2.504655e-03 	 8.013815e+07 	
1.28208602e+06 	 2.357774e-03 	 7.894574e+07 	
1.28866140e+06 	 2.292185e-03 	 7.832884e+07 	
1.30753019e+06 	 2.128241e-03 	 7.661458e+07 	
1.31795950e+06 	 2.047201e-03 	 7.569921e+07 	
1.32129598e+06 	 2.022318e-03 	 7.541090e+07 	
1.32162963e+06 	 2.019855e-03 	 7.538218e+07 	
1.32166300e+06 	 2.019609e-03 	 7.537931e+07 	
1.32166633e+06 	 2.019585e-03 	 7.537903e+07 	
1.32166667e+06 	 2.019582e-03 	 7.537900e+07 	
1.34333333e+06 	 1.868365e-03 	 7.355891e+07 	
1.36500000e+06 	 1.732125e-03 	 7.182189e+07 	
1.38666667e+06 	 1.608545e-03 	 7.016216e+07 	
1.40833333e+06 	 1.496187e-03 	 6.857475e+07 	
1.43000000e+06 	 1.393893e-03 	 6.705516e+07 	
1.46250000e+06 	 1.256664e-03 	 6.489364e+07 	
1.48416667e+06 	 1.174793e-03 	 6.352579e+07 	
1.50583333e+06 	 1.099703e-03 	 6.221247e+07 	
1.52750000e+06 	 1.030695e-03 	 6.095051e+07 	
1.54916667e+06 	 9.672177e-04 	 5.973705e+07 	
1.57083333e+06 	 9.087271e-04 	 5.856939e+07 	
1.59250000e+06 	 8.547144e-04 	 5.744499e+07 	
1.62500000e+06 	 7.812752e-04 	 5.583455e+07 	
1.64666667e+06 	 7.367924e-04 	 5.480855e+07 	
1.66833333e+06 	 6.955653e-04 	 5.381843e+07 	
1.69000000e+06 	 6.572627e-04 	 5.286232e+07 	
1.72250000e+06 	 6.047945e-04 	 5.148829e+07 	
1.74416667e+06 	 5.728255e-04 	 5.061012e+07 	
1.76583333e+06 	 5.430122e-04 	 4.976050e+07 	
1.79833333e+06 	 5.019365e-04 	 4.853667e+07 	
1.82000000e+06 	 4.767849e-04 	 4.775275e+07 	
1.85250000e+06 	 4.420286e-04 	 4.662189e+07 	
1.87416667e+06 	 4.206740e-04 	 4.589645e+07 	
1.90666667e+06 	 3.910824e-04 	 4.484852e+07 	
1.92833333e+06 	 3.728412e-04 	 4.417537e+07 	
1.96083333e+06 	 3.475224e-04 	 4.320177e+07 	
1.98250000e+06 	 3.318781e-04 	 4.257559e+07 	
2.01500000e+06 	 3.100648e-04 	 4.166874e+07 	
2.03666667e+06 	 2.965480e-04 	 4.108481e+07 	
2.06916667e+06 	 2.776900e-04 	 4.023827e+07 	
2.10166667e+06 	 2.603637e-04 	 3.942511e+07 	
2.12333333e+06 	 2.495971e-04 	 3.890062e+07 	
2.15583333e+06 	 2.344975e-04 	 3.813894e+07 	
2.18833333e+06 	 2.205616e-04 	 3.740586e+07 	
2.21000000e+06 	 2.118674e-04 	 3.693227e+07 	
2.24250000e+06 	 1.996527e-04 	 3.624353e+07 	
2.27500000e+06 	 1.883325e-04 	 3.557947e+07 	
2.30750000e+06 	 1.778373e-04 	 3.493886e+07 	
2.34000000e+06 	 1.680968e-04 	 3.432051e+07 	
2.37250000e+06 	 1.590369e-04 	 3.372327e+07 	
2.40500000e+06 	 1.506047e-04 	 3.314611e+07 	
2.43750000e+06 	 1.427496e-04 	 3.258806e+07 	
2.47000000e+06 	 1.354200e-04 	 3.204820e+07 	
2.50250000e+06 	 1.285740e-04 	 3.152567e+07 	
2.53500000e+06 	 1.221726e-04 	 3.101967e+07 	
2.56750000e+06 	 1.161830e-04 	 3.052944e+07 	
2.60000000e+06 	 1.105704e-04 	 3.005426e+07 	
2.63250000e+06 	 1.053085e-04 	 2.959348e+07 	
2.66500000e+06 	 1.003690e-04 	 2.914646e+07 	
2.69750000e+06 	 9.572810e-05 	 2.871259e+07 	
2.73000000e+06 	 9.136377e-05 	 2.829133e+07 	
2.76250000e+06 	 8.725641e-05 	 2.788213e+07 	
2.79500000e+06 	 8.338752e-05 	 2.748451e+07 	
2.82750000e+06 	 7.974118e-05 	 2.709799e+07 	
2.86000000e+06 	 7.630054e-05 	 2.672211e+07 	
2.89250000e+06 	 7.305167e-05 	 2.635645e+07 	
2.92500000e+06 	 6.998133e-05 	 2.600061e+07 	
2.95750000e+06 	 6.707845e-05 	 2.565421e+07 	
2.99000000e+06 	 6.433130e-05 	 2.531688e+07 	
3.02250000e+06 	 6.172964e-05 	 2.498827e+07 	
3.05500000e+06 	 5.926448e-05 	 2.466807e+07 	
3.08750000e+06 	 5.692681e-05 	 2.435595e+07 	
3.12000000e+06 	 5.470869e-05 	 2.405163e+07 	
3.15250000e+06 	 5.260255e-05 	 2.375482e+07 	
3.18500000e+06 	 5.060150e-05 	 2.346525e+07 	
3.21750000e+06 	 4.869912e-05 	 2.318266e+07 	
3.25000000e+06 	 4.688964e-05 	 2.290681e+07 	
3.28250000e+06 	 4.516738e-05 	 2.263746e+07 	
3.31500000e+06 	 4.352727e-05 	 2.237440e+07 	
3.34750000e+06 	 4.196444e-05 	 2.211741e+07 	
3.38000000e+06 	 4.047445e-05 	 2.186628e+07 	
3.41250000e+06 	 3.905314e-05 	 2.162083e+07 	
3.44500000e+06 	 3.769674e-05 	 2.138086e+07 	
3.47750000e+06 	 3.640148e-05 	 2.114620e+07 	
3.51000000e+06 	 3.516413e-05 	 2.091667e+07 	
3.54250000e+06 	 3.398143e-05 	 2.069212e+07 	
3.57500000e+06 	 3.285041e-05 	 2.047239e+07 	
3.60750000e+06 	 3.176830e-05 	 2.025732e+07 	
3.64000000e+06 	 3.073259e-05 	 2.004677e+07 	
3.67250000e+06 	 2.974077e-05 	 1.984060e+07 	
3.70500000e+06 	 2.879056e-05 	 1.963869e+07 	
3.73750000e+06 	 2.787983e-05 	 1.944090e+07 	
3.77000000e+06 	 2.700658e-05 	 1.924711e+07 	
3.80250000e+06 	 2.616891e-05 	 1.905720e+07 	
3.83500000e+06 	 2.536505e-05 	 1.887107e+07 	
3.86750000e+06 	 2.459330e-05 	 1.868859e+07 	
3.90000000e+06 	 2.385209e-05 	 1.850967e+07 	
3.93250000e+06 	 2.313993e-05 	 1.833421e+07 	
3.96500000e+06 	 2.245545e-05 	 1.816210e+07 	
3.99750000e+06 	 2.179731e-05 	 1.799326e+07 	
4.03000000e+06 	 2.116425e-05 	 1.782759e+07 	
4.06250000e+06 	 2.055510e-05 	 1.766500e+07 	
4.09500000e+06 	 1.996877e-05 	 1.750543e+07 	
4.12750000e+06 	 1.940419e-05 	 1.734877e+07 	
4.16000000e+06 	 1.886037e-05 	 1.719496e+07 	
4.19250000e+06 	 1.833637e-05 	 1.704392e+07 	
4.22500000e+06 	 1.783130e-05 	 1.689557e+07 	
4.25750000e+06 	 1.734431e-05 	 1.674985e+07 	
4.29000000e+06 	 1.687461e-05 	 1.660669e+07 	
4.32250000e+06 	 1.642145e-05 	 1.646602e+07 	
4.35500000e+06 	 1.598410e-05 	 1.632779e+07 	
4.38750000e+06 	 1.556189e-05 	 1.619192e+07 	
4.42000000e+06 	 1.515417e-05 	 1.605836e+07 	
4.45250000e+06 	 1.476033e-05 	 1.592705e+07 	
4.48500000e+06 	 1.437977e-05 	 1.579794e+07 	
4.51750000e+06 	 1.401195e-05 	 1.567097e+07 	
4.55000000e+06 	 1.365635e-05 	 1.554610e+07 	
4.58250000e+06 	 1.331246e-05 	 1.542326e+07 	
4.61500000e+06 	 1.297981e-05 	 1.530242e+07 	
4.64750000e+06 	 1.265793e-05 	 1.518352e+07 	
4.68000000e+06 	 1.234641e-05 	 1.506653e+07 	
4.71250000e+06 	 1.204482e-05 	 1.495139e+07 	
4.74500000e+06 	 1.175278e-05 	 1.483806e+07 	
4.77750000e+06 	 1.146992e-05 	 1.472650e+07 	
4.81000000e+06 	 1.119587e-05 	 1.461667e+07 	
4.84250000e+06 	 1.093029e-05 	 1.450853e+07 	
4.87500000e+06 	 1.067288e-05 	 1.440205e+07 	
4.90750000e+06 	 1.042330e-05 	 1.429718e+07 	
4.94000000e+06 	 1.018127e-05 	 1.419389e+07 	
4.97250000e+06 	 9.946503e-06 	 1.409215e+07 	
5.00500000e+06 	 9.718732e-06 	 1.399192e+07 	
5.03750000e+06 	 9.497696e-06 	 1.389317e+07 	
5.07000000e+06 	 9.283151e-06 	 1.379587e+07 	
5.10250000e+06 	 9.074860e-06 	 1.369998e+07 	
5.13500000e+06 	 8.872595e-06 	 1.360548e+07 	
5.16750000e+06 	 8.676141e-06 	 1.351234e+07 	
5.20000000e+06 	 8.485293e-06 	 1.342052e+07 	
5.23250000e+06 	 8.299850e-06 	 1.333001e+07 	
5.26500000e+06 	 8.119623e-06 	 1.324077e+07 	
5.29750000e+06 	 7.944431e-06 	 1.315277e+07 	
5.33000000e+06 	 7.774098e-06 	 1.306600e+07 	
5.36250000e+06 	 7.608457e-06 	 1.298043e+07 	
5.39500000e+06 	 7.447350e-06 	 1.289603e+07 	
5.42750000e+06 	 7.290620e-06 	 1.281278e+07 	
5.46000000e+06 	 7.138120e-06 	 1.273066e+07 	
5.49250000e+06 	 6.989709e-06 	 1.264964e+07 	
5.52500000e+06 	 6.845250e-06 	 1.256970e+07 	
5.55750000e+06 	 6.704613e-06 	 1.249083e+07 	
5.59000000e+06 	 6.567672e-06 	 1.241299e+07 	
5.62250000e+06 	 6.434306e-06 	 1.233618e+07 	
5.65500000e+06 	 6.304400e-06 	 1.226037e+07 	
5.68750000e+06 	 6.177842e-06 	 1.218554e+07 	
5.72000000e+06 	 6.054524e-06 	 1.211168e+07 	
5.75250000e+06 	 5.934344e-06 	 1.203876e+07 	
5.78500000e+06 	 5.817202e-06 	 1.196677e+07 	
5.81750000e+06 	 5.703002e-06 	 1.189569e+07 	
5.85000000e+06 	 5.591653e-06 	 1.182550e+07 	
5.88250000e+06 	 5.483066e-06 	 1.175619e+07 	
5.91500000e+06 	 5.377157e-06 	 1.168774e+07 	
5.94750000e+06 	 5.273841e-06 	 1.162014e+07 	
5.98000000e+06 	 5.173042e-06 	 1.155337e+07 	
6.01250000e+06 	 5.074682e-06 	 1.148741e+07 	
6.04500000e+06 	 4.978687e-06 	 1.142226e+07 	
6.07750000e+06 	 4.884988e-06 	 1.135789e+07 	
6.11000000e+06 	 4.793515e-06 	 1.129429e+07 	
6.14250000e+06 	 4.704204e-06 	 1.123146e+07 	
6.17500000e+06 	 4.616989e-06 	 1.116937e+07 	
6.20750000e+06 	 4.531810e-06 	 1.110801e+07 	
6.24000000e+06 	 4.448608e-06 	 1.104737e+07 	
6.27250000e+06 	 4.367325e-06 	 1.098744e+07 	
6.30500000e+06 	 4.287906e-06 	 1.092821e+07 	
6.33750000e+06 	 4.210299e-06 	 1.086966e+07 	
6.37000000e+06 	 4.134450e-06 	 1.081178e+07 	
6.40250000e+06 	 4.060313e-06 	 1.075457e+07 	
6.43500000e+06 	 3.987836e-06 	 1.069801e+07 	
6.50000000e+06 	 3.847684e-06 	 1.058678e+07 	
6.50050050e+06 	 3.846629e-06 	 1.058594e+07 	
6.50100100e+06 	 3.845575e-06 	 1.058509e+07 	
6.50150150e+06 	 3.844520e-06 	 1.058424e+07 	
6.50200200e+06 	 3.843466e-06 	 1.058340e+07 	
6.50250250e+06 	 3.842413e-06 	 1.058255e+07 	
6.50300300e+06 	 3.841359e-06 	 1.058171e+07 	
6.50350350e+06 	 3.840307e-06 	 1.058086e+07 	
6.50400400e+06 	 3.839254e-06 	 1.058001e+07 	
6.50450450e+06 	 3.838202e-06 	 1.057917e+07 	
6.50500501e+06 	 3.837150e-06 	 1.057832e+07 	
6.50550551e+06 	 3.836099e-06 	 1.057748e+07 	
6.50600601e+06 	 3.835048e-06 	 1.057663e+07 	
6.50650651e+06 	 3.833997e-06 	 1.057579e+07 	
6.50700701e+06 	 3.832947e-06 	 1.057494e+07 	
6.50750751e+06 	 3.831897e-06 	 1.057410e+07 	
6.50800801e+06 	 3.830847e-06 	 1.057325e+07 	
6.50850851e+06 	 3.829798e-06 	 1.057241e+07 	
6.50900901e+06 	 3.828749e-06 	 1.057157e+07 	
6.50950951e+06 	 3.827700e-06 	 1.057072e+07 	
6.51001001e+06 	 3.826652e-06 	 1.056988e+07 	
6.51051051e+06 	 3.825604e-06 	 1.056903e+07 	
6.51101101e+06 	 3.824557e-06 	 1.056819e+07 	
6.51151151e+06 	 3.823510e-06 	 1.056735e+07 	
6.51201201e+06 	 3.822463e-06 	 1.056650e+07 	
6.51251251e+06 	 3.821417e-06 	 1.056566e+07 	
6.51301301e+06 	 3.820371e-06 	 1.056482e+07 	
6.51351351e+06 	 3.819325e-06 	 1.056397e+07 	
6.51401401e+06 	 3.818280e-06 	 1.056313e+07 	
6.51451451e+06 	 3.817235e-06 	 1.056229e+07 	
6.51501502e+06 	 3.816190e-06 	 1.056145e+07 	
6.51551552e+06 	 3.815146e-06 	 1.056060e+07 	
6.51601602e+06 	 3.814102e-06 	 1.055976e+07 	
6.51651652e+06 	 3.813058e-06 	 1.055892e+07 	
6.51701702e+06 	 3.812015e-06 	 1.055808e+07 	
6.51751752e+06 	 3.810972e-06 	 1.055724e+07 	
6.51801802e+06 	 3.809930e-06 	 1.055639e+07 	
6.51851852e+06 	 3.808888e-06 	 1.055555e+07 	
6.51901902e+06 	 3.807846e-06 	 1.055471e+07 	
6.51951952e+06 	 3.806805e-06 	 1.055387e+07 	
6.52002002e+06 	 3.805764e-06 	 1.055303e+07 	
6.52052052e+06 	 3.804723e-06 	 1.055219e+07 	
6.52102102e+06 	 3.803683e-06 	 1.055135e+07 	
6.52152152e+06 	 3.802643e-06 	 1.055051e+07 	
6.52202202e+06 	 3.801603e-06 	 1.054967e+07 	
6.52252252e+06 	 3.800564e-06 	 1.054883e+07 	
6.52302302e+06 	 3.799525e-06 	 1.054799e+07 	
6.52352352e+06 	 3.798486e-06 	 1.054715e+07 	
6.52402402e+06 	 3.797448e-06 	 1.054631e+07 	
6.52452452e+06 	 3.796410e-06 	 1.054547e+07 	
6.52502503e+06 	 3.795373e-06 	 1.054463e+07 	
6.52552553e+06 	 3.794336e-06 	 1.054379e+07 	
6.52602603e+06 	 3.793299e-06 	 1.054295e+07 	
6.52652653e+06 	 3.792262e-06 	 1.054211e+07 	
6.52702703e+06 	 3.791226e-06 	 1.054127e+07 	
6.52752753e+06 	 3.790191e-06 	 1.054043e+07 	
6.52802803e+06 	 3.789155e-06 	 1.053959e+07 	
6.52852853e+06 	 3.788120e-06 	 1.053875e+07 	
6.52902903e+06 	 3.787086e-06 	 1.053792e+07 	
6.52952953e+06 	 3.786051e-06 	 1.053708e+07 	
6.53003003e+06 	 3.785017e-06 	 1.053624e+07 	
6.53053053e+06 	 3.783984e-06 	 1.053540e+07 	
6.53103103e+06 	 3.782950e-06 	 1.053456e+07 	
6.53153153e+06 	 3.781918e-06 	 1.053373e+07 	
6.53203203e+06 	 3.780885e-06 	 1.053289e+07 	
6.53253253e+06 	 3.779853e-06 	 1.053205e+07 	
6.53303303e+06 	 3.778821e-06 	 1.053121e+07 	
6.53353353e+06 	 3.777790e-06 	 1.053038e+07 	
6.53403403e+06 	 3.776758e-06 	 1.052954e+07 	
6.53453453e+06 	 3.775728e-06 	 1.052870e+07 	
6.53503504e+06 	 3.774697e-06 	 1.052787e+07 	
6.53553554e+06 	 3.773667e-06 	 1.052703e+07 	
6.53603604e+06 	 3.772637e-06 	 1.052619e+07 	
6.53653654e+06 	 3.771608e-06 	 1.052536e+07 	
6.53703704e+06 	 3.770579e-06 	 1.052452e+07 	
6.53753754e+06 	 3.769550e-06 	 1.052369e+07 	
6.53803804e+06 	 3.768522e-06 	 1.052285e+07 	
6.53853854e+06 	 3.767494e-06 	 1.052201e+07 	
6.53903904e+06 	 3.766466e-06 	 1.052118e+07 	
6.53953954e+06 	 3.765439e-06 	 1.052034e+07 	
6.54004004e+06 	 3.764412e-06 	 1.051951e+07 	
6.54054054e+06 	 3.763386e-06 	 1.051867e+07 	
6.54104104e+06 	 3.762359e-06 	 1.051784e+07 	
6.54154154e+06 	 3.761334e-06 	 1.051700e+07 	
6.54204204e+06 	 3.760308e-06 	 1.051617e+07 	
6.54254254e+06 	 3.759283e-06 	 1.051533e+07 	
6.54304304e+06 	 3.758258e-06 	 1.051450e+07 	
6.54354354e+06 	 3.757234e-06 	 1.051367e+07 	
6.54404404e+06 	 3.756209e-06 	 1.051283e+07 	
6.54454454e+06 	 3.755186e-06 	 1.051200e+07 	
6.54504505e+06 	 3.754162e-06 	 1.051116e+07 	
6.54554555e+06 	 3.753139e-06 	 1.051033e+07 	
6.54604605e+06 	 3.752116e-06 	 1.050950e+07 	
6.54654655e+06 	 3.751094e-06 	 1.050866e+07 	
6.54704705e+06 	 3.750072e-06 	 1.050783e+07 	
6.54754755e+06 	 3.749050e-06 	 1.050700e+07 	
6.54804805e+06 	 3.748029e-06 	 1.050616e+07 	
6.54854855e+06 	 3.747008e-06 	 1.050533e+07 	
6.54904905e+06 	 3.745987e-06 	 1.050450e+07 	
6.54954955e+06 	 3.744967e-06 	 1.050367e+07 	
6.55005005e+06 	 3.743947e-06 	 1.050283e+07 	
6.55055055e+06 	 3.742928e-06 	 1.050200e+07 	
6.55105105e+06 	 3.741908e-06 	 1.050117e+07 	
6.55155155e+06 	 3.740889e-06 	 1.050034e+07 	
6.55205205e+06 	 3.739871e-06 	 1.049951e+07 	
6.55255255e+06 	 3.738853e-06 	 1.049867e+07 	
6.55305305e+06 	 3.737835e-06 	 1.049784e+07 	
6.55355355e+06 	 3.736817e-06 	 1.049701e+07 	
6.55405405e+06 	 3.735800e-06 	 1.049618e+07 	
6.55455455e+06 	 3.734783e-06 	 1.049535e+07 	
6.55505506e+06 	 3.733767e-06 	 1.049452e+07 	
6.55555556e+06 	 3.732751e-06 	 1.049369e+07 	
6.55605606e+06 	 3.731735e-06 	 1.049286e+07 	
6.55655656e+06 	 3.730719e-06 	 1.049203e+07 	
6.55705706e+06 	 3.729704e-06 	 1.049120e+07 	
6.55755756e+06 	 3.728689e-06 	 1.049037e+07 	
6.55805806e+06 	 3.727675e-06 	 1.048954e+07 	
6.55855856e+06 	 3.726661e-06 	 1.048871e+07 	
6.55905906e+06 	 3.725647e-06 	 1.048788e+07 	
6.55955956e+06 	 3.724634e-06 	 1.048705e+07 	
6.56006006e+06 	 3.723621e-06 	 1.048622e+07 	
6.56056056e+06 	 3.722608e-06 	 1.048539e+07 	
6.56106106e+06 	 3.721596e-06 	 1.048456e+07 	
6.56156156e+06 	 3.720584e-06 	 1.048373e+07 	
6.56206206e+06 	 3.719572e-06 	 1.048290e+07 	
6.56256256e+06 	 3.718561e-06 	 1.048207e+07 	
6.56306306e+06 	 3.717550e-06 	 1.048124e+07 	
6.56356356e+06 	 3.716539e-06 	 1.048041e+07 	
6.56406406e+06 	 3.715529e-06 	 1.047959e+07 	
6.56456456e+06 	 3.714519e-06 	 1.047876e+07 	
6.56506507e+06 	 3.713509e-06 	 1.047793e+07 	
6.56556557e+06 	 3.712500e-06 	 1.047710e+07 	
6.56606607e+06 	 3.711491e-06 	 1.047627e+07 	
6.56656657e+06 	 3.710483e-06 	 1.047545e+07 	
6.56706707e+06 	 3.709474e-06 	 1.047462e+07 	
6.56756757e+06 	 3.708466e-06 	 1.047379e+07 	
6.56806807e+06 	 3.707459e-06 	 1.047296e+07 	
6.56856857e+06 	 3.706452e-06 	 1.047214e+07 	
6.56906907e+06 	 3.705445e-06 	 1.047131e+07 	
6.56956957e+06 	 3.704438e-06 	 1.047048e+07 	
6.57007007e+06 	 3.703432e-06 	 1.046966e+07 	
6.57057057e+06 	 3.702426e-06 	 1.046883e+07 	
6.57107107e+06 	 3.701421e-06 	 1.046800e+07 	
6.57157157e+06 	 3.700416e-06 	 1.046718e+07 	
6.57207207e+06 	 3.699411e-06 	 1.046635e+07 	
6.57257257e+06 	 3.698406e-06 	 1.046552e+07 	
6.57307307e+06 	 3.697402e-06 	 1.046470e+07 	
6.57357357e+06 	 3.696398e-06 	 1.046387e+07 	
6.57407407e+06 	 3.695395e-06 	 1.046305e+07 	
6.57457457e+06 	 3.694392e-06 	 1.046222e+07 	
6.57507508e+06 	 3.693389e-06 	 1.046140e+07 	
6.57557558e+06 	 3.692386e-06 	 1.046057e+07 	
6.57607608e+06 	 3.691384e-06 	 1.045975e+07 	
6.57657658e+06 	 3.690383e-06 	 1.045892e+07 	
6.57707708e+06 	 3.689381e-06 	 1.045810e+07 	
6.57757758e+06 	 3.688380e-06 	 1.045727e+07 	
6.57807808e+06 	 3.687379e-06 	 1.045645e+07 	
6.57857858e+06 	 3.686379e-06 	 1.045562e+07 	
6.57907908e+06 	 3.685379e-06 	 1.045480e+07 	
6.57957958e+06 	 3.684379e-06 	 1.045398e+07 	
6.58008008e+06 	 3.683380e-06 	 1.045315e+07 	
6.58058058e+06 	 3.682381e-06 	 1.045233e+07 	
6.58108108e+06 	 3.681382e-06 	 1.045150e+07 	
6.58158158e+06 	 3.680384e-06 	 1.045068e+07 	
6.58208208e+06 	 3.679385e-06 	 1.044986e+07 	
6.58258258e+06 	 3.678388e-06 	 1.044903e+07 	
6.58308308e+06 	 3.677390e-06 	 1.044821e+07 	
6.58358358e+06 	 3.676393e-06 	 1.044739e+07 	
6.58408408e+06 	 3.675397e-06 	 1.044657e+07 	
6.58458458e+06 	 3.674400e-06 	 1.044574e+07 	
6.58508509e+06 	 3.673404e-06 	 1.044492e+07 	
6.58558559e+06 	 3.672409e-06 	 1.044410e+07 	
6.58608609e+06 	 3.671413e-06 	 1.044328e+07 	
6.58658659e+06 	 3.670418e-06 	 1.044245e+07 	
6.58708709e+06 	 3.669424e-06 	 1.044163e+07 	
6.58758759e+06 	 3.668429e-06 	 1.044081e+07 	
6.58808809e+06 	 3.667435e-06 	 1.043999e+07 	
6.58858859e+06 	 3.666442e-06 	 1.043917e+07 	
6.58908909e+06 	 3.665448e-06 	 1.043835e+07 	
6.58958959e+06 	 3.664455e-06 	 1.043753e+07 	
6.59009009e+06 	 3.663463e-06 	 1.043670e+07 	
6.59059059e+06 	 3.662470e-06 	 1.043588e+07 	
6.59109109e+06 	 3.661478e-06 	 1.043506e+07 	
6.59159159e+06 	 3.660487e-06 	 1.043424e+07 	
6.59209209e+06 	 3.659495e-06 	 1.043342e+07 	
6.59259259e+06 	 3.658504e-06 	 1.043260e+07 	
6.59309309e+06 	 3.657514e-06 	 1.043178e+07 	
6.59359359e+06 	 3.656523e-06 	 1.043096e+07 	
6.59409409e+06 	 3.655533e-06 	 1.043014e+07 	
6.59459459e+06 	 3.654544e-06 	 1.042932e+07 	
6.59509510e+06 	 3.653554e-06 	 1.042850e+07 	
6.59559560e+06 	 3.652565e-06 	 1.042768e+07 	
6.59609610e+06 	 3.651577e-06 	 1.042686e+07 	
6.59659660e+06 	 3.650588e-06 	 1.042604e+07 	
6.59709710e+06 	 3.649600e-06 	 1.042522e+07 	
6.59759760e+06 	 3.648613e-06 	 1.042441e+07 	
6.59809810e+06 	 3.647625e-06 	 1.042359e+07 	
6.59859860e+06 	 3.646638e-06 	 1.042277e+07 	
6.59909910e+06 	 3.645652e-06 	 1.042195e+07 	
6.59959960e+06 	 3.644665e-06 	 1.042113e+07 	
6.60010010e+06 	 3.643680e-06 	 1.042031e+07 	
6.60060060e+06 	 3.642694e-06 	 1.041950e+07 	
6.60110110e+06 	 3.641709e-06 	 1.041868e+07 	
6.60160160e+06 	 3.640724e-06 	 1.041786e+07 	
6.60210210e+06 	 3.639739e-06 	 1.041704e+07 	
6.60260260e+06 	 3.638755e-06 	 1.041622e+07 	
6.60310310e+06 	 3.637771e-06 	 1.041541e+07 	
6.60360360e+06 	 3.636787e-06 	 1.041459e+07 	
6.60410410e+06 	 3.635804e-06 	 1.041377e+07 	
6.60460460e+06 	 3.634821e-06 	 1.041296e+07 	
6.60510511e+06 	 3.633838e-06 	 1.041214e+07 	
6.60560561e+06 	 3.632856e-06 	 1.041132e+07 	
6.60610611e+06 	 3.631874e-06 	 1.041051e+07 	
6.60660661e+06 	 3.630892e-06 	 1.040969e+07 	
6.60710711e+06 	 3.629911e-06 	 1.040887e+07 	
6.60760761e+06 	 3.628930e-06 	 1.040806e+07 	
6.60810811e+06 	 3.627949e-06 	 1.040724e+07 	
6.60860861e+06 	 3.626969e-06 	 1.040642e+07 	
6.60910911e+06 	 3.625989e-06 	 1.040561e+07 	
6.60960961e+06 	 3.625009e-06 	 1.040479e+07 	
6.61011011e+06 	 3.624029e-06 	 1.040398e+07 	
6.61061061e+06 	 3.623050e-06 	 1.040316e+07 	
6.61111111e+06 	 3.622072e-06 	 1.040235e+07 	
6.61161161e+06 	 3.621093e-06 	 1.040153e+07 	
6.61211211e+06 	 3.620115e-06 	 1.040072e+07 	
6.61261261e+06 	 3.619138e-06 	 1.039990e+07 	
6.61311311e+06 	 3.618160e-06 	 1.039909e+07 	
6.61361361e+06 	 3.617183e-06 	 1.039827e+07 	
6.61411411e+06 	 3.616206e-06 	 1.039746e+07 	
6.61461461e+06 	 3.615230e-06 	 1.039664e+07 	
6.61511512e+06 	 3.614254e-06 	 1.039583e+07 	
6.61561562e+06 	 3.613278e-06 	 1.039502e+07 	
6.61611612e+06 	 3.612303e-06 	 1.039420e+07 	
6.61661662e+06 	 3.611328e-06 	 1.039339e+07 	
6.61711712e+06 	 3.610353e-06 	 1.039258e+07 	
6.61761762e+06 	 3.609379e-06 	 1.039176e+07 	
6.61811812e+06 	 3.608404e-06 	 1.039095e+07 	
6.61861862e+06 	 3.607431e-06 	 1.039014e+07 	
6.61911912e+06 	 3.606457e-06 	 1.038932e+07 	
6.61961962e+06 	 3.605484e-06 	 1.038851e+07 	
6.62012012e+06 	 3.604511e-06 	 1.038770e+07 	
6.62062062e+06 	 3.603539e-06 	 1.038689e+07 	
6.62112112e+06 	 3.602567e-06 	 1.038607e+07 	
6.62162162e+06 	 3.601595e-06 	 1.038526e+07 	
6.62212212e+06 	 3.600623e-06 	 1.038445e+07 	
6.62262262e+06 	 3.599652e-06 	 1.038364e+07 	
6.62312312e+06 	 3.598681e-06 	 1.038282e+07 	
6.62362362e+06 	 3.597711e-06 	 1.038201e+07 	
6.62412412e+06 	 3.596741e-06 	 1.038120e+07 	
6.62462462e+06 	 3.595771e-06 	 1.038039e+07 	
6.62512513e+06 	 3.594801e-06 	 1.037958e+07 	
6.62562563e+06 	 3.593832e-06 	 1.037877e+07 	
6.62612613e+06 	 3.592863e-06 	 1.037796e+07 	
6.62662663e+06 	 3.591895e-06 	 1.037715e+07 	
6.62712713e+06 	 3.590926e-06 	 1.037633e+07 	
6.62762763e+06 	 3.589959e-06 	 1.037552e+07 	
6.62812813e+06 	 3.588991e-06 	 1.037471e+07 	
6.62862863e+06 	 3.588024e-06 	 1.037390e+07 	
6.62912913e+06 	 3.587057e-06 	 1.037309e+07 	
6.62962963e+06 	 3.586090e-06 	 1.037228e+07 	
6.63013013e+06 	 3.585124e-06 	 1.037147e+07 	
6.63063063e+06 	 3.584158e-06 	 1.037066e+07 	
6.63113113e+06 	 3.583192e-06 	 1.036985e+07 	
6.63163163e+06 	 3.582227e-06 	 1.036904e+07 	
6.63213213e+06 	 3.581262e-06 	 1.036823e+07 	
6.63263263e+06 	 3.580297e-06 	 1.036743e+07 	
6.63313313e+06 	 3.579333e-06 	 1.036662e+07 	
6.63363363e+06 	 3.578369e-06 	 1.036581e+07 	
6.63413413e+06 	 3.577405e-06 	 1.036500e+07 	
6.63463463e+06 	 3.576442e-06 	 1.036419e+07 	
6.63513514e+06 	 3.575479e-06 	 1.036338e+07 	
6.63563564e+06 	 3.574516e-06 	 1.036257e+07 	
6.63613614e+06 	 3.573554e-06 	 1.036176e+07 	
6.63663664e+06 	 3.572592e-06 	 1.036096e+07 	
6.63713714e+06 	 3.571630e-06 	 1.036015e+07 	
6.63763764e+06 	 3.570669e-06 	 1.035934e+07 	
6.63813814e+06 	 3.569707e-06 	 1.035853e+07 	
6.63863864e+06 	 3.568747e-06 	 1.035773e+07 	
6.63913914e+06 	 3.567786e-06 	 1.035692e+07 	
6.63963964e+06 	 3.566826e-06 	 1.035611e+07 	
6.64014014e+06 	 3.565866e-06 	 1.035530e+07 	
6.64064064e+06 	 3.564907e-06 	 1.035450e+07 	
6.64114114e+06 	 3.563948e-06 	 1.035369e+07 	
6.64164164e+06 	 3.562989e-06 	 1.035288e+07 	
6.64214214e+06 	 3.562030e-06 	 1.035208e+07 	
6.64264264e+06 	 3.561072e-06 	 1.035127e+07 	
6.64314314e+06 	 3.560114e-06 	 1.035046e+07 	
6.64364364e+06 	 3.559156e-06 	 1.034966e+07 	
6.64414414e+06 	 3.558199e-06 	 1.034885e+07 	
6.64464464e+06 	 3.557242e-06 	 1.034804e+07 	
6.64514515e+06 	 3.556286e-06 	 1.034724e+07 	
6.64564565e+06 	 3.555329e-06 	 1.034643e+07 	
6.64614615e+06 	 3.554373e-06 	 1.034563e+07 	
6.64664665e+06 	 3.553418e-06 	 1.034482e+07 	
6.64714715e+06 	 3.552462e-06 	 1.034402e+07 	
6.64764765e+06 	 3.551507e-06 	 1.034321e+07 	
6.64814815e+06 	 3.550553e-06 	 1.034241e+07 	
6.64864865e+06 	 3.549598e-06 	 1.034160e+07 	
6.64914915e+06 	 3.548644e-06 	 1.034080e+07 	
6.64964965e+06 	 3.547691e-06 	 1.033999e+07 	
6.65015015e+06 	 3.546737e-06 	 1.033919e+07 	
6.65065065e+06 	 3.545784e-06 	 1.033838e+07 	
6.65115115e+06 	 3.544831e-06 	 1.033758e+07 	
6.65165165e+06 	 3.543879e-06 	 1.033678e+07 	
6.65215215e+06 	 3.542927e-06 	 1.033597e+07 	
6.65265265e+06 	 3.541975e-06 	 1.033517e+07 	
6.65315315e+06 	 3.541023e-06 	 1.033436e+07 	
6.65365365e+06 	 3.540072e-06 	 1.033356e+07 	
6.65415415e+06 	 3.539121e-06 	 1.033276e+07 	
6.65465465e+06 	 3.538171e-06 	 1.033195e+07 	
6.65515516e+06 	 3.537220e-06 	 1.033115e+07 	
6.65565566e+06 	 3.536271e-06 	 1.033035e+07 	
6.65615616e+06 	 3.535321e-06 	 1.032954e+07 	
6.65665666e+06 	 3.534372e-06 	 1.032874e+07 	
6.65715716e+06 	 3.533423e-06 	 1.032794e+07 	
6.65765766e+06 	 3.532474e-06 	 1.032714e+07 	
6.65815816e+06 	 3.531526e-06 	 1.032634e+07 	
6.65865866e+06 	 3.530578e-06 	 1.032553e+07 	
6.65915916e+06 	 3.529630e-06 	 1.032473e+07 	
6.65965966e+06 	 3.528683e-06 	 1.032393e+07 	
6.66016016e+06 	 3.527735e-06 	 1.032313e+07 	
6.66066066e+06 	 3.526789e-06 	 1.032233e+07 	
6.66116116e+06 	 3.525842e-06 	 1.032152e+07 	
6.66166166e+06 	 3.524896e-06 	 1.032072e+07 	
6.66216216e+06 	 3.523950e-06 	 1.031992e+07 	
6.66266266e+06 	 3.523005e-06 	 1.031912e+07 	
6.66316316e+06 	 3.522060e-06 	 1.031832e+07 	
6.66366366e+06 	 3.521115e-06 	 1.031752e+07 	
6.66416416e+06 	 3.520170e-06 	 1.031672e+07 	
6.66466466e+06 	 3.519226e-06 	 1.031592e+07 	
6.66516517e+06 	 3.518282e-06 	 1.031512e+07 	
6.66566567e+06 	 3.517339e-06 	 1.031432e+07 	
6.66616617e+06 	 3.516395e-06 	 1.031352e+07 	
6.66666667e+06 	 3.515452e-06 	 1.031272e+07 	
6.66716717e+06 	 3.514510e-06 	 1.031192e+07 	
6.66766767e+06 	 3.513567e-06 	 1.031112e+07 	
6.66816817e+06 	 3.512625e-06 	 1.031032e+07 	
6.66866867e+06 	 3.511684e-06 	 1.030952e+07 	
6.66916917e+06 	 3.510742e-06 	 1.030872e+07 	
6.66966967e+06 	 3.509801e-06 	 1.030792e+07 	
6.67017017e+06 	 3.508860e-06 	 1.030712e+07 	
6.67067067e+06 	 3.507920e-06 	 1.030632e+07 	
6.67117117e+06 	 3.506980e-06 	 1.030552e+07 	
6.67167167e+06 	 3.506040e-06 	 1.030472e+07 	
6.67217217e+06 	 3.505100e-06 	 1.030393e+07 	
6.67267267e+06 	 3.504161e-06 	 1.030313e+07 	
6.67317317e+06 	 3.503222e-06 	 1.030233e+07 	
6.67367367e+06 	 3.502284e-06 	 1.030153e+07 	
6.67417417e+06 	 3.501345e-06 	 1.030073e+07 	
6.67467467e+06 	 3.500407e-06 	 1.029994e+07 	
6.67517518e+06 	 3.499470e-06 	 1.029914e+07 	
6.67567568e+06 	 3.498532e-06 	 1.029834e+07 	
6.67617618e+06 	 3.497595e-06 	 1.029754e+07 	
6.67667668e+06 	 3.496659e-06 	 1.029675e+07 	
6.67717718e+06 	 3.495722e-06 	 1.029595e+07 	
6.67767768e+06 	 3.494786e-06 	 1.029515e+07 	
6.67817818e+06 	 3.493850e-06 	 1.029435e+07 	
6.67867868e+06 	 3.492915e-06 	 1.029356e+07 	
6.67917918e+06 	 3.491980e-06 	 1.029276e+07 	
6.67967968e+06 	 3.491045e-06 	 1.029196e+07 	
6.68018018e+06 	 3.490110e-06 	 1.029117e+07 	
6.68068068e+06 	 3.489176e-06 	 1.029037e+07 	
6.68118118e+06 	 3.488242e-06 	 1.028958e+07 	
6.68168168e+06 	 3.487309e-06 	 1.028878e+07 	
6.68218218e+06 	 3.486375e-06 	 1.028798e+07 	
6.68268268e+06 	 3.485442e-06 	 1.028719e+07 	
6.68318318e+06 	 3.484510e-06 	 1.028639e+07 	
6.68368368e+06 	 3.483577e-06 	 1.028560e+07 	
6.68418418e+06 	 3.482645e-06 	 1.028480e+07 	
6.68468468e+06 	 3.481714e-06 	 1.028401e+07 	
6.68518519e+06 	 3.480782e-06 	 1.028321e+07 	
6.68568569e+06 	 3.479851e-06 	 1.028242e+07 	
6.68618619e+06 	 3.478920e-06 	 1.028162e+07 	
6.68668669e+06 	 3.477990e-06 	 1.028083e+07 	
6.68718719e+06 	 3.477060e-06 	 1.028003e+07 	
6.68768769e+06 	 3.476130e-06 	 1.027924e+07 	
6.68818819e+06 	 3.475200e-06 	 1.027844e+07 	
6.68868869e+06 	 3.474271e-06 	 1.027765e+07 	
6.68918919e+06 	 3.473342e-06 	 1.027686e+07 	
6.68968969e+06 	 3.472413e-06 	 1.027606e+07 	
6.69019019e+06 	 3.471485e-06 	 1.027527e+07 	
6.69069069e+06 	 3.470557e-06 	 1.027448e+07 	
6.69119119e+06 	 3.469629e-06 	 1.027368e+07 	
6.69169169e+06 	 3.468702e-06 	 1.027289e+07 	
6.69219219e+06 	 3.467775e-06 	 1.027210e+07 	
6.69269269e+06 	 3.466848e-06 	 1.027130e+07 	
6.69319319e+06 	 3.465921e-06 	 1.027051e+07 	
6.69369369e+06 	 3.464995e-06 	 1.026972e+07 	
6.69419419e+06 	 3.464069e-06 	 1.026892e+07 	
6.69469469e+06 	 3.463144e-06 	 1.026813e+07 	
6.69519520e+06 	 3.462218e-06 	 1.026734e+07 	
6.69569570e+06 	 3.461293e-06 	 1.026655e+07 	
6.69619620e+06 	 3.460369e-06 	 1.026575e+07 	
6.69669670e+06 	 3.459444e-06 	 1.026496e+07 	
6.69719720e+06 	 3.458520e-06 	 1.026417e+07 	
6.69769770e+06 	 3.457597e-06 	 1.026338e+07 	
6.69819820e+06 	 3.456673e-06 	 1.026259e+07 	
6.69869870e+06 	 3.455750e-06 	 1.026180e+07 	
6.69919920e+06 	 3.454827e-06 	 1.026101e+07 	
6.69969970e+06 	 3.453905e-06 	 1.026021e+07 	
6.70020020e+06 	 3.452983e-06 	 1.025942e+07 	
6.70070070e+06 	 3.452061e-06 	 1.025863e+07 	
6.70120120e+06 	 3.451139e-06 	 1.025784e+07 	
6.70170170e+06 	 3.450218e-06 	 1.025705e+07 	
6.70220220e+06 	 3.449297e-06 	 1.025626e+07 	
6.70270270e+06 	 3.448376e-06 	 1.025547e+07 	
6.70320320e+06 	 3.447456e-06 	 1.025468e+07 	
6.70370370e+06 	 3.446536e-06 	 1.025389e+07 	
6.70420420e+06 	 3.445616e-06 	 1.025310e+07 	
6.70470470e+06 	 3.444697e-06 	 1.025231e+07 	
6.70520521e+06 	 3.443777e-06 	 1.025152e+07 	
6.70570571e+06 	 3.442859e-06 	 1.025073e+07 	
6.70620621e+06 	 3.441940e-06 	 1.024994e+07 	
6.70670671e+06 	 3.441022e-06 	 1.024915e+07 	
6.70720721e+06 	 3.440104e-06 	 1.024836e+07 	
6.70770771e+06 	 3.439186e-06 	 1.024757e+07 	
6.70820821e+06 	 3.438269e-06 	 1.024678e+07 	
6.70870871e+06 	 3.437352e-06 	 1.024600e+07 	
6.70920921e+06 	 3.436435e-06 	 1.024521e+07 	
6.70970971e+06 	 3.435519e-06 	 1.024442e+07 	
6.71021021e+06 	 3.434603e-06 	 1.024363e+07 	
6.71071071e+06 	 3.433687e-06 	 1.024284e+07 	
6.71121121e+06 	 3.432771e-06 	 1.024205e+07 	
6.71171171e+06 	 3.431856e-06 	 1.024127e+07 	
6.71221221e+06 	 3.430941e-06 	 1.024048e+07 	
6.71271271e+06 	 3.430027e-06 	 1.023969e+07 	
6.71321321e+06 	 3.429112e-06 	 1.023890e+07 	
6.71371371e+06 	 3.428198e-06 	 1.023812e+07 	
6.71421421e+06 	 3.427285e-06 	 1.023733e+07 	
6.71471471e+06 	 3.426371e-06 	 1.023654e+07 	
6.71521522e+06 	 3.425458e-06 	 1.023575e+07 	
6.71571572e+06 	 3.424545e-06 	 1.023497e+07 	
6.71621622e+06 	 3.423633e-06 	 1.023418e+07 	
6.71671672e+06 	 3.422721e-06 	 1.023339e+07 	
6.71721722e+06 	 3.421809e-06 	 1.023261e+07 	
6.71771772e+06 	 3.420897e-06 	 1.023182e+07 	
6.71821822e+06 	 3.419986e-06 	 1.023103e+07 	
6.71871872e+06 	 3.419075e-06 	 1.023025e+07 	
6.71921922e+06 	 3.418164e-06 	 1.022946e+07 	
6.71971972e+06 	 3.417254e-06 	 1.022868e+07 	
6.72022022e+06 	 3.416344e-06 	 1.022789e+07 	
6.72072072e+06 	 3.415434e-06 	 1.022710e+07 	
6.72122122e+06 	 3.414525e-06 	 1.022632e+07 	
6.72172172e+06 	 3.413615e-06 	 1.022553e+07 	
6.72222222e+06 	 3.412707e-06 	 1.022475e+07 	
6.72272272e+06 	 3.411798e-06 	 1.022396e+07 	
6.72322322e+06 	 3.410890e-06 	 1.022318e+07 	
6.72372372e+06 	 3.409982e-06 	 1.022239e+07 	
6.72422422e+06 	 3.409074e-06 	 1.022161e+07 	
6.72472472e+06 	 3.408167e-06 	 1.022082e+07 	
6.72522523e+06 	 3.407260e-06 	 1.022004e+07 	
6.72572573e+06 	 3.406353e-06 	 1.021926e+07 	
6.72622623e+06 	 3.405446e-06 	 1.021847e+07 	
6.72672673e+06 	 3.404540e-06 	 1.021769e+07 	
6.72722723e+06 	 3.403634e-06 	 1.021690e+07 	
6.72772773e+06 	 3.402729e-06 	 1.021612e+07 	
6.72822823e+06 	 3.401824e-06 	 1.021534e+07 	
6.72872873e+06 	 3.400919e-06 	 1.021455e+07 	
6.72922923e+06 	 3.400014e-06 	 1.021377e+07 	
6.72972973e+06 	 3.399110e-06 	 1.021299e+07 	
6.73023023e+06 	 3.398205e-06 	 1.021220e+07 	
6.73073073e+06 	 3.397302e-06 	 1.021142e+07 	
6.73123123e+06 	 3.396398e-06 	 1.021064e+07 	
6.73173173e+06 	 3.395495e-06 	 1.020985e+07 	
6.73223223e+06 	 3.394592e-06 	 1.020907e+07 	
6.73273273e+06 	 3.393689e-06 	 1.020829e+07 	
6.73323323e+06 	 3.392787e-06 	 1.020751e+07 	
6.73373373e+06 	 3.391885e-06 	 1.020672e+07 	
6.73423423e+06 	 3.390984e-06 	 1.020594e+07 	
6.73473473e+06 	 3.390082e-06 	 1.020516e+07 	
6.73523524e+06 	 3.389181e-06 	 1.020438e+07 	
6.73573574e+06 	 3.388280e-06 	 1.020360e+07 	
6.73623624e+06 	 3.387380e-06 	 1.020282e+07 	
6.73673674e+06 	 3.386479e-06 	 1.020203e+07 	
6.73723724e+06 	 3.385580e-06 	 1.020125e+07 	
6.73773774e+06 	 3.384680e-06 	 1.020047e+07 	
6.73823824e+06 	 3.383781e-06 	 1.019969e+07 	
6.73873874e+06 	 3.382882e-06 	 1.019891e+07 	
6.73923924e+06 	 3.381983e-06 	 1.019813e+07 	
6.73973974e+06 	 3.381084e-06 	 1.019735e+07 	
6.74024024e+06 	 3.380186e-06 	 1.019657e+07 	
6.74074074e+06 	 3.379288e-06 	 1.019579e+07 	
6.74124124e+06 	 3.378391e-06 	 1.019501e+07 	
6.74174174e+06 	 3.377494e-06 	 1.019423e+07 	
6.74224224e+06 	 3.376597e-06 	 1.019345e+07 	
6.74274274e+06 	 3.375700e-06 	 1.019267e+07 	
6.74324324e+06 	 3.374804e-06 	 1.019189e+07 	
6.74374374e+06 	 3.373908e-06 	 1.019111e+07 	
6.74424424e+06 	 3.373012e-06 	 1.019033e+07 	
6.74474474e+06 	 3.372116e-06 	 1.018955e+07 	
6.74524525e+06 	 3.371221e-06 	 1.018877e+07 	
6.74574575e+06 	 3.370326e-06 	 1.018799e+07 	
6.74624625e+06 	 3.369432e-06 	 1.018721e+07 	
6.74674675e+06 	 3.368537e-06 	 1.018643e+07 	
6.74724725e+06 	 3.367643e-06 	 1.018565e+07 	
6.74774775e+06 	 3.366750e-06 	 1.018488e+07 	
6.74824825e+06 	 3.365856e-06 	 1.018410e+07 	
6.74874875e+06 	 3.364963e-06 	 1.018332e+07 	
6.74924925e+06 	 3.364070e-06 	 1.018254e+07 	
6.74974975e+06 	 3.363178e-06 	 1.018176e+07 	
6.75025025e+06 	 3.362285e-06 	 1.018098e+07 	
6.75075075e+06 	 3.361393e-06 	 1.018021e+07 	
6.75125125e+06 	 3.360502e-06 	 1.017943e+07 	
6.75175175e+06 	 3.359610e-06 	 1.017865e+07 	
6.75225225e+06 	 3.358719e-06 	 1.017787e+07 	
6.75275275e+06 	 3.357829e-06 	 1.017710e+07 	
6.75325325e+06 	 3.356938e-06 	 1.017632e+07 	
6.75375375e+06 	 3.356048e-06 	 1.017554e+07 	
6.75425425e+06 	 3.355158e-06 	 1.017477e+07 	
6.75475475e+06 	 3.354268e-06 	 1.017399e+07 	
6.75525526e+06 	 3.353379e-06 	 1.017321e+07 	
6.75575576e+06 	 3.352490e-06 	 1.017244e+07 	
6.75625626e+06 	 3.351601e-06 	 1.017166e+07 	
6.75675676e+06 	 3.350713e-06 	 1.017088e+07 	
6.75725726e+06 	 3.349825e-06 	 1.017011e+07 	
6.75775776e+06 	 3.348937e-06 	 1.016933e+07 	
6.75825826e+06 	 3.348049e-06 	 1.016856e+07 	
6.75875876e+06 	 3.347162e-06 	 1.016778e+07 	
6.75925926e+06 	 3.346275e-06 	 1.016700e+07 	
6.75975976e+06 	 3.345388e-06 	 1.016623e+07 	
6.76026026e+06 	 3.344502e-06 	 1.016545e+07 	
6.76076076e+06 	 3.343616e-06 	 1.016468e+07 	
6.76126126e+06 	 3.342730e-06 	 1.016390e+07 	
6.76176176e+06 	 3.341844e-06 	 1.016313e+07 	
6.76226226e+06 	 3.340959e-06 	 1.016235e+07 	
6.76276276e+06 	 3.340074e-06 	 1.016158e+07 	
6.76326326e+06 	 3.339190e-06 	 1.016080e+07 	
6.76376376e+06 	 3.338305e-06 	 1.016003e+07 	
6.76426426e+06 	 3.337421e-06 	 1.015926e+07 	
6.76476476e+06 	 3.336537e-06 	 1.015848e+07 	
6.76526527e+06 	 3.335654e-06 	 1.015771e+07 	
6.76576577e+06 	 3.334771e-06 	 1.015693e+07 	
6.76626627e+06 	 3.333888e-06 	 1.015616e+07 	
6.76676677e+06 	 3.333005e-06 	 1.015539e+07 	
6.76726727e+06 	 3.332123e-06 	 1.015461e+07 	
6.76776777e+06 	 3.331241e-06 	 1.015384e+07 	
6.76826827e+06 	 3.330359e-06 	 1.015307e+07 	
6.76876877e+06 	 3.329477e-06 	 1.015229e+07 	
6.76926927e+06 	 3.328596e-06 	 1.015152e+07 	
6.76976977e+06 	 3.327715e-06 	 1.015075e+07 	
6.77027027e+06 	 3.326835e-06 	 1.014997e+07 	
6.77077077e+06 	 3.325954e-06 	 1.014920e+07 	
6.77127127e+06 	 3.325074e-06 	 1.014843e+07 	
6.77177177e+06 	 3.324195e-06 	 1.014766e+07 	
6.77227227e+06 	 3.323315e-06 	 1.014688e+07 	
6.77277277e+06 	 3.322436e-06 	 1.014611e+07 	
6.77327327e+06 	 3.321557e-06 	 1.014534e+07 	
6.77377377e+06 	 3.320678e-06 	 1.014457e+07 	
6.77427427e+06 	 3.319800e-06 	 1.014380e+07 	
6.77477477e+06 	 3.318922e-06 	 1.014303e+07 	
6.77527528e+06 	 3.318044e-06 	 1.014225e+07 	
6.77577578e+06 	 3.317167e-06 	 1.014148e+07 	
6.77627628e+06 	 3.316290e-06 	 1.014071e+07 	
6.77677678e+06 	 3.315413e-06 	 1.013994e+07 	
6.77727728e+06 	 3.314536e-06 	 1.013917e+07 	
6.77777778e+06 	 3.313660e-06 	 1.013840e+07 	
6.77827828e+06 	 3.312784e-06 	 1.013763e+07 	
6.77877878e+06 	 3.311908e-06 	 1.013686e+07 	
6.77927928e+06 	 3.311033e-06 	 1.013609e+07 	
6.77977978e+06 	 3.310158e-06 	 1.013532e+07 	
6.78028028e+06 	 3.309283e-06 	 1.013455e+07 	
6.78078078e+06 	 3.308408e-06 	 1.013378e+07 	
6.78128128e+06 	 3.307534e-06 	 1.013301e+07 	
6.78178178e+06 	 3.306660e-06 	 1.013224e+07 	
6.78228228e+06 	 3.305786e-06 	 1.013147e+07 	
6.78278278e+06 	 3.304913e-06 	 1.013070e+07 	
6.78328328e+06 	 3.304040e-06 	 1.012993e+07 	
6.78378378e+06 	 3.303167e-06 	 1.012916e+07 	
6.78428428e+06 	 3.302294e-06 	 1.012839e+07 	
6.78478478e+06 	 3.301422e-06 	 1.012762e+07 	
6.78528529e+06 	 3.300550e-06 	 1.012685e+07 	
6.78578579e+06 	 3.299678e-06 	 1.012608e+07 	
6.78628629e+06 	 3.298807e-06 	 1.012531e+07 	
6.78678679e+06 	 3.297935e-06 	 1.012454e+07 	
6.78728729e+06 	 3.297065e-06 	 1.012378e+07 	
6.78778779e+06 	 3.296194e-06 	 1.012301e+07 	
6.78828829e+06 	 3.295324e-06 	 1.012224e+07 	
6.78878879e+06 	 3.294454e-06 	 1.012147e+07 	
6.78928929e+06 	 3.293584e-06 	 1.012070e+07 	
6.78978979e+06 	 3.292714e-06 	 1.011994e+07 	
6.79029029e+06 	 3.291845e-06 	 1.011917e+07 	
6.79079079e+06 	 3.290976e-06 	 1.011840e+07 	
6.79129129e+06 	 3.290108e-06 	 1.011763e+07 	
6.79179179e+06 	 3.289239e-06 	 1.011687e+07 	
6.79229229e+06 	 3.288371e-06 	 1.011610e+07 	
6.79279279e+06 	 3.287504e-06 	 1.011533e+07 	
6.79329329e+06 	 3.286636e-06 	 1.011457e+07 	
6.79379379e+06 	 3.285769e-06 	 1.011380e+07 	
6.79429429e+06 	 3.284902e-06 	 1.011303e+07 	
6.79479479e+06 	 3.284035e-06 	 1.011227e+07 	
6.79529530e+06 	 3.283169e-06 	 1.011150e+07 	
6.79579580e+06 	 3.282303e-06 	 1.011073e+07 	
6.79629630e+06 	 3.281437e-06 	 1.010997e+07 	
6.79679680e+06 	 3.280572e-06 	 1.010920e+07 	
6.79729730e+06 	 3.279707e-06 	 1.010843e+07 	
6.79779780e+06 	 3.278842e-06 	 1.010767e+07 	
6.79829830e+06 	 3.277977e-06 	 1.010690e+07 	
6.79879880e+06 	 3.277113e-06 	 1.010614e+07 	
6.79929930e+06 	 3.276249e-06 	 1.010537e+07 	
6.79979980e+06 	 3.275385e-06 	 1.010461e+07 	
6.80030030e+06 	 3.274521e-06 	 1.010384e+07 	
6.80080080e+06 	 3.273658e-06 	 1.010308e+07 	
6.80130130e+06 	 3.272795e-06 	 1.010231e+07 	
6.80180180e+06 	 3.271932e-06 	 1.010155e+07 	
6.80230230e+06 	 3.271070e-06 	 1.010078e+07 	
6.80280280e+06 	 3.270208e-06 	 1.010002e+07 	
6.80330330e+06 	 3.269346e-06 	 1.009925e+07 	
6.80380380e+06 	 3.268485e-06 	 1.009849e+07 	
6.80430430e+06 	 3.267623e-06 	 1.009773e+07 	
6.80480480e+06 	 3.266762e-06 	 1.009696e+07 	
6.80530531e+06 	 3.265902e-06 	 1.009620e+07 	
6.80580581e+06 	 3.265041e-06 	 1.009543e+07 	
6.80630631e+06 	 3.264181e-06 	 1.009467e+07 	
6.80680681e+06 	 3.263321e-06 	 1.009391e+07 	
6.80730731e+06 	 3.262462e-06 	 1.009314e+07 	
6.80780781e+06 	 3.261602e-06 	 1.009238e+07 	
6.80830831e+06 	 3.260743e-06 	 1.009162e+07 	
6.80880881e+06 	 3.259884e-06 	 1.009085e+07 	
6.80930931e+06 	 3.259026e-06 	 1.009009e+07 	
6.80980981e+06 	 3.258168e-06 	 1.008933e+07 	
6.81031031e+06 	 3.257310e-06 	 1.008857e+07 	
6.81081081e+06 	 3.256452e-06 	 1.008780e+07 	
6.81131131e+06 	 3.255595e-06 	 1.008704e+07 	
6.81181181e+06 	 3.254738e-06 	 1.008628e+07 	
6.81231231e+06 	 3.253881e-06 	 1.008552e+07 	
6.81281281e+06 	 3.253024e-06 	 1.008475e+07 	
6.81331331e+06 	 3.252168e-06 	 1.008399e+07 	
6.81381381e+06 	 3.251312e-06 	 1.008323e+07 	
6.81431431e+06 	 3.250457e-06 	 1.008247e+07 	
6.81481481e+06 	 3.249601e-06 	 1.008171e+07 	
6.81531532e+06 	 3.248746e-06 	 1.008095e+07 	
6.81581582e+06 	 3.247891e-06 	 1.008019e+07 	
6.81631632e+06 	 3.247037e-06 	 1.007942e+07 	
6.81681682e+06 	 3.246182e-06 	 1.007866e+07 	
6.81731732e+06 	 3.245328e-06 	 1.007790e+07 	
6.81781782e+06 	 3.244475e-06 	 1.007714e+07 	
6.81831832e+06 	 3.243621e-06 	 1.007638e+07 	
6.81881882e+06 	 3.242768e-06 	 1.007562e+07 	
6.81931932e+06 	 3.241915e-06 	 1.007486e+07 	
6.81981982e+06 	 3.241062e-06 	 1.007410e+07 	
6.82032032e+06 	 3.240210e-06 	 1.007334e+07 	
6.82082082e+06 	 3.239358e-06 	 1.007258e+07 	
6.82132132e+06 	 3.238506e-06 	 1.007182e+07 	
6.82182182e+06 	 3.237655e-06 	 1.007106e+07 	
6.82232232e+06 	 3.236804e-06 	 1.007030e+07 	
6.82282282e+06 	 3.235953e-06 	 1.006954e+07 	
6.82332332e+06 	 3.235102e-06 	 1.006878e+07 	
6.82382382e+06 	 3.234251e-06 	 1.006802e+07 	
6.82432432e+06 	 3.233401e-06 	 1.006726e+07 	
6.82482482e+06 	 3.232551e-06 	 1.006650e+07 	
6.82532533e+06 	 3.231702e-06 	 1.006575e+07 	
6.82582583e+06 	 3.230853e-06 	 1.006499e+07 	
6.82632633e+06 	 3.230004e-06 	 1.006423e+07 	
6.82682683e+06 	 3.229155e-06 	 1.006347e+07 	
6.82732733e+06 	 3.228306e-06 	 1.006271e+07 	
6.82782783e+06 	 3.227458e-06 	 1.006195e+07 	
6.82832833e+06 	 3.226610e-06 	 1.006120e+07 	
6.82882883e+06 	 3.225763e-06 	 1.006044e+07 	
6.82932933e+06 	 3.224915e-06 	 1.005968e+07 	
6.82982983e+06 	 3.224068e-06 	 1.005892e+07 	
6.83033033e+06 	 3.223221e-06 	 1.005816e+07 	
6.83083083e+06 	 3.222375e-06 	 1.005741e+07 	
6.83133133e+06 	 3.221528e-06 	 1.005665e+07 	
6.83183183e+06 	 3.220682e-06 	 1.005589e+07 	
6.83233233e+06 	 3.219837e-06 	 1.005514e+07 	
6.83283283e+06 	 3.218991e-06 	 1.005438e+07 	
6.83333333e+06 	 3.218146e-06 	 1.005362e+07 	
6.83383383e+06 	 3.217301e-06 	 1.005286e+07 	
6.83433433e+06 	 3.216456e-06 	 1.005211e+07 	
6.83483483e+06 	 3.215612e-06 	 1.005135e+07 	
6.83533534e+06 	 3.214768e-06 	 1.005060e+07 	
6.83583584e+06 	 3.213924e-06 	 1.004984e+07 	
6.83633634e+06 	 3.213081e-06 	 1.004908e+07 	
6.83683684e+06 	 3.212237e-06 	 1.004833e+07 	
6.83733734e+06 	 3.211394e-06 	 1.004757e+07 	
6.83783784e+06 	 3.210552e-06 	 1.004682e+07 	
6.83833834e+06 	 3.209709e-06 	 1.004606e+07 	
6.83883884e+06 	 3.208867e-06 	 1.004530e+07 	
6.83933934e+06 	 3.208025e-06 	 1.004455e+07 	
6.83983984e+06 	 3.207183e-06 	 1.004379e+07 	
6.84034034e+06 	 3.206342e-06 	 1.004304e+07 	
6.84084084e+06 	 3.205501e-06 	 1.004228e+07 	
6.84134134e+06 	 3.204660e-06 	 1.004153e+07 	
6.84184184e+06 	 3.203820e-06 	 1.004077e+07 	
6.84234234e+06 	 3.202979e-06 	 1.004002e+07 	
6.84284284e+06 	 3.202139e-06 	 1.003927e+07 	
6.84334334e+06 	 3.201300e-06 	 1.003851e+07 	
6.84384384e+06 	 3.200460e-06 	 1.003776e+07 	
6.84434434e+06 	 3.199621e-06 	 1.003700e+07 	
6.84484484e+06 	 3.198782e-06 	 1.003625e+07 	
6.84534535e+06 	 3.197943e-06 	 1.003549e+07 	
6.84584585e+06 	 3.197105e-06 	 1.003474e+07 	
6.84634635e+06 	 3.196267e-06 	 1.003399e+07 	
6.84684685e+06 	 3.195429e-06 	 1.003323e+07 	
6.84734735e+06 	 3.194592e-06 	 1.003248e+07 	
6.84784785e+06 	 3.193754e-06 	 1.003173e+07 	
6.84834835e+06 	 3.192917e-06 	 1.003097e+07 	
6.84884885e+06 	 3.192081e-06 	 1.003022e+07 	
6.84934935e+06 	 3.191244e-06 	 1.002947e+07 	
6.84984985e+06 	 3.190408e-06 	 1.002872e+07 	
6.85035035e+06 	 3.189572e-06 	 1.002796e+07 	
6.85085085e+06 	 3.188736e-06 	 1.002721e+07 	
6.85135135e+06 	 3.187901e-06 	 1.002646e+07 	
6.85185185e+06 	 3.187066e-06 	 1.002571e+07 	
6.85235235e+06 	 3.186231e-06 	 1.002495e+07 	
6.85285285e+06 	 3.185396e-06 	 1.002420e+07 	
6.85335335e+06 	 3.184562e-06 	 1.002345e+07 	
6.85385385e+06 	 3.183728e-06 	 1.002270e+07 	
6.85435435e+06 	 3.182894e-06 	 1.002195e+07 	
6.85485485e+06 	 3.182061e-06 	 1.002119e+07 	
6.85535536e+06 	 3.181228e-06 	 1.002044e+07 	
6.85585586e+06 	 3.180395e-06 	 1.001969e+07 	
6.85635636e+06 	 3.179562e-06 	 1.001894e+07 	
6.85685686e+06 	 3.178729e-06 	 1.001819e+07 	
6.85735736e+06 	 3.177897e-06 	 1.001744e+07 	
6.85785786e+06 	 3.177065e-06 	 1.001669e+07 	
6.85835836e+06 	 3.176234e-06 	 1.001594e+07 	
6.85885886e+06 	 3.175402e-06 	 1.001519e+07 	
6.85935936e+06 	 3.174571e-06 	 1.001444e+07 	
6.85985986e+06 	 3.173740e-06 	 1.001369e+07 	
6.86036036e+06 	 3.172910e-06 	 1.001294e+07 	
6.86086086e+06 	 3.172080e-06 	 1.001219e+07 	
6.86136136e+06 	 3.171250e-06 	 1.001144e+07 	
6.86186186e+06 	 3.170420e-06 	 1.001069e+07 	
6.86236236e+06 	 3.169590e-06 	 1.000994e+07 	
6.86286286e+06 	 3.168761e-06 	 1.000919e+07 	
6.86336336e+06 	 3.167932e-06 	 1.000844e+07 	
6.86386386e+06 	 3.167104e-06 	 1.000769e+07 	
6.86436436e+06 	 3.166275e-06 	 1.000694e+07 	
6.86486486e+06 	 3.165447e-06 	 1.000619e+07 	
6.86536537e+06 	 3.164619e-06 	 1.000544e+07 	
6.86586587e+06 	 3.163792e-06 	 1.000469e+07 	
6.86636637e+06 	 3.162964e-06 	 1.000394e+07 	
6.86686687e+06 	 3.162137e-06 	 1.000319e+07 	
6.86736737e+06 	 3.161310e-06 	 1.000245e+07 	
6.86786787e+06 	 3.160484e-06 	 1.000170e+07 	
6.86836837e+06 	 3.159658e-06 	 1.000095e+07 	
6.86886887e+06 	 3.158832e-06 	 1.000020e+07 	
6.86936937e+06 	 3.158006e-06 	 9.999453e+06 	
6.86986987e+06 	 3.157180e-06 	 9.998706e+06 	
6.87037037e+06 	 3.156355e-06 	 9.997958e+06 	
6.87087087e+06 	 3.155530e-06 	 9.997210e+06 	
6.87137137e+06 	 3.154705e-06 	 9.996463e+06 	
6.87187187e+06 	 3.153881e-06 	 9.995715e+06 	
6.87237237e+06 	 3.153057e-06 	 9.994968e+06 	
6.87287287e+06 	 3.152233e-06 	 9.994221e+06 	
6.87337337e+06 	 3.151409e-06 	 9.993474e+06 	
6.87387387e+06 	 3.150586e-06 	 9.992727e+06 	
6.87437437e+06 	 3.149763e-06 	 9.991980e+06 	
6.87487487e+06 	 3.148940e-06 	 9.991234e+06 	
6.87537538e+06 	 3.148118e-06 	 9.990487e+06 	
6.87587588e+06 	 3.147295e-06 	 9.989741e+06 	
6.87637638e+06 	 3.146473e-06 	 9.988995e+06 	
6.87687688e+06 	 3.145652e-06 	 9.988249e+06 	
6.87737738e+06 	 3.144830e-06 	 9.987502e+06 	
6.87787788e+06 	 3.144009e-06 	 9.986757e+06 	
6.87837838e+06 	 3.143188e-06 	 9.986011e+06 	
6.87887888e+06 	 3.142367e-06 	 9.985265e+06 	
6.87937938e+06 	 3.141547e-06 	 9.984520e+06 	
6.87987988e+06 	 3.140726e-06 	 9.983774e+06 	
6.88038038e+06 	 3.139907e-06 	 9.983029e+06 	
6.88088088e+06 	 3.139087e-06 	 9.982284e+06 	
6.88138138e+06 	 3.138268e-06 	 9.981539e+06 	
6.88188188e+06 	 3.137448e-06 	 9.980794e+06 	
6.88238238e+06 	 3.136630e-06 	 9.980049e+06 	
6.88288288e+06 	 3.135811e-06 	 9.979304e+06 	
6.88338338e+06 	 3.134993e-06 	 9.978560e+06 	
6.88388388e+06 	 3.134175e-06 	 9.977815e+06 	
6.88438438e+06 	 3.133357e-06 	 9.977071e+06 	
6.88488488e+06 	 3.132539e-06 	 9.976327e+06 	
6.88538539e+06 	 3.131722e-06 	 9.975583e+06 	
6.88588589e+06 	 3.130905e-06 	 9.974839e+06 	
6.88638639e+06 	 3.130088e-06 	 9.974095e+06 	
6.88688689e+06 	 3.129272e-06 	 9.973351e+06 	
6.88738739e+06 	 3.128455e-06 	 9.972608e+06 	
6.88788789e+06 	 3.127639e-06 	 9.971864e+06 	
6.88838839e+06 	 3.126824e-06 	 9.971121e+06 	
6.88888889e+06 	 3.126008e-06 	 9.970378e+06 	
6.88938939e+06 	 3.125193e-06 	 9.969634e+06 	
6.88988989e+06 	 3.124378e-06 	 9.968892e+06 	
6.89039039e+06 	 3.123563e-06 	 9.968149e+06 	
6.89089089e+06 	 3.122749e-06 	 9.967406e+06 	
6.89139139e+06 	 3.121935e-06 	 9.966663e+06 	
6.89189189e+06 	 3.121121e-06 	 9.965921e+06 	
6.89239239e+06 	 3.120307e-06 	 9.965178e+06 	
6.89289289e+06 	 3.119494e-06 	 9.964436e+06 	
6.89339339e+06 	 3.118681e-06 	 9.963694e+06 	
6.89389389e+06 	 3.117868e-06 	 9.962952e+06 	
6.89439439e+06 	 3.117056e-06 	 9.962210e+06 	
6.89489489e+06 	 3.116243e-06 	 9.961468e+06 	
6.89539540e+06 	 3.115431e-06 	 9.960727e+06 	
6.89589590e+06 	 3.114619e-06 	 9.959985e+06 	
6.89639640e+06 	 3.113808e-06 	 9.959244e+06 	
6.89689690e+06 	 3.112997e-06 	 9.958502e+06 	
6.89739740e+06 	 3.112186e-06 	 9.957761e+06 	
6.89789790e+06 	 3.111375e-06 	 9.957020e+06 	
6.89839840e+06 	 3.110564e-06 	 9.956279e+06 	
6.89889890e+06 	 3.109754e-06 	 9.955538e+06 	
6.89939940e+06 	 3.108944e-06 	 9.954798e+06 	
6.89989990e+06 	 3.108134e-06 	 9.954057e+06 	
6.90040040e+06 	 3.107325e-06 	 9.953317e+06 	
6.90090090e+06 	 3.106516e-06 	 9.952576e+06 	
6.90140140e+06 	 3.105707e-06 	 9.951836e+06 	
6.90190190e+06 	 3.104898e-06 	 9.951096e+06 	
6.90240240e+06 	 3.104090e-06 	 9.950356e+06 	
6.90290290e+06 	 3.103282e-06 	 9.949616e+06 	
6.90340340e+06 	 3.102474e-06 	 9.948877e+06 	
6.90390390e+06 	 3.101666e-06 	 9.948137e+06 	
6.90440440e+06 	 3.100859e-06 	 9.947397e+06 	
6.90490490e+06 	 3.100052e-06 	 9.946658e+06 	
6.90540541e+06 	 3.099245e-06 	 9.945919e+06 	
6.90590591e+06 	 3.098438e-06 	 9.945180e+06 	
6.90640641e+06 	 3.097632e-06 	 9.944441e+06 	
6.90690691e+06 	 3.096826e-06 	 9.943702e+06 	
6.90740741e+06 	 3.096020e-06 	 9.942963e+06 	
6.90790791e+06 	 3.095214e-06 	 9.942224e+06 	
6.90840841e+06 	 3.094409e-06 	 9.941486e+06 	
6.90890891e+06 	 3.093604e-06 	 9.940748e+06 	
6.90940941e+06 	 3.092799e-06 	 9.940009e+06 	
6.90990991e+06 	 3.091995e-06 	 9.939271e+06 	
6.91041041e+06 	 3.091190e-06 	 9.938533e+06 	
6.91091091e+06 	 3.090386e-06 	 9.937795e+06 	
6.91141141e+06 	 3.089582e-06 	 9.937057e+06 	
6.91191191e+06 	 3.088779e-06 	 9.936320e+06 	
6.91241241e+06 	 3.087976e-06 	 9.935582e+06 	
6.91291291e+06 	 3.087173e-06 	 9.934845e+06 	
6.91341341e+06 	 3.086370e-06 	 9.934107e+06 	
6.91391391e+06 	 3.085567e-06 	 9.933370e+06 	
6.91441441e+06 	 3.084765e-06 	 9.932633e+06 	
6.91491491e+06 	 3.083963e-06 	 9.931896e+06 	
6.91541542e+06 	 3.083162e-06 	 9.931159e+06 	
6.91591592e+06 	 3.082360e-06 	 9.930422e+06 	
6.91641642e+06 	 3.081559e-06 	 9.929686e+06 	
6.91691692e+06 	 3.080758e-06 	 9.928949e+06 	
6.91741742e+06 	 3.079957e-06 	 9.928213e+06 	
6.91791792e+06 	 3.079157e-06 	 9.927477e+06 	
6.91841842e+06 	 3.078357e-06 	 9.926741e+06 	
6.91891892e+06 	 3.077557e-06 	 9.926005e+06 	
6.91941942e+06 	 3.076757e-06 	 9.925269e+06 	
6.91991992e+06 	 3.075958e-06 	 9.924533e+06 	
6.92042042e+06 	 3.075158e-06 	 9.923797e+06 	
6.92092092e+06 	 3.074360e-06 	 9.923062e+06 	
6.92142142e+06 	 3.073561e-06 	 9.922326e+06 	
6.92192192e+06 	 3.072763e-06 	 9.921591e+06 	
6.92242242e+06 	 3.071964e-06 	 9.920856e+06 	
6.92292292e+06 	 3.071167e-06 	 9.920121e+06 	
6.92342342e+06 	 3.070369e-06 	 9.919386e+06 	
6.92392392e+06 	 3.069572e-06 	 9.918651e+06 	
6.92442442e+06 	 3.068774e-06 	 9.917916e+06 	
6.92492492e+06 	 3.067978e-06 	 9.917182e+06 	
6.92542543e+06 	 3.067181e-06 	 9.916447e+06 	
6.92592593e+06 	 3.066385e-06 	 9.915713e+06 	
6.92642643e+06 	 3.065589e-06 	 9.914979e+06 	
6.92692693e+06 	 3.064793e-06 	 9.914245e+06 	
6.92742743e+06 	 3.063997e-06 	 9.913511e+06 	
6.92792793e+06 	 3.063202e-06 	 9.912777e+06 	
6.92842843e+06 	 3.062407e-06 	 9.912043e+06 	
6.92892893e+06 	 3.061612e-06 	 9.911309e+06 	
6.92942943e+06 	 3.060817e-06 	 9.910576e+06 	
6.92992993e+06 	 3.060023e-06 	 9.909842e+06 	
6.93043043e+06 	 3.059229e-06 	 9.909109e+06 	
6.93093093e+06 	 3.058435e-06 	 9.908376e+06 	
6.93143143e+06 	 3.057642e-06 	 9.907643e+06 	
6.93193193e+06 	 3.056848e-06 	 9.906910e+06 	
6.93243243e+06 	 3.056055e-06 	 9.906177e+06 	
6.93293293e+06 	 3.055262e-06 	 9.905445e+06 	
6.93343343e+06 	 3.054470e-06 	 9.904712e+06 	
6.93393393e+06 	 3.053678e-06 	 9.903980e+06 	
6.93443443e+06 	 3.052885e-06 	 9.903247e+06 	
6.93493493e+06 	 3.052094e-06 	 9.902515e+06 	
6.93543544e+06 	 3.051302e-06 	 9.901783e+06 	
6.93593594e+06 	 3.050511e-06 	 9.901051e+06 	
6.93643644e+06 	 3.049720e-06 	 9.900319e+06 	
6.93693694e+06 	 3.048929e-06 	 9.899587e+06 	
6.93743744e+06 	 3.048139e-06 	 9.898856e+06 	
6.93793794e+06 	 3.047348e-06 	 9.898124e+06 	
6.93843844e+06 	 3.046558e-06 	 9.897393e+06 	
6.93893894e+06 	 3.045768e-06 	 9.896662e+06 	
6.93943944e+06 	 3.044979e-06 	 9.895931e+06 	
6.93993994e+06 	 3.044190e-06 	 9.895200e+06 	
6.94044044e+06 	 3.043401e-06 	 9.894469e+06 	
6.94094094e+06 	 3.042612e-06 	 9.893738e+06 	
6.94144144e+06 	 3.041823e-06 	 9.893007e+06 	
6.94194194e+06 	 3.041035e-06 	 9.892277e+06 	
6.94244244e+06 	 3.040247e-06 	 9.891546e+06 	
6.94294294e+06 	 3.039459e-06 	 9.890816e+06 	
6.94344344e+06 	 3.038672e-06 	 9.890086e+06 	
6.94394394e+06 	 3.037885e-06 	 9.889356e+06 	
6.94444444e+06 	 3.037097e-06 	 9.888626e+06 	
6.94494494e+06 	 3.036311e-06 	 9.887896e+06 	
6.94544545e+06 	 3.035524e-06 	 9.887166e+06 	
6.94594595e+06 	 3.034738e-06 	 9.886436e+06 	
6.94644645e+06 	 3.033952e-06 	 9.885707e+06 	
6.94694695e+06 	 3.033166e-06 	 9.884978e+06 	
6.94744745e+06 	 3.032381e-06 	 9.884248e+06 	
6.94794795e+06 	 3.031595e-06 	 9.883519e+06 	
6.94844845e+06 	 3.030810e-06 	 9.882790e+06 	
6.94894895e+06 	 3.030026e-06 	 9.882061e+06 	
6.94944945e+06 	 3.029241e-06 	 9.881333e+06 	
6.94994995e+06 	 3.028457e-06 	 9.880604e+06 	
6.95045045e+06 	 3.027673e-06 	 9.879875e+06 	
6.95095095e+06 	 3.026889e-06 	 9.879147e+06 	
6.95145145e+06 	 3.026106e-06 	 9.878419e+06 	
6.95195195e+06 	 3.025322e-06 	 9.877690e+06 	
6.95245245e+06 	 3.024539e-06 	 9.876962e+06 	
6.95295295e+06 	 3.023757e-06 	 9.876234e+06 	
6.95345345e+06 	 3.022974e-06 	 9.875507e+06 	
6.95395395e+06 	 3.022192e-06 	 9.874779e+06 	
6.95445445e+06 	 3.021410e-06 	 9.874051e+06 	
6.95495495e+06 	 3.020628e-06 	 9.873324e+06 	
6.95545546e+06 	 3.019846e-06 	 9.872596e+06 	
6.95595596e+06 	 3.019065e-06 	 9.871869e+06 	
6.95645646e+06 	 3.018284e-06 	 9.871142e+06 	
6.95695696e+06 	 3.017503e-06 	 9.870415e+06 	
6.95745746e+06 	 3.016723e-06 	 9.869688e+06 	
6.95795796e+06 	 3.015942e-06 	 9.868961e+06 	
6.95845846e+06 	 3.015162e-06 	 9.868235e+06 	
6.95895896e+06 	 3.014383e-06 	 9.867508e+06 	
6.95945946e+06 	 3.013603e-06 	 9.866782e+06 	
6.95995996e+06 	 3.012824e-06 	 9.866055e+06 	
6.96046046e+06 	 3.012045e-06 	 9.865329e+06 	
6.96096096e+06 	 3.011266e-06 	 9.864603e+06 	
6.96146146e+06 	 3.010487e-06 	 9.863877e+06 	
6.96196196e+06 	 3.009709e-06 	 9.863151e+06 	
6.96246246e+06 	 3.008931e-06 	 9.862425e+06 	
6.96296296e+06 	 3.008153e-06 	 9.861700e+06 	
6.96346346e+06 	 3.007376e-06 	 9.860974e+06 	
6.96396396e+06 	 3.006598e-06 	 9.860249e+06 	
6.96446446e+06 	 3.005821e-06 	 9.859524e+06 	
6.96496496e+06 	 3.005044e-06 	 9.858799e+06 	
6.96546547e+06 	 3.004268e-06 	 9.858074e+06 	
6.96596597e+06 	 3.003492e-06 	 9.857349e+06 	
6.96646647e+06 	 3.002715e-06 	 9.856624e+06 	
6.96696697e+06 	 3.001940e-06 	 9.855899e+06 	
6.96746747e+06 	 3.001164e-06 	 9.855175e+06 	
6.96796797e+06 	 3.000389e-06 	 9.854450e+06 	
6.96846847e+06 	 2.999614e-06 	 9.853726e+06 	
6.96896897e+06 	 2.998839e-06 	 9.853002e+06 	
6.96946947e+06 	 2.998064e-06 	 9.852277e+06 	
6.96996997e+06 	 2.997290e-06 	 9.851553e+06 	
6.97047047e+06 	 2.996516e-06 	 9.850830e+06 	
6.97097097e+06 	 2.995742e-06 	 9.850106e+06 	
6.97147147e+06 	 2.994968e-06 	 9.849382e+06 	
6.97197197e+06 	 2.994195e-06 	 9.848659e+06 	
6.97247247e+06 	 2.993422e-06 	 9.847935e+06 	
6.97297297e+06 	 2.992649e-06 	 9.847212e+06 	
6.97347347e+06 	 2.991876e-06 	 9.846489e+06 	
6.97397397e+06 	 2.991104e-06 	 9.845766e+06 	
6.97447447e+06 	 2.990331e-06 	 9.845043e+06 	
6.97497497e+06 	 2.989560e-06 	 9.844320e+06 	
6.97547548e+06 	 2.988788e-06 	 9.843597e+06 	
6.97597598e+06 	 2.988016e-06 	 9.842875e+06 	
6.97647648e+06 	 2.987245e-06 	 9.842152e+06 	
6.97697698e+06 	 2.986474e-06 	 9.841430e+06 	
6.97747748e+06 	 2.985704e-06 	 9.840708e+06 	
6.97797798e+06 	 2.984933e-06 	 9.839986e+06 	
6.97847848e+06 	 2.984163e-06 	 9.839264e+06 	
6.97897898e+06 	 2.983393e-06 	 9.838542e+06 	
6.97947948e+06 	 2.982623e-06 	 9.837820e+06 	
6.97997998e+06 	 2.981854e-06 	 9.837098e+06 	
6.98048048e+06 	 2.981084e-06 	 9.836377e+06 	
6.98098098e+06 	 2.980315e-06 	 9.835655e+06 	
6.98148148e+06 	 2.979547e-06 	 9.834934e+06 	
6.98198198e+06 	 2.978778e-06 	 9.834213e+06 	
6.98248248e+06 	 2.978010e-06 	 9.833492e+06 	
6.98298298e+06 	 2.977242e-06 	 9.832771e+06 	
6.98348348e+06 	 2.976474e-06 	 9.832050e+06 	
6.98398398e+06 	 2.975707e-06 	 9.831329e+06 	
6.98448448e+06 	 2.974939e-06 	 9.830609e+06 	
6.98498498e+06 	 2.974172e-06 	 9.829888e+06 	
6.98548549e+06 	 2.973405e-06 	 9.829168e+06 	
6.98598599e+06 	 2.972639e-06 	 9.828447e+06 	
6.98648649e+06 	 2.971873e-06 	 9.827727e+06 	
6.98698699e+06 	 2.971106e-06 	 9.827007e+06 	
6.98748749e+06 	 2.970341e-06 	 9.826287e+06 	
6.98798799e+06 	 2.969575e-06 	 9.825568e+06 	
6.98848849e+06 	 2.968810e-06 	 9.824848e+06 	
6.98898899e+06 	 2.968045e-06 	 9.824128e+06 	
6.98948949e+06 	 2.967280e-06 	 9.823409e+06 	
6.98998999e+06 	 2.966515e-06 	 9.822690e+06 	
6.99049049e+06 	 2.965751e-06 	 9.821970e+06 	
6.99099099e+06 	 2.964987e-06 	 9.821251e+06 	
6.99149149e+06 	 2.964223e-06 	 9.820532e+06 	
6.99199199e+06 	 2.963459e-06 	 9.819813e+06 	
6.99249249e+06 	 2.962696e-06 	 9.819095e+06 	
6.99299299e+06 	 2.961932e-06 	 9.818376e+06 	
6.99349349e+06 	 2.961169e-06 	 9.817657e+06 	
6.99399399e+06 	 2.960407e-06 	 9.816939e+06 	
6.99449449e+06 	 2.959644e-06 	 9.816221e+06 	
6.99499499e+06 	 2.958882e-06 	 9.815502e+06 	
6.99549550e+06 	 2.958120e-06 	 9.814784e+06 	
6.99599600e+06 	 2.957358e-06 	 9.814066e+06 	
6.99649650e+06 	 2.956597e-06 	 9.813349e+06 	
6.99699700e+06 	 2.955836e-06 	 9.812631e+06 	
6.99749750e+06 	 2.955074e-06 	 9.811913e+06 	
6.99799800e+06 	 2.954314e-06 	 9.811196e+06 	
6.99849850e+06 	 2.953553e-06 	 9.810478e+06 	
6.99899900e+06 	 2.952793e-06 	 9.809761e+06 	
6.99949950e+06 	 2.952033e-06 	 9.809044e+06 	
7.00000000e+06 	 2.951273e-06 	 9.808327e+06 	
7.03485417e+06 	 2.898944e-06 	 9.758674e+06 	
7.06988188e+06 	 2.847493e-06 	 9.709327e+06 	
7.10508401e+06 	 2.796905e-06 	 9.660282e+06 	
7.14046141e+06 	 2.747164e-06 	 9.611539e+06 	
7.17601495e+06 	 2.698255e-06 	 9.563095e+06 	
7.21174553e+06 	 2.650162e-06 	 9.514947e+06 	
7.24765402e+06 	 2.602873e-06 	 9.467095e+06 	
7.28374130e+06 	 2.556517e-06 	 9.419522e+06 	
7.32000826e+06 	 2.510817e-06 	 9.372251e+06 	
7.35645580e+06 	 2.465883e-06 	 9.325270e+06 	
7.39308483e+06 	 2.421577e-06 	 9.278589e+06 	
7.42989623e+06 	 2.378111e-06 	 9.232182e+06 	
7.46689092e+06 	 2.335368e-06 	 9.186059e+06 	
7.50406982e+06 	 2.293335e-06 	 9.140218e+06 	
7.54143384e+06 	 2.252125e-06 	 9.094643e+06 	
7.57898390e+06 	 2.211500e-06 	 9.049358e+06 	
7.61672092e+06 	 2.171552e-06 	 9.004348e+06 	
7.65464585e+06 	 2.132272e-06 	 8.959612e+06 	
7.69275961e+06 	 2.093521e-06 	 8.915164e+06 	
7.73106314e+06 	 2.055519e-06 	 8.870974e+06 	
7.76955740e+06 	 2.018147e-06 	 8.827053e+06 	
7.80824332e+06 	 1.981291e-06 	 8.783412e+06 	
7.84712187e+06 	 1.945132e-06 	 8.740026e+06 	
7.88619400e+06 	 1.909571e-06 	 8.696904e+06 	
7.92546068e+06 	 1.874596e-06 	 8.654044e+06 	
7.96492287e+06 	 1.840094e-06 	 8.611459e+06 	
8.00458155e+06 	 1.806245e-06 	 8.569122e+06 	
8.04443770e+06 	 1.772950e-06 	 8.527042e+06 	
8.08449230e+06 	 1.740288e-06 	 8.485207e+06 	
8.12474633e+06 	 1.708089e-06 	 8.443636e+06 	
8.16520080e+06 	 1.676417e-06 	 8.402317e+06 	
8.20585670e+06 	 1.645264e-06 	 8.361250e+06 	
8.24671503e+06 	 1.614707e-06 	 8.320419e+06 	
8.28777680e+06 	 1.584580e-06 	 8.279847e+06 	
8.32904303e+06 	 1.554948e-06 	 8.239521e+06 	
8.37051472e+06 	 1.525803e-06 	 8.199439e+06 	
8.41219292e+06 	 1.497054e-06 	 8.159613e+06 	
8.45407863e+06 	 1.468844e-06 	 8.120017e+06 	
8.49617290e+06 	 1.441095e-06 	 8.080661e+06 	
8.53847676e+06 	 1.413800e-06 	 8.041544e+06 	
8.58099126e+06 	 1.386871e-06 	 8.002678e+06 	
8.62371745e+06 	 1.360446e-06 	 7.964036e+06 	
8.66665638e+06 	 1.334450e-06 	 7.925628e+06 	
8.70980911e+06 	 1.308876e-06 	 7.887453e+06 	
8.75317670e+06 	 1.283793e-06 	 7.849496e+06 	
8.79676023e+06 	 1.259054e-06 	 7.811780e+06 	
8.84056077e+06 	 1.234718e-06 	 7.774292e+06 	
8.88457940e+06 	 1.210716e-06 	 7.737043e+06 	
8.92881720e+06 	 1.187155e-06 	 7.700010e+06 	
8.97327528e+06 	 1.163975e-06 	 7.663201e+06 	
9.01795471e+06 	 1.141171e-06 	 7.626615e+06 	
9.06285662e+06 	 1.118678e-06 	 7.590262e+06 	
9.10798209e+06 	 1.096597e-06 	 7.554120e+06 	
9.15333226e+06 	 1.074871e-06 	 7.518197e+06 	
9.19890823e+06 	 1.053494e-06 	 7.482492e+06 	
9.24471113e+06 	 1.032407e-06 	 7.447015e+06 	
9.29074209e+06 	 1.011703e-06 	 7.411744e+06 	
9.33700224e+06 	 9.913297e-07 	 7.376688e+06 	
9.38349274e+06 	 9.712812e-07 	 7.341845e+06 	
9.43021471e+06 	 9.516024e-07 	 7.307201e+06 	
9.47716933e+06 	 9.321946e-07 	 7.272779e+06 	
9.52435774e+06 	 9.130957e-07 	 7.238567e+06 	
9.57178110e+06 	 8.943003e-07 	 7.204562e+06 	
9.61944060e+06 	 8.758499e-07 	 7.170753e+06 	
9.66733740e+06 	 8.576531e-07 	 7.137161e+06 	
9.71547269e+06 	 8.397450e-07 	 7.103773e+06 	
9.76384765e+06 	 8.221205e-07 	 7.070589e+06 	
9.81246348e+06 	 8.048177e-07 	 7.037596e+06 	
9.86132137e+06 	 7.877525e-07 	 7.004814e+06 	
9.91042254e+06 	 7.709571e-07 	 6.972233e+06 	
9.95976819e+06 	 7.544269e-07 	 6.939852e+06 	
1.00093595e+07 	 7.381964e-07 	 6.907657e+06 	
1.00591978e+07 	 7.221889e-07 	 6.875669e+06 	
1.01092842e+07 	 7.064337e-07 	 6.843877e+06 	
1.01596200e+07 	 6.909265e-07 	 6.812281e+06 	
1.02102065e+07 	 6.756983e-07 	 6.780868e+06 	
1.02610448e+07 	 6.606797e-07 	 6.749658e+06 	
1.03121363e+07 	 6.458972e-07 	 6.718640e+06 	
1.03634821e+07 	 6.313468e-07 	 6.687813e+06 	
1.04150836e+07 	 6.170561e-07 	 6.657166e+06 	
1.04669421e+07 	 6.029628e-07 	 6.626718e+06 	
1.05190587e+07 	 5.890905e-07 	 6.596458e+06 	
1.05714349e+07 	 5.754355e-07 	 6.566387e+06 	
1.06240718e+07 	 5.620226e-07 	 6.536491e+06 	
1.06769708e+07 	 5.487958e-07 	 6.506791e+06 	
1.07301333e+07 	 5.357764e-07 	 6.477276e+06 	
1.07835604e+07 	 5.229608e-07 	 6.447945e+06 	
1.08372535e+07 	 5.103459e-07 	 6.418798e+06 	
1.08912140e+07 	 4.978995e-07 	 6.389847e+06 	
1.09454432e+07 	 4.856719e-07 	 6.361068e+06 	
1.09999424e+07 	 4.736350e-07 	 6.332470e+06 	
1.10547129e+07 	 4.617856e-07 	 6.304055e+06 	
1.11097562e+07 	 4.500954e-07 	 6.275832e+06 	
1.11650735e+07 	 4.386085e-07 	 6.247780e+06 	
1.12206663e+07 	 4.272999e-07 	 6.219908e+06 	
1.12765359e+07 	 4.161666e-07 	 6.192216e+06 	
1.13326836e+07 	 4.052282e-07 	 6.164691e+06 	
1.13891110e+07 	 3.944408e-07 	 6.137356e+06 	
1.14458192e+07 	 3.838211e-07 	 6.110199e+06 	
1.15028099e+07 	 3.733667e-07 	 6.083221e+06 	
1.15600843e+07 	 3.630557e-07 	 6.056433e+06 	
1.16176439e+07 	 3.529216e-07 	 6.029813e+06 	
1.16754901e+07 	 3.429452e-07 	 6.003371e+06 	
1.17336243e+07 	 3.331243e-07 	 5.977108e+06 	
1.17920480e+07 	 3.234732e-07 	 5.951012e+06 	
1.18507625e+07 	 3.139592e-07 	 5.925104e+06 	
1.19097695e+07 	 3.045946e-07 	 5.899375e+06 	
1.19690702e+07 	 2.953777e-07 	 5.873824e+06 	
1.20286662e+07 	 2.863067e-07 	 5.848452e+06 	
1.20885589e+07 	 2.773636e-07 	 5.823272e+06 	
1.21487499e+07 	 2.685770e-07 	 5.798262e+06 	
1.22092405e+07 	 2.599313e-07 	 5.773433e+06 	
1.22700324e+07 	 2.514249e-07 	 5.748785e+06 	
1.23311269e+07 	 2.430705e-07 	 5.724307e+06 	
1.23925257e+07 	 2.348412e-07 	 5.700022e+06 	
1.24542301e+07 	 2.267480e-07 	 5.675922e+06 	
1.25162418e+07 	 2.187902e-07 	 5.652006e+06 	
1.25785623e+07 	 2.109785e-07 	 5.628264e+06 	
1.26411930e+07 	 2.032907e-07 	 5.604719e+06 	
1.27041356e+07 	 1.957366e-07 	 5.581362e+06 	
1.27673917e+07 	 1.883158e-07 	 5.558195e+06 	
1.28309626e+07 	 1.810380e-07 	 5.535207e+06 	
1.28948501e+07 	 1.738850e-07 	 5.512421e+06 	
1.29590558e+07 	 1.668656e-07 	 5.489830e+06 	
1.30235811e+07 	 1.599801e-07 	 5.467434e+06 	
1.30884276e+07 	 1.532209e-07 	 5.445247e+06 	
1.31535971e+07 	 1.466040e-07 	 5.423251e+06 	
1.32190911e+07 	 1.401229e-07 	 5.401456e+06 	
1.32849111e+07 	 1.337787e-07 	 5.379865e+06 	
1.33510589e+07 	 1.275658e-07 	 5.358492e+06 	
1.34175361e+07 	 1.214981e-07 	 5.337318e+06 	
1.34843442e+07 	 1.155712e-07 	 5.316355e+06 	
1.35514850e+07 	 1.097866e-07 	 5.295606e+06 	
1.36189601e+07 	 1.041519e-07 	 5.275059e+06 	
1.36867712e+07 	 9.865800e-08 	 5.254741e+06 	
1.37549199e+07 	 9.331203e-08 	 5.234644e+06 	
1.38234080e+07 	 8.811595e-08 	 5.214769e+06 	
1.38922370e+07 	 8.306692e-08 	 5.195135e+06 	
1.39614088e+07 	 7.817603e-08 	 5.175716e+06 	
1.40309250e+07 	 7.344104e-08 	 5.156527e+06 	
1.41007873e+07 	 6.886025e-08 	 5.137584e+06 	
1.41709975e+07 	 6.444233e-08 	 5.118865e+06 	
1.42415572e+07 	 6.018581e-08 	 5.100382e+06 	
1.43124683e+07 	 5.609509e-08 	 5.082123e+06 	
1.43837325e+07 	 5.216636e-08 	 5.064115e+06 	
1.44553515e+07 	 4.840317e-08 	 5.046347e+06 	
1.45273271e+07 	 4.480635e-08 	 5.028819e+06 	
1.45996611e+07 	 4.137375e-08 	 5.011554e+06 	
1.46723553e+07 	 3.811027e-08 	 4.994514e+06 	
1.47454114e+07 	 3.501148e-08 	 4.977736e+06 	
1.48188312e+07 	 3.207995e-08 	 4.961187e+06 	
1.48926167e+07 	 2.931286e-08 	 4.944882e+06 	
1.49667695e+07 	 2.671012e-08 	 4.928793e+06 	
1.50412915e+07 	 2.426643e-08 	 4.912963e+06 	
1.51161846e+07 	 2.198172e-08 	 4.897341e+06 	
1.51914506e+07 	 1.985027e-08 	 4.881973e+06 	
1.52670914e+07 	 1.786992e-08 	 4.866816e+06 	
1.53431088e+07 	 1.603532e-08 	 4.851894e+06 	
1.54195047e+07 	 1.434211e-08 	 4.837191e+06 	
1.54962810e+07 	 1.278460e-08 	 4.822728e+06 	
1.55734396e+07 	 1.135778e-08 	 4.808471e+06 	
1.56509823e+07 	 1.005620e-08 	 4.794362e+06 	
1.57289112e+07 	 8.872252e-09 	 4.780500e+06 	
1.58072281e+07 	 7.800693e-09 	 4.766745e+06 	
1.58859349e+07 	 6.833933e-09 	 4.753188e+06 	
1.59650336e+07 	 5.964966e-09 	 4.739908e+06 	
1.60445262e+07 	 5.187948e-09 	 4.726713e+06 	
1.61244146e+07 	 4.495535e-09 	 4.713733e+06 	
1.62047007e+07 	 3.881315e-09 	 4.700891e+06 	
1.62853866e+07 	 3.338790e-09 	 4.688141e+06 	
1.63664743e+07 	 2.861465e-09 	 4.675583e+06 	
1.64479657e+07 	 2.443443e-09 	 4.663062e+06 	
1.65298629e+07 	 2.078965e-09 	 4.650419e+06 	
1.66121678e+07 	 1.762070e-09 	 4.638485e+06 	
1.66948826e+07 	 1.488233e-09 	 4.626169e+06 	
1.67780092e+07 	 1.252290e-09 	 4.614306e+06 	
1.68615497e+07 	 1.050038e-09 	 4.602188e+06 	
1.69455061e+07 	 8.772529e-10 	 4.590477e+06 	
1.70298807e+07 	 7.303564e-10 	 4.578428e+06 	
1.71146753e+07 	 6.058823e-10 	 4.566950e+06 	
1.71998921e+07 	 5.009009e-10 	 4.555273e+06 	
1.72855332e+07 	 4.126905e-10 	 4.543683e+06 	
1.73716008e+07 	 3.388765e-10 	 4.531837e+06 	
1.88695471e+07 	 1.000000e-20 	 4.345775e+06 	
2.04966607e+07 	 1.000000e-20 	 4.167853e+06 	
2.22640797e+07 	 1.000000e-20 	 3.997360e+06 	
2.41839025e+07 	 1.000000e-20 	 3.833969e+06 	
2.62692710e+07 	 1.000000e-20 	 3.677368e+06 	
2.85344599e+07 	 1.000000e-20 	 3.527262e+06 	
3.09949751e+07 	 1.000000e-20 	 3.383371e+06 	
3.36676596e+07 	 1.000000e-20 	 3.245425e+06 	
3.65708087e+07 	 1.000000e-20 	 3.113172e+06 	
3.97242951e+07 	 1.000000e-20 	 2.986367e+06 	
4.31497055e+07 	 1.000000e-20 	 2.864780e+06 	
4.68704876e+07 	 1.000000e-20 	 2.748189e+06 	
5.09121113e+07 	 1.000000e-20 	 2.636384e+06 	
5.53022426e+07 	 1.000000e-20 	 2.529164e+06 	
6.00709333e+07 	 1.000000e-20 	 2.426336e+06 	
6.52508262e+07 	 1.000000e-20 	 2.327716e+06 	
7.08773793e+07 	 1.000000e-20 	 2.233130e+06 	
7.69891078e+07 	 1.000000e-20 	 2.142408e+06 	
8.36278483e+07 	 1.000000e-20 	 2.055392e+06 	
9.08390448e+07 	 1.000000e-20 	 1.971927e+06 	
9.86720599e+07 	 1.000000e-20 	 1.891866e+06 	
1.07180513e+08 	 1.000000e-20 	 1.815069e+06 	
1.16422646e+08 	 1.000000e-20 	 1.741401e+06 	
1.26461725e+08 	 1.000000e-20 	 1.670733e+06 	
1.37366470e+08 	 1.000000e-20 	 1.602942e+06 	
1.49211527e+08 	 1.000000e-20 	 1.537909e+06 	
1.62077978e+08 	 1.000000e-20 	 1.475523e+06 	
1.76053898e+08 	 1.000000e-20 	 1.415673e+06 	
1.91234957e+08 	 1.000000e-20 	 1.358256e+06 	
2.07725072e+08 	 1.000000e-20 	 1.303173e+06 	
2.25637123e+08 	 1.000000e-20 	 1.250328e+06 	
2.45093723e+08 	 1.000000e-20 	 1.199630e+06 	
2.66228059e+08 	 1.000000e-20 	 1.150991e+06 	
2.89184800e+08 	 1.000000e-20 	 1.104326e+06 	
3.14121091e+08 	 1.000000e-20 	 1.059557e+06 	
3.41207629e+08 	 1.000000e-20 	 1.016604e+06 	
3.70629829e+08 	 1.000000e-20 	 9.753953e+05 	
4.02589093e+08 	 1.000000e-20 	 9.358584e+05 	
4.37304192e+08 	 1.000000e-20 	 8.979258e+05 	
4.75012761e+08 	 1.000000e-20 	 8.615320e+05 	
5.15972924e+08 	 1.000000e-20 	 8.266146e+05 	
5.60465067e+08 	 1.000000e-20 	 7.931134e+05 	
6.08793749e+08 	 1.000000e-20 	 7.609709e+05 	
6.61289795e+08 	 1.000000e-20 	 7.301320e+05 	
7.18312553e+08 	 1.000000e-20 	 7.005435e+05 	
7.80252362e+08 	 1.000000e-20 	 6.721548e+05 	
8.47533217e+08 	 1.000000e-20 	 6.449171e+05 	
9.20615673e+08 	 1.000000e-20 	 6.187837e+05 	
1.00000000e+09 	 1.000000e-20 	 5.937097e+05 	
