r (cm)        	 rho (g/cm3) 	 T (K)       		 Linf = 3.544209e+38
1.20000485e+06 	 1.187338e+05 	 1.272871e+09 	
1.20009500e+06 	 1.056517e+05 	 1.236067e+09 	
1.20019256e+06 	 9.287509e+04 	 1.196703e+09 	
1.20029013e+06 	 8.142165e+04 	 1.157841e+09 	
1.20038770e+06 	 7.118111e+04 	 1.119495e+09 	
1.20048526e+06 	 6.204971e+04 	 1.081682e+09 	
1.20058283e+06 	 5.393002e+04 	 1.044419e+09 	
1.20067690e+06 	 4.697381e+04 	 1.009026e+09 	
1.20077097e+06 	 4.079665e+04 	 9.741736e+08 	
1.20086504e+06 	 3.532697e+04 	 9.398782e+08 	
1.20095911e+06 	 3.049801e+04 	 9.061555e+08 	
1.20103733e+06 	 2.692589e+04 	 8.785631e+08 	
1.20111555e+06 	 2.372039e+04 	 8.513872e+08 	
1.20119377e+06 	 2.085025e+04 	 8.246374e+08 	
1.20127199e+06 	 1.828621e+04 	 7.983233e+08 	
1.20135021e+06 	 1.600094e+04 	 7.724546e+08 	
1.20142682e+06 	 1.400844e+04 	 7.475604e+08 	
1.20150342e+06 	 1.223661e+04 	 7.231118e+08 	
1.20158003e+06 	 1.066472e+04 	 6.991180e+08 	
1.20165663e+06 	 9.273576e+03 	 6.755880e+08 	
1.20172046e+06 	 8.239683e+03 	 6.563438e+08 	
1.20178429e+06 	 7.309365e+03 	 6.374329e+08 	
1.20184811e+06 	 6.473714e+03 	 6.188602e+08 	
1.20191194e+06 	 5.724427e+03 	 6.006307e+08 	
1.20197577e+06 	 5.053781e+03 	 5.827492e+08 	
1.20203960e+06 	 4.454608e+03 	 5.652202e+08 	
1.20210433e+06 	 3.913132e+03 	 5.478077e+08 	
1.20216906e+06 	 3.431934e+03 	 5.307668e+08 	
1.20223379e+06 	 3.005114e+03 	 5.141020e+08 	
1.20228760e+06 	 2.687773e+03 	 5.005373e+08 	
1.20234141e+06 	 2.401373e+03 	 4.872373e+08 	
1.20239522e+06 	 2.143235e+03 	 4.742040e+08 	
1.20244903e+06 	 1.910877e+03 	 4.614393e+08 	
1.20250285e+06 	 1.701995e+03 	 4.489448e+08 	
1.20255666e+06 	 1.514462e+03 	 4.367219e+08 	
1.20261047e+06 	 1.346312e+03 	 4.247721e+08 	
1.20266428e+06 	 1.195733e+03 	 4.130964e+08 	
1.20272114e+06 	 1.053885e+03 	 4.010589e+08 	
1.20276833e+06 	 9.483302e+02 	 3.913005e+08 	
1.20281553e+06 	 8.528202e+02 	 3.817545e+08 	
1.20286272e+06 	 7.664783e+02 	 3.724209e+08 	
1.20290992e+06 	 6.884948e+02 	 3.632998e+08 	
1.20295711e+06 	 6.181229e+02 	 3.543910e+08 	
1.20300431e+06 	 5.546741e+02 	 3.456942e+08 	
1.20305150e+06 	 4.975153e+02 	 3.372090e+08 	
1.20309870e+06 	 4.460645e+02 	 3.289346e+08 	
1.20314589e+06 	 3.997879e+02 	 3.208703e+08 	
1.20319309e+06 	 3.581965e+02 	 3.130151e+08 	
1.20324028e+06 	 3.208428e+02 	 3.053679e+08 	
1.20328748e+06 	 2.873179e+02 	 2.979273e+08 	
1.20333183e+06 	 2.589658e+02 	 2.911212e+08 	
1.20337619e+06 	 2.333833e+02 	 2.844949e+08 	
1.20342055e+06 	 2.103115e+02 	 2.780469e+08 	
1.20346490e+06 	 1.895139e+02 	 2.717756e+08 	
1.20350926e+06 	 1.707743e+02 	 2.656792e+08 	
1.20355362e+06 	 1.538960e+02 	 2.597558e+08 	
1.20359798e+06 	 1.386994e+02 	 2.540034e+08 	
1.20364233e+06 	 1.250214e+02 	 2.484198e+08 	
1.20368669e+06 	 1.127136e+02 	 2.430028e+08 	
1.20373105e+06 	 1.016414e+02 	 2.377499e+08 	
1.20377540e+06 	 9.168275e+01 	 2.326587e+08 	
1.20381976e+06 	 8.272691e+01 	 2.277266e+08 	
1.20386412e+06 	 7.467379e+01 	 2.229509e+08 	
1.20390847e+06 	 6.743284e+01 	 2.183287e+08 	
1.20395283e+06 	 6.092224e+01 	 2.138573e+08 	
1.20399719e+06 	 5.506818e+01 	 2.095336e+08 	
1.20404154e+06 	 4.980403e+01 	 2.053546e+08 	
1.20408590e+06 	 4.506980e+01 	 2.013172e+08 	
1.20413026e+06 	 4.081144e+01 	 1.974183e+08 	
1.20418054e+06 	 3.649826e+01 	 1.931617e+08 	
1.20423083e+06 	 3.267098e+01 	 1.890741e+08 	
1.20428111e+06 	 2.927354e+01 	 1.851507e+08 	
1.20433140e+06 	 2.625626e+01 	 1.813867e+08 	
1.20438168e+06 	 2.357524e+01 	 1.777772e+08 	
1.20443197e+06 	 2.119162e+01 	 1.743172e+08 	
1.20448225e+06 	 1.907107e+01 	 1.710019e+08 	
1.20453254e+06 	 1.718326e+01 	 1.678264e+08 	
1.20458282e+06 	 1.550138e+01 	 1.647858e+08 	
1.20463311e+06 	 1.400180e+01 	 1.618753e+08 	
1.20468339e+06 	 1.266362e+01 	 1.590900e+08 	
1.20473368e+06 	 1.146842e+01 	 1.564253e+08 	
1.20478396e+06 	 1.039993e+01 	 1.538766e+08 	
1.20483425e+06 	 9.443786e+00 	 1.514392e+08 	
1.20488453e+06 	 8.587320e+00 	 1.491086e+08 	
1.20493482e+06 	 7.819342e+00 	 1.468805e+08 	
1.20498510e+06 	 7.129972e+00 	 1.447507e+08 	
1.20503538e+06 	 6.510483e+00 	 1.427148e+08 	
1.20508567e+06 	 5.953168e+00 	 1.407689e+08 	
1.20514885e+06 	 5.330615e+00 	 1.384453e+08 	
1.20521204e+06 	 4.783744e+00 	 1.362499e+08 	
1.20527522e+06 	 4.302453e+00 	 1.341756e+08 	
1.20533841e+06 	 3.878071e+00 	 1.322155e+08 	
1.20540159e+06 	 3.503149e+00 	 1.303629e+08 	
1.20546478e+06 	 3.171281e+00 	 1.286116e+08 	
1.20552796e+06 	 2.876952e+00 	 1.269555e+08 	
1.20559115e+06 	 2.615406e+00 	 1.253892e+08 	
1.20565433e+06 	 2.382539e+00 	 1.239071e+08 	
1.20571752e+06 	 2.174803e+00 	 1.225042e+08 	
1.20579722e+06 	 1.943875e+00 	 1.208402e+08 	
1.20587693e+06 	 1.742834e+00 	 1.192857e+08 	
1.20595664e+06 	 1.567281e+00 	 1.178325e+08 	
1.20603634e+06 	 1.413529e+00 	 1.164728e+08 	
1.20611605e+06 	 1.278476e+00 	 1.151997e+08 	
1.20619576e+06 	 1.159505e+00 	 1.140065e+08 	
1.20627546e+06 	 1.054406e+00 	 1.128873e+08 	
1.20635517e+06 	 9.613041e-01 	 1.118365e+08 	
1.20643488e+06 	 8.786069e-01 	 1.108490e+08 	
1.20653874e+06 	 7.842413e-01 	 1.096495e+08 	
1.20664261e+06 	 7.027490e-01 	 1.085402e+08 	
1.20674647e+06 	 6.320770e-01 	 1.075125e+08 	
1.20685034e+06 	 5.705394e-01 	 1.065590e+08 	
1.20695420e+06 	 5.167452e-01 	 1.056728e+08 	
1.20705807e+06 	 4.695423e-01 	 1.048479e+08 	
1.20719151e+06 	 4.170522e-01 	 1.038694e+08 	
1.20732495e+06 	 3.722140e-01 	 1.029728e+08 	
1.20745838e+06 	 3.337029e-01 	 1.021491e+08 	
1.20759182e+06 	 3.004542e-01 	 1.013907e+08 	
1.20772526e+06 	 2.716070e-01 	 1.006906e+08 	
1.20788811e+06 	 2.413580e-01 	 9.990661e+07 	
1.20805095e+06 	 2.156085e-01 	 9.919120e+07 	
1.20821380e+06 	 1.935528e-01 	 9.853629e+07 	
1.20837664e+06 	 1.745510e-01 	 9.793492e+07 	
1.20853949e+06 	 1.580902e-01 	 9.738109e+07 	
1.20878188e+06 	 1.374254e-01 	 9.663378e+07 	
1.20902427e+06 	 1.204307e-01 	 9.596604e+07 	
1.20926666e+06 	 1.063176e-01 	 9.536613e+07 	
1.20950905e+06 	 9.449218e-02 	 9.482437e+07 	
1.20980187e+06 	 8.261976e-02 	 9.423619e+07 	
1.21009470e+06 	 7.282915e-02 	 9.370978e+07 	
1.21038752e+06 	 6.467411e-02 	 9.323584e+07 	
1.21068034e+06 	 5.781909e-02 	 9.280676e+07 	
1.21112106e+06 	 4.940653e-02 	 9.223213e+07 	
1.21156177e+06 	 4.273609e-02 	 9.172832e+07 	
1.21200248e+06 	 3.736664e-02 	 9.128241e+07 	
1.21263528e+06 	 3.132665e-02 	 9.072379e+07 	
1.21326809e+06 	 2.670923e-02 	 9.024188e+07 	
1.21390090e+06 	 2.310512e-02 	 8.982050e+07 	
1.21462831e+06 	 1.986371e-02 	 8.939550e+07 	
1.21535571e+06 	 1.732313e-02 	 8.902123e+07 	
1.21608312e+06 	 1.529601e-02 	 8.868769e+07 	
1.21721497e+06 	 1.287134e-02 	 8.823250e+07 	
1.21834682e+06 	 1.106760e-02 	 8.783755e+07 	
1.21967914e+06 	 9.479614e-03 	 8.743085e+07 	
1.22101145e+06 	 8.287236e-03 	 8.707213e+07 	
1.22234377e+06 	 7.368855e-03 	 8.675032e+07 	
1.22442055e+06 	 6.307634e-03 	 8.630432e+07 	
1.22570771e+06 	 5.808371e-03 	 8.605421e+07 	
1.22833359e+06 	 5.039648e-03 	 8.559038e+07 	
1.23050752e+06 	 4.577897e-03 	 8.524228e+07 	
1.23398915e+06 	 4.046593e-03 	 8.473316e+07 	
1.23677900e+06 	 3.742333e-03 	 8.435673e+07 	
1.24160096e+06 	 3.372306e-03 	 8.375211e+07 	
1.24400022e+06 	 3.237149e-03 	 8.346737e+07 	
1.25005218e+06 	 2.985325e-03 	 8.278263e+07 	
1.25440331e+06 	 2.855965e-03 	 8.231235e+07 	
1.26263389e+06 	 2.678376e-03 	 8.145749e+07 	
1.26809813e+06 	 2.589696e-03 	 8.090861e+07 	
1.27990194e+06 	 2.439785e-03 	 7.975991e+07 	
1.28648540e+06 	 2.370441e-03 	 7.913704e+07 	
1.29500000e+06 	 2.289350e-03 	 7.834749e+07 	
1.31833333e+06 	 2.096089e-03 	 7.626535e+07 	
1.34166667e+06 	 1.927829e-03 	 7.428985e+07 	
1.36500000e+06 	 1.777539e-03 	 7.241145e+07 	
1.38833333e+06 	 1.642266e-03 	 7.062292e+07 	
1.41166667e+06 	 1.520075e-03 	 6.891798e+07 	
1.43500000e+06 	 1.409445e-03 	 6.729100e+07 	
1.45833333e+06 	 1.309018e-03 	 6.573682e+07 	
1.48166667e+06 	 1.217710e-03 	 6.425076e+07 	
1.50500000e+06 	 1.134502e-03 	 6.282850e+07 	
1.52833333e+06 	 1.058508e-03 	 6.146607e+07 	
1.55166667e+06 	 9.890100e-04 	 6.015987e+07 	
1.57500000e+06 	 9.253613e-04 	 5.890656e+07 	
1.59833333e+06 	 8.668891e-04 	 5.770297e+07 	
1.62166667e+06 	 8.131821e-04 	 5.654635e+07 	
1.65666667e+06 	 7.404163e-04 	 5.489362e+07 	
1.68000000e+06 	 6.965846e-04 	 5.384314e+07 	
1.70333333e+06 	 6.560546e-04 	 5.283112e+07 	
1.72666667e+06 	 6.185176e-04 	 5.185550e+07 	
1.76166667e+06 	 5.673410e-04 	 5.045635e+07 	
1.78500000e+06 	 5.362423e-04 	 4.956383e+07 	
1.80833333e+06 	 5.073394e-04 	 4.870165e+07 	
1.84333333e+06 	 4.676624e-04 	 4.746200e+07 	
1.86666667e+06 	 4.434328e-04 	 4.666931e+07 	
1.89000000e+06 	 4.208467e-04 	 4.590219e+07 	
1.92500000e+06 	 3.896589e-04 	 4.479668e+07 	
1.94833333e+06 	 3.705228e-04 	 4.408823e+07 	
1.98333333e+06 	 3.440877e-04 	 4.306591e+07 	
2.00666667e+06 	 3.278211e-04 	 4.240985e+07 	
2.04166667e+06 	 3.052396e-04 	 4.146176e+07 	
2.06500000e+06 	 2.913068e-04 	 4.085254e+07 	
2.10000000e+06 	 2.719268e-04 	 3.997105e+07 	
2.13500000e+06 	 2.541931e-04 	 3.912626e+07 	
2.15833333e+06 	 2.432065e-04 	 3.858236e+07 	
2.19333333e+06 	 2.278703e-04 	 3.779395e+07 	
2.22833333e+06 	 2.137729e-04 	 3.703674e+07 	
2.25166667e+06 	 2.049974e-04 	 3.654835e+07 	
2.28666667e+06 	 1.927124e-04 	 3.583926e+07 	
2.32166667e+06 	 1.813716e-04 	 3.515689e+07 	
2.34500000e+06 	 1.742938e-04 	 3.471611e+07 	
2.38000000e+06 	 1.643410e-04 	 3.407512e+07 	
2.41500000e+06 	 1.551197e-04 	 3.345720e+07 	
2.45000000e+06 	 1.465630e-04 	 3.286115e+07 	
2.48500000e+06 	 1.386176e-04 	 3.228587e+07 	
2.52000000e+06 	 1.312313e-04 	 3.173031e+07 	
2.55500000e+06 	 1.243510e-04 	 3.119347e+07 	
2.59000000e+06 	 1.179379e-04 	 3.067446e+07 	
2.62500000e+06 	 1.119534e-04 	 3.017241e+07 	
2.66000000e+06 	 1.063620e-04 	 2.968653e+07 	
2.69500000e+06 	 1.011323e-04 	 2.921606e+07 	
2.73000000e+06 	 9.623718e-05 	 2.876029e+07 	
2.76500000e+06 	 9.164884e-05 	 2.831856e+07 	
2.80000000e+06 	 8.734413e-05 	 2.789024e+07 	
2.83500000e+06 	 8.330152e-05 	 2.747473e+07 	
2.87000000e+06 	 7.950219e-05 	 2.707149e+07 	
2.90500000e+06 	 7.592817e-05 	 2.667999e+07 	
2.94000000e+06 	 7.256382e-05 	 2.629973e+07 	
2.97500000e+06 	 6.939318e-05 	 2.593025e+07 	
3.01000000e+06 	 6.640246e-05 	 2.557110e+07 	
3.04500000e+06 	 6.358010e-05 	 2.522187e+07 	
3.08000000e+06 	 6.091393e-05 	 2.488215e+07 	
3.11500000e+06 	 5.839333e-05 	 2.455157e+07 	
3.15000000e+06 	 5.600902e-05 	 2.422977e+07 	
3.18500000e+06 	 5.375166e-05 	 2.391642e+07 	
3.22000000e+06 	 5.161303e-05 	 2.361119e+07 	
3.25500000e+06 	 4.958562e-05 	 2.331378e+07 	
3.29000000e+06 	 4.766224e-05 	 2.302390e+07 	
3.32500000e+06 	 4.583634e-05 	 2.274126e+07 	
3.36000000e+06 	 4.410191e-05 	 2.246561e+07 	
3.39500000e+06 	 4.245330e-05 	 2.219669e+07 	
3.43000000e+06 	 4.088541e-05 	 2.193427e+07 	
3.46500000e+06 	 3.939328e-05 	 2.167812e+07 	
3.50000000e+06 	 3.797244e-05 	 2.142802e+07 	
3.53500000e+06 	 3.661875e-05 	 2.118376e+07 	
3.57000000e+06 	 3.532828e-05 	 2.094515e+07 	
3.60500000e+06 	 3.409739e-05 	 2.071199e+07 	
3.64000000e+06 	 3.292275e-05 	 2.048410e+07 	
3.67500000e+06 	 3.180118e-05 	 2.026131e+07 	
3.71000000e+06 	 3.072970e-05 	 2.004345e+07 	
3.74500000e+06 	 2.970565e-05 	 1.983037e+07 	
3.78000000e+06 	 2.872636e-05 	 1.962192e+07 	
3.81500000e+06 	 2.778943e-05 	 1.941793e+07 	
3.85000000e+06 	 2.689265e-05 	 1.921829e+07 	
3.88500000e+06 	 2.603386e-05 	 1.902284e+07 	
3.92000000e+06 	 2.521109e-05 	 1.883147e+07 	
3.95500000e+06 	 2.442251e-05 	 1.864405e+07 	
3.99000000e+06 	 2.366632e-05 	 1.846046e+07 	
4.02500000e+06 	 2.294092e-05 	 1.828059e+07 	
4.06000000e+06 	 2.224475e-05 	 1.810432e+07 	
4.09500000e+06 	 2.157634e-05 	 1.793156e+07 	
4.13000000e+06 	 2.093435e-05 	 1.776219e+07 	
4.16500000e+06 	 2.031749e-05 	 1.759613e+07 	
4.20000000e+06 	 1.972452e-05 	 1.743328e+07 	
4.23500000e+06 	 1.915432e-05 	 1.727355e+07 	
4.27000000e+06 	 1.860581e-05 	 1.711685e+07 	
4.30500000e+06 	 1.807796e-05 	 1.696309e+07 	
4.34000000e+06 	 1.756982e-05 	 1.681220e+07 	
4.37500000e+06 	 1.708047e-05 	 1.666411e+07 	
4.41000000e+06 	 1.660905e-05 	 1.651872e+07 	
4.44500000e+06 	 1.615475e-05 	 1.637598e+07 	
4.48000000e+06 	 1.571681e-05 	 1.623581e+07 	
4.51500000e+06 	 1.529450e-05 	 1.609814e+07 	
4.55000000e+06 	 1.488711e-05 	 1.596291e+07 	
4.58500000e+06 	 1.449401e-05 	 1.583005e+07 	
4.62000000e+06 	 1.411458e-05 	 1.569951e+07 	
4.65500000e+06 	 1.374821e-05 	 1.557123e+07 	
4.69000000e+06 	 1.339435e-05 	 1.544514e+07 	
4.72500000e+06 	 1.305248e-05 	 1.532120e+07 	
4.76000000e+06 	 1.272210e-05 	 1.519935e+07 	
4.79500000e+06 	 1.240271e-05 	 1.507954e+07 	
4.83000000e+06 	 1.209388e-05 	 1.496171e+07 	
4.86500000e+06 	 1.179516e-05 	 1.484583e+07 	
4.90000000e+06 	 1.150615e-05 	 1.473184e+07 	
4.93500000e+06 	 1.122645e-05 	 1.461971e+07 	
4.97000000e+06 	 1.095569e-05 	 1.450937e+07 	
5.00500000e+06 	 1.069352e-05 	 1.440080e+07 	
5.04000000e+06 	 1.043960e-05 	 1.429395e+07 	
5.07500000e+06 	 1.019360e-05 	 1.418879e+07 	
5.11000000e+06 	 9.955229e-06 	 1.408526e+07 	
5.14500000e+06 	 9.724178e-06 	 1.398334e+07 	
5.18000000e+06 	 9.500172e-06 	 1.388299e+07 	
5.21500000e+06 	 9.282943e-06 	 1.378418e+07 	
5.25000000e+06 	 9.072240e-06 	 1.368686e+07 	
5.28500000e+06 	 8.867816e-06 	 1.359102e+07 	
5.32000000e+06 	 8.669438e-06 	 1.349660e+07 	
5.35500000e+06 	 8.476886e-06 	 1.340359e+07 	
5.39000000e+06 	 8.289945e-06 	 1.331195e+07 	
5.42500000e+06 	 8.108411e-06 	 1.322165e+07 	
5.46000000e+06 	 7.932092e-06 	 1.313267e+07 	
5.49500000e+06 	 7.760799e-06 	 1.304497e+07 	
5.53000000e+06 	 7.594354e-06 	 1.295853e+07 	
5.56500000e+06 	 7.432586e-06 	 1.287333e+07 	
5.60000000e+06 	 7.275333e-06 	 1.278933e+07 	
5.63500000e+06 	 7.122436e-06 	 1.270651e+07 	
5.67000000e+06 	 6.973745e-06 	 1.262485e+07 	
5.70500000e+06 	 6.829117e-06 	 1.254432e+07 	
5.74000000e+06 	 6.688412e-06 	 1.246490e+07 	
5.77500000e+06 	 6.551498e-06 	 1.238658e+07 	
5.81000000e+06 	 6.418247e-06 	 1.230931e+07 	
5.84500000e+06 	 6.288538e-06 	 1.223310e+07 	
5.88000000e+06 	 6.162252e-06 	 1.215791e+07 	
5.91500000e+06 	 6.039278e-06 	 1.208372e+07 	
5.95000000e+06 	 5.919506e-06 	 1.201052e+07 	
5.98500000e+06 	 5.802833e-06 	 1.193828e+07 	
6.02000000e+06 	 5.689159e-06 	 1.186699e+07 	
6.05500000e+06 	 5.578387e-06 	 1.179663e+07 	
6.09000000e+06 	 5.470425e-06 	 1.172718e+07 	
6.12500000e+06 	 5.365183e-06 	 1.165862e+07 	
6.16000000e+06 	 5.262577e-06 	 1.159094e+07 	
6.19500000e+06 	 5.162524e-06 	 1.152412e+07 	
6.23000000e+06 	 5.064944e-06 	 1.145815e+07 	
6.26500000e+06 	 4.969761e-06 	 1.139300e+07 	
6.30000000e+06 	 4.876901e-06 	 1.132867e+07 	
6.33500000e+06 	 4.786294e-06 	 1.126514e+07 	
6.37000000e+06 	 4.697872e-06 	 1.120239e+07 	
6.40500000e+06 	 4.611567e-06 	 1.114041e+07 	
6.44000000e+06 	 4.527318e-06 	 1.107919e+07 	
6.47500000e+06 	 4.445063e-06 	 1.101871e+07 	
6.51000000e+06 	 4.364742e-06 	 1.095896e+07 	
6.54500000e+06 	 4.286299e-06 	 1.089992e+07 	
6.58000000e+06 	 4.209679e-06 	 1.084159e+07 	
6.61500000e+06 	 4.134829e-06 	 1.078395e+07 	
6.65000000e+06 	 4.061698e-06 	 1.072700e+07 	
6.68500000e+06 	 3.990237e-06 	 1.067071e+07 	
6.72000000e+06 	 3.920397e-06 	 1.061507e+07 	
6.75500000e+06 	 3.852133e-06 	 1.056008e+07 	
6.79000000e+06 	 3.785400e-06 	 1.050573e+07 	
6.82500000e+06 	 3.720155e-06 	 1.045200e+07 	
6.86000000e+06 	 3.656357e-06 	 1.039888e+07 	
6.89500000e+06 	 3.593965e-06 	 1.034637e+07 	
6.93000000e+06 	 3.532942e-06 	 1.029445e+07 	
7.00000000e+06 	 3.414849e-06 	 1.019234e+07 	
7.00050050e+06 	 3.414024e-06 	 1.019162e+07 	
7.00100100e+06 	 3.413198e-06 	 1.019090e+07 	
7.00150150e+06 	 3.412372e-06 	 1.019018e+07 	
7.00200200e+06 	 3.411547e-06 	 1.018946e+07 	
7.00250250e+06 	 3.410722e-06 	 1.018873e+07 	
7.00300300e+06 	 3.409898e-06 	 1.018801e+07 	
7.00350350e+06 	 3.409073e-06 	 1.018729e+07 	
7.00400400e+06 	 3.408249e-06 	 1.018657e+07 	
7.00450450e+06 	 3.407426e-06 	 1.018585e+07 	
7.00500501e+06 	 3.406602e-06 	 1.018513e+07 	
7.00550551e+06 	 3.405779e-06 	 1.018441e+07 	
7.00600601e+06 	 3.404956e-06 	 1.018369e+07 	
7.00650651e+06 	 3.404133e-06 	 1.018297e+07 	
7.00700701e+06 	 3.403310e-06 	 1.018225e+07 	
7.00750751e+06 	 3.402488e-06 	 1.018153e+07 	
7.00800801e+06 	 3.401666e-06 	 1.018081e+07 	
7.00850851e+06 	 3.400844e-06 	 1.018009e+07 	
7.00900901e+06 	 3.400022e-06 	 1.017937e+07 	
7.00950951e+06 	 3.399201e-06 	 1.017865e+07 	
7.01001001e+06 	 3.398380e-06 	 1.017793e+07 	
7.01051051e+06 	 3.397559e-06 	 1.017721e+07 	
7.01101101e+06 	 3.396739e-06 	 1.017649e+07 	
7.01151151e+06 	 3.395919e-06 	 1.017577e+07 	
7.01201201e+06 	 3.395098e-06 	 1.017505e+07 	
7.01251251e+06 	 3.394279e-06 	 1.017433e+07 	
7.01301301e+06 	 3.393459e-06 	 1.017361e+07 	
7.01351351e+06 	 3.392640e-06 	 1.017289e+07 	
7.01401401e+06 	 3.391821e-06 	 1.017217e+07 	
7.01451451e+06 	 3.391002e-06 	 1.017146e+07 	
7.01501502e+06 	 3.390184e-06 	 1.017074e+07 	
7.01551552e+06 	 3.389366e-06 	 1.017002e+07 	
7.01601602e+06 	 3.388548e-06 	 1.016930e+07 	
7.01651652e+06 	 3.387730e-06 	 1.016858e+07 	
7.01701702e+06 	 3.386912e-06 	 1.016786e+07 	
7.01751752e+06 	 3.386095e-06 	 1.016715e+07 	
7.01801802e+06 	 3.385278e-06 	 1.016643e+07 	
7.01851852e+06 	 3.384461e-06 	 1.016571e+07 	
7.01901902e+06 	 3.383645e-06 	 1.016499e+07 	
7.01951952e+06 	 3.382829e-06 	 1.016428e+07 	
7.02002002e+06 	 3.382013e-06 	 1.016356e+07 	
7.02052052e+06 	 3.381197e-06 	 1.016284e+07 	
7.02102102e+06 	 3.380382e-06 	 1.016212e+07 	
7.02152152e+06 	 3.379567e-06 	 1.016141e+07 	
7.02202202e+06 	 3.378752e-06 	 1.016069e+07 	
7.02252252e+06 	 3.377937e-06 	 1.015997e+07 	
7.02302302e+06 	 3.377123e-06 	 1.015926e+07 	
7.02352352e+06 	 3.376308e-06 	 1.015854e+07 	
7.02402402e+06 	 3.375494e-06 	 1.015782e+07 	
7.02452452e+06 	 3.374681e-06 	 1.015711e+07 	
7.02502503e+06 	 3.373867e-06 	 1.015639e+07 	
7.02552553e+06 	 3.373054e-06 	 1.015567e+07 	
7.02602603e+06 	 3.372241e-06 	 1.015496e+07 	
7.02652653e+06 	 3.371429e-06 	 1.015424e+07 	
7.02702703e+06 	 3.370616e-06 	 1.015353e+07 	
7.02752753e+06 	 3.369804e-06 	 1.015281e+07 	
7.02802803e+06 	 3.368992e-06 	 1.015210e+07 	
7.02852853e+06 	 3.368180e-06 	 1.015138e+07 	
7.02902903e+06 	 3.367369e-06 	 1.015067e+07 	
7.02952953e+06 	 3.366558e-06 	 1.014995e+07 	
7.03003003e+06 	 3.365747e-06 	 1.014924e+07 	
7.03053053e+06 	 3.364936e-06 	 1.014852e+07 	
7.03103103e+06 	 3.364126e-06 	 1.014781e+07 	
7.03153153e+06 	 3.363316e-06 	 1.014709e+07 	
7.03203203e+06 	 3.362506e-06 	 1.014638e+07 	
7.03253253e+06 	 3.361696e-06 	 1.014566e+07 	
7.03303303e+06 	 3.360887e-06 	 1.014495e+07 	
7.03353353e+06 	 3.360078e-06 	 1.014423e+07 	
7.03403403e+06 	 3.359269e-06 	 1.014352e+07 	
7.03453453e+06 	 3.358460e-06 	 1.014280e+07 	
7.03503504e+06 	 3.357652e-06 	 1.014209e+07 	
7.03553554e+06 	 3.356844e-06 	 1.014138e+07 	
7.03603604e+06 	 3.356036e-06 	 1.014066e+07 	
7.03653654e+06 	 3.355228e-06 	 1.013995e+07 	
7.03703704e+06 	 3.354421e-06 	 1.013924e+07 	
7.03753754e+06 	 3.353614e-06 	 1.013852e+07 	
7.03803804e+06 	 3.352807e-06 	 1.013781e+07 	
7.03853854e+06 	 3.352000e-06 	 1.013710e+07 	
7.03903904e+06 	 3.351194e-06 	 1.013638e+07 	
7.03953954e+06 	 3.350388e-06 	 1.013567e+07 	
7.04004004e+06 	 3.349582e-06 	 1.013496e+07 	
7.04054054e+06 	 3.348776e-06 	 1.013424e+07 	
7.04104104e+06 	 3.347971e-06 	 1.013353e+07 	
7.04154154e+06 	 3.347166e-06 	 1.013282e+07 	
7.04204204e+06 	 3.346361e-06 	 1.013211e+07 	
7.04254254e+06 	 3.345556e-06 	 1.013140e+07 	
7.04304304e+06 	 3.344752e-06 	 1.013068e+07 	
7.04354354e+06 	 3.343947e-06 	 1.012997e+07 	
7.04404404e+06 	 3.343144e-06 	 1.012926e+07 	
7.04454454e+06 	 3.342340e-06 	 1.012855e+07 	
7.04504505e+06 	 3.341537e-06 	 1.012784e+07 	
7.04554555e+06 	 3.340733e-06 	 1.012712e+07 	
7.04604605e+06 	 3.339930e-06 	 1.012641e+07 	
7.04654655e+06 	 3.339128e-06 	 1.012570e+07 	
7.04704705e+06 	 3.338325e-06 	 1.012499e+07 	
7.04754755e+06 	 3.337523e-06 	 1.012428e+07 	
7.04804805e+06 	 3.336721e-06 	 1.012357e+07 	
7.04854855e+06 	 3.335920e-06 	 1.012286e+07 	
7.04904905e+06 	 3.335118e-06 	 1.012215e+07 	
7.04954955e+06 	 3.334317e-06 	 1.012144e+07 	
7.05005005e+06 	 3.333516e-06 	 1.012073e+07 	
7.05055055e+06 	 3.332716e-06 	 1.012001e+07 	
7.05105105e+06 	 3.331915e-06 	 1.011930e+07 	
7.05155155e+06 	 3.331115e-06 	 1.011859e+07 	
7.05205205e+06 	 3.330315e-06 	 1.011788e+07 	
7.05255255e+06 	 3.329515e-06 	 1.011717e+07 	
7.05305305e+06 	 3.328716e-06 	 1.011646e+07 	
7.05355355e+06 	 3.327917e-06 	 1.011575e+07 	
7.05405405e+06 	 3.327118e-06 	 1.011504e+07 	
7.05455455e+06 	 3.326319e-06 	 1.011434e+07 	
7.05505506e+06 	 3.325521e-06 	 1.011363e+07 	
7.05555556e+06 	 3.324722e-06 	 1.011292e+07 	
7.05605606e+06 	 3.323924e-06 	 1.011221e+07 	
7.05655656e+06 	 3.323127e-06 	 1.011150e+07 	
7.05705706e+06 	 3.322329e-06 	 1.011079e+07 	
7.05755756e+06 	 3.321532e-06 	 1.011008e+07 	
7.05805806e+06 	 3.320735e-06 	 1.010937e+07 	
7.05855856e+06 	 3.319938e-06 	 1.010866e+07 	
7.05905906e+06 	 3.319142e-06 	 1.010795e+07 	
7.05955956e+06 	 3.318346e-06 	 1.010725e+07 	
7.06006006e+06 	 3.317550e-06 	 1.010654e+07 	
7.06056056e+06 	 3.316754e-06 	 1.010583e+07 	
7.06106106e+06 	 3.315958e-06 	 1.010512e+07 	
7.06156156e+06 	 3.315163e-06 	 1.010441e+07 	
7.06206206e+06 	 3.314368e-06 	 1.010371e+07 	
7.06256256e+06 	 3.313573e-06 	 1.010300e+07 	
7.06306306e+06 	 3.312779e-06 	 1.010229e+07 	
7.06356356e+06 	 3.311985e-06 	 1.010158e+07 	
7.06406406e+06 	 3.311191e-06 	 1.010088e+07 	
7.06456456e+06 	 3.310397e-06 	 1.010017e+07 	
7.06506507e+06 	 3.309603e-06 	 1.009946e+07 	
7.06556557e+06 	 3.308810e-06 	 1.009875e+07 	
7.06606607e+06 	 3.308017e-06 	 1.009805e+07 	
7.06656657e+06 	 3.307224e-06 	 1.009734e+07 	
7.06706707e+06 	 3.306432e-06 	 1.009663e+07 	
7.06756757e+06 	 3.305639e-06 	 1.009593e+07 	
7.06806807e+06 	 3.304847e-06 	 1.009522e+07 	
7.06856857e+06 	 3.304056e-06 	 1.009451e+07 	
7.06906907e+06 	 3.303264e-06 	 1.009381e+07 	
7.06956957e+06 	 3.302473e-06 	 1.009310e+07 	
7.07007007e+06 	 3.301682e-06 	 1.009240e+07 	
7.07057057e+06 	 3.300891e-06 	 1.009169e+07 	
7.07107107e+06 	 3.300100e-06 	 1.009098e+07 	
7.07157157e+06 	 3.299310e-06 	 1.009028e+07 	
7.07207207e+06 	 3.298520e-06 	 1.008957e+07 	
7.07257257e+06 	 3.297730e-06 	 1.008887e+07 	
7.07307307e+06 	 3.296940e-06 	 1.008816e+07 	
7.07357357e+06 	 3.296151e-06 	 1.008746e+07 	
7.07407407e+06 	 3.295362e-06 	 1.008675e+07 	
7.07457457e+06 	 3.294573e-06 	 1.008605e+07 	
7.07507508e+06 	 3.293784e-06 	 1.008534e+07 	
7.07557558e+06 	 3.292996e-06 	 1.008464e+07 	
7.07607608e+06 	 3.292207e-06 	 1.008393e+07 	
7.07657658e+06 	 3.291419e-06 	 1.008323e+07 	
7.07707708e+06 	 3.290632e-06 	 1.008252e+07 	
7.07757758e+06 	 3.289844e-06 	 1.008182e+07 	
7.07807808e+06 	 3.289057e-06 	 1.008111e+07 	
7.07857858e+06 	 3.288270e-06 	 1.008041e+07 	
7.07907908e+06 	 3.287483e-06 	 1.007971e+07 	
7.07957958e+06 	 3.286697e-06 	 1.007900e+07 	
7.08008008e+06 	 3.285911e-06 	 1.007830e+07 	
7.08058058e+06 	 3.285125e-06 	 1.007759e+07 	
7.08108108e+06 	 3.284339e-06 	 1.007689e+07 	
7.08158158e+06 	 3.283553e-06 	 1.007619e+07 	
7.08208208e+06 	 3.282768e-06 	 1.007548e+07 	
7.08258258e+06 	 3.281983e-06 	 1.007478e+07 	
7.08308308e+06 	 3.281198e-06 	 1.007408e+07 	
7.08358358e+06 	 3.280414e-06 	 1.007337e+07 	
7.08408408e+06 	 3.279630e-06 	 1.007267e+07 	
7.08458458e+06 	 3.278845e-06 	 1.007197e+07 	
7.08508509e+06 	 3.278062e-06 	 1.007127e+07 	
7.08558559e+06 	 3.277278e-06 	 1.007056e+07 	
7.08608609e+06 	 3.276495e-06 	 1.006986e+07 	
7.08658659e+06 	 3.275712e-06 	 1.006916e+07 	
7.08708709e+06 	 3.274929e-06 	 1.006846e+07 	
7.08758759e+06 	 3.274146e-06 	 1.006775e+07 	
7.08808809e+06 	 3.273364e-06 	 1.006705e+07 	
7.08858859e+06 	 3.272582e-06 	 1.006635e+07 	
7.08908909e+06 	 3.271800e-06 	 1.006565e+07 	
7.08958959e+06 	 3.271018e-06 	 1.006495e+07 	
7.09009009e+06 	 3.270237e-06 	 1.006424e+07 	
7.09059059e+06 	 3.269455e-06 	 1.006354e+07 	
7.09109109e+06 	 3.268675e-06 	 1.006284e+07 	
7.09159159e+06 	 3.267894e-06 	 1.006214e+07 	
7.09209209e+06 	 3.267113e-06 	 1.006144e+07 	
7.09259259e+06 	 3.266333e-06 	 1.006074e+07 	
7.09309309e+06 	 3.265553e-06 	 1.006004e+07 	
7.09359359e+06 	 3.264773e-06 	 1.005934e+07 	
7.09409409e+06 	 3.263994e-06 	 1.005864e+07 	
7.09459459e+06 	 3.263215e-06 	 1.005793e+07 	
7.09509510e+06 	 3.262436e-06 	 1.005723e+07 	
7.09559560e+06 	 3.261657e-06 	 1.005653e+07 	
7.09609610e+06 	 3.260878e-06 	 1.005583e+07 	
7.09659660e+06 	 3.260100e-06 	 1.005513e+07 	
7.09709710e+06 	 3.259322e-06 	 1.005443e+07 	
7.09759760e+06 	 3.258544e-06 	 1.005373e+07 	
7.09809810e+06 	 3.257767e-06 	 1.005303e+07 	
7.09859860e+06 	 3.256989e-06 	 1.005233e+07 	
7.09909910e+06 	 3.256212e-06 	 1.005163e+07 	
7.09959960e+06 	 3.255435e-06 	 1.005093e+07 	
7.10010010e+06 	 3.254659e-06 	 1.005024e+07 	
7.10060060e+06 	 3.253882e-06 	 1.004954e+07 	
7.10110110e+06 	 3.253106e-06 	 1.004884e+07 	
7.10160160e+06 	 3.252330e-06 	 1.004814e+07 	
7.10210210e+06 	 3.251554e-06 	 1.004744e+07 	
7.10260260e+06 	 3.250779e-06 	 1.004674e+07 	
7.10310310e+06 	 3.250004e-06 	 1.004604e+07 	
7.10360360e+06 	 3.249229e-06 	 1.004534e+07 	
7.10410410e+06 	 3.248454e-06 	 1.004464e+07 	
7.10460460e+06 	 3.247680e-06 	 1.004395e+07 	
7.10510511e+06 	 3.246905e-06 	 1.004325e+07 	
7.10560561e+06 	 3.246131e-06 	 1.004255e+07 	
7.10610611e+06 	 3.245357e-06 	 1.004185e+07 	
7.10660661e+06 	 3.244584e-06 	 1.004115e+07 	
7.10710711e+06 	 3.243811e-06 	 1.004046e+07 	
7.10760761e+06 	 3.243038e-06 	 1.003976e+07 	
7.10810811e+06 	 3.242265e-06 	 1.003906e+07 	
7.10860861e+06 	 3.241492e-06 	 1.003836e+07 	
7.10910911e+06 	 3.240720e-06 	 1.003766e+07 	
7.10960961e+06 	 3.239948e-06 	 1.003697e+07 	
7.11011011e+06 	 3.239176e-06 	 1.003627e+07 	
7.11061061e+06 	 3.238404e-06 	 1.003557e+07 	
7.11111111e+06 	 3.237633e-06 	 1.003488e+07 	
7.11161161e+06 	 3.236861e-06 	 1.003418e+07 	
7.11211211e+06 	 3.236091e-06 	 1.003348e+07 	
7.11261261e+06 	 3.235320e-06 	 1.003279e+07 	
7.11311311e+06 	 3.234549e-06 	 1.003209e+07 	
7.11361361e+06 	 3.233779e-06 	 1.003139e+07 	
7.11411411e+06 	 3.233009e-06 	 1.003070e+07 	
7.11461461e+06 	 3.232239e-06 	 1.003000e+07 	
7.11511512e+06 	 3.231470e-06 	 1.002930e+07 	
7.11561562e+06 	 3.230700e-06 	 1.002861e+07 	
7.11611612e+06 	 3.229931e-06 	 1.002791e+07 	
7.11661662e+06 	 3.229163e-06 	 1.002722e+07 	
7.11711712e+06 	 3.228394e-06 	 1.002652e+07 	
7.11761762e+06 	 3.227626e-06 	 1.002583e+07 	
7.11811812e+06 	 3.226858e-06 	 1.002513e+07 	
7.11861862e+06 	 3.226090e-06 	 1.002443e+07 	
7.11911912e+06 	 3.225322e-06 	 1.002374e+07 	
7.11961962e+06 	 3.224555e-06 	 1.002304e+07 	
7.12012012e+06 	 3.223787e-06 	 1.002235e+07 	
7.12062062e+06 	 3.223020e-06 	 1.002165e+07 	
7.12112112e+06 	 3.222254e-06 	 1.002096e+07 	
7.12162162e+06 	 3.221487e-06 	 1.002026e+07 	
7.12212212e+06 	 3.220721e-06 	 1.001957e+07 	
7.12262262e+06 	 3.219955e-06 	 1.001888e+07 	
7.12312312e+06 	 3.219189e-06 	 1.001818e+07 	
7.12362362e+06 	 3.218424e-06 	 1.001749e+07 	
7.12412412e+06 	 3.217658e-06 	 1.001679e+07 	
7.12462462e+06 	 3.216893e-06 	 1.001610e+07 	
7.12512513e+06 	 3.216128e-06 	 1.001540e+07 	
7.12562563e+06 	 3.215364e-06 	 1.001471e+07 	
7.12612613e+06 	 3.214599e-06 	 1.001402e+07 	
7.12662663e+06 	 3.213835e-06 	 1.001332e+07 	
7.12712713e+06 	 3.213071e-06 	 1.001263e+07 	
7.12762763e+06 	 3.212308e-06 	 1.001194e+07 	
7.12812813e+06 	 3.211544e-06 	 1.001124e+07 	
7.12862863e+06 	 3.210781e-06 	 1.001055e+07 	
7.12912913e+06 	 3.210018e-06 	 1.000986e+07 	
7.12962963e+06 	 3.209255e-06 	 1.000916e+07 	
7.13013013e+06 	 3.208493e-06 	 1.000847e+07 	
7.13063063e+06 	 3.207731e-06 	 1.000778e+07 	
7.13113113e+06 	 3.206969e-06 	 1.000709e+07 	
7.13163163e+06 	 3.206207e-06 	 1.000639e+07 	
7.13213213e+06 	 3.205445e-06 	 1.000570e+07 	
7.13263263e+06 	 3.204684e-06 	 1.000501e+07 	
7.13313313e+06 	 3.203923e-06 	 1.000432e+07 	
7.13363363e+06 	 3.203162e-06 	 1.000362e+07 	
7.13413413e+06 	 3.202401e-06 	 1.000293e+07 	
7.13463463e+06 	 3.201641e-06 	 1.000224e+07 	
7.13513514e+06 	 3.200881e-06 	 1.000155e+07 	
7.13563564e+06 	 3.200121e-06 	 1.000086e+07 	
7.13613614e+06 	 3.199361e-06 	 1.000017e+07 	
7.13663664e+06 	 3.198601e-06 	 9.999474e+06 	
7.13713714e+06 	 3.197842e-06 	 9.998783e+06 	
7.13763764e+06 	 3.197083e-06 	 9.998092e+06 	
7.13813814e+06 	 3.196324e-06 	 9.997401e+06 	
7.13863864e+06 	 3.195566e-06 	 9.996710e+06 	
7.13913914e+06 	 3.194807e-06 	 9.996019e+06 	
7.13963964e+06 	 3.194049e-06 	 9.995328e+06 	
7.14014014e+06 	 3.193291e-06 	 9.994637e+06 	
7.14064064e+06 	 3.192534e-06 	 9.993947e+06 	
7.14114114e+06 	 3.191776e-06 	 9.993256e+06 	
7.14164164e+06 	 3.191019e-06 	 9.992566e+06 	
7.14214214e+06 	 3.190262e-06 	 9.991876e+06 	
7.14264264e+06 	 3.189506e-06 	 9.991186e+06 	
7.14314314e+06 	 3.188749e-06 	 9.990496e+06 	
7.14364364e+06 	 3.187993e-06 	 9.989806e+06 	
7.14414414e+06 	 3.187237e-06 	 9.989116e+06 	
7.14464464e+06 	 3.186481e-06 	 9.988426e+06 	
7.14514515e+06 	 3.185725e-06 	 9.987737e+06 	
7.14564565e+06 	 3.184970e-06 	 9.987047e+06 	
7.14614615e+06 	 3.184215e-06 	 9.986358e+06 	
7.14664665e+06 	 3.183460e-06 	 9.985668e+06 	
7.14714715e+06 	 3.182705e-06 	 9.984979e+06 	
7.14764765e+06 	 3.181951e-06 	 9.984290e+06 	
7.14814815e+06 	 3.181197e-06 	 9.983601e+06 	
7.14864865e+06 	 3.180443e-06 	 9.982912e+06 	
7.14914915e+06 	 3.179689e-06 	 9.982224e+06 	
7.14964965e+06 	 3.178936e-06 	 9.981535e+06 	
7.15015015e+06 	 3.178182e-06 	 9.980846e+06 	
7.15065065e+06 	 3.177429e-06 	 9.980158e+06 	
7.15115115e+06 	 3.176677e-06 	 9.979470e+06 	
7.15165165e+06 	 3.175924e-06 	 9.978782e+06 	
7.15215215e+06 	 3.175172e-06 	 9.978093e+06 	
7.15265265e+06 	 3.174419e-06 	 9.977405e+06 	
7.15315315e+06 	 3.173668e-06 	 9.976718e+06 	
7.15365365e+06 	 3.172916e-06 	 9.976030e+06 	
7.15415415e+06 	 3.172164e-06 	 9.975342e+06 	
7.15465465e+06 	 3.171413e-06 	 9.974655e+06 	
7.15515516e+06 	 3.170662e-06 	 9.973967e+06 	
7.15565566e+06 	 3.169911e-06 	 9.973280e+06 	
7.15615616e+06 	 3.169161e-06 	 9.972593e+06 	
7.15665666e+06 	 3.168411e-06 	 9.971905e+06 	
7.15715716e+06 	 3.167661e-06 	 9.971218e+06 	
7.15765766e+06 	 3.166911e-06 	 9.970532e+06 	
7.15815816e+06 	 3.166161e-06 	 9.969845e+06 	
7.15865866e+06 	 3.165412e-06 	 9.969158e+06 	
7.15915916e+06 	 3.164663e-06 	 9.968471e+06 	
7.15965966e+06 	 3.163914e-06 	 9.967785e+06 	
7.16016016e+06 	 3.163165e-06 	 9.967099e+06 	
7.16066066e+06 	 3.162416e-06 	 9.966412e+06 	
7.16116116e+06 	 3.161668e-06 	 9.965726e+06 	
7.16166166e+06 	 3.160920e-06 	 9.965040e+06 	
7.16216216e+06 	 3.160172e-06 	 9.964354e+06 	
7.16266266e+06 	 3.159425e-06 	 9.963668e+06 	
7.16316316e+06 	 3.158677e-06 	 9.962983e+06 	
7.16366366e+06 	 3.157930e-06 	 9.962297e+06 	
7.16416416e+06 	 3.157183e-06 	 9.961611e+06 	
7.16466466e+06 	 3.156437e-06 	 9.960926e+06 	
7.16516517e+06 	 3.155690e-06 	 9.960241e+06 	
7.16566567e+06 	 3.154944e-06 	 9.959556e+06 	
7.16616617e+06 	 3.154198e-06 	 9.958870e+06 	
7.16666667e+06 	 3.153452e-06 	 9.958185e+06 	
7.16716717e+06 	 3.152707e-06 	 9.957501e+06 	
7.16766767e+06 	 3.151962e-06 	 9.956816e+06 	
7.16816817e+06 	 3.151217e-06 	 9.956131e+06 	
7.16866867e+06 	 3.150472e-06 	 9.955447e+06 	
7.16916917e+06 	 3.149727e-06 	 9.954762e+06 	
7.16966967e+06 	 3.148983e-06 	 9.954078e+06 	
7.17017017e+06 	 3.148238e-06 	 9.953394e+06 	
7.17067067e+06 	 3.147495e-06 	 9.952709e+06 	
7.17117117e+06 	 3.146751e-06 	 9.952025e+06 	
7.17167167e+06 	 3.146007e-06 	 9.951341e+06 	
7.17217217e+06 	 3.145264e-06 	 9.950658e+06 	
7.17267267e+06 	 3.144521e-06 	 9.949974e+06 	
7.17317317e+06 	 3.143778e-06 	 9.949290e+06 	
7.17367367e+06 	 3.143036e-06 	 9.948607e+06 	
7.17417417e+06 	 3.142293e-06 	 9.947923e+06 	
7.17467467e+06 	 3.141551e-06 	 9.947240e+06 	
7.17517518e+06 	 3.140809e-06 	 9.946557e+06 	
7.17567568e+06 	 3.140067e-06 	 9.945874e+06 	
7.17617618e+06 	 3.139326e-06 	 9.945191e+06 	
7.17667668e+06 	 3.138585e-06 	 9.944508e+06 	
7.17717718e+06 	 3.137844e-06 	 9.943825e+06 	
7.17767768e+06 	 3.137103e-06 	 9.943143e+06 	
7.17817818e+06 	 3.136362e-06 	 9.942460e+06 	
7.17867868e+06 	 3.135622e-06 	 9.941778e+06 	
7.17917918e+06 	 3.134882e-06 	 9.941095e+06 	
7.17967968e+06 	 3.134142e-06 	 9.940413e+06 	
7.18018018e+06 	 3.133402e-06 	 9.939731e+06 	
7.18068068e+06 	 3.132663e-06 	 9.939049e+06 	
7.18118118e+06 	 3.131924e-06 	 9.938367e+06 	
7.18168168e+06 	 3.131185e-06 	 9.937685e+06 	
7.18218218e+06 	 3.130446e-06 	 9.937004e+06 	
7.18268268e+06 	 3.129707e-06 	 9.936322e+06 	
7.18318318e+06 	 3.128969e-06 	 9.935641e+06 	
7.18368368e+06 	 3.128231e-06 	 9.934959e+06 	
7.18418418e+06 	 3.127493e-06 	 9.934278e+06 	
7.18468468e+06 	 3.126755e-06 	 9.933597e+06 	
7.18518519e+06 	 3.126018e-06 	 9.932916e+06 	
7.18568569e+06 	 3.125280e-06 	 9.932235e+06 	
7.18618619e+06 	 3.124543e-06 	 9.931554e+06 	
7.18668669e+06 	 3.123807e-06 	 9.930873e+06 	
7.18718719e+06 	 3.123070e-06 	 9.930193e+06 	
7.18768769e+06 	 3.122334e-06 	 9.929512e+06 	
7.18818819e+06 	 3.121598e-06 	 9.928832e+06 	
7.18868869e+06 	 3.120862e-06 	 9.928151e+06 	
7.18918919e+06 	 3.120126e-06 	 9.927471e+06 	
7.18968969e+06 	 3.119391e-06 	 9.926791e+06 	
7.19019019e+06 	 3.118656e-06 	 9.926111e+06 	
7.19069069e+06 	 3.117921e-06 	 9.925431e+06 	
7.19119119e+06 	 3.117186e-06 	 9.924751e+06 	
7.19169169e+06 	 3.116451e-06 	 9.924072e+06 	
7.19219219e+06 	 3.115717e-06 	 9.923392e+06 	
7.19269269e+06 	 3.114983e-06 	 9.922713e+06 	
7.19319319e+06 	 3.114249e-06 	 9.922033e+06 	
7.19369369e+06 	 3.113515e-06 	 9.921354e+06 	
7.19419419e+06 	 3.112782e-06 	 9.920675e+06 	
7.19469469e+06 	 3.112049e-06 	 9.919996e+06 	
7.19519520e+06 	 3.111316e-06 	 9.919317e+06 	
7.19569570e+06 	 3.110583e-06 	 9.918638e+06 	
7.19619620e+06 	 3.109850e-06 	 9.917959e+06 	
7.19669670e+06 	 3.109118e-06 	 9.917281e+06 	
7.19719720e+06 	 3.108386e-06 	 9.916602e+06 	
7.19769770e+06 	 3.107654e-06 	 9.915924e+06 	
7.19819820e+06 	 3.106922e-06 	 9.915246e+06 	
7.19869870e+06 	 3.106191e-06 	 9.914567e+06 	
7.19919920e+06 	 3.105459e-06 	 9.913889e+06 	
7.19969970e+06 	 3.104728e-06 	 9.913211e+06 	
7.20020020e+06 	 3.103998e-06 	 9.912533e+06 	
7.20070070e+06 	 3.103267e-06 	 9.911856e+06 	
7.20120120e+06 	 3.102537e-06 	 9.911178e+06 	
7.20170170e+06 	 3.101807e-06 	 9.910500e+06 	
7.20220220e+06 	 3.101077e-06 	 9.909823e+06 	
7.20270270e+06 	 3.100347e-06 	 9.909145e+06 	
7.20320320e+06 	 3.099618e-06 	 9.908468e+06 	
7.20370370e+06 	 3.098888e-06 	 9.907791e+06 	
7.20420420e+06 	 3.098159e-06 	 9.907114e+06 	
7.20470470e+06 	 3.097430e-06 	 9.906437e+06 	
7.20520521e+06 	 3.096702e-06 	 9.905760e+06 	
7.20570571e+06 	 3.095974e-06 	 9.905083e+06 	
7.20620621e+06 	 3.095245e-06 	 9.904407e+06 	
7.20670671e+06 	 3.094517e-06 	 9.903730e+06 	
7.20720721e+06 	 3.093790e-06 	 9.903054e+06 	
7.20770771e+06 	 3.093062e-06 	 9.902378e+06 	
7.20820821e+06 	 3.092335e-06 	 9.901701e+06 	
7.20870871e+06 	 3.091608e-06 	 9.901025e+06 	
7.20920921e+06 	 3.090881e-06 	 9.900349e+06 	
7.20970971e+06 	 3.090154e-06 	 9.899673e+06 	
7.21021021e+06 	 3.089428e-06 	 9.898998e+06 	
7.21071071e+06 	 3.088702e-06 	 9.898322e+06 	
7.21121121e+06 	 3.087976e-06 	 9.897646e+06 	
7.21171171e+06 	 3.087250e-06 	 9.896971e+06 	
7.21221221e+06 	 3.086525e-06 	 9.896295e+06 	
7.21271271e+06 	 3.085799e-06 	 9.895620e+06 	
7.21321321e+06 	 3.085074e-06 	 9.894945e+06 	
7.21371371e+06 	 3.084349e-06 	 9.894270e+06 	
7.21421421e+06 	 3.083625e-06 	 9.893595e+06 	
7.21471471e+06 	 3.082900e-06 	 9.892920e+06 	
7.21521522e+06 	 3.082176e-06 	 9.892245e+06 	
7.21571572e+06 	 3.081452e-06 	 9.891571e+06 	
7.21621622e+06 	 3.080728e-06 	 9.890896e+06 	
7.21671672e+06 	 3.080005e-06 	 9.890222e+06 	
7.21721722e+06 	 3.079282e-06 	 9.889548e+06 	
7.21771772e+06 	 3.078558e-06 	 9.888873e+06 	
7.21821822e+06 	 3.077835e-06 	 9.888199e+06 	
7.21871872e+06 	 3.077113e-06 	 9.887525e+06 	
7.21921922e+06 	 3.076390e-06 	 9.886851e+06 	
7.21971972e+06 	 3.075668e-06 	 9.886177e+06 	
7.22022022e+06 	 3.074946e-06 	 9.885504e+06 	
7.22072072e+06 	 3.074224e-06 	 9.884830e+06 	
7.22122122e+06 	 3.073503e-06 	 9.884157e+06 	
7.22172172e+06 	 3.072781e-06 	 9.883483e+06 	
7.22222222e+06 	 3.072060e-06 	 9.882810e+06 	
7.22272272e+06 	 3.071339e-06 	 9.882137e+06 	
7.22322322e+06 	 3.070618e-06 	 9.881464e+06 	
7.22372372e+06 	 3.069898e-06 	 9.880791e+06 	
7.22422422e+06 	 3.069178e-06 	 9.880118e+06 	
7.22472472e+06 	 3.068458e-06 	 9.879445e+06 	
7.22522523e+06 	 3.067738e-06 	 9.878772e+06 	
7.22572573e+06 	 3.067018e-06 	 9.878100e+06 	
7.22622623e+06 	 3.066299e-06 	 9.877427e+06 	
7.22672673e+06 	 3.065579e-06 	 9.876755e+06 	
7.22722723e+06 	 3.064860e-06 	 9.876083e+06 	
7.22772773e+06 	 3.064142e-06 	 9.875411e+06 	
7.22822823e+06 	 3.063423e-06 	 9.874739e+06 	
7.22872873e+06 	 3.062705e-06 	 9.874067e+06 	
7.22922923e+06 	 3.061987e-06 	 9.873395e+06 	
7.22972973e+06 	 3.061269e-06 	 9.872723e+06 	
7.23023023e+06 	 3.060551e-06 	 9.872052e+06 	
7.23073073e+06 	 3.059833e-06 	 9.871380e+06 	
7.23123123e+06 	 3.059116e-06 	 9.870709e+06 	
7.23173173e+06 	 3.058399e-06 	 9.870037e+06 	
7.23223223e+06 	 3.057682e-06 	 9.869366e+06 	
7.23273273e+06 	 3.056966e-06 	 9.868695e+06 	
7.23323323e+06 	 3.056249e-06 	 9.868024e+06 	
7.23373373e+06 	 3.055533e-06 	 9.867353e+06 	
7.23423423e+06 	 3.054817e-06 	 9.866682e+06 	
7.23473473e+06 	 3.054101e-06 	 9.866012e+06 	
7.23523524e+06 	 3.053386e-06 	 9.865341e+06 	
7.23573574e+06 	 3.052670e-06 	 9.864671e+06 	
7.23623624e+06 	 3.051955e-06 	 9.864000e+06 	
7.23673674e+06 	 3.051240e-06 	 9.863330e+06 	
7.23723724e+06 	 3.050526e-06 	 9.862660e+06 	
7.23773774e+06 	 3.049811e-06 	 9.861990e+06 	
7.23823824e+06 	 3.049097e-06 	 9.861320e+06 	
7.23873874e+06 	 3.048383e-06 	 9.860650e+06 	
7.23923924e+06 	 3.047669e-06 	 9.859980e+06 	
7.23973974e+06 	 3.046955e-06 	 9.859310e+06 	
7.24024024e+06 	 3.046242e-06 	 9.858641e+06 	
7.24074074e+06 	 3.045529e-06 	 9.857971e+06 	
7.24124124e+06 	 3.044816e-06 	 9.857302e+06 	
7.24174174e+06 	 3.044103e-06 	 9.856633e+06 	
7.24224224e+06 	 3.043391e-06 	 9.855964e+06 	
7.24274274e+06 	 3.042678e-06 	 9.855295e+06 	
7.24324324e+06 	 3.041966e-06 	 9.854626e+06 	
7.24374374e+06 	 3.041254e-06 	 9.853957e+06 	
7.24424424e+06 	 3.040542e-06 	 9.853288e+06 	
7.24474474e+06 	 3.039831e-06 	 9.852620e+06 	
7.24524525e+06 	 3.039120e-06 	 9.851951e+06 	
7.24574575e+06 	 3.038409e-06 	 9.851283e+06 	
7.24624625e+06 	 3.037698e-06 	 9.850614e+06 	
7.24674675e+06 	 3.036987e-06 	 9.849946e+06 	
7.24724725e+06 	 3.036277e-06 	 9.849278e+06 	
7.24774775e+06 	 3.035567e-06 	 9.848610e+06 	
7.24824825e+06 	 3.034857e-06 	 9.847942e+06 	
7.24874875e+06 	 3.034147e-06 	 9.847274e+06 	
7.24924925e+06 	 3.033437e-06 	 9.846607e+06 	
7.24974975e+06 	 3.032728e-06 	 9.845939e+06 	
7.25025025e+06 	 3.032019e-06 	 9.845271e+06 	
7.25075075e+06 	 3.031310e-06 	 9.844604e+06 	
7.25125125e+06 	 3.030601e-06 	 9.843937e+06 	
7.25175175e+06 	 3.029893e-06 	 9.843270e+06 	
7.25225225e+06 	 3.029184e-06 	 9.842603e+06 	
7.25275275e+06 	 3.028476e-06 	 9.841936e+06 	
7.25325325e+06 	 3.027768e-06 	 9.841269e+06 	
7.25375375e+06 	 3.027061e-06 	 9.840602e+06 	
7.25425425e+06 	 3.026353e-06 	 9.839935e+06 	
7.25475475e+06 	 3.025646e-06 	 9.839269e+06 	
7.25525526e+06 	 3.024939e-06 	 9.838602e+06 	
7.25575576e+06 	 3.024232e-06 	 9.837936e+06 	
7.25625626e+06 	 3.023526e-06 	 9.837270e+06 	
7.25675676e+06 	 3.022819e-06 	 9.836603e+06 	
7.25725726e+06 	 3.022113e-06 	 9.835937e+06 	
7.25775776e+06 	 3.021407e-06 	 9.835271e+06 	
7.25825826e+06 	 3.020701e-06 	 9.834606e+06 	
7.25875876e+06 	 3.019996e-06 	 9.833940e+06 	
7.25925926e+06 	 3.019290e-06 	 9.833274e+06 	
7.25975976e+06 	 3.018585e-06 	 9.832609e+06 	
7.26026026e+06 	 3.017880e-06 	 9.831943e+06 	
7.26076076e+06 	 3.017176e-06 	 9.831278e+06 	
7.26126126e+06 	 3.016471e-06 	 9.830613e+06 	
7.26176176e+06 	 3.015767e-06 	 9.829947e+06 	
7.26226226e+06 	 3.015063e-06 	 9.829282e+06 	
7.26276276e+06 	 3.014359e-06 	 9.828618e+06 	
7.26326326e+06 	 3.013655e-06 	 9.827953e+06 	
7.26376376e+06 	 3.012952e-06 	 9.827288e+06 	
7.26426426e+06 	 3.012249e-06 	 9.826623e+06 	
7.26476476e+06 	 3.011546e-06 	 9.825959e+06 	
7.26526527e+06 	 3.010843e-06 	 9.825294e+06 	
7.26576577e+06 	 3.010140e-06 	 9.824630e+06 	
7.26626627e+06 	 3.009438e-06 	 9.823966e+06 	
7.26676677e+06 	 3.008736e-06 	 9.823302e+06 	
7.26726727e+06 	 3.008034e-06 	 9.822638e+06 	
7.26776777e+06 	 3.007332e-06 	 9.821974e+06 	
7.26826827e+06 	 3.006630e-06 	 9.821310e+06 	
7.26876877e+06 	 3.005929e-06 	 9.820646e+06 	
7.26926927e+06 	 3.005228e-06 	 9.819983e+06 	
7.26976977e+06 	 3.004527e-06 	 9.819319e+06 	
7.27027027e+06 	 3.003826e-06 	 9.818656e+06 	
7.27077077e+06 	 3.003126e-06 	 9.817993e+06 	
7.27127127e+06 	 3.002426e-06 	 9.817329e+06 	
7.27177177e+06 	 3.001725e-06 	 9.816666e+06 	
7.27227227e+06 	 3.001026e-06 	 9.816003e+06 	
7.27277277e+06 	 3.000326e-06 	 9.815340e+06 	
7.27327327e+06 	 2.999626e-06 	 9.814678e+06 	
7.27377377e+06 	 2.998927e-06 	 9.814015e+06 	
7.27427427e+06 	 2.998228e-06 	 9.813352e+06 	
7.27477477e+06 	 2.997529e-06 	 9.812690e+06 	
7.27527528e+06 	 2.996831e-06 	 9.812027e+06 	
7.27577578e+06 	 2.996132e-06 	 9.811365e+06 	
7.27627628e+06 	 2.995434e-06 	 9.810703e+06 	
7.27677678e+06 	 2.994736e-06 	 9.810041e+06 	
7.27727728e+06 	 2.994038e-06 	 9.809379e+06 	
7.27777778e+06 	 2.993341e-06 	 9.808717e+06 	
7.27827828e+06 	 2.992643e-06 	 9.808055e+06 	
7.27877878e+06 	 2.991946e-06 	 9.807394e+06 	
7.27927928e+06 	 2.991249e-06 	 9.806732e+06 	
7.27977978e+06 	 2.990552e-06 	 9.806071e+06 	
7.28028028e+06 	 2.989856e-06 	 9.805409e+06 	
7.28078078e+06 	 2.989160e-06 	 9.804748e+06 	
7.28128128e+06 	 2.988463e-06 	 9.804087e+06 	
7.28178178e+06 	 2.987767e-06 	 9.803426e+06 	
7.28228228e+06 	 2.987072e-06 	 9.802765e+06 	
7.28278278e+06 	 2.986376e-06 	 9.802104e+06 	
7.28328328e+06 	 2.985681e-06 	 9.801443e+06 	
7.28378378e+06 	 2.984986e-06 	 9.800782e+06 	
7.28428428e+06 	 2.984291e-06 	 9.800122e+06 	
7.28478478e+06 	 2.983596e-06 	 9.799461e+06 	
7.28528529e+06 	 2.982902e-06 	 9.798801e+06 	
7.28578579e+06 	 2.982208e-06 	 9.798141e+06 	
7.28628629e+06 	 2.981514e-06 	 9.797481e+06 	
7.28678679e+06 	 2.980820e-06 	 9.796821e+06 	
7.28728729e+06 	 2.980126e-06 	 9.796161e+06 	
7.28778779e+06 	 2.979433e-06 	 9.795501e+06 	
7.28828829e+06 	 2.978739e-06 	 9.794841e+06 	
7.28878879e+06 	 2.978046e-06 	 9.794181e+06 	
7.28928929e+06 	 2.977353e-06 	 9.793522e+06 	
7.28978979e+06 	 2.976661e-06 	 9.792862e+06 	
7.29029029e+06 	 2.975968e-06 	 9.792203e+06 	
7.29079079e+06 	 2.975276e-06 	 9.791544e+06 	
7.29129129e+06 	 2.974584e-06 	 9.790885e+06 	
7.29179179e+06 	 2.973892e-06 	 9.790226e+06 	
7.29229229e+06 	 2.973201e-06 	 9.789567e+06 	
7.29279279e+06 	 2.972510e-06 	 9.788908e+06 	
7.29329329e+06 	 2.971818e-06 	 9.788249e+06 	
7.29379379e+06 	 2.971127e-06 	 9.787590e+06 	
7.29429429e+06 	 2.970437e-06 	 9.786932e+06 	
7.29479479e+06 	 2.969746e-06 	 9.786274e+06 	
7.29529530e+06 	 2.969056e-06 	 9.785615e+06 	
7.29579580e+06 	 2.968366e-06 	 9.784957e+06 	
7.29629630e+06 	 2.967676e-06 	 9.784299e+06 	
7.29679680e+06 	 2.966986e-06 	 9.783641e+06 	
7.29729730e+06 	 2.966296e-06 	 9.782983e+06 	
7.29779780e+06 	 2.965607e-06 	 9.782325e+06 	
7.29829830e+06 	 2.964918e-06 	 9.781667e+06 	
7.29879880e+06 	 2.964229e-06 	 9.781010e+06 	
7.29929930e+06 	 2.963540e-06 	 9.780352e+06 	
7.29979980e+06 	 2.962852e-06 	 9.779695e+06 	
7.30030030e+06 	 2.962163e-06 	 9.779037e+06 	
7.30080080e+06 	 2.961475e-06 	 9.778380e+06 	
7.30130130e+06 	 2.960787e-06 	 9.777723e+06 	
7.30180180e+06 	 2.960100e-06 	 9.777066e+06 	
7.30230230e+06 	 2.959412e-06 	 9.776409e+06 	
7.30280280e+06 	 2.958725e-06 	 9.775752e+06 	
7.30330330e+06 	 2.958038e-06 	 9.775095e+06 	
7.30380380e+06 	 2.957351e-06 	 9.774439e+06 	
7.30430430e+06 	 2.956664e-06 	 9.773782e+06 	
7.30480480e+06 	 2.955978e-06 	 9.773126e+06 	
7.30530531e+06 	 2.955292e-06 	 9.772470e+06 	
7.30580581e+06 	 2.954606e-06 	 9.771813e+06 	
7.30630631e+06 	 2.953920e-06 	 9.771157e+06 	
7.30680681e+06 	 2.953234e-06 	 9.770501e+06 	
7.30730731e+06 	 2.952549e-06 	 9.769845e+06 	
7.30780781e+06 	 2.951863e-06 	 9.769189e+06 	
7.30830831e+06 	 2.951178e-06 	 9.768534e+06 	
7.30880881e+06 	 2.950494e-06 	 9.767878e+06 	
7.30930931e+06 	 2.949809e-06 	 9.767223e+06 	
7.30980981e+06 	 2.949125e-06 	 9.766567e+06 	
7.31031031e+06 	 2.948440e-06 	 9.765912e+06 	
7.31081081e+06 	 2.947756e-06 	 9.765257e+06 	
7.31131131e+06 	 2.947072e-06 	 9.764601e+06 	
7.31181181e+06 	 2.946389e-06 	 9.763946e+06 	
7.31231231e+06 	 2.945705e-06 	 9.763291e+06 	
7.31281281e+06 	 2.945022e-06 	 9.762637e+06 	
7.31331331e+06 	 2.944339e-06 	 9.761982e+06 	
7.31381381e+06 	 2.943656e-06 	 9.761327e+06 	
7.31431431e+06 	 2.942974e-06 	 9.760673e+06 	
7.31481481e+06 	 2.942291e-06 	 9.760018e+06 	
7.31531532e+06 	 2.941609e-06 	 9.759364e+06 	
7.31581582e+06 	 2.940927e-06 	 9.758710e+06 	
7.31631632e+06 	 2.940245e-06 	 9.758056e+06 	
7.31681682e+06 	 2.939564e-06 	 9.757402e+06 	
7.31731732e+06 	 2.938882e-06 	 9.756748e+06 	
7.31781782e+06 	 2.938201e-06 	 9.756094e+06 	
7.31831832e+06 	 2.937520e-06 	 9.755440e+06 	
7.31881882e+06 	 2.936839e-06 	 9.754787e+06 	
7.31931932e+06 	 2.936159e-06 	 9.754133e+06 	
7.31981982e+06 	 2.935478e-06 	 9.753480e+06 	
7.32032032e+06 	 2.934798e-06 	 9.752826e+06 	
7.32082082e+06 	 2.934118e-06 	 9.752173e+06 	
7.32132132e+06 	 2.933439e-06 	 9.751520e+06 	
7.32182182e+06 	 2.932759e-06 	 9.750867e+06 	
7.32232232e+06 	 2.932080e-06 	 9.750214e+06 	
7.32282282e+06 	 2.931400e-06 	 9.749561e+06 	
7.32332332e+06 	 2.930721e-06 	 9.748908e+06 	
7.32382382e+06 	 2.930043e-06 	 9.748256e+06 	
7.32432432e+06 	 2.929364e-06 	 9.747603e+06 	
7.32482482e+06 	 2.928686e-06 	 9.746951e+06 	
7.32532533e+06 	 2.928008e-06 	 9.746298e+06 	
7.32582583e+06 	 2.927330e-06 	 9.745646e+06 	
7.32632633e+06 	 2.926652e-06 	 9.744994e+06 	
7.32682683e+06 	 2.925974e-06 	 9.744342e+06 	
7.32732733e+06 	 2.925297e-06 	 9.743690e+06 	
7.32782783e+06 	 2.924620e-06 	 9.743038e+06 	
7.32832833e+06 	 2.923943e-06 	 9.742387e+06 	
7.32882883e+06 	 2.923266e-06 	 9.741735e+06 	
7.32932933e+06 	 2.922589e-06 	 9.741083e+06 	
7.32982983e+06 	 2.921913e-06 	 9.740432e+06 	
7.33033033e+06 	 2.921237e-06 	 9.739781e+06 	
7.33083083e+06 	 2.920561e-06 	 9.739129e+06 	
7.33133133e+06 	 2.919885e-06 	 9.738478e+06 	
7.33183183e+06 	 2.919210e-06 	 9.737827e+06 	
7.33233233e+06 	 2.918534e-06 	 9.737176e+06 	
7.33283283e+06 	 2.917859e-06 	 9.736525e+06 	
7.33333333e+06 	 2.917184e-06 	 9.735875e+06 	
7.33383383e+06 	 2.916509e-06 	 9.735224e+06 	
7.33433433e+06 	 2.915835e-06 	 9.734573e+06 	
7.33483483e+06 	 2.915160e-06 	 9.733923e+06 	
7.33533534e+06 	 2.914486e-06 	 9.733273e+06 	
7.33583584e+06 	 2.913812e-06 	 9.732622e+06 	
7.33633634e+06 	 2.913139e-06 	 9.731972e+06 	
7.33683684e+06 	 2.912465e-06 	 9.731322e+06 	
7.33733734e+06 	 2.911792e-06 	 9.730672e+06 	
7.33783784e+06 	 2.911118e-06 	 9.730022e+06 	
7.33833834e+06 	 2.910445e-06 	 9.729373e+06 	
7.33883884e+06 	 2.909773e-06 	 9.728723e+06 	
7.33933934e+06 	 2.909100e-06 	 9.728073e+06 	
7.33983984e+06 	 2.908428e-06 	 9.727424e+06 	
7.34034034e+06 	 2.907756e-06 	 9.726774e+06 	
7.34084084e+06 	 2.907084e-06 	 9.726125e+06 	
7.34134134e+06 	 2.906412e-06 	 9.725476e+06 	
7.34184184e+06 	 2.905740e-06 	 9.724827e+06 	
7.34234234e+06 	 2.905069e-06 	 9.724178e+06 	
7.34284284e+06 	 2.904398e-06 	 9.723529e+06 	
7.34334334e+06 	 2.903727e-06 	 9.722880e+06 	
7.34384384e+06 	 2.903056e-06 	 9.722232e+06 	
7.34434434e+06 	 2.902385e-06 	 9.721583e+06 	
7.34484484e+06 	 2.901715e-06 	 9.720935e+06 	
7.34534535e+06 	 2.901045e-06 	 9.720286e+06 	
7.34584585e+06 	 2.900375e-06 	 9.719638e+06 	
7.34634635e+06 	 2.899705e-06 	 9.718990e+06 	
7.34684685e+06 	 2.899035e-06 	 9.718342e+06 	
7.34734735e+06 	 2.898366e-06 	 9.717694e+06 	
7.34784785e+06 	 2.897697e-06 	 9.717046e+06 	
7.34834835e+06 	 2.897028e-06 	 9.716398e+06 	
7.34884885e+06 	 2.896359e-06 	 9.715750e+06 	
7.34934935e+06 	 2.895690e-06 	 9.715103e+06 	
7.34984985e+06 	 2.895022e-06 	 9.714455e+06 	
7.35035035e+06 	 2.894354e-06 	 9.713808e+06 	
7.35085085e+06 	 2.893686e-06 	 9.713161e+06 	
7.35135135e+06 	 2.893018e-06 	 9.712513e+06 	
7.35185185e+06 	 2.892350e-06 	 9.711866e+06 	
7.35235235e+06 	 2.891683e-06 	 9.711219e+06 	
7.35285285e+06 	 2.891015e-06 	 9.710572e+06 	
7.35335335e+06 	 2.890348e-06 	 9.709926e+06 	
7.35385385e+06 	 2.889682e-06 	 9.709279e+06 	
7.35435435e+06 	 2.889015e-06 	 9.708632e+06 	
7.35485485e+06 	 2.888348e-06 	 9.707986e+06 	
7.35535536e+06 	 2.887682e-06 	 9.707339e+06 	
7.35585586e+06 	 2.887016e-06 	 9.706693e+06 	
7.35635636e+06 	 2.886350e-06 	 9.706047e+06 	
7.35685686e+06 	 2.885685e-06 	 9.705401e+06 	
7.35735736e+06 	 2.885019e-06 	 9.704755e+06 	
7.35785786e+06 	 2.884354e-06 	 9.704109e+06 	
7.35835836e+06 	 2.883689e-06 	 9.703463e+06 	
7.35885886e+06 	 2.883024e-06 	 9.702817e+06 	
7.35935936e+06 	 2.882359e-06 	 9.702172e+06 	
7.35985986e+06 	 2.881695e-06 	 9.701526e+06 	
7.36036036e+06 	 2.881030e-06 	 9.700881e+06 	
7.36086086e+06 	 2.880366e-06 	 9.700235e+06 	
7.36136136e+06 	 2.879702e-06 	 9.699590e+06 	
7.36186186e+06 	 2.879039e-06 	 9.698945e+06 	
7.36236236e+06 	 2.878375e-06 	 9.698300e+06 	
7.36286286e+06 	 2.877712e-06 	 9.697655e+06 	
7.36336336e+06 	 2.877049e-06 	 9.697010e+06 	
7.36386386e+06 	 2.876386e-06 	 9.696365e+06 	
7.36436436e+06 	 2.875723e-06 	 9.695721e+06 	
7.36486486e+06 	 2.875061e-06 	 9.695076e+06 	
7.36536537e+06 	 2.874398e-06 	 9.694432e+06 	
7.36586587e+06 	 2.873736e-06 	 9.693787e+06 	
7.36636637e+06 	 2.873074e-06 	 9.693143e+06 	
7.36686687e+06 	 2.872412e-06 	 9.692499e+06 	
7.36736737e+06 	 2.871751e-06 	 9.691855e+06 	
7.36786787e+06 	 2.871089e-06 	 9.691211e+06 	
7.36836837e+06 	 2.870428e-06 	 9.690567e+06 	
7.36886887e+06 	 2.869767e-06 	 9.689923e+06 	
7.36936937e+06 	 2.869106e-06 	 9.689280e+06 	
7.36986987e+06 	 2.868446e-06 	 9.688636e+06 	
7.37037037e+06 	 2.867786e-06 	 9.687992e+06 	
7.37087087e+06 	 2.867125e-06 	 9.687349e+06 	
7.37137137e+06 	 2.866465e-06 	 9.686706e+06 	
7.37187187e+06 	 2.865805e-06 	 9.686063e+06 	
7.37237237e+06 	 2.865146e-06 	 9.685419e+06 	
7.37287287e+06 	 2.864486e-06 	 9.684776e+06 	
7.37337337e+06 	 2.863827e-06 	 9.684134e+06 	
7.37387387e+06 	 2.863168e-06 	 9.683491e+06 	
7.37437437e+06 	 2.862509e-06 	 9.682848e+06 	
7.37487487e+06 	 2.861851e-06 	 9.682205e+06 	
7.37537538e+06 	 2.861192e-06 	 9.681563e+06 	
7.37587588e+06 	 2.860534e-06 	 9.680921e+06 	
7.37637638e+06 	 2.859876e-06 	 9.680278e+06 	
7.37687688e+06 	 2.859218e-06 	 9.679636e+06 	
7.37737738e+06 	 2.858560e-06 	 9.678994e+06 	
7.37787788e+06 	 2.857903e-06 	 9.678352e+06 	
7.37837838e+06 	 2.857245e-06 	 9.677710e+06 	
7.37887888e+06 	 2.856588e-06 	 9.677068e+06 	
7.37937938e+06 	 2.855931e-06 	 9.676426e+06 	
7.37987988e+06 	 2.855275e-06 	 9.675785e+06 	
7.38038038e+06 	 2.854618e-06 	 9.675143e+06 	
7.38088088e+06 	 2.853962e-06 	 9.674502e+06 	
7.38138138e+06 	 2.853306e-06 	 9.673860e+06 	
7.38188188e+06 	 2.852650e-06 	 9.673219e+06 	
7.38238238e+06 	 2.851994e-06 	 9.672578e+06 	
7.38288288e+06 	 2.851338e-06 	 9.671937e+06 	
7.38338338e+06 	 2.850683e-06 	 9.671296e+06 	
7.38388388e+06 	 2.850028e-06 	 9.670655e+06 	
7.38438438e+06 	 2.849373e-06 	 9.670014e+06 	
7.38488488e+06 	 2.848718e-06 	 9.669374e+06 	
7.38538539e+06 	 2.848063e-06 	 9.668733e+06 	
7.38588589e+06 	 2.847409e-06 	 9.668093e+06 	
7.38638639e+06 	 2.846755e-06 	 9.667452e+06 	
7.38688689e+06 	 2.846101e-06 	 9.666812e+06 	
7.38738739e+06 	 2.845447e-06 	 9.666172e+06 	
7.38788789e+06 	 2.844793e-06 	 9.665532e+06 	
7.38838839e+06 	 2.844140e-06 	 9.664892e+06 	
7.38888889e+06 	 2.843487e-06 	 9.664252e+06 	
7.38938939e+06 	 2.842834e-06 	 9.663612e+06 	
7.38988989e+06 	 2.842181e-06 	 9.662972e+06 	
7.39039039e+06 	 2.841528e-06 	 9.662333e+06 	
7.39089089e+06 	 2.840875e-06 	 9.661693e+06 	
7.39139139e+06 	 2.840223e-06 	 9.661054e+06 	
7.39189189e+06 	 2.839571e-06 	 9.660415e+06 	
7.39239239e+06 	 2.838919e-06 	 9.659775e+06 	
7.39289289e+06 	 2.838267e-06 	 9.659136e+06 	
7.39339339e+06 	 2.837616e-06 	 9.658497e+06 	
7.39389389e+06 	 2.836964e-06 	 9.657858e+06 	
7.39439439e+06 	 2.836313e-06 	 9.657219e+06 	
7.39489489e+06 	 2.835662e-06 	 9.656581e+06 	
7.39539540e+06 	 2.835012e-06 	 9.655942e+06 	
7.39589590e+06 	 2.834361e-06 	 9.655303e+06 	
7.39639640e+06 	 2.833711e-06 	 9.654665e+06 	
7.39689690e+06 	 2.833060e-06 	 9.654027e+06 	
7.39739740e+06 	 2.832410e-06 	 9.653388e+06 	
7.39789790e+06 	 2.831760e-06 	 9.652750e+06 	
7.39839840e+06 	 2.831111e-06 	 9.652112e+06 	
7.39889890e+06 	 2.830461e-06 	 9.651474e+06 	
7.39939940e+06 	 2.829812e-06 	 9.650836e+06 	
7.39989990e+06 	 2.829163e-06 	 9.650199e+06 	
7.40040040e+06 	 2.828514e-06 	 9.649561e+06 	
7.40090090e+06 	 2.827865e-06 	 9.648923e+06 	
7.40140140e+06 	 2.827217e-06 	 9.648286e+06 	
7.40190190e+06 	 2.826569e-06 	 9.647648e+06 	
7.40240240e+06 	 2.825921e-06 	 9.647011e+06 	
7.40290290e+06 	 2.825273e-06 	 9.646374e+06 	
7.40340340e+06 	 2.824625e-06 	 9.645737e+06 	
7.40390390e+06 	 2.823977e-06 	 9.645100e+06 	
7.40440440e+06 	 2.823330e-06 	 9.644463e+06 	
7.40490490e+06 	 2.822683e-06 	 9.643826e+06 	
7.40540541e+06 	 2.822036e-06 	 9.643189e+06 	
7.40590591e+06 	 2.821389e-06 	 9.642553e+06 	
7.40640641e+06 	 2.820742e-06 	 9.641916e+06 	
7.40690691e+06 	 2.820096e-06 	 9.641280e+06 	
7.40740741e+06 	 2.819450e-06 	 9.640643e+06 	
7.40790791e+06 	 2.818804e-06 	 9.640007e+06 	
7.40840841e+06 	 2.818158e-06 	 9.639371e+06 	
7.40890891e+06 	 2.817512e-06 	 9.638735e+06 	
7.40940941e+06 	 2.816867e-06 	 9.638099e+06 	
7.40990991e+06 	 2.816221e-06 	 9.637463e+06 	
7.41041041e+06 	 2.815576e-06 	 9.636827e+06 	
7.41091091e+06 	 2.814931e-06 	 9.636192e+06 	
7.41141141e+06 	 2.814287e-06 	 9.635556e+06 	
7.41191191e+06 	 2.813642e-06 	 9.634921e+06 	
7.41241241e+06 	 2.812998e-06 	 9.634285e+06 	
7.41291291e+06 	 2.812354e-06 	 9.633650e+06 	
7.41341341e+06 	 2.811710e-06 	 9.633015e+06 	
7.41391391e+06 	 2.811066e-06 	 9.632380e+06 	
7.41441441e+06 	 2.810422e-06 	 9.631745e+06 	
7.41491491e+06 	 2.809779e-06 	 9.631110e+06 	
7.41541542e+06 	 2.809136e-06 	 9.630475e+06 	
7.41591592e+06 	 2.808493e-06 	 9.629840e+06 	
7.41641642e+06 	 2.807850e-06 	 9.629206e+06 	
7.41691692e+06 	 2.807207e-06 	 9.628571e+06 	
7.41741742e+06 	 2.806565e-06 	 9.627937e+06 	
7.41791792e+06 	 2.805923e-06 	 9.627303e+06 	
7.41841842e+06 	 2.805280e-06 	 9.626668e+06 	
7.41891892e+06 	 2.804639e-06 	 9.626034e+06 	
7.41941942e+06 	 2.803997e-06 	 9.625400e+06 	
7.41991992e+06 	 2.803355e-06 	 9.624766e+06 	
7.42042042e+06 	 2.802714e-06 	 9.624132e+06 	
7.42092092e+06 	 2.802073e-06 	 9.623499e+06 	
7.42142142e+06 	 2.801432e-06 	 9.622865e+06 	
7.42192192e+06 	 2.800791e-06 	 9.622231e+06 	
7.42242242e+06 	 2.800150e-06 	 9.621598e+06 	
7.42292292e+06 	 2.799510e-06 	 9.620964e+06 	
7.42342342e+06 	 2.798870e-06 	 9.620331e+06 	
7.42392392e+06 	 2.798230e-06 	 9.619698e+06 	
7.42442442e+06 	 2.797590e-06 	 9.619065e+06 	
7.42492492e+06 	 2.796950e-06 	 9.618432e+06 	
7.42542543e+06 	 2.796311e-06 	 9.617799e+06 	
7.42592593e+06 	 2.795672e-06 	 9.617166e+06 	
7.42642643e+06 	 2.795032e-06 	 9.616534e+06 	
7.42692693e+06 	 2.794394e-06 	 9.615901e+06 	
7.42742743e+06 	 2.793755e-06 	 9.615268e+06 	
7.42792793e+06 	 2.793116e-06 	 9.614636e+06 	
7.42842843e+06 	 2.792478e-06 	 9.614004e+06 	
7.42892893e+06 	 2.791840e-06 	 9.613371e+06 	
7.42942943e+06 	 2.791202e-06 	 9.612739e+06 	
7.42992993e+06 	 2.790564e-06 	 9.612107e+06 	
7.43043043e+06 	 2.789926e-06 	 9.611475e+06 	
7.43093093e+06 	 2.789289e-06 	 9.610843e+06 	
7.43143143e+06 	 2.788652e-06 	 9.610212e+06 	
7.43193193e+06 	 2.788015e-06 	 9.609580e+06 	
7.43243243e+06 	 2.787378e-06 	 9.608948e+06 	
7.43293293e+06 	 2.786741e-06 	 9.608317e+06 	
7.43343343e+06 	 2.786105e-06 	 9.607686e+06 	
7.43393393e+06 	 2.785468e-06 	 9.607054e+06 	
7.43443443e+06 	 2.784832e-06 	 9.606423e+06 	
7.43493493e+06 	 2.784196e-06 	 9.605792e+06 	
7.43543544e+06 	 2.783561e-06 	 9.605161e+06 	
7.43593594e+06 	 2.782925e-06 	 9.604530e+06 	
7.43643644e+06 	 2.782290e-06 	 9.603899e+06 	
7.43693694e+06 	 2.781654e-06 	 9.603269e+06 	
7.43743744e+06 	 2.781019e-06 	 9.602638e+06 	
7.43793794e+06 	 2.780385e-06 	 9.602007e+06 	
7.43843844e+06 	 2.779750e-06 	 9.601377e+06 	
7.43893894e+06 	 2.779115e-06 	 9.600747e+06 	
7.43943944e+06 	 2.778481e-06 	 9.600116e+06 	
7.43993994e+06 	 2.777847e-06 	 9.599486e+06 	
7.44044044e+06 	 2.777213e-06 	 9.598856e+06 	
7.44094094e+06 	 2.776579e-06 	 9.598226e+06 	
7.44144144e+06 	 2.775946e-06 	 9.597596e+06 	
7.44194194e+06 	 2.775313e-06 	 9.596966e+06 	
7.44244244e+06 	 2.774679e-06 	 9.596337e+06 	
7.44294294e+06 	 2.774046e-06 	 9.595707e+06 	
7.44344344e+06 	 2.773414e-06 	 9.595078e+06 	
7.44394394e+06 	 2.772781e-06 	 9.594448e+06 	
7.44444444e+06 	 2.772148e-06 	 9.593819e+06 	
7.44494494e+06 	 2.771516e-06 	 9.593190e+06 	
7.44544545e+06 	 2.770884e-06 	 9.592561e+06 	
7.44594595e+06 	 2.770252e-06 	 9.591932e+06 	
7.44644645e+06 	 2.769621e-06 	 9.591303e+06 	
7.44694695e+06 	 2.768989e-06 	 9.590674e+06 	
7.44744745e+06 	 2.768358e-06 	 9.590045e+06 	
7.44794795e+06 	 2.767727e-06 	 9.589417e+06 	
7.44844845e+06 	 2.767096e-06 	 9.588788e+06 	
7.44894895e+06 	 2.766465e-06 	 9.588160e+06 	
7.44944945e+06 	 2.765834e-06 	 9.587531e+06 	
7.44994995e+06 	 2.765204e-06 	 9.586903e+06 	
7.45045045e+06 	 2.764574e-06 	 9.586275e+06 	
7.45095095e+06 	 2.763944e-06 	 9.585647e+06 	
7.45145145e+06 	 2.763314e-06 	 9.585019e+06 	
7.45195195e+06 	 2.762684e-06 	 9.584391e+06 	
7.45245245e+06 	 2.762054e-06 	 9.583763e+06 	
7.45295295e+06 	 2.761425e-06 	 9.583135e+06 	
7.45345345e+06 	 2.760796e-06 	 9.582508e+06 	
7.45395395e+06 	 2.760167e-06 	 9.581880e+06 	
7.45445445e+06 	 2.759538e-06 	 9.581253e+06 	
7.45495495e+06 	 2.758910e-06 	 9.580625e+06 	
7.45545546e+06 	 2.758281e-06 	 9.579998e+06 	
7.45595596e+06 	 2.757653e-06 	 9.579371e+06 	
7.45645646e+06 	 2.757025e-06 	 9.578744e+06 	
7.45695696e+06 	 2.756397e-06 	 9.578117e+06 	
7.45745746e+06 	 2.755770e-06 	 9.577490e+06 	
7.45795796e+06 	 2.755142e-06 	 9.576863e+06 	
7.45845846e+06 	 2.754515e-06 	 9.576237e+06 	
7.45895896e+06 	 2.753888e-06 	 9.575610e+06 	
7.45945946e+06 	 2.753261e-06 	 9.574984e+06 	
7.45995996e+06 	 2.752634e-06 	 9.574357e+06 	
7.46046046e+06 	 2.752007e-06 	 9.573731e+06 	
7.46096096e+06 	 2.751381e-06 	 9.573105e+06 	
7.46146146e+06 	 2.750755e-06 	 9.572479e+06 	
7.46196196e+06 	 2.750129e-06 	 9.571853e+06 	
7.46246246e+06 	 2.749503e-06 	 9.571227e+06 	
7.46296296e+06 	 2.748877e-06 	 9.570601e+06 	
7.46346346e+06 	 2.748252e-06 	 9.569975e+06 	
7.46396396e+06 	 2.747626e-06 	 9.569349e+06 	
7.46446446e+06 	 2.747001e-06 	 9.568724e+06 	
7.46496496e+06 	 2.746376e-06 	 9.568098e+06 	
7.46546547e+06 	 2.745751e-06 	 9.567473e+06 	
7.46596597e+06 	 2.745127e-06 	 9.566848e+06 	
7.46646647e+06 	 2.744502e-06 	 9.566223e+06 	
7.46696697e+06 	 2.743878e-06 	 9.565598e+06 	
7.46746747e+06 	 2.743254e-06 	 9.564973e+06 	
7.46796797e+06 	 2.742630e-06 	 9.564348e+06 	
7.46846847e+06 	 2.742007e-06 	 9.563723e+06 	
7.46896897e+06 	 2.741383e-06 	 9.563098e+06 	
7.46946947e+06 	 2.740760e-06 	 9.562474e+06 	
7.46996997e+06 	 2.740137e-06 	 9.561849e+06 	
7.47047047e+06 	 2.739514e-06 	 9.561225e+06 	
7.47097097e+06 	 2.738891e-06 	 9.560600e+06 	
7.47147147e+06 	 2.738268e-06 	 9.559976e+06 	
7.47197197e+06 	 2.737646e-06 	 9.559352e+06 	
7.47247247e+06 	 2.737024e-06 	 9.558728e+06 	
7.47297297e+06 	 2.736402e-06 	 9.558104e+06 	
7.47347347e+06 	 2.735780e-06 	 9.557480e+06 	
7.47397397e+06 	 2.735158e-06 	 9.556856e+06 	
7.47447447e+06 	 2.734536e-06 	 9.556232e+06 	
7.47497497e+06 	 2.733915e-06 	 9.555609e+06 	
7.47547548e+06 	 2.733294e-06 	 9.554985e+06 	
7.47597598e+06 	 2.732673e-06 	 9.554362e+06 	
7.47647648e+06 	 2.732052e-06 	 9.553739e+06 	
7.47697698e+06 	 2.731431e-06 	 9.553115e+06 	
7.47747748e+06 	 2.730811e-06 	 9.552492e+06 	
7.47797798e+06 	 2.730191e-06 	 9.551869e+06 	
7.47847848e+06 	 2.729571e-06 	 9.551246e+06 	
7.47897898e+06 	 2.728951e-06 	 9.550623e+06 	
7.47947948e+06 	 2.728331e-06 	 9.550001e+06 	
7.47997998e+06 	 2.727711e-06 	 9.549378e+06 	
7.48048048e+06 	 2.727092e-06 	 9.548755e+06 	
7.48098098e+06 	 2.726473e-06 	 9.548133e+06 	
7.48148148e+06 	 2.725854e-06 	 9.547511e+06 	
7.48198198e+06 	 2.725235e-06 	 9.546888e+06 	
7.48248248e+06 	 2.724616e-06 	 9.546266e+06 	
7.48298298e+06 	 2.723998e-06 	 9.545644e+06 	
7.48348348e+06 	 2.723380e-06 	 9.545022e+06 	
7.48398398e+06 	 2.722762e-06 	 9.544400e+06 	
7.48448448e+06 	 2.722144e-06 	 9.543778e+06 	
7.48498498e+06 	 2.721526e-06 	 9.543156e+06 	
7.48548549e+06 	 2.720908e-06 	 9.542535e+06 	
7.48598599e+06 	 2.720291e-06 	 9.541913e+06 	
7.48648649e+06 	 2.719674e-06 	 9.541292e+06 	
7.48698699e+06 	 2.719057e-06 	 9.540670e+06 	
7.48748749e+06 	 2.718440e-06 	 9.540049e+06 	
7.48798799e+06 	 2.717823e-06 	 9.539428e+06 	
7.48848849e+06 	 2.717206e-06 	 9.538807e+06 	
7.48898899e+06 	 2.716590e-06 	 9.538186e+06 	
7.48948949e+06 	 2.715974e-06 	 9.537565e+06 	
7.48998999e+06 	 2.715358e-06 	 9.536944e+06 	
7.49049049e+06 	 2.714742e-06 	 9.536323e+06 	
7.49099099e+06 	 2.714127e-06 	 9.535703e+06 	
7.49149149e+06 	 2.713511e-06 	 9.535082e+06 	
7.49199199e+06 	 2.712896e-06 	 9.534462e+06 	
7.49249249e+06 	 2.712281e-06 	 9.533841e+06 	
7.49299299e+06 	 2.711666e-06 	 9.533221e+06 	
7.49349349e+06 	 2.711051e-06 	 9.532601e+06 	
7.49399399e+06 	 2.710437e-06 	 9.531981e+06 	
7.49449449e+06 	 2.709822e-06 	 9.531361e+06 	
7.49499499e+06 	 2.709208e-06 	 9.530741e+06 	
7.49549550e+06 	 2.708594e-06 	 9.530121e+06 	
7.49599600e+06 	 2.707980e-06 	 9.529502e+06 	
7.49649650e+06 	 2.707366e-06 	 9.528882e+06 	
7.49699700e+06 	 2.706753e-06 	 9.528262e+06 	
7.49749750e+06 	 2.706140e-06 	 9.527643e+06 	
7.49799800e+06 	 2.705526e-06 	 9.527024e+06 	
7.49849850e+06 	 2.704913e-06 	 9.526404e+06 	
7.49899900e+06 	 2.704301e-06 	 9.525785e+06 	
7.49949950e+06 	 2.703688e-06 	 9.525166e+06 	
7.50000000e+06 	 2.703076e-06 	 9.524547e+06 	
7.53682323e+06 	 2.658497e-06 	 9.479259e+06 	
7.57382725e+06 	 2.614637e-06 	 9.434241e+06 	
7.61101295e+06 	 2.571482e-06 	 9.389493e+06 	
7.64838122e+06 	 2.529022e-06 	 9.345013e+06 	
7.68593297e+06 	 2.487245e-06 	 9.300798e+06 	
7.72366908e+06 	 2.446138e-06 	 9.256848e+06 	
7.76159047e+06 	 2.405691e-06 	 9.213160e+06 	
7.79969804e+06 	 2.365893e-06 	 9.169733e+06 	
7.83799272e+06 	 2.326731e-06 	 9.126565e+06 	
7.87647541e+06 	 2.288313e-06 	 9.083642e+06 	
7.91514704e+06 	 2.250415e-06 	 9.040985e+06 	
7.95400854e+06 	 2.213127e-06 	 8.998581e+06 	
7.99306084e+06 	 2.176438e-06 	 8.956430e+06 	
8.03230488e+06 	 2.140227e-06 	 8.914543e+06 	
8.07174160e+06 	 2.104689e-06 	 8.872894e+06 	
8.11137194e+06 	 2.069720e-06 	 8.831492e+06 	
8.15119686e+06 	 2.035310e-06 	 8.790336e+06 	
8.19121731e+06 	 2.001343e-06 	 8.749438e+06 	
8.23143425e+06 	 1.968007e-06 	 8.708772e+06 	
8.27184865e+06 	 1.935200e-06 	 8.668347e+06 	
8.31246147e+06 	 1.902914e-06 	 8.628163e+06 	
8.35327369e+06 	 1.871243e-06 	 8.588203e+06 	
8.39428629e+06 	 1.839990e-06 	 8.548492e+06 	
8.43550025e+06 	 1.809236e-06 	 8.509015e+06 	
8.47691656e+06 	 1.778973e-06 	 8.469772e+06 	
8.51853622e+06 	 1.749095e-06 	 8.430775e+06 	
8.56036022e+06 	 1.719773e-06 	 8.391997e+06 	
8.60238956e+06 	 1.690916e-06 	 8.353449e+06 	
8.64462526e+06 	 1.662516e-06 	 8.315128e+06 	
8.68706833e+06 	 1.634477e-06 	 8.277047e+06 	
8.72971978e+06 	 1.606956e-06 	 8.239181e+06 	
8.77258064e+06 	 1.579869e-06 	 8.201538e+06 	
8.81565194e+06 	 1.553209e-06 	 8.164118e+06 	
8.85893470e+06 	 1.527053e-06 	 8.126906e+06 	
8.90242998e+06 	 1.501239e-06 	 8.089924e+06 	
8.94613881e+06 	 1.475832e-06 	 8.053161e+06 	
8.99006223e+06 	 1.450827e-06 	 8.016614e+06 	
9.03420131e+06 	 1.426140e-06 	 7.980296e+06 	
9.07855711e+06 	 1.401906e-06 	 7.944181e+06 	
9.12313067e+06 	 1.378054e-06 	 7.908278e+06 	
9.16792309e+06 	 1.354576e-06 	 7.872587e+06 	
9.21293542e+06 	 1.331396e-06 	 7.837119e+06 	
9.25816876e+06 	 1.308638e-06 	 7.801850e+06 	
9.30362418e+06 	 1.286235e-06 	 7.766789e+06 	
9.34930277e+06 	 1.264182e-06 	 7.731934e+06 	
9.39520564e+06 	 1.242537e-06 	 7.697273e+06 	
9.44133388e+06 	 1.221174e-06 	 7.662826e+06 	
9.48768860e+06 	 1.200144e-06 	 7.628583e+06 	
9.53427090e+06 	 1.179442e-06 	 7.594541e+06 	
9.58108192e+06 	 1.159121e-06 	 7.560687e+06 	
9.62812277e+06 	 1.139066e-06 	 7.527043e+06 	
9.67539457e+06 	 1.119324e-06 	 7.493596e+06 	
9.72289847e+06 	 1.099890e-06 	 7.460346e+06 	
9.77063561e+06 	 1.080758e-06 	 7.427292e+06 	
9.81860712e+06 	 1.061985e-06 	 7.394418e+06 	
9.86681416e+06 	 1.043453e-06 	 7.361749e+06 	
9.91525788e+06 	 1.025210e-06 	 7.329271e+06 	
9.96393946e+06 	 1.007252e-06 	 7.296983e+06 	
1.00128600e+07 	 9.895195e-07 	 7.264898e+06 	
1.00620208e+07 	 9.721090e-07 	 7.232990e+06 	
1.01114230e+07 	 9.549688e-07 	 7.201269e+06 	
1.01610677e+07 	 9.380946e-07 	 7.169735e+06 	
1.02109561e+07 	 9.215305e-07 	 7.138373e+06 	
1.02610895e+07 	 9.051828e-07 	 7.107206e+06 	
1.03114690e+07 	 8.890893e-07 	 7.076220e+06 	
1.03620959e+07 	 8.732461e-07 	 7.045417e+06 	
1.04129713e+07 	 8.576494e-07 	 7.014794e+06 	
1.04640965e+07 	 8.422461e-07 	 6.984362e+06 	
1.05154728e+07 	 8.271235e-07 	 6.954099e+06 	
1.05671013e+07 	 8.122350e-07 	 6.924012e+06 	
1.06189832e+07 	 7.975768e-07 	 6.894102e+06 	
1.06711199e+07 	 7.831884e-07 	 6.864355e+06 	
1.07235126e+07 	 7.689864e-07 	 6.834793e+06 	
1.07761625e+07 	 7.550049e-07 	 6.805403e+06 	
1.08290709e+07 	 7.412404e-07 	 6.776185e+06 	
1.08822391e+07 	 7.276523e-07 	 6.747150e+06 	
1.09356683e+07 	 7.143066e-07 	 6.718274e+06 	
1.09893599e+07 	 7.011673e-07 	 6.689568e+06 	
1.10433150e+07 	 6.882313e-07 	 6.661030e+06 	
1.10975351e+07 	 6.754954e-07 	 6.632659e+06 	
1.11520214e+07 	 6.629197e-07 	 6.604466e+06 	
1.12067752e+07 	 6.505695e-07 	 6.576429e+06 	
1.12617978e+07 	 6.384095e-07 	 6.548555e+06 	
1.13170906e+07 	 6.264366e-07 	 6.520846e+06 	
1.13726548e+07 	 6.146793e-07 	 6.493288e+06 	
1.14284918e+07 	 6.030763e-07 	 6.465901e+06 	
1.14846030e+07 	 5.916522e-07 	 6.438674e+06 	
1.15409897e+07 	 5.804041e-07 	 6.411608e+06 	
1.15976532e+07 	 5.693294e-07 	 6.384700e+06 	
1.16545950e+07 	 5.584558e-07 	 6.357939e+06 	
1.17118163e+07 	 5.477239e-07 	 6.331344e+06 	
1.17693185e+07 	 5.371578e-07 	 6.304906e+06 	
1.18271031e+07 	 5.267551e-07 	 6.278623e+06 	
1.18851714e+07 	 5.165133e-07 	 6.252493e+06 	
1.19435248e+07 	 5.064007e-07 	 6.226530e+06 	
1.20021647e+07 	 4.964693e-07 	 6.200708e+06 	
1.20610924e+07 	 4.866912e-07 	 6.175039e+06 	
1.21203096e+07 	 4.770640e-07 	 6.149520e+06 	
1.21798174e+07 	 4.675607e-07 	 6.124163e+06 	
1.22396174e+07 	 4.582250e-07 	 6.098946e+06 	
1.22997111e+07 	 4.490329e-07 	 6.073878e+06 	
1.23600997e+07 	 4.399821e-07 	 6.048958e+06 	
1.24207849e+07 	 4.310705e-07 	 6.024186e+06 	
1.24817680e+07 	 4.223192e-07 	 5.999548e+06 	
1.25430506e+07 	 4.136826e-07 	 5.975067e+06 	
1.26046340e+07 	 4.051791e-07 	 5.950730e+06 	
1.26665197e+07 	 3.968066e-07 	 5.926538e+06 	
1.27287094e+07 	 3.885633e-07 	 5.902489e+06 	
1.27912043e+07 	 3.804689e-07 	 5.878571e+06 	
1.28540061e+07 	 3.724807e-07 	 5.854806e+06 	
1.29171162e+07 	 3.646161e-07 	 5.831182e+06 	
1.29805362e+07 	 3.568733e-07 	 5.807699e+06 	
1.30442676e+07 	 3.492326e-07 	 5.784366e+06 	
1.31083119e+07 	 3.417256e-07 	 5.761163e+06 	
1.31726706e+07 	 3.343348e-07 	 5.738100e+06 	
1.32373453e+07 	 3.270585e-07 	 5.715174e+06 	
1.33023375e+07 	 3.198949e-07 	 5.692386e+06 	
1.33676488e+07 	 3.128588e-07 	 5.669725e+06 	
1.34332808e+07 	 3.059178e-07 	 5.647209e+06 	
1.34992351e+07 	 2.990849e-07 	 5.624829e+06 	
1.35655131e+07 	 2.923584e-07 	 5.602584e+06 	
1.36321166e+07 	 2.857369e-07 	 5.580473e+06 	
1.36990470e+07 	 2.792038e-07 	 5.558507e+06 	
1.37663061e+07 	 2.727859e-07 	 5.536666e+06 	
1.38338954e+07 	 2.664684e-07 	 5.514957e+06 	
1.39018166e+07 	 2.602498e-07 	 5.493382e+06 	
1.39700712e+07 	 2.541287e-07 	 5.471938e+06 	
1.40386610e+07 	 2.481176e-07 	 5.450615e+06 	
1.41075875e+07 	 2.421894e-07 	 5.429432e+06 	
1.41768524e+07 	 2.363548e-07 	 5.408380e+06 	
1.42464574e+07 	 2.306127e-07 	 5.387459e+06 	
1.43164041e+07 	 2.249620e-07 	 5.366667e+06 	
1.43866943e+07 	 2.193888e-07 	 5.346016e+06 	
1.44573296e+07 	 2.139154e-07 	 5.325484e+06 	
1.45283116e+07 	 2.085297e-07 	 5.305081e+06 	
1.45996422e+07 	 2.032305e-07 	 5.284806e+06 	
1.46713230e+07 	 1.980067e-07 	 5.264669e+06 	
1.47433557e+07 	 1.928761e-07 	 5.244652e+06 	
1.48157421e+07 	 1.878286e-07 	 5.224762e+06 	
1.48884839e+07 	 1.828633e-07 	 5.204999e+06 	
1.49615828e+07 	 1.779792e-07 	 5.185364e+06 	
1.50350407e+07 	 1.731844e-07 	 5.165845e+06 	
1.51088592e+07 	 1.684610e-07 	 5.146461e+06 	
1.51830401e+07 	 1.638163e-07 	 5.127204e+06 	
1.52575852e+07 	 1.592493e-07 	 5.108073e+06 	
1.53324964e+07 	 1.547593e-07 	 5.089068e+06 	
1.54077753e+07 	 1.503375e-07 	 5.070200e+06 	
1.54834238e+07 	 1.459982e-07 	 5.051449e+06 	
1.55594438e+07 	 1.417335e-07 	 5.032822e+06 	
1.56358370e+07 	 1.375427e-07 	 5.014322e+06 	
1.57126052e+07 	 1.334252e-07 	 4.995947e+06 	
1.57897504e+07 	 1.293733e-07 	 4.977709e+06 	
1.58672744e+07 	 1.253996e-07 	 4.959587e+06 	
1.59451789e+07 	 1.214974e-07 	 4.941591e+06 	
1.60234660e+07 	 1.176660e-07 	 4.923720e+06 	
1.61021374e+07 	 1.139050e-07 	 4.905975e+06 	
1.61811951e+07 	 1.102201e-07 	 4.888344e+06 	
1.62606409e+07 	 1.065991e-07 	 4.870849e+06 	
1.63404768e+07 	 1.030473e-07 	 4.853479e+06 	
1.64207047e+07 	 9.956409e-08 	 4.836236e+06 	
1.65013265e+07 	 9.614425e-08 	 4.819129e+06 	
1.65823441e+07 	 9.279684e-08 	 4.802139e+06 	
1.66637595e+07 	 8.951707e-08 	 4.785275e+06 	
1.67455746e+07 	 8.630467e-08 	 4.768537e+06 	
1.68277914e+07 	 8.315938e-08 	 4.751926e+06 	
1.69104119e+07 	 8.007645e-08 	 4.735454e+06 	
1.69934380e+07 	 7.706410e-08 	 4.719098e+06 	
1.70768718e+07 	 7.411814e-08 	 4.702869e+06 	
1.71607152e+07 	 7.123837e-08 	 4.686767e+06 	
1.72449703e+07 	 6.842095e-08 	 4.670806e+06 	
1.73296390e+07 	 6.567256e-08 	 4.654961e+06 	
1.74147234e+07 	 6.298978e-08 	 4.639244e+06 	
1.75002256e+07 	 6.037246e-08 	 4.623656e+06 	
1.75861476e+07 	 5.782344e-08 	 4.608182e+06 	
1.76724914e+07 	 5.533696e-08 	 4.592848e+06 	
1.77592591e+07 	 5.291550e-08 	 4.577642e+06 	
1.78464529e+07 	 5.055891e-08 	 4.562564e+06 	
1.79340748e+07 	 4.826951e-08 	 4.547600e+06 	
1.80221268e+07 	 4.604245e-08 	 4.532775e+06 	
1.81106112e+07 	 4.387972e-08 	 4.518078e+06 	
1.81995300e+07 	 4.178110e-08 	 4.503509e+06 	
1.82888854e+07 	 3.974414e-08 	 4.489082e+06 	
1.83786795e+07 	 3.777260e-08 	 4.474770e+06 	
1.84689145e+07 	 3.586427e-08 	 4.460585e+06 	
1.85595925e+07 	 3.402051e-08 	 4.446512e+06 	
1.86507157e+07 	 3.223775e-08 	 4.432577e+06 	
1.87422863e+07 	 3.051705e-08 	 4.418767e+06 	
1.88343065e+07 	 2.885791e-08 	 4.405082e+06 	
1.89267785e+07 	 2.725813e-08 	 4.391543e+06 	
1.90197045e+07 	 2.572014e-08 	 4.378112e+06 	
1.91130868e+07 	 2.424187e-08 	 4.364806e+06 	
1.92069275e+07 	 2.282406e-08 	 4.351599e+06 	
1.93012290e+07 	 2.146333e-08 	 4.338533e+06 	
1.93959935e+07 	 2.016116e-08 	 4.325565e+06 	
1.94912232e+07 	 1.891469e-08 	 4.312734e+06 	
1.95869205e+07 	 1.772477e-08 	 4.299996e+06 	
1.96830877e+07 	 1.658887e-08 	 4.287388e+06 	
1.97797270e+07 	 1.550663e-08 	 4.274889e+06 	
1.98768407e+07 	 1.447548e-08 	 4.262553e+06 	
1.99744313e+07 	 1.349675e-08 	 4.250289e+06 	
2.00725011e+07 	 1.256811e-08 	 4.238131e+06 	
2.01710523e+07 	 1.168760e-08 	 4.226113e+06 	
2.02700874e+07 	 1.085496e-08 	 4.214179e+06 	
2.03696087e+07 	 1.006869e-08 	 4.202324e+06 	
2.04696187e+07 	 9.326815e-09 	 4.190581e+06 	
2.05701197e+07 	 8.627715e-09 	 4.178969e+06 	
2.06711141e+07 	 7.970573e-09 	 4.167426e+06 	
2.07726044e+07 	 7.353298e-09 	 4.156009e+06 	
2.08745930e+07 	 6.774804e-09 	 4.144662e+06 	
2.09770823e+07 	 6.233081e-09 	 4.133453e+06 	
2.10800748e+07 	 5.726866e-09 	 4.122339e+06 	
2.11835730e+07 	 5.255054e-09 	 4.111206e+06 	
2.12875793e+07 	 4.815134e-09 	 4.100267e+06 	
2.13920963e+07 	 4.406502e-09 	 4.089259e+06 	
2.14971264e+07 	 4.026842e-09 	 4.078408e+06 	
2.16026723e+07 	 3.674834e-09 	 4.067669e+06 	
2.17087363e+07 	 3.349149e-09 	 4.056964e+06 	
2.18153210e+07 	 3.048118e-09 	 4.046404e+06 	
2.19224291e+07 	 2.770399e-09 	 4.035956e+06 	
2.20300630e+07 	 2.514896e-09 	 4.025354e+06 	
2.21382254e+07 	 2.279869e-09 	 4.014892e+06 	
2.22469189e+07 	 2.064021e-09 	 4.004605e+06 	
2.23561460e+07 	 1.866223e-09 	 3.994342e+06 	
2.24659094e+07 	 1.685248e-09 	 3.984092e+06 	
2.25762117e+07 	 1.519822e-09 	 3.974070e+06 	
2.26870556e+07 	 1.369049e-09 	 3.963779e+06 	
2.27984436e+07 	 1.231705e-09 	 3.953542e+06 	
2.29103786e+07 	 1.106697e-09 	 3.943698e+06 	
2.30228632e+07 	 9.931794e-10 	 3.933942e+06 	
2.31359000e+07 	 8.903412e-10 	 3.923794e+06 	
2.32494918e+07 	 7.971997e-10 	 3.913824e+06 	
2.33636413e+07 	 7.129632e-10 	 3.904074e+06 	
2.34783512e+07 	 6.369415e-10 	 3.894113e+06 	
2.35936244e+07 	 5.683683e-10 	 3.884519e+06 	
2.37094635e+07 	 5.066210e-10 	 3.875089e+06 	
2.38258714e+07 	 4.511476e-10 	 3.865118e+06 	
2.39428508e+07 	 4.013018e-10 	 3.855671e+06 	
2.40604045e+07 	 3.566228e-10 	 3.845861e+06 	
2.41785354e+07 	 3.165988e-10 	 3.836202e+06 	
2.42972463e+07 	 2.807890e-10 	 3.826741e+06 	
2.44165400e+07 	 2.488031e-10 	 3.817028e+06 	
2.63383478e+07 	 1.000000e-20 	 3.673611e+06 	
2.84114195e+07 	 1.000000e-20 	 3.536014e+06 	
3.06476613e+07 	 1.000000e-20 	 3.403645e+06 	
3.30599159e+07 	 1.000000e-20 	 3.276296e+06 	
3.56620373e+07 	 1.000000e-20 	 3.153770e+06 	
3.84689698e+07 	 1.000000e-20 	 3.035879e+06 	
4.14968338e+07 	 1.000000e-20 	 2.922441e+06 	
4.47630188e+07 	 1.000000e-20 	 2.813283e+06 	
4.82862827e+07 	 1.000000e-20 	 2.708239e+06 	
5.20868602e+07 	 1.000000e-20 	 2.607150e+06 	
5.61865782e+07 	 1.000000e-20 	 2.509863e+06 	
6.06089820e+07 	 1.000000e-20 	 2.416233e+06 	
6.53794700e+07 	 1.000000e-20 	 2.326119e+06 	
7.05254395e+07 	 1.000000e-20 	 2.239386e+06 	
7.60764444e+07 	 1.000000e-20 	 2.155906e+06 	
8.20643649e+07 	 1.000000e-20 	 2.075554e+06 	
8.85235900e+07 	 1.000000e-20 	 1.998212e+06 	
9.54912161e+07 	 1.000000e-20 	 1.923765e+06 	
1.03007259e+08 	 1.000000e-20 	 1.852103e+06 	
1.11114884e+08 	 1.000000e-20 	 1.783121e+06 	
1.19860653e+08 	 1.000000e-20 	 1.716718e+06 	
1.29294796e+08 	 1.000000e-20 	 1.652795e+06 	
1.39471494e+08 	 1.000000e-20 	 1.591261e+06 	
1.50449191e+08 	 1.000000e-20 	 1.532024e+06 	
1.62290936e+08 	 1.000000e-20 	 1.474997e+06 	
1.75064734e+08 	 1.000000e-20 	 1.420099e+06 	
1.88843950e+08 	 1.000000e-20 	 1.367249e+06 	
2.03707717e+08 	 1.000000e-20 	 1.316370e+06 	
2.19741400e+08 	 1.000000e-20 	 1.267388e+06 	
2.37037082e+08 	 1.000000e-20 	 1.220232e+06 	
2.55694095e+08 	 1.000000e-20 	 1.174833e+06 	
2.75819587e+08 	 1.000000e-20 	 1.131126e+06 	
2.97529142e+08 	 1.000000e-20 	 1.089048e+06 	
3.20947439e+08 	 1.000000e-20 	 1.048537e+06 	
3.46208974e+08 	 1.000000e-20 	 1.009535e+06 	
3.73458825e+08 	 1.000000e-20 	 9.719848e+05 	
4.02853491e+08 	 1.000000e-20 	 9.358332e+05 	
4.34561790e+08 	 1.000000e-20 	 9.010275e+05 	
4.68765826e+08 	 1.000000e-20 	 8.675176e+05 	
5.05662036e+08 	 1.000000e-20 	 8.352549e+05 	
5.45462319e+08 	 1.000000e-20 	 8.041931e+05 	
5.88395253e+08 	 1.000000e-20 	 7.742872e+05 	
6.34707406e+08 	 1.000000e-20 	 7.454942e+05 	
6.84664754e+08 	 1.000000e-20 	 7.177726e+05 	
7.38554209e+08 	 1.000000e-20 	 6.910824e+05 	
7.96685262e+08 	 1.000000e-20 	 6.653853e+05 	
8.59391767e+08 	 1.000000e-20 	 6.406441e+05 	
9.27033854e+08 	 1.000000e-20 	 6.168234e+05 	
1.00000000e+09 	 1.000000e-20 	 5.938887e+05 	
