r (cm)        	 rho (g/cm3) 	 T (K)       		 Linf = 2.623346e+38
1.20011766e+06 	 1.008183e+05 	 1.163991e+09 	
1.20015302e+06 	 9.724201e+04 	 1.153296e+09 	
1.20029042e+06 	 8.431981e+04 	 1.112039e+09 	
1.20042783e+06 	 7.285122e+04 	 1.071288e+09 	
1.20056243e+06 	 6.290172e+04 	 1.031881e+09 	
1.20069702e+06 	 5.410810e+04 	 9.929957e+08 	
1.20083162e+06 	 4.636314e+04 	 9.546503e+08 	
1.20094157e+06 	 4.074424e+04 	 9.237391e+08 	
1.20105152e+06 	 3.570683e+04 	 8.932117e+08 	
1.20116148e+06 	 3.120253e+04 	 8.630791e+08 	
1.20127143e+06 	 2.718585e+04 	 8.333526e+08 	
1.20138139e+06 	 2.361405e+04 	 8.040440e+08 	
1.20148736e+06 	 2.055520e+04 	 7.762037e+08 	
1.20159333e+06 	 1.783884e+04 	 7.487736e+08 	
1.20169930e+06 	 1.543359e+04 	 7.217647e+08 	
1.20180527e+06 	 1.331021e+04 	 6.951883e+08 	
1.20189325e+06 	 1.174184e+04 	 6.734604e+08 	
1.20198123e+06 	 1.033441e+04 	 6.520453e+08 	
1.20206921e+06 	 9.074254e+03 	 6.309500e+08 	
1.20215720e+06 	 7.948580e+03 	 6.101811e+08 	
1.20224518e+06 	 6.945438e+03 	 5.897457e+08 	
1.20233307e+06 	 6.054553e+03 	 5.696714e+08 	
1.20242096e+06 	 5.264477e+03 	 5.499436e+08 	
1.20250885e+06 	 4.565604e+03 	 5.305693e+08 	
1.20258158e+06 	 4.049857e+03 	 5.148083e+08 	
1.20265431e+06 	 3.585771e+03 	 4.992980e+08 	
1.20272705e+06 	 3.168956e+03 	 4.840421e+08 	
1.20279978e+06 	 2.795315e+03 	 4.690445e+08 	
1.20287251e+06 	 2.461031e+03 	 4.543090e+08 	
1.20294525e+06 	 2.162550e+03 	 4.398390e+08 	
1.20301868e+06 	 1.894177e+03 	 4.255036e+08 	
1.20309211e+06 	 1.655796e+03 	 4.114462e+08 	
1.20316554e+06 	 1.444505e+03 	 3.976702e+08 	
1.20322660e+06 	 1.287500e+03 	 3.864310e+08 	
1.20328767e+06 	 1.145950e+03 	 3.753905e+08 	
1.20334873e+06 	 1.018528e+03 	 3.645506e+08 	
1.20340979e+06 	 9.040002e+02 	 3.539129e+08 	
1.20347086e+06 	 8.012219e+02 	 3.434789e+08 	
1.20353192e+06 	 7.091314e+02 	 3.332502e+08 	
1.20359298e+06 	 6.267471e+02 	 3.232280e+08 	
1.20365632e+06 	 5.505866e+02 	 3.130531e+08 	
1.20371965e+06 	 4.829613e+02 	 3.031029e+08 	
1.20377230e+06 	 4.326244e+02 	 2.950030e+08 	
1.20382495e+06 	 3.871426e+02 	 2.870598e+08 	
1.20387760e+06 	 3.460963e+02 	 2.792736e+08 	
1.20393025e+06 	 3.090969e+02 	 2.716450e+08 	
1.20398290e+06 	 2.757846e+02 	 2.641742e+08 	
1.20403555e+06 	 2.458275e+02 	 2.568613e+08 	
1.20408820e+06 	 2.189190e+02 	 2.497065e+08 	
1.20414085e+06 	 1.947772e+02 	 2.427098e+08 	
1.20419350e+06 	 1.731425e+02 	 2.358710e+08 	
1.20424920e+06 	 1.527186e+02 	 2.288074e+08 	
1.20429516e+06 	 1.375962e+02 	 2.231121e+08 	
1.20434112e+06 	 1.238940e+02 	 2.175365e+08 	
1.20438708e+06 	 1.114889e+02 	 2.120803e+08 	
1.20443304e+06 	 1.002674e+02 	 2.067431e+08 	
1.20447900e+06 	 9.012496e+01 	 2.015243e+08 	
1.20452496e+06 	 8.096505e+01 	 1.964234e+08 	
1.20457092e+06 	 7.269899e+01 	 1.914399e+08 	
1.20461687e+06 	 6.524528e+01 	 1.865731e+08 	
1.20466283e+06 	 5.852911e+01 	 1.818223e+08 	
1.20470879e+06 	 5.248189e+01 	 1.771866e+08 	
1.20475475e+06 	 4.704084e+01 	 1.726651e+08 	
1.20480071e+06 	 4.214854e+01 	 1.682571e+08 	
1.20484667e+06 	 3.775255e+01 	 1.639614e+08 	
1.20489263e+06 	 3.380502e+01 	 1.597770e+08 	
1.20493859e+06 	 3.026235e+01 	 1.557028e+08 	
1.20498312e+06 	 2.717844e+01 	 1.518591e+08 	
1.20502765e+06 	 2.440450e+01 	 1.481167e+08 	
1.20507218e+06 	 2.191058e+01 	 1.444743e+08 	
1.20511671e+06 	 1.966944e+01 	 1.409307e+08 	
1.20516124e+06 	 1.765634e+01 	 1.374847e+08 	
1.20520578e+06 	 1.584878e+01 	 1.341349e+08 	
1.20525031e+06 	 1.422637e+01 	 1.308799e+08 	
1.20529484e+06 	 1.277064e+01 	 1.277184e+08 	
1.20533937e+06 	 1.146484e+01 	 1.246488e+08 	
1.20538390e+06 	 1.029385e+01 	 1.216698e+08 	
1.20542843e+06 	 9.243996e+00 	 1.187797e+08 	
1.20547296e+06 	 8.302917e+00 	 1.159771e+08 	
1.20551749e+06 	 7.459478e+00 	 1.132603e+08 	
1.20556203e+06 	 6.703638e+00 	 1.106277e+08 	
1.20560656e+06 	 6.026353e+00 	 1.080777e+08 	
1.20565109e+06 	 5.419483e+00 	 1.056086e+08 	
1.20570085e+06 	 4.815641e+00 	 1.029430e+08 	
1.20575062e+06 	 4.281490e+00 	 1.003740e+08 	
1.20580038e+06 	 3.808937e+00 	 9.789924e+07 	
1.20585015e+06 	 3.390815e+00 	 9.551618e+07 	
1.20589991e+06 	 3.020774e+00 	 9.322246e+07 	
1.20594967e+06 	 2.693200e+00 	 9.101563e+07 	
1.20599944e+06 	 2.403126e+00 	 8.889324e+07 	
1.20604920e+06 	 2.146163e+00 	 8.685286e+07 	
1.20609897e+06 	 1.918435e+00 	 8.489204e+07 	
1.20614873e+06 	 1.716521e+00 	 8.300837e+07 	
1.20619849e+06 	 1.537399e+00 	 8.119943e+07 	
1.20624826e+06 	 1.378405e+00 	 7.946282e+07 	
1.20629802e+06 	 1.237190e+00 	 7.779616e+07 	
1.20636032e+06 	 1.082320e+00 	 7.580468e+07 	
1.20642262e+06 	 9.485531e-01 	 7.391462e+07 	
1.20648493e+06 	 8.328742e-01 	 7.212152e+07 	
1.20654723e+06 	 7.327086e-01 	 7.042101e+07 	
1.20660953e+06 	 6.458575e-01 	 6.880881e+07 	
1.20667183e+06 	 5.704432e-01 	 6.728076e+07 	
1.20673413e+06 	 5.048619e-01 	 6.583281e+07 	
1.20679643e+06 	 4.477428e-01 	 6.446102e+07 	
1.20685873e+06 	 3.979141e-01 	 6.316159e+07 	
1.20693862e+06 	 3.430944e-01 	 6.159521e+07 	
1.20701852e+06 	 2.968545e-01 	 6.013433e+07 	
1.20709841e+06 	 2.577394e-01 	 5.877189e+07 	
1.20717831e+06 	 2.245544e-01 	 5.750116e+07 	
1.20725820e+06 	 1.963163e-01 	 5.631579e+07 	
1.20733810e+06 	 1.722153e-01 	 5.520980e+07 	
1.20743714e+06 	 1.470886e-01 	 5.394048e+07 	
1.20753619e+06 	 1.262678e-01 	 5.277455e+07 	
1.20763524e+06 	 1.089340e-01 	 5.170283e+07 	
1.20773429e+06 	 9.443609e-02 	 5.071690e+07 	
1.20785325e+06 	 8.004579e-02 	 4.963529e+07 	
1.20797221e+06 	 6.829359e-02 	 4.865427e+07 	
1.20809117e+06 	 5.863406e-02 	 4.776303e+07 	
1.20823801e+06 	 4.897685e-02 	 4.677255e+07 	
1.20838485e+06 	 4.126648e-02 	 4.588843e+07 	
1.20853169e+06 	 3.505545e-02 	 4.509696e+07 	
1.20870039e+06 	 2.934144e-02 	 4.428681e+07 	
1.20886909e+06 	 2.479234e-02 	 4.356815e+07 	
1.20906114e+06 	 2.068561e-02 	 4.284512e+07 	
1.20925318e+06 	 1.744135e-02 	 4.220819e+07 	
1.20949187e+06 	 1.429909e-02 	 4.151713e+07 	
1.20973056e+06 	 1.188196e-02 	 4.091872e+07 	
1.20996925e+06 	 9.994328e-03 	 4.039683e+07 	
1.21027093e+06 	 8.157867e-03 	 3.982688e+07 	
1.21057262e+06 	 6.763315e-03 	 3.933838e+07 	
1.21087430e+06 	 5.685144e-03 	 3.891570e+07 	
1.21126009e+06 	 4.634540e-03 	 3.845218e+07 	
1.21164588e+06 	 3.844707e-03 	 3.805758e+07 	
1.21203167e+06 	 3.238549e-03 	 3.771768e+07 	
1.21258429e+06 	 2.591752e-03 	 3.730531e+07 	
1.21313692e+06 	 2.122731e-03 	 3.696068e+07 	
1.21343683e+06 	 1.920888e-03 	 3.679613e+07 	
1.21406108e+06 	 1.586235e-03 	 3.649410e+07 	
1.21457576e+06 	 1.374851e-03 	 3.627861e+07 	
1.21545064e+06 	 1.106499e-03 	 3.596555e+07 	
1.21632552e+06 	 9.152936e-04 	 3.570342e+07 	
1.21720040e+06 	 7.744863e-04 	 3.547916e+07 	
1.21819840e+06 	 6.550104e-04 	 3.525825e+07 	
1.21919641e+06 	 5.654282e-04 	 3.506574e+07 	
1.22019442e+06 	 4.965538e-04 	 3.489517e+07 	
1.22172005e+06 	 4.184401e-04 	 3.466662e+07 	
1.22324569e+06 	 3.622509e-04 	 3.446725e+07 	
1.22477133e+06 	 3.204691e-04 	 3.428949e+07 	
1.22694535e+06 	 2.772152e-04 	 3.406367e+07 	
1.22911936e+06 	 2.464250e-04 	 3.386149e+07 	
1.23129338e+06 	 2.237113e-04 	 3.367652e+07 	
1.23462505e+06 	 1.989106e-04 	 3.341698e+07 	
1.23655521e+06 	 1.882543e-04 	 3.327644e+07 	
1.24064521e+06 	 1.714056e-04 	 3.299563e+07 	
1.24395204e+06 	 1.615798e-04 	 3.278103e+07 	
1.24935689e+06 	 1.499056e-04 	 3.244669e+07 	
1.25354620e+06 	 1.431913e-04 	 3.219755e+07 	
1.26099832e+06 	 1.340994e-04 	 3.176917e+07 	
1.26845044e+06 	 1.270625e-04 	 3.135438e+07 	
1.27590256e+06 	 1.211301e-04 	 3.094969e+07 	
1.28975764e+06 	 1.116485e-04 	 3.021860e+07 	
1.29639829e+06 	 1.075408e-04 	 2.987677e+07 	
1.30303894e+06 	 1.036348e-04 	 2.954005e+07 	
1.30705456e+06 	 1.013576e-04 	 2.933883e+07 	
1.31521066e+06 	 9.690803e-05 	 2.893553e+07 	
1.33123779e+06 	 8.877387e-05 	 2.816332e+07 	
1.35750000e+06 	 7.695068e-05 	 2.695295e+07 	
1.36500000e+06 	 7.387924e-05 	 2.661920e+07 	
1.37250000e+06 	 7.093113e-05 	 2.629054e+07 	
1.38000000e+06 	 6.810058e-05 	 2.596684e+07 	
1.38750000e+06 	 6.538284e-05 	 2.564801e+07 	
1.39500000e+06 	 6.277222e-05 	 2.533395e+07 	
1.40250000e+06 	 6.026386e-05 	 2.502454e+07 	
1.41000000e+06 	 5.785349e-05 	 2.471971e+07 	
1.41750000e+06 	 5.553639e-05 	 2.441935e+07 	
1.42500000e+06 	 5.330839e-05 	 2.412336e+07 	
1.43250000e+06 	 5.116554e-05 	 2.383167e+07 	
1.44000000e+06 	 4.910428e-05 	 2.354419e+07 	
1.44750000e+06 	 4.712063e-05 	 2.326083e+07 	
1.45500000e+06 	 4.521113e-05 	 2.298150e+07 	
1.46250000e+06 	 4.337276e-05 	 2.270614e+07 	
1.47000000e+06 	 4.160216e-05 	 2.243465e+07 	
1.47750000e+06 	 3.989637e-05 	 2.216698e+07 	
1.48500000e+06 	 3.825251e-05 	 2.190304e+07 	
1.50000000e+06 	 3.513973e-05 	 2.138607e+07 	
1.50050050e+06 	 3.503971e-05 	 2.136906e+07 	
1.50100100e+06 	 3.493993e-05 	 2.135207e+07 	
1.50150150e+06 	 3.484038e-05 	 2.133510e+07 	
1.50200200e+06 	 3.474108e-05 	 2.131815e+07 	
1.50250250e+06 	 3.464201e-05 	 2.130120e+07 	
1.50300300e+06 	 3.454318e-05 	 2.128428e+07 	
1.50350350e+06 	 3.444459e-05 	 2.126737e+07 	
1.50400400e+06 	 3.434624e-05 	 2.125048e+07 	
1.50450450e+06 	 3.424812e-05 	 2.123360e+07 	
1.50500501e+06 	 3.415023e-05 	 2.121673e+07 	
1.50550551e+06 	 3.405258e-05 	 2.119989e+07 	
1.50600601e+06 	 3.395516e-05 	 2.118305e+07 	
1.50650651e+06 	 3.385797e-05 	 2.116624e+07 	
1.50700701e+06 	 3.376101e-05 	 2.114944e+07 	
1.50750751e+06 	 3.366428e-05 	 2.113265e+07 	
1.50800801e+06 	 3.356779e-05 	 2.111588e+07 	
1.50850851e+06 	 3.347152e-05 	 2.109913e+07 	
1.50900901e+06 	 3.337548e-05 	 2.108239e+07 	
1.50950951e+06 	 3.327966e-05 	 2.106566e+07 	
1.51001001e+06 	 3.318408e-05 	 2.104895e+07 	
1.51051051e+06 	 3.308872e-05 	 2.103226e+07 	
1.51101101e+06 	 3.299358e-05 	 2.101558e+07 	
1.51151151e+06 	 3.289868e-05 	 2.099892e+07 	
1.51201201e+06 	 3.280399e-05 	 2.098227e+07 	
1.51251251e+06 	 3.270953e-05 	 2.096564e+07 	
1.51301301e+06 	 3.261529e-05 	 2.094902e+07 	
1.51351351e+06 	 3.252128e-05 	 2.093242e+07 	
1.51401401e+06 	 3.242748e-05 	 2.091583e+07 	
1.51451451e+06 	 3.233391e-05 	 2.089926e+07 	
1.51501502e+06 	 3.224056e-05 	 2.088270e+07 	
1.51551552e+06 	 3.214743e-05 	 2.086616e+07 	
1.51601602e+06 	 3.205452e-05 	 2.084964e+07 	
1.51651652e+06 	 3.196182e-05 	 2.083312e+07 	
1.51701702e+06 	 3.186935e-05 	 2.081663e+07 	
1.51751752e+06 	 3.177709e-05 	 2.080015e+07 	
1.51801802e+06 	 3.168505e-05 	 2.078368e+07 	
1.51851852e+06 	 3.159322e-05 	 2.076723e+07 	
1.51901902e+06 	 3.150161e-05 	 2.075079e+07 	
1.51951952e+06 	 3.141022e-05 	 2.073437e+07 	
1.52002002e+06 	 3.131904e-05 	 2.071797e+07 	
1.52052052e+06 	 3.122807e-05 	 2.070157e+07 	
1.52102102e+06 	 3.113731e-05 	 2.068520e+07 	
1.52152152e+06 	 3.104677e-05 	 2.066884e+07 	
1.52202202e+06 	 3.095644e-05 	 2.065249e+07 	
1.52252252e+06 	 3.086632e-05 	 2.063616e+07 	
1.52302302e+06 	 3.077641e-05 	 2.061984e+07 	
1.52352352e+06 	 3.068670e-05 	 2.060354e+07 	
1.52402402e+06 	 3.059721e-05 	 2.058725e+07 	
1.52452452e+06 	 3.050793e-05 	 2.057098e+07 	
1.52502503e+06 	 3.041885e-05 	 2.055472e+07 	
1.52552553e+06 	 3.032998e-05 	 2.053848e+07 	
1.52602603e+06 	 3.024132e-05 	 2.052225e+07 	
1.52652653e+06 	 3.015286e-05 	 2.050604e+07 	
1.52702703e+06 	 3.006461e-05 	 2.048984e+07 	
1.52752753e+06 	 2.997656e-05 	 2.047365e+07 	
1.52802803e+06 	 2.988871e-05 	 2.045748e+07 	
1.52852853e+06 	 2.980107e-05 	 2.044133e+07 	
1.52902903e+06 	 2.971363e-05 	 2.042519e+07 	
1.52952953e+06 	 2.962639e-05 	 2.040906e+07 	
1.53003003e+06 	 2.953935e-05 	 2.039295e+07 	
1.53053053e+06 	 2.945252e-05 	 2.037686e+07 	
1.53103103e+06 	 2.936588e-05 	 2.036078e+07 	
1.53153153e+06 	 2.927944e-05 	 2.034471e+07 	
1.53203203e+06 	 2.919320e-05 	 2.032866e+07 	
1.53253253e+06 	 2.910716e-05 	 2.031262e+07 	
1.53303303e+06 	 2.902132e-05 	 2.029659e+07 	
1.53353353e+06 	 2.893567e-05 	 2.028058e+07 	
1.53403403e+06 	 2.885022e-05 	 2.026459e+07 	
1.53453453e+06 	 2.876496e-05 	 2.024861e+07 	
1.53503504e+06 	 2.867990e-05 	 2.023264e+07 	
1.53553554e+06 	 2.859503e-05 	 2.021669e+07 	
1.53603604e+06 	 2.851036e-05 	 2.020076e+07 	
1.53653654e+06 	 2.842588e-05 	 2.018483e+07 	
1.53703704e+06 	 2.834159e-05 	 2.016892e+07 	
1.53753754e+06 	 2.825749e-05 	 2.015303e+07 	
1.53803804e+06 	 2.817359e-05 	 2.013715e+07 	
1.53853854e+06 	 2.808988e-05 	 2.012129e+07 	
1.53903904e+06 	 2.800635e-05 	 2.010543e+07 	
1.53953954e+06 	 2.792302e-05 	 2.008960e+07 	
1.54004004e+06 	 2.783987e-05 	 2.007378e+07 	
1.54054054e+06 	 2.775692e-05 	 2.005797e+07 	
1.54104104e+06 	 2.767415e-05 	 2.004217e+07 	
1.54154154e+06 	 2.759157e-05 	 2.002639e+07 	
1.54204204e+06 	 2.750917e-05 	 2.001063e+07 	
1.54254254e+06 	 2.742696e-05 	 1.999488e+07 	
1.54304304e+06 	 2.734494e-05 	 1.997914e+07 	
1.54354354e+06 	 2.726310e-05 	 1.996342e+07 	
1.54404404e+06 	 2.718145e-05 	 1.994771e+07 	
1.54454454e+06 	 2.709998e-05 	 1.993201e+07 	
1.54504505e+06 	 2.701870e-05 	 1.991633e+07 	
1.54554555e+06 	 2.693759e-05 	 1.990066e+07 	
1.54604605e+06 	 2.685667e-05 	 1.988501e+07 	
1.54654655e+06 	 2.677593e-05 	 1.986937e+07 	
1.54704705e+06 	 2.669537e-05 	 1.985375e+07 	
1.54754755e+06 	 2.661500e-05 	 1.983814e+07 	
1.54804805e+06 	 2.653480e-05 	 1.982254e+07 	
1.54854855e+06 	 2.645478e-05 	 1.980696e+07 	
1.54904905e+06 	 2.637494e-05 	 1.979139e+07 	
1.54954955e+06 	 2.629528e-05 	 1.977583e+07 	
1.55005005e+06 	 2.621579e-05 	 1.976029e+07 	
1.55055055e+06 	 2.613649e-05 	 1.974477e+07 	
1.55105105e+06 	 2.605735e-05 	 1.972925e+07 	
1.55155155e+06 	 2.597840e-05 	 1.971375e+07 	
1.55205205e+06 	 2.589962e-05 	 1.969827e+07 	
1.55255255e+06 	 2.582101e-05 	 1.968280e+07 	
1.55305305e+06 	 2.574258e-05 	 1.966734e+07 	
1.55355355e+06 	 2.566433e-05 	 1.965190e+07 	
1.55405405e+06 	 2.558624e-05 	 1.963647e+07 	
1.55455455e+06 	 2.550833e-05 	 1.962105e+07 	
1.55505506e+06 	 2.543059e-05 	 1.960565e+07 	
1.55555556e+06 	 2.535302e-05 	 1.959026e+07 	
1.55605606e+06 	 2.527562e-05 	 1.957488e+07 	
1.55655656e+06 	 2.519839e-05 	 1.955952e+07 	
1.55705706e+06 	 2.512133e-05 	 1.954417e+07 	
1.55755756e+06 	 2.504444e-05 	 1.952884e+07 	
1.55805806e+06 	 2.496772e-05 	 1.951352e+07 	
1.55855856e+06 	 2.489245e-05 	 1.949819e+07 	
1.55905906e+06 	 2.481611e-05 	 1.948290e+07 	
1.55955956e+06 	 2.473994e-05 	 1.946762e+07 	
1.56006006e+06 	 2.466394e-05 	 1.945235e+07 	
1.56056056e+06 	 2.458810e-05 	 1.943710e+07 	
1.56106106e+06 	 2.451243e-05 	 1.942186e+07 	
1.56156156e+06 	 2.443693e-05 	 1.940663e+07 	
1.56206206e+06 	 2.436160e-05 	 1.939142e+07 	
1.56256256e+06 	 2.428643e-05 	 1.937622e+07 	
1.56306306e+06 	 2.421142e-05 	 1.936104e+07 	
1.56356356e+06 	 2.413658e-05 	 1.934587e+07 	
1.56406406e+06 	 2.406190e-05 	 1.933071e+07 	
1.56456456e+06 	 2.398739e-05 	 1.931556e+07 	
1.56506507e+06 	 2.391304e-05 	 1.930043e+07 	
1.56556557e+06 	 2.383886e-05 	 1.928531e+07 	
1.56606607e+06 	 2.376483e-05 	 1.927021e+07 	
1.56656657e+06 	 2.369097e-05 	 1.925512e+07 	
1.56706707e+06 	 2.361727e-05 	 1.924004e+07 	
1.56756757e+06 	 2.354254e-05 	 1.922500e+07 	
1.56806807e+06 	 2.346912e-05 	 1.920995e+07 	
1.56856857e+06 	 2.339586e-05 	 1.919491e+07 	
1.56906907e+06 	 2.332275e-05 	 1.917989e+07 	
1.56956957e+06 	 2.324981e-05 	 1.916488e+07 	
1.57007007e+06 	 2.317702e-05 	 1.914988e+07 	
1.57057057e+06 	 2.310439e-05 	 1.913489e+07 	
1.57107107e+06 	 2.303191e-05 	 1.911992e+07 	
1.57157157e+06 	 2.295959e-05 	 1.910497e+07 	
1.57207207e+06 	 2.288742e-05 	 1.909002e+07 	
1.57257257e+06 	 2.281541e-05 	 1.907509e+07 	
1.57307307e+06 	 2.274356e-05 	 1.906017e+07 	
1.57357357e+06 	 2.267186e-05 	 1.904527e+07 	
1.57407407e+06 	 2.260031e-05 	 1.903038e+07 	
1.57457457e+06 	 2.252891e-05 	 1.901550e+07 	
1.57507508e+06 	 2.245767e-05 	 1.900064e+07 	
1.57557558e+06 	 2.238657e-05 	 1.898578e+07 	
1.57607608e+06 	 2.231563e-05 	 1.897095e+07 	
1.57657658e+06 	 2.224484e-05 	 1.895612e+07 	
1.57707708e+06 	 2.217306e-05 	 1.894133e+07 	
1.57757758e+06 	 2.210254e-05 	 1.892653e+07 	
1.57807808e+06 	 2.203215e-05 	 1.891175e+07 	
1.57857858e+06 	 2.196192e-05 	 1.889697e+07 	
1.57907908e+06 	 2.189183e-05 	 1.888221e+07 	
1.57957958e+06 	 2.182189e-05 	 1.886747e+07 	
1.58008008e+06 	 2.175210e-05 	 1.885273e+07 	
1.58058058e+06 	 2.168245e-05 	 1.883801e+07 	
1.58108108e+06 	 2.161295e-05 	 1.882331e+07 	
1.58158158e+06 	 2.154359e-05 	 1.880861e+07 	
1.58208208e+06 	 2.147438e-05 	 1.879393e+07 	
1.58258258e+06 	 2.140531e-05 	 1.877926e+07 	
1.58308308e+06 	 2.133638e-05 	 1.876461e+07 	
1.58358358e+06 	 2.126759e-05 	 1.874997e+07 	
1.58408408e+06 	 2.119895e-05 	 1.873534e+07 	
1.58458458e+06 	 2.113045e-05 	 1.872072e+07 	
1.58508509e+06 	 2.106209e-05 	 1.870612e+07 	
1.58558559e+06 	 2.099387e-05 	 1.869153e+07 	
1.58608609e+06 	 2.092684e-05 	 1.867693e+07 	
1.58658659e+06 	 2.085894e-05 	 1.866236e+07 	
1.58708709e+06 	 2.079117e-05 	 1.864781e+07 	
1.58758759e+06 	 2.072355e-05 	 1.863327e+07 	
1.58808809e+06 	 2.065606e-05 	 1.861874e+07 	
1.58858859e+06 	 2.058872e-05 	 1.860423e+07 	
1.58908909e+06 	 2.052151e-05 	 1.858973e+07 	
1.58958959e+06 	 2.045444e-05 	 1.857524e+07 	
1.59009009e+06 	 2.038751e-05 	 1.856076e+07 	
1.59059059e+06 	 2.032071e-05 	 1.854630e+07 	
1.59109109e+06 	 2.025405e-05 	 1.853185e+07 	
1.59159159e+06 	 2.018753e-05 	 1.851741e+07 	
1.59209209e+06 	 2.012114e-05 	 1.850299e+07 	
1.59259259e+06 	 2.005489e-05 	 1.848858e+07 	
1.59309309e+06 	 1.998877e-05 	 1.847418e+07 	
1.59359359e+06 	 1.992279e-05 	 1.845979e+07 	
1.59409409e+06 	 1.985694e-05 	 1.844541e+07 	
1.59459459e+06 	 1.979122e-05 	 1.843105e+07 	
1.59509510e+06 	 1.972564e-05 	 1.841670e+07 	
1.59559560e+06 	 1.966119e-05 	 1.840235e+07 	
1.59609610e+06 	 1.959590e-05 	 1.838802e+07 	
1.59659660e+06 	 1.953075e-05 	 1.837371e+07 	
1.59709710e+06 	 1.946573e-05 	 1.835941e+07 	
1.59759760e+06 	 1.940084e-05 	 1.834512e+07 	
1.59809810e+06 	 1.933608e-05 	 1.833085e+07 	
1.59859860e+06 	 1.927145e-05 	 1.831659e+07 	
1.59909910e+06 	 1.920696e-05 	 1.830234e+07 	
1.59959960e+06 	 1.914259e-05 	 1.828810e+07 	
1.60010010e+06 	 1.907835e-05 	 1.827388e+07 	
1.60060060e+06 	 1.901424e-05 	 1.825967e+07 	
1.60110110e+06 	 1.895027e-05 	 1.824547e+07 	
1.60160160e+06 	 1.888641e-05 	 1.823128e+07 	
1.60210210e+06 	 1.882269e-05 	 1.821711e+07 	
1.60260260e+06 	 1.875910e-05 	 1.820294e+07 	
1.60310310e+06 	 1.869563e-05 	 1.818880e+07 	
1.60360360e+06 	 1.863229e-05 	 1.817466e+07 	
1.60410410e+06 	 1.856907e-05 	 1.816053e+07 	
1.60460460e+06 	 1.850599e-05 	 1.814642e+07 	
1.60510511e+06 	 1.844208e-05 	 1.813234e+07 	
1.60560561e+06 	 1.837921e-05 	 1.811825e+07 	
1.60610611e+06 	 1.831646e-05 	 1.810418e+07 	
1.60660661e+06 	 1.825384e-05 	 1.809012e+07 	
1.60710711e+06 	 1.819134e-05 	 1.807607e+07 	
1.60760761e+06 	 1.812896e-05 	 1.806203e+07 	
1.60810811e+06 	 1.806671e-05 	 1.804801e+07 	
1.60860861e+06 	 1.800458e-05 	 1.803399e+07 	
1.60910911e+06 	 1.794256e-05 	 1.801999e+07 	
1.60960961e+06 	 1.788067e-05 	 1.800600e+07 	
1.61011011e+06 	 1.781890e-05 	 1.799203e+07 	
1.61061061e+06 	 1.775725e-05 	 1.797806e+07 	
1.61111111e+06 	 1.769572e-05 	 1.796411e+07 	
1.61161161e+06 	 1.763431e-05 	 1.795017e+07 	
1.61211211e+06 	 1.757302e-05 	 1.793625e+07 	
1.61261261e+06 	 1.751184e-05 	 1.792233e+07 	
1.61311311e+06 	 1.745079e-05 	 1.790843e+07 	
1.61361361e+06 	 1.738985e-05 	 1.789454e+07 	
1.61411411e+06 	 1.732903e-05 	 1.788066e+07 	
1.61461461e+06 	 1.726743e-05 	 1.786681e+07 	
1.61511512e+06 	 1.720681e-05 	 1.785296e+07 	
1.61561562e+06 	 1.714631e-05 	 1.783912e+07 	
1.61611612e+06 	 1.708592e-05 	 1.782529e+07 	
1.61661662e+06 	 1.702565e-05 	 1.781147e+07 	
1.61711712e+06 	 1.696549e-05 	 1.779767e+07 	
1.61761762e+06 	 1.690544e-05 	 1.778388e+07 	
1.61811812e+06 	 1.684551e-05 	 1.777010e+07 	
1.61861862e+06 	 1.678568e-05 	 1.775633e+07 	
1.61911912e+06 	 1.672597e-05 	 1.774257e+07 	
1.61961962e+06 	 1.666638e-05 	 1.772883e+07 	
1.62012012e+06 	 1.660689e-05 	 1.771510e+07 	
1.62062062e+06 	 1.654751e-05 	 1.770138e+07 	
1.62112112e+06 	 1.648825e-05 	 1.768767e+07 	
1.62162162e+06 	 1.642909e-05 	 1.767397e+07 	
1.62212212e+06 	 1.637004e-05 	 1.766029e+07 	
1.62262262e+06 	 1.631111e-05 	 1.764662e+07 	
1.62312312e+06 	 1.625228e-05 	 1.763296e+07 	
1.62362362e+06 	 1.619356e-05 	 1.761931e+07 	
1.62412412e+06 	 1.613578e-05 	 1.760566e+07 	
1.62462462e+06 	 1.607730e-05 	 1.759203e+07 	
1.62512513e+06 	 1.601893e-05 	 1.757842e+07 	
1.62562563e+06 	 1.596067e-05 	 1.756482e+07 	
1.62612613e+06 	 1.590251e-05 	 1.755123e+07 	
1.62662663e+06 	 1.584446e-05 	 1.753765e+07 	
1.62712713e+06 	 1.578652e-05 	 1.752409e+07 	
1.62762763e+06 	 1.572868e-05 	 1.751054e+07 	
1.62812813e+06 	 1.567095e-05 	 1.749700e+07 	
1.62862863e+06 	 1.561333e-05 	 1.748347e+07 	
1.62912913e+06 	 1.555580e-05 	 1.746995e+07 	
1.62962963e+06 	 1.549839e-05 	 1.745645e+07 	
1.63013013e+06 	 1.544107e-05 	 1.744295e+07 	
1.63063063e+06 	 1.538386e-05 	 1.742947e+07 	
1.63113113e+06 	 1.532676e-05 	 1.741600e+07 	
1.63163163e+06 	 1.526975e-05 	 1.740255e+07 	
1.63213213e+06 	 1.521285e-05 	 1.738910e+07 	
1.63263263e+06 	 1.515605e-05 	 1.737567e+07 	
1.63313313e+06 	 1.509936e-05 	 1.736225e+07 	
1.63363363e+06 	 1.504198e-05 	 1.734886e+07 	
1.63413413e+06 	 1.498546e-05 	 1.733546e+07 	
1.63463463e+06 	 1.492904e-05 	 1.732207e+07 	
1.63513514e+06 	 1.487272e-05 	 1.730870e+07 	
1.63563564e+06 	 1.481650e-05 	 1.729534e+07 	
1.63613614e+06 	 1.476037e-05 	 1.728199e+07 	
1.63663664e+06 	 1.470435e-05 	 1.726865e+07 	
1.63713714e+06 	 1.464842e-05 	 1.725532e+07 	
1.63763764e+06 	 1.459259e-05 	 1.724201e+07 	
1.63813814e+06 	 1.453685e-05 	 1.722871e+07 	
1.63863864e+06 	 1.448121e-05 	 1.721542e+07 	
1.63913914e+06 	 1.442567e-05 	 1.720214e+07 	
1.63963964e+06 	 1.437022e-05 	 1.718887e+07 	
1.64014014e+06 	 1.431487e-05 	 1.717561e+07 	
1.64064064e+06 	 1.425961e-05 	 1.716237e+07 	
1.64114114e+06 	 1.420445e-05 	 1.714914e+07 	
1.64164164e+06 	 1.414938e-05 	 1.713592e+07 	
1.64214214e+06 	 1.409441e-05 	 1.712271e+07 	
1.64264264e+06 	 1.403953e-05 	 1.710951e+07 	
1.64314314e+06 	 1.398402e-05 	 1.709635e+07 	
1.64364364e+06 	 1.392930e-05 	 1.708317e+07 	
1.64414414e+06 	 1.387467e-05 	 1.707001e+07 	
1.64464464e+06 	 1.382014e-05 	 1.705686e+07 	
1.64514515e+06 	 1.376569e-05 	 1.704373e+07 	
1.64564565e+06 	 1.371133e-05 	 1.703060e+07 	
1.64614615e+06 	 1.365707e-05 	 1.701749e+07 	
1.64664665e+06 	 1.360289e-05 	 1.700438e+07 	
1.64714715e+06 	 1.354880e-05 	 1.699129e+07 	
1.64764765e+06 	 1.349480e-05 	 1.697822e+07 	
1.64814815e+06 	 1.344089e-05 	 1.696515e+07 	
1.64864865e+06 	 1.338706e-05 	 1.695209e+07 	
1.64914915e+06 	 1.333333e-05 	 1.693905e+07 	
1.64964965e+06 	 1.327967e-05 	 1.692602e+07 	
1.65015015e+06 	 1.322611e-05 	 1.691300e+07 	
1.65065065e+06 	 1.317263e-05 	 1.689999e+07 	
1.65115115e+06 	 1.311924e-05 	 1.688699e+07 	
1.65165165e+06 	 1.306593e-05 	 1.687401e+07 	
1.65215215e+06 	 1.301270e-05 	 1.686103e+07 	
1.65265265e+06 	 1.296023e-05 	 1.684805e+07 	
1.65315315e+06 	 1.290719e-05 	 1.683510e+07 	
1.65365365e+06 	 1.285424e-05 	 1.682216e+07 	
1.65415415e+06 	 1.280138e-05 	 1.680924e+07 	
1.65465465e+06 	 1.274859e-05 	 1.679632e+07 	
1.65515516e+06 	 1.269589e-05 	 1.678342e+07 	
1.65565566e+06 	 1.264327e-05 	 1.677053e+07 	
1.65615616e+06 	 1.259073e-05 	 1.675765e+07 	
1.65665666e+06 	 1.253828e-05 	 1.674478e+07 	
1.65715716e+06 	 1.248590e-05 	 1.673192e+07 	
1.65765766e+06 	 1.243361e-05 	 1.671907e+07 	
1.65815816e+06 	 1.238140e-05 	 1.670624e+07 	
1.65865866e+06 	 1.232926e-05 	 1.669342e+07 	
1.65915916e+06 	 1.227721e-05 	 1.668061e+07 	
1.65965966e+06 	 1.222523e-05 	 1.666781e+07 	
1.66016016e+06 	 1.217334e-05 	 1.665502e+07 	
1.66066066e+06 	 1.212152e-05 	 1.664225e+07 	
1.66116116e+06 	 1.206978e-05 	 1.662948e+07 	
1.66166166e+06 	 1.201812e-05 	 1.661673e+07 	
1.66216216e+06 	 1.196592e-05 	 1.660401e+07 	
1.66266266e+06 	 1.191439e-05 	 1.659128e+07 	
1.66316316e+06 	 1.186294e-05 	 1.657857e+07 	
1.66366366e+06 	 1.181156e-05 	 1.656586e+07 	
1.66416416e+06 	 1.176026e-05 	 1.655317e+07 	
1.66466466e+06 	 1.170903e-05 	 1.654049e+07 	
1.66516517e+06 	 1.165787e-05 	 1.652782e+07 	
1.66566567e+06 	 1.160679e-05 	 1.651516e+07 	
1.66616617e+06 	 1.155578e-05 	 1.650252e+07 	
1.66666667e+06 	 1.150484e-05 	 1.648988e+07 	
1.66716717e+06 	 1.145398e-05 	 1.647726e+07 	
1.66766767e+06 	 1.140318e-05 	 1.646465e+07 	
1.66816817e+06 	 1.135246e-05 	 1.645205e+07 	
1.66866867e+06 	 1.130181e-05 	 1.643946e+07 	
1.66916917e+06 	 1.125123e-05 	 1.642689e+07 	
1.66966967e+06 	 1.120072e-05 	 1.641433e+07 	
1.67017017e+06 	 1.115027e-05 	 1.640177e+07 	
1.67067067e+06 	 1.109990e-05 	 1.638923e+07 	
1.67117117e+06 	 1.104960e-05 	 1.637671e+07 	
1.67167167e+06 	 1.099991e-05 	 1.636417e+07 	
1.67217217e+06 	 1.094976e-05 	 1.635167e+07 	
1.67267267e+06 	 1.089968e-05 	 1.633917e+07 	
1.67317317e+06 	 1.084966e-05 	 1.632669e+07 	
1.67367367e+06 	 1.079971e-05 	 1.631422e+07 	
1.67417417e+06 	 1.074983e-05 	 1.630176e+07 	
1.67467467e+06 	 1.070001e-05 	 1.628932e+07 	
1.67517518e+06 	 1.065026e-05 	 1.627688e+07 	
1.67567568e+06 	 1.060057e-05 	 1.626446e+07 	
1.67617618e+06 	 1.055095e-05 	 1.625205e+07 	
1.67667668e+06 	 1.050139e-05 	 1.623965e+07 	
1.67717718e+06 	 1.045189e-05 	 1.622727e+07 	
1.67767768e+06 	 1.040246e-05 	 1.621489e+07 	
1.67817818e+06 	 1.035309e-05 	 1.620253e+07 	
1.67867868e+06 	 1.030378e-05 	 1.619018e+07 	
1.67917918e+06 	 1.025454e-05 	 1.617784e+07 	
1.67967968e+06 	 1.020536e-05 	 1.616551e+07 	
1.68018018e+06 	 1.015623e-05 	 1.615320e+07 	
1.68068068e+06 	 1.010717e-05 	 1.614090e+07 	
1.68118118e+06 	 1.005817e-05 	 1.612861e+07 	
1.68168168e+06 	 1.000974e-05 	 1.611631e+07 	
1.68218218e+06 	 9.960878e-06 	 1.610404e+07 	
1.68268268e+06 	 9.912071e-06 	 1.609179e+07 	
1.68318318e+06 	 9.863322e-06 	 1.607954e+07 	
1.68368368e+06 	 9.814632e-06 	 1.606731e+07 	
1.68418418e+06 	 9.765999e-06 	 1.605509e+07 	
1.68468468e+06 	 9.717424e-06 	 1.604289e+07 	
1.68518519e+06 	 9.668906e-06 	 1.603069e+07 	
1.68568569e+06 	 9.620445e-06 	 1.601851e+07 	
1.68618619e+06 	 9.572040e-06 	 1.600634e+07 	
1.68668669e+06 	 9.523690e-06 	 1.599418e+07 	
1.68718719e+06 	 9.475396e-06 	 1.598204e+07 	
1.68768769e+06 	 9.427156e-06 	 1.596990e+07 	
1.68818819e+06 	 9.378971e-06 	 1.595778e+07 	
1.68868869e+06 	 9.330840e-06 	 1.594567e+07 	
1.68918919e+06 	 9.282762e-06 	 1.593358e+07 	
1.68968969e+06 	 9.234737e-06 	 1.592149e+07 	
1.69019019e+06 	 9.186765e-06 	 1.590942e+07 	
1.69069069e+06 	 9.138845e-06 	 1.589736e+07 	
1.69119119e+06 	 9.091440e-06 	 1.588529e+07 	
1.69169169e+06 	 9.043637e-06 	 1.587326e+07 	
1.69219219e+06 	 8.995886e-06 	 1.586123e+07 	
1.69269269e+06 	 8.948185e-06 	 1.584922e+07 	
1.69319319e+06 	 8.900534e-06 	 1.583723e+07 	
1.69369369e+06 	 8.852934e-06 	 1.582524e+07 	
1.69419419e+06 	 8.805383e-06 	 1.581327e+07 	
1.69469469e+06 	 8.757881e-06 	 1.580131e+07 	
1.69519520e+06 	 8.710428e-06 	 1.578936e+07 	
1.69569570e+06 	 8.663023e-06 	 1.577743e+07 	
1.69619620e+06 	 8.615666e-06 	 1.576550e+07 	
1.69669670e+06 	 8.568356e-06 	 1.575360e+07 	
1.69719720e+06 	 8.521093e-06 	 1.574170e+07 	
1.69769770e+06 	 8.473877e-06 	 1.572981e+07 	
1.69819820e+06 	 8.426707e-06 	 1.571794e+07 	
1.69869870e+06 	 8.379582e-06 	 1.570609e+07 	
1.69919920e+06 	 8.332503e-06 	 1.569424e+07 	
1.69969970e+06 	 8.285468e-06 	 1.568241e+07 	
1.70020020e+06 	 8.238479e-06 	 1.567059e+07 	
1.70070070e+06 	 8.191945e-06 	 1.565876e+07 	
1.70120120e+06 	 8.145055e-06 	 1.564697e+07 	
1.70170170e+06 	 8.098209e-06 	 1.563519e+07 	
1.70220220e+06 	 8.051406e-06 	 1.562342e+07 	
1.70270270e+06 	 8.004646e-06 	 1.561167e+07 	
1.70320320e+06 	 7.957929e-06 	 1.559993e+07 	
1.70370370e+06 	 7.911253e-06 	 1.558820e+07 	
1.70420420e+06 	 7.864619e-06 	 1.557649e+07 	
1.70470470e+06 	 7.818026e-06 	 1.556479e+07 	
1.70520521e+06 	 7.771475e-06 	 1.555310e+07 	
1.70570571e+06 	 7.724963e-06 	 1.554143e+07 	
1.70620621e+06 	 7.678492e-06 	 1.552976e+07 	
1.70670671e+06 	 7.632061e-06 	 1.551812e+07 	
1.70720721e+06 	 7.585669e-06 	 1.550649e+07 	
1.70770771e+06 	 7.539316e-06 	 1.549487e+07 	
1.70820821e+06 	 7.493003e-06 	 1.548326e+07 	
1.70870871e+06 	 7.446727e-06 	 1.547167e+07 	
1.70920921e+06 	 7.400490e-06 	 1.546009e+07 	
1.70970971e+06 	 7.354290e-06 	 1.544853e+07 	
1.71021021e+06 	 7.308127e-06 	 1.543698e+07 	
1.71071071e+06 	 7.261628e-06 	 1.542546e+07 	
1.71121121e+06 	 7.215529e-06 	 1.541394e+07 	
1.71171171e+06 	 7.169465e-06 	 1.540243e+07 	
1.71221221e+06 	 7.123438e-06 	 1.539094e+07 	
1.71271271e+06 	 7.077446e-06 	 1.537946e+07 	
1.71321321e+06 	 7.031489e-06 	 1.536800e+07 	
1.71371371e+06 	 6.985567e-06 	 1.535655e+07 	
1.71421421e+06 	 6.939680e-06 	 1.534512e+07 	
1.71471471e+06 	 6.893828e-06 	 1.533370e+07 	
1.71521522e+06 	 6.848009e-06 	 1.532229e+07 	
1.71571572e+06 	 6.802225e-06 	 1.531090e+07 	
1.71621622e+06 	 6.756474e-06 	 1.529953e+07 	
1.71671672e+06 	 6.710757e-06 	 1.528817e+07 	
1.71721722e+06 	 6.665073e-06 	 1.527682e+07 	
1.71771772e+06 	 6.619422e-06 	 1.526549e+07 	
1.71821822e+06 	 6.573803e-06 	 1.525418e+07 	
1.71871872e+06 	 6.528218e-06 	 1.524288e+07 	
1.71921922e+06 	 6.482665e-06 	 1.523160e+07 	
1.71971972e+06 	 6.437144e-06 	 1.522033e+07 	
1.72022022e+06 	 6.391331e-06 	 1.520909e+07 	
1.72072072e+06 	 6.345865e-06 	 1.519786e+07 	
1.72122122e+06 	 6.300431e-06 	 1.518664e+07 	
1.72172172e+06 	 6.255028e-06 	 1.517543e+07 	
1.72222222e+06 	 6.209657e-06 	 1.516425e+07 	
1.72272272e+06 	 6.164317e-06 	 1.515307e+07 	
1.72322322e+06 	 6.119008e-06 	 1.514192e+07 	
1.72372372e+06 	 6.073731e-06 	 1.513078e+07 	
1.72422422e+06 	 6.028485e-06 	 1.511966e+07 	
1.72472472e+06 	 5.983270e-06 	 1.510855e+07 	
1.72522523e+06 	 5.938087e-06 	 1.509746e+07 	
1.72572573e+06 	 5.892935e-06 	 1.508639e+07 	
1.72622623e+06 	 5.847814e-06 	 1.507533e+07 	
1.72672673e+06 	 5.802724e-06 	 1.506430e+07 	
1.72722723e+06 	 5.757666e-06 	 1.505328e+07 	
1.72772773e+06 	 5.712639e-06 	 1.504227e+07 	
1.72822823e+06 	 5.667644e-06 	 1.503129e+07 	
1.72872873e+06 	 5.622681e-06 	 1.502032e+07 	
1.72922923e+06 	 5.577750e-06 	 1.500937e+07 	
1.72972973e+06 	 5.532574e-06 	 1.499845e+07 	
1.73023023e+06 	 5.487699e-06 	 1.498754e+07 	
1.73073073e+06 	 5.442858e-06 	 1.497664e+07 	
1.73123123e+06 	 5.398049e-06 	 1.496577e+07 	
1.73173173e+06 	 5.353273e-06 	 1.495491e+07 	
1.73223223e+06 	 5.308531e-06 	 1.494407e+07 	
1.73273273e+06 	 5.263822e-06 	 1.493325e+07 	
1.73323323e+06 	 5.219148e-06 	 1.492245e+07 	
1.73373373e+06 	 5.174508e-06 	 1.491166e+07 	
1.73423423e+06 	 5.129903e-06 	 1.490090e+07 	
1.73473473e+06 	 5.085334e-06 	 1.489016e+07 	
1.73523524e+06 	 5.040801e-06 	 1.487943e+07 	
1.73573574e+06 	 4.996305e-06 	 1.486873e+07 	
1.73623624e+06 	 4.951845e-06 	 1.485805e+07 	
1.73673674e+06 	 4.907424e-06 	 1.484738e+07 	
1.73723724e+06 	 4.863041e-06 	 1.483674e+07 	
1.73773774e+06 	 4.818698e-06 	 1.482612e+07 	
1.73823824e+06 	 4.774394e-06 	 1.481552e+07 	
1.73873874e+06 	 4.730132e-06 	 1.480494e+07 	
1.73923924e+06 	 4.685911e-06 	 1.479438e+07 	
1.73973974e+06 	 4.641493e-06 	 1.478386e+07 	
1.74024024e+06 	 4.597352e-06 	 1.477334e+07 	
1.74074074e+06 	 4.553254e-06 	 1.476285e+07 	
1.74124124e+06 	 4.509202e-06 	 1.475238e+07 	
1.74174174e+06 	 4.465197e-06 	 1.474193e+07 	
1.74224224e+06 	 4.421239e-06 	 1.473150e+07 	
1.74274274e+06 	 4.377329e-06 	 1.472110e+07 	
1.74324324e+06 	 4.333470e-06 	 1.471072e+07 	
1.74374374e+06 	 4.289661e-06 	 1.470036e+07 	
1.74424424e+06 	 4.245905e-06 	 1.469003e+07 	
1.74474474e+06 	 4.202203e-06 	 1.467972e+07 	
1.74524525e+06 	 4.158556e-06 	 1.466944e+07 	
1.74574575e+06 	 4.114965e-06 	 1.465918e+07 	
1.74624625e+06 	 4.071433e-06 	 1.464894e+07 	
1.74674675e+06 	 4.027961e-06 	 1.463873e+07 	
1.74724725e+06 	 3.984550e-06 	 1.462854e+07 	
1.74774775e+06 	 3.941203e-06 	 1.461838e+07 	
1.74824825e+06 	 3.897920e-06 	 1.460824e+07 	
1.74874875e+06 	 3.854705e-06 	 1.459813e+07 	
1.74924925e+06 	 3.811753e-06 	 1.458803e+07 	
1.74974975e+06 	 3.768682e-06 	 1.457797e+07 	
1.75025025e+06 	 3.725684e-06 	 1.456794e+07 	
1.75075075e+06 	 3.682761e-06 	 1.455794e+07 	
1.75125125e+06 	 3.639916e-06 	 1.454796e+07 	
1.75175175e+06 	 3.597150e-06 	 1.453801e+07 	
1.75225225e+06 	 3.554466e-06 	 1.452809e+07 	
1.75275275e+06 	 3.511866e-06 	 1.451820e+07 	
1.75325325e+06 	 3.469353e-06 	 1.450833e+07 	
1.75375375e+06 	 3.426929e-06 	 1.449850e+07 	
1.75425425e+06 	 3.384598e-06 	 1.448869e+07 	
1.75475475e+06 	 3.342361e-06 	 1.447892e+07 	
1.75525526e+06 	 3.300222e-06 	 1.446917e+07 	
1.75575576e+06 	 3.258183e-06 	 1.445945e+07 	
1.75625626e+06 	 3.216247e-06 	 1.444977e+07 	
1.75675676e+06 	 3.174417e-06 	 1.444011e+07 	
1.75725726e+06 	 3.132697e-06 	 1.443049e+07 	
1.75775776e+06 	 3.091090e-06 	 1.442090e+07 	
1.75825826e+06 	 3.049598e-06 	 1.441134e+07 	
1.75875876e+06 	 3.008073e-06 	 1.440183e+07 	
1.75925926e+06 	 2.966819e-06 	 1.439233e+07 	
1.75975976e+06 	 2.925692e-06 	 1.438287e+07 	
1.76026026e+06 	 2.884694e-06 	 1.437345e+07 	
1.76076076e+06 	 2.843830e-06 	 1.436405e+07 	
1.76126126e+06 	 2.803102e-06 	 1.435469e+07 	
1.76176176e+06 	 2.762515e-06 	 1.434537e+07 	
1.76226226e+06 	 2.722073e-06 	 1.433608e+07 	
1.76276276e+06 	 2.681780e-06 	 1.432682e+07 	
1.76326326e+06 	 2.641640e-06 	 1.431761e+07 	
1.76376376e+06 	 2.601656e-06 	 1.430842e+07 	
1.76426426e+06 	 2.561833e-06 	 1.429928e+07 	
1.76476476e+06 	 2.522176e-06 	 1.429017e+07 	
1.76526527e+06 	 2.482689e-06 	 1.428110e+07 	
1.76576577e+06 	 2.443375e-06 	 1.427207e+07 	
1.76626627e+06 	 2.404241e-06 	 1.426307e+07 	
1.76676677e+06 	 2.365289e-06 	 1.425412e+07 	
1.76726727e+06 	 2.326526e-06 	 1.424520e+07 	
1.76776777e+06 	 2.287955e-06 	 1.423632e+07 	
1.76826827e+06 	 2.249696e-06 	 1.422747e+07 	
1.76876877e+06 	 2.211526e-06 	 1.421867e+07 	
1.76926927e+06 	 2.173564e-06 	 1.420991e+07 	
1.76976977e+06 	 2.135814e-06 	 1.420120e+07 	
1.77027027e+06 	 2.098281e-06 	 1.419252e+07 	
1.77077077e+06 	 2.060970e-06 	 1.418389e+07 	
1.77127127e+06 	 2.023886e-06 	 1.417531e+07 	
1.77177177e+06 	 1.987034e-06 	 1.416676e+07 	
1.77227227e+06 	 1.950420e-06 	 1.415826e+07 	
1.77277277e+06 	 1.914049e-06 	 1.414980e+07 	
1.77327327e+06 	 1.877926e-06 	 1.414139e+07 	
1.77377377e+06 	 1.842055e-06 	 1.413302e+07 	
1.77427427e+06 	 1.806444e-06 	 1.412469e+07 	
1.77477477e+06 	 1.771096e-06 	 1.411642e+07 	
1.77527528e+06 	 1.736017e-06 	 1.410818e+07 	
1.77577578e+06 	 1.701213e-06 	 1.410000e+07 	
1.77627628e+06 	 1.666689e-06 	 1.409186e+07 	
1.77677678e+06 	 1.632450e-06 	 1.408377e+07 	
1.77727728e+06 	 1.598501e-06 	 1.407573e+07 	
1.77777778e+06 	 1.564929e-06 	 1.406771e+07 	
1.77827828e+06 	 1.531579e-06 	 1.405977e+07 	
1.77877878e+06 	 1.498535e-06 	 1.405187e+07 	
1.77927928e+06 	 1.465803e-06 	 1.404402e+07 	
1.77977978e+06 	 1.433388e-06 	 1.403623e+07 	
1.78028028e+06 	 1.401295e-06 	 1.402848e+07 	
1.78078078e+06 	 1.369529e-06 	 1.402078e+07 	
1.78128128e+06 	 1.338095e-06 	 1.401314e+07 	
1.78178178e+06 	 1.306999e-06 	 1.400555e+07 	
1.78228228e+06 	 1.276244e-06 	 1.399800e+07 	
1.78278278e+06 	 1.245837e-06 	 1.399052e+07 	
1.78328328e+06 	 1.215781e-06 	 1.398308e+07 	
1.78378378e+06 	 1.186082e-06 	 1.397570e+07 	
1.78428428e+06 	 1.156744e-06 	 1.396837e+07 	
1.78478478e+06 	 1.127771e-06 	 1.396109e+07 	
1.78528529e+06 	 1.099168e-06 	 1.395387e+07 	
1.78578579e+06 	 1.070938e-06 	 1.394671e+07 	
1.78628629e+06 	 1.043087e-06 	 1.393960e+07 	
1.78678679e+06 	 1.015670e-06 	 1.393252e+07 	
1.78728729e+06 	 9.885865e-07 	 1.392552e+07 	
1.78778779e+06 	 9.618928e-07 	 1.391857e+07 	
1.78828829e+06 	 9.355918e-07 	 1.391169e+07 	
1.78878879e+06 	 9.096869e-07 	 1.390485e+07 	
1.78928929e+06 	 8.841812e-07 	 1.389808e+07 	
1.78978979e+06 	 8.590777e-07 	 1.389136e+07 	
1.79029029e+06 	 8.343791e-07 	 1.388470e+07 	
1.79079079e+06 	 8.100880e-07 	 1.387810e+07 	
1.79129129e+06 	 7.862067e-07 	 1.387155e+07 	
1.79179179e+06 	 7.627374e-07 	 1.386507e+07 	
1.79229229e+06 	 7.396819e-07 	 1.385864e+07 	
1.79279279e+06 	 7.170421e-07 	 1.385227e+07 	
1.79329329e+06 	 6.948194e-07 	 1.384596e+07 	
1.79379379e+06 	 6.730150e-07 	 1.383970e+07 	
1.79429429e+06 	 6.516301e-07 	 1.383351e+07 	
1.79479479e+06 	 6.306652e-07 	 1.382738e+07 	
1.79529530e+06 	 6.101518e-07 	 1.382128e+07 	
1.79579580e+06 	 5.900290e-07 	 1.381526e+07 	
1.79629630e+06 	 5.703271e-07 	 1.380931e+07 	
1.79679680e+06 	 5.510461e-07 	 1.380341e+07 	
1.79729730e+06 	 5.321855e-07 	 1.379757e+07 	
1.79779780e+06 	 5.137446e-07 	 1.379179e+07 	
1.79829830e+06 	 4.957223e-07 	 1.378608e+07 	
1.79879880e+06 	 4.781175e-07 	 1.378042e+07 	
1.79929930e+06 	 4.609287e-07 	 1.377482e+07 	
1.79979980e+06 	 4.441542e-07 	 1.376928e+07 	
1.80030030e+06 	 4.277919e-07 	 1.376380e+07 	
1.80080080e+06 	 4.118397e-07 	 1.375838e+07 	
1.80130130e+06 	 3.962949e-07 	 1.375302e+07 	
1.80180180e+06 	 3.811549e-07 	 1.374771e+07 	
1.80230230e+06 	 3.664167e-07 	 1.374247e+07 	
1.80280280e+06 	 3.520770e-07 	 1.373729e+07 	
1.80330330e+06 	 3.381155e-07 	 1.373219e+07 	
1.80380380e+06 	 3.245621e-07 	 1.372712e+07 	
1.80430430e+06 	 3.113961e-07 	 1.372212e+07 	
1.80480480e+06 	 2.986133e-07 	 1.371717e+07 	
1.80530531e+06 	 2.862094e-07 	 1.371228e+07 	
1.80580581e+06 	 2.741798e-07 	 1.370745e+07 	
1.80630631e+06 	 2.625196e-07 	 1.370268e+07 	
1.80680681e+06 	 2.512239e-07 	 1.369796e+07 	
1.80730731e+06 	 2.402875e-07 	 1.369331e+07 	
1.80780781e+06 	 2.297051e-07 	 1.368870e+07 	
1.80830831e+06 	 2.194710e-07 	 1.368416e+07 	
1.80880881e+06 	 2.095796e-07 	 1.367967e+07 	
1.80930931e+06 	 2.000251e-07 	 1.367524e+07 	
1.80980981e+06 	 1.908015e-07 	 1.367086e+07 	
1.81031031e+06 	 1.819026e-07 	 1.366654e+07 	
1.81081081e+06 	 1.733313e-07 	 1.366224e+07 	
1.81131131e+06 	 1.650630e-07 	 1.365802e+07 	
1.81181181e+06 	 1.571005e-07 	 1.365386e+07 	
1.81231231e+06 	 1.494370e-07 	 1.364975e+07 	
1.81281281e+06 	 1.420661e-07 	 1.364570e+07 	
1.81331331e+06 	 1.349808e-07 	 1.364169e+07 	
1.81381381e+06 	 1.281746e-07 	 1.363774e+07 	
1.81431431e+06 	 1.216405e-07 	 1.363384e+07 	
1.81481481e+06 	 1.153718e-07 	 1.362999e+07 	
1.81531532e+06 	 1.093614e-07 	 1.362619e+07 	
1.81581582e+06 	 1.036025e-07 	 1.362244e+07 	
1.81631632e+06 	 9.808823e-08 	 1.361874e+07 	
1.81681682e+06 	 9.281656e-08 	 1.361504e+07 	
1.81731732e+06 	 8.777075e-08 	 1.361143e+07 	
1.81781782e+06 	 8.294884e-08 	 1.360787e+07 	
1.81831832e+06 	 7.834395e-08 	 1.360435e+07 	
1.81881882e+06 	 7.394930e-08 	 1.360088e+07 	
1.81931932e+06 	 6.975811e-08 	 1.359745e+07 	
1.81981982e+06 	 6.576369e-08 	 1.359407e+07 	
1.82032032e+06 	 6.195941e-08 	 1.359072e+07 	
1.82082082e+06 	 5.833869e-08 	 1.358742e+07 	
1.82132132e+06 	 5.489218e-08 	 1.358421e+07 	
1.82182182e+06 	 5.161919e-08 	 1.358100e+07 	
1.82232232e+06 	 4.851060e-08 	 1.357783e+07 	
1.82282282e+06 	 4.556022e-08 	 1.357469e+07 	
1.82332332e+06 	 4.276196e-08 	 1.357160e+07 	
1.82382382e+06 	 4.010985e-08 	 1.356854e+07 	
1.82432432e+06 	 3.759803e-08 	 1.356552e+07 	
1.82482482e+06 	 3.521896e-08 	 1.356259e+07 	
1.82532533e+06 	 3.297059e-08 	 1.355965e+07 	
1.82582583e+06 	 3.084570e-08 	 1.355674e+07 	
1.82632633e+06 	 2.883893e-08 	 1.355387e+07 	
1.82682683e+06 	 2.694510e-08 	 1.355103e+07 	
1.82732733e+06 	 2.515914e-08 	 1.354822e+07 	
1.82782783e+06 	 2.347483e-08 	 1.354552e+07 	
1.82832833e+06 	 2.188986e-08 	 1.354279e+07 	
1.82882883e+06 	 2.039840e-08 	 1.354009e+07 	
1.82932933e+06 	 1.899594e-08 	 1.353742e+07 	
1.82982983e+06 	 1.767905e-08 	 1.353469e+07 	
1.83033033e+06 	 1.644180e-08 	 1.353206e+07 	
1.83083083e+06 	 1.528094e-08 	 1.352946e+07 	
1.83133133e+06 	 1.419258e-08 	 1.352688e+07 	
1.83183183e+06 	 1.317216e-08 	 1.352446e+07 	
1.83233233e+06 	 1.221746e-08 	 1.352196e+07 	
1.83283283e+06 	 1.132432e-08 	 1.351950e+07 	
1.83333333e+06 	 1.049000e-08 	 1.351691e+07 	
1.83383383e+06 	 9.710164e-09 	 1.351447e+07 	
1.83433433e+06 	 8.981766e-09 	 1.351221e+07 	
1.83483483e+06 	 8.302683e-09 	 1.350988e+07 	
1.83533534e+06 	 7.670079e-09 	 1.350743e+07 	
1.83583584e+06 	 7.080583e-09 	 1.350515e+07 	
1.83633634e+06 	 6.532247e-09 	 1.350273e+07 	
1.83683684e+06 	 6.022031e-09 	 1.350050e+07 	
1.83733734e+06 	 5.548349e-09 	 1.349794e+07 	
1.83783784e+06 	 5.108154e-09 	 1.349566e+07 	
1.83833834e+06 	 4.699691e-09 	 1.349339e+07 	
1.83883884e+06 	 4.321129e-09 	 1.349090e+07 	
1.83933934e+06 	 3.970353e-09 	 1.348839e+07 	
1.83983984e+06 	 3.645267e-09 	 1.348648e+07 	
1.84034034e+06 	 3.344790e-09 	 1.348403e+07 	
1.84084084e+06 	 3.066715e-09 	 1.348229e+07 	
1.84134134e+06 	 2.809998e-09 	 1.348019e+07 	
1.84184184e+06 	 2.573144e-09 	 1.347769e+07 	
1.84234234e+06 	 2.354677e-09 	 1.347500e+07 	
1.84284284e+06 	 2.153076e-09 	 1.347347e+07 	
1.84334334e+06 	 1.967556e-09 	 1.347109e+07 	
1.84384384e+06 	 1.796716e-09 	 1.346925e+07 	
1.84434434e+06 	 1.639651e-09 	 1.346709e+07 	
1.84484484e+06 	 1.495296e-09 	 1.346497e+07 	
1.84534535e+06 	 1.362759e-09 	 1.346256e+07 	
1.84584585e+06 	 1.241048e-09 	 1.346102e+07 	
1.84634635e+06 	 1.129434e-09 	 1.345953e+07 	
1.84684685e+06 	 1.027290e-09 	 1.345661e+07 	
1.84734735e+06 	 9.336951e-10 	 1.345450e+07 	
1.84784785e+06 	 8.480518e-10 	 1.345245e+07 	
1.84834835e+06 	 7.697532e-10 	 1.345026e+07 	
1.84884885e+06 	 6.982059e-10 	 1.344832e+07 	
1.84934935e+06 	 6.328897e-10 	 1.344619e+07 	
1.84984985e+06 	 5.732957e-10 	 1.344420e+07 	
1.85035035e+06 	 5.189724e-10 	 1.344188e+07 	
1.85085085e+06 	 4.694724e-10 	 1.344011e+07 	
1.85135135e+06 	 4.244155e-10 	 1.343803e+07 	
1.85185185e+06 	 3.834258e-10 	 1.343602e+07 	
1.85235235e+06 	 3.461654e-10 	 1.343393e+07 	
1.85285285e+06 	 3.123166e-10 	 1.343195e+07 	
1.85335335e+06 	 2.815913e-10 	 1.342989e+07 	
1.85385385e+06 	 2.537197e-10 	 1.342790e+07 	
1.85435435e+06 	 2.284558e-10 	 1.342584e+07 	
1.85485485e+06 	 2.055710e-10 	 1.342385e+07 	
1.85535536e+06 	 1.848568e-10 	 1.342180e+07 	
2.10947065e+06 	 1.000000e-20 	 1.250762e+07 	
2.39839038e+06 	 1.000000e-20 	 1.166624e+07 	
2.72688146e+06 	 1.000000e-20 	 1.088967e+07 	
3.10036371e+06 	 1.000000e-20 	 1.017129e+07 	
3.52499926e+06 	 1.000000e-20 	 9.505464e+06 	
4.00779423e+06 	 1.000000e-20 	 8.887353e+06 	
4.55671432e+06 	 1.000000e-20 	 8.312750e+06 	
5.18081623e+06 	 1.000000e-20 	 7.777968e+06 	
5.89039709e+06 	 1.000000e-20 	 7.279748e+06 	
6.69716438e+06 	 1.000000e-20 	 6.815189e+06 	
7.61442905e+06 	 1.000000e-20 	 6.381696e+06 	
8.65732517e+06 	 1.000000e-20 	 5.976931e+06 	
9.84305962e+06 	 1.000000e-20 	 5.598779e+06 	
1.11911960e+07 	 1.000000e-20 	 5.245322e+06 	
1.27239773e+07 	 1.000000e-20 	 4.914806e+06 	
1.44666933e+07 	 1.000000e-20 	 4.605630e+06 	
1.64480970e+07 	 1.000000e-20 	 4.316325e+06 	
1.87008800e+07 	 1.000000e-20 	 4.045538e+06 	
2.12622113e+07 	 1.000000e-20 	 3.792021e+06 	
2.41743506e+07 	 1.000000e-20 	 3.554624e+06 	
2.74853455e+07 	 1.000000e-20 	 3.332280e+06 	
3.12498248e+07 	 1.000000e-20 	 3.124001e+06 	
3.55298990e+07 	 1.000000e-20 	 2.928868e+06 	
4.03961855e+07 	 1.000000e-20 	 2.746030e+06 	
4.59289740e+07 	 1.000000e-20 	 2.574694e+06 	
5.22195506e+07 	 1.000000e-20 	 2.414119e+06 	
5.93717042e+07 	 1.000000e-20 	 2.263618e+06 	
6.75034393e+07 	 1.000000e-20 	 2.122549e+06 	
7.67489224e+07 	 1.000000e-20 	 1.990311e+06 	
8.72606959e+07 	 1.000000e-20 	 1.866345e+06 	
9.92121949e+07 	 1.000000e-20 	 1.750127e+06 	
1.12800609e+08 	 1.000000e-20 	 1.641168e+06 	
1.28250135e+08 	 1.000000e-20 	 1.539012e+06 	
1.45815676e+08 	 1.000000e-20 	 1.443229e+06 	
1.65787049e+08 	 1.000000e-20 	 1.353421e+06 	
1.88493764e+08 	 1.000000e-20 	 1.269211e+06 	
2.14310462e+08 	 1.000000e-20 	 1.190249e+06 	
2.43663096e+08 	 1.000000e-20 	 1.116207e+06 	
2.77035959e+08 	 1.000000e-20 	 1.046777e+06 	
3.14979674e+08 	 1.000000e-20 	 9.816696e+05 	
3.58120279e+08 	 1.000000e-20 	 9.206161e+05 	
4.07169558e+08 	 1.000000e-20 	 8.633630e+05 	
4.62936779e+08 	 1.000000e-20 	 8.096732e+05 	
5.26342055e+08 	 1.000000e-20 	 7.593243e+05 	
5.98431516e+08 	 1.000000e-20 	 7.121082e+05 	
6.80394576e+08 	 1.000000e-20 	 6.678296e+05 	
7.73583555e+08 	 1.000000e-20 	 6.263055e+05 	
8.79535988e+08 	 1.000000e-20 	 5.873642e+05 	
1.00000000e+09 	 1.000000e-20 	 5.508450e+05 	
