r (cm)        	 rho (g/cm3) 	 T (K)       		 Linf = 4.984898e+38
1.20010160e+06 	 1.647768e+05 	 1.450271e+09 	
1.20010258e+06 	 1.644482e+05 	 1.449554e+09 	
1.20017564e+06 	 1.413343e+05 	 1.396263e+09 	
1.20023566e+06 	 1.244644e+05 	 1.353129e+09 	
1.20029568e+06 	 1.093369e+05 	 1.310595e+09 	
1.20035570e+06 	 9.580521e+04 	 1.268677e+09 	
1.20041571e+06 	 8.373168e+04 	 1.227394e+09 	
1.20047573e+06 	 7.298724e+04 	 1.186763e+09 	
1.20053533e+06 	 6.351396e+04 	 1.147081e+09 	
1.20059493e+06 	 5.512192e+04 	 1.108081e+09 	
1.20065453e+06 	 4.770840e+04 	 1.069780e+09 	
1.20070341e+06 	 4.229124e+04 	 1.038902e+09 	
1.20075229e+06 	 3.741891e+04 	 1.008519e+09 	
1.20080118e+06 	 3.304537e+04 	 9.786400e+08 	
1.20085006e+06 	 2.912756e+04 	 9.492772e+08 	
1.20089894e+06 	 2.562523e+04 	 9.204408e+08 	
1.20094782e+06 	 2.250091e+04 	 8.921413e+08 	
1.20099605e+06 	 1.975487e+04 	 8.647575e+08 	
1.20104427e+06 	 1.731175e+04 	 8.379166e+08 	
1.20109250e+06 	 1.514275e+04 	 8.116284e+08 	
1.20114073e+06 	 1.322124e+04 	 7.859025e+08 	
1.20118081e+06 	 1.179492e+04 	 7.649569e+08 	
1.20122089e+06 	 1.050947e+04 	 7.444113e+08 	
1.20126097e+06 	 9.352703e+03 	 7.242705e+08 	
1.20130105e+06 	 8.313309e+03 	 7.045394e+08 	
1.20134113e+06 	 7.380778e+03 	 6.852224e+08 	
1.20138121e+06 	 6.545376e+03 	 6.663238e+08 	
1.20142129e+06 	 5.798101e+03 	 6.478476e+08 	
1.20146289e+06 	 5.106691e+03 	 6.291183e+08 	
1.20150450e+06 	 4.492755e+03 	 6.108516e+08 	
1.20153913e+06 	 4.035195e+03 	 5.960037e+08 	
1.20157376e+06 	 3.621705e+03 	 5.814802e+08 	
1.20160839e+06 	 3.248431e+03 	 5.672824e+08 	
1.20164302e+06 	 2.911807e+03 	 5.534116e+08 	
1.20167764e+06 	 2.608540e+03 	 5.398684e+08 	
1.20171227e+06 	 2.335591e+03 	 5.266536e+08 	
1.20174690e+06 	 2.090164e+03 	 5.137673e+08 	
1.20178153e+06 	 1.869687e+03 	 5.012096e+08 	
1.20181616e+06 	 1.671801e+03 	 4.889801e+08 	
1.20185079e+06 	 1.494341e+03 	 4.770781e+08 	
1.20188252e+06 	 1.347976e+03 	 4.664591e+08 	
1.20191425e+06 	 1.215703e+03 	 4.561131e+08 	
1.20194598e+06 	 1.096239e+03 	 4.460391e+08 	
1.20197771e+06 	 9.884063e+02 	 4.362355e+08 	
1.20200944e+06 	 8.911256e+02 	 4.267005e+08 	
1.20204117e+06 	 8.034089e+02 	 4.174321e+08 	
1.20207290e+06 	 7.243528e+02 	 4.084282e+08 	
1.20210463e+06 	 6.531323e+02 	 3.996862e+08 	
1.20213636e+06 	 5.889952e+02 	 3.912034e+08 	
1.20216809e+06 	 5.312564e+02 	 3.829769e+08 	
1.20219982e+06 	 4.792925e+02 	 3.750034e+08 	
1.20223155e+06 	 4.325372e+02 	 3.672795e+08 	
1.20226328e+06 	 3.904764e+02 	 3.598017e+08 	
1.20229501e+06 	 3.526443e+02 	 3.525660e+08 	
1.20232674e+06 	 3.186188e+02 	 3.455684e+08 	
1.20235848e+06 	 2.880182e+02 	 3.388047e+08 	
1.20239021e+06 	 2.604975e+02 	 3.322704e+08 	
1.20242194e+06 	 2.357452e+02 	 3.259610e+08 	
1.20245367e+06 	 2.134804e+02 	 3.198718e+08 	
1.20248540e+06 	 1.934498e+02 	 3.139979e+08 	
1.20252157e+06 	 1.730524e+02 	 3.075587e+08 	
1.20255773e+06 	 1.549606e+02 	 3.013851e+08 	
1.20259390e+06 	 1.389071e+02 	 2.954695e+08 	
1.20263007e+06 	 1.246553e+02 	 2.898041e+08 	
1.20266624e+06 	 1.119959e+02 	 2.843809e+08 	
1.20270241e+06 	 1.007440e+02 	 2.791921e+08 	
1.20273858e+06 	 9.073615e+01 	 2.742294e+08 	
1.20277474e+06 	 8.182819e+01 	 2.694851e+08 	
1.20281091e+06 	 7.389279e+01 	 2.649510e+08 	
1.20284708e+06 	 6.681767e+01 	 2.606192e+08 	
1.20288325e+06 	 6.050378e+01 	 2.564819e+08 	
1.20291942e+06 	 5.486377e+01 	 2.525313e+08 	
1.20295559e+06 	 4.982064e+01 	 2.487598e+08 	
1.20299175e+06 	 4.530646e+01 	 2.451599e+08 	
1.20302792e+06 	 4.126134e+01 	 2.417243e+08 	
1.20306409e+06 	 3.763247e+01 	 2.384457e+08 	
1.20310026e+06 	 3.437324e+01 	 2.353172e+08 	
1.20313643e+06 	 3.144254e+01 	 2.323321e+08 	
1.20317260e+06 	 2.880405e+01 	 2.294837e+08 	
1.20320876e+06 	 2.642573e+01 	 2.267657e+08 	
1.20324493e+06 	 2.427924e+01 	 2.241720e+08 	
1.20328948e+06 	 2.191710e+01 	 2.211392e+08 	
1.20333403e+06 	 1.982803e+01 	 2.182753e+08 	
1.20337859e+06 	 1.797685e+01 	 2.155703e+08 	
1.20342314e+06 	 1.633325e+01 	 2.130147e+08 	
1.20346769e+06 	 1.487110e+01 	 2.105993e+08 	
1.20351224e+06 	 1.356779e+01 	 2.083156e+08 	
1.20355679e+06 	 1.240381e+01 	 2.061555e+08 	
1.20360134e+06 	 1.136223e+01 	 2.041115e+08 	
1.20364589e+06 	 1.042838e+01 	 2.021763e+08 	
1.20369044e+06 	 9.589504e+00 	 2.003433e+08 	
1.20374572e+06 	 8.664173e+00 	 1.982015e+08 	
1.20380099e+06 	 7.849908e+00 	 1.961961e+08 	
1.20385627e+06 	 7.131348e+00 	 1.943167e+08 	
1.20391155e+06 	 6.495481e+00 	 1.925538e+08 	
1.20396682e+06 	 5.931260e+00 	 1.908986e+08 	
1.20402210e+06 	 5.429280e+00 	 1.893431e+08 	
1.20407738e+06 	 4.981513e+00 	 1.878799e+08 	
1.20413266e+06 	 4.581091e+00 	 1.865022e+08 	
1.20418793e+06 	 4.222124e+00 	 1.852036e+08 	
1.20424321e+06 	 3.899546e+00 	 1.839785e+08 	
1.20429849e+06 	 3.608988e+00 	 1.828216e+08 	
1.20436926e+06 	 3.277762e+00 	 1.814323e+08 	
1.20444003e+06 	 2.986143e+00 	 1.801375e+08 	
1.20451080e+06 	 2.728500e+00 	 1.789290e+08 	
1.20458157e+06 	 2.500112e+00 	 1.777993e+08 	
1.20465234e+06 	 2.297003e+00 	 1.767416e+08 	
1.20472311e+06 	 2.115817e+00 	 1.757500e+08 	
1.20479388e+06 	 1.953704e+00 	 1.748189e+08 	
1.20488408e+06 	 1.770935e+00 	 1.737121e+08 	
1.20497428e+06 	 1.611040e+00 	 1.726866e+08 	
1.20506448e+06 	 1.470561e+00 	 1.717343e+08 	
1.20515469e+06 	 1.346643e+00 	 1.708482e+08 	
1.20524489e+06 	 1.236914e+00 	 1.700220e+08 	
1.20533509e+06 	 1.139394e+00 	 1.692501e+08 	
1.20542529e+06 	 1.052423e+00 	 1.685275e+08 	
1.20554134e+06 	 9.538163e-01 	 1.676636e+08 	
1.20565739e+06 	 8.679104e-01 	 1.668659e+08 	
1.20577345e+06 	 7.927032e-01 	 1.661275e+08 	
1.20588950e+06 	 7.265590e-01 	 1.654421e+08 	
1.20600555e+06 	 6.681330e-01 	 1.648043e+08 	
1.20612160e+06 	 6.163131e-01 	 1.642093e+08 	
1.20623766e+06 	 5.701745e-01 	 1.636532e+08 	
1.20640254e+06 	 5.129028e-01 	 1.629225e+08 	
1.20656742e+06 	 4.637542e-01 	 1.622538e+08 	
1.20673230e+06 	 4.213059e-01 	 1.616393e+08 	
1.20689718e+06 	 3.844258e-01 	 1.610726e+08 	
1.20706206e+06 	 3.522059e-01 	 1.605482e+08 	
1.20726528e+06 	 3.178298e-01 	 1.599531e+08 	
1.20746850e+06 	 2.883288e-01 	 1.594077e+08 	
1.20767172e+06 	 2.628417e-01 	 1.589057e+08 	
1.20787493e+06 	 2.406857e-01 	 1.584417e+08 	
1.20807815e+06 	 2.213151e-01 	 1.580114e+08 	
1.20838197e+06 	 1.966158e-01 	 1.574227e+08 	
1.20868579e+06 	 1.760304e-01 	 1.568902e+08 	
1.20898961e+06 	 1.587046e-01 	 1.564054e+08 	
1.20929343e+06 	 1.439922e-01 	 1.559615e+08 	
1.20966089e+06 	 1.289904e-01 	 1.554713e+08 	
1.21002835e+06 	 1.164271e-01 	 1.550246e+08 	
1.21039581e+06 	 1.058043e-01 	 1.546149e+08 	
1.21076327e+06 	 9.674402e-02 	 1.542369e+08 	
1.21131026e+06 	 8.554186e-02 	 1.537241e+08 	
1.21185724e+06 	 7.645933e-02 	 1.532608e+08 	
1.21240423e+06 	 6.899388e-02 	 1.528384e+08 	
1.21317709e+06 	 6.051910e-02 	 1.522986e+08 	
1.21394996e+06 	 5.384821e-02 	 1.518127e+08 	
1.21472282e+06 	 4.850201e-02 	 1.513699e+08 	
1.21561310e+06 	 4.356086e-02 	 1.509031e+08 	
1.21650337e+06 	 3.959360e-02 	 1.504739e+08 	
1.21739365e+06 	 3.635919e-02 	 1.500752e+08 	
1.21875946e+06 	 3.244579e-02 	 1.495111e+08 	
1.22012528e+06 	 2.944927e-02 	 1.489925e+08 	
1.22175606e+06 	 2.670775e-02 	 1.484190e+08 	
1.22338684e+06 	 2.460734e-02 	 1.478840e+08 	
1.22501763e+06 	 2.296245e-02 	 1.473790e+08 	
1.22749747e+06 	 2.106918e-02 	 1.466550e+08 	
1.22901160e+06 	 2.017204e-02 	 1.462333e+08 	
1.23219069e+06 	 1.872278e-02 	 1.453860e+08 	
1.23482274e+06 	 1.783342e-02 	 1.447143e+08 	
1.23920538e+06 	 1.674491e-02 	 1.436394e+08 	
1.24129991e+06 	 1.634170e-02 	 1.431405e+08 	
1.24691111e+06 	 1.549291e-02 	 1.418388e+08 	
1.25105518e+06 	 1.500649e-02 	 1.409033e+08 	
1.25942971e+06 	 1.422099e-02 	 1.390635e+08 	
1.26266833e+06 	 1.396036e-02 	 1.383674e+08 	
1.27447268e+06 	 1.311999e-02 	 1.358911e+08 	
1.28153494e+06 	 1.266934e-02 	 1.344512e+08 	
1.28465353e+06 	 1.247895e-02 	 1.338246e+08 	
1.28496538e+06 	 1.246017e-02 	 1.337623e+08 	
1.28499657e+06 	 1.245829e-02 	 1.337560e+08 	
1.28499969e+06 	 1.245810e-02 	 1.337554e+08 	
1.28500000e+06 	 1.245808e-02 	 1.337554e+08 	
1.30500000e+06 	 1.133506e-02 	 1.298679e+08 	
1.32000000e+06 	 1.058048e-02 	 1.270877e+08 	
1.34000000e+06 	 9.671739e-03 	 1.235482e+08 	
1.36000000e+06 	 8.859840e-03 	 1.201866e+08 	
1.38000000e+06 	 8.132861e-03 	 1.169902e+08 	
1.40000000e+06 	 7.479695e-03 	 1.139470e+08 	
1.41500000e+06 	 7.033310e-03 	 1.117589e+08 	
1.43500000e+06 	 6.488763e-03 	 1.089589e+08 	
1.45500000e+06 	 5.996832e-03 	 1.062854e+08 	
1.47500000e+06 	 5.551272e-03 	 1.037299e+08 	
1.49500000e+06 	 5.146696e-03 	 1.012849e+08 	
1.51500000e+06 	 4.778590e-03 	 9.894353e+07 	
1.53000000e+06 	 4.524288e-03 	 9.725165e+07 	
1.56000000e+06 	 4.064831e-03 	 9.402212e+07 	
1.58000000e+06 	 3.790971e-03 	 9.197610e+07 	
1.60000000e+06 	 3.540072e-03 	 9.000995e+07 	
1.62000000e+06 	 3.309721e-03 	 8.811913e+07 	
1.64000000e+06 	 3.098002e-03 	 8.629948e+07 	
1.66000000e+06 	 2.903098e-03 	 8.454712e+07 	
1.68000000e+06 	 2.723390e-03 	 8.285843e+07 	
1.70000000e+06 	 2.557391e-03 	 8.123004e+07 	
1.72000000e+06 	 2.404080e-03 	 7.965892e+07 	
1.74000000e+06 	 2.262137e-03 	 7.814209e+07 	
1.76000000e+06 	 2.130445e-03 	 7.667676e+07 	
1.79000000e+06 	 1.950641e-03 	 7.457008e+07 	
1.81000000e+06 	 1.841270e-03 	 7.322299e+07 	
1.83000000e+06 	 1.739581e-03 	 7.191933e+07 	
1.85000000e+06 	 1.644793e-03 	 7.065699e+07 	
1.88000000e+06 	 1.514445e-03 	 6.883689e+07 	
1.90000000e+06 	 1.434706e-03 	 6.766986e+07 	
1.92000000e+06 	 1.360202e-03 	 6.653804e+07 	
1.95000000e+06 	 1.257253e-03 	 6.490290e+07 	
1.97000000e+06 	 1.194043e-03 	 6.385250e+07 	
1.99000000e+06 	 1.134721e-03 	 6.283224e+07 	
2.02000000e+06 	 1.052530e-03 	 6.135573e+07 	
2.04000000e+06 	 1.001895e-03 	 6.040562e+07 	
2.07000000e+06 	 9.314781e-04 	 5.902895e+07 	
2.09000000e+06 	 8.879733e-04 	 5.814207e+07 	
2.11000000e+06 	 8.469846e-04 	 5.727877e+07 	
2.14000000e+06 	 7.898026e-04 	 5.602602e+07 	
2.16000000e+06 	 7.543568e-04 	 5.521777e+07 	
2.19000000e+06 	 7.048163e-04 	 5.404376e+07 	
2.22000000e+06 	 6.593050e-04 	 5.291359e+07 	
2.24000000e+06 	 6.309700e-04 	 5.218328e+07 	
2.27000000e+06 	 5.912968e-04 	 5.112098e+07 	
2.29000000e+06 	 5.665537e-04 	 5.043393e+07 	
2.32000000e+06 	 5.318302e-04 	 4.943369e+07 	
2.34000000e+06 	 5.101218e-04 	 4.878621e+07 	
2.37000000e+06 	 4.796361e-04 	 4.784286e+07 	
2.40000000e+06 	 4.513652e-04 	 4.693135e+07 	
2.42000000e+06 	 4.336861e-04 	 4.634066e+07 	
2.45000000e+06 	 4.087305e-04 	 4.547890e+07 	
2.48000000e+06 	 3.855275e-04 	 4.464508e+07 	
2.50000000e+06 	 3.709856e-04 	 4.410412e+07 	
2.53000000e+06 	 3.504089e-04 	 4.331404e+07 	
2.56000000e+06 	 3.312221e-04 	 4.254859e+07 	
2.59000000e+06 	 3.133380e-04 	 4.180670e+07 	
2.61000000e+06 	 3.020713e-04 	 4.132464e+07 	
2.64000000e+06 	 2.861008e-04 	 4.061967e+07 	
2.67000000e+06 	 2.711772e-04 	 3.993560e+07 	
2.70000000e+06 	 2.572020e-04 	 3.927152e+07 	
2.73000000e+06 	 2.441074e-04 	 3.862657e+07 	
2.76000000e+06 	 2.318244e-04 	 3.799997e+07 	
2.79000000e+06 	 2.203045e-04 	 3.739098e+07 	
2.82000000e+06 	 2.094806e-04 	 3.679886e+07 	
2.85000000e+06 	 1.993088e-04 	 3.622295e+07 	
2.88000000e+06 	 1.897415e-04 	 3.566262e+07 	
2.91000000e+06 	 1.807359e-04 	 3.511724e+07 	
2.94000000e+06 	 1.722548e-04 	 3.458626e+07 	
2.97000000e+06 	 1.642574e-04 	 3.406911e+07 	
3.00000000e+06 	 1.567152e-04 	 3.356528e+07 	
3.03000000e+06 	 1.495953e-04 	 3.307426e+07 	
3.06000000e+06 	 1.428691e-04 	 3.259560e+07 	
3.09000000e+06 	 1.365133e-04 	 3.212884e+07 	
3.12000000e+06 	 1.305019e-04 	 3.167356e+07 	
3.15000000e+06 	 1.248131e-04 	 3.122934e+07 	
3.18000000e+06 	 1.194261e-04 	 3.079580e+07 	
3.21000000e+06 	 1.143230e-04 	 3.037257e+07 	
3.24000000e+06 	 1.094855e-04 	 2.995930e+07 	
3.27000000e+06 	 1.048971e-04 	 2.955564e+07 	
3.30000000e+06 	 1.005425e-04 	 2.916128e+07 	
3.33000000e+06 	 9.640774e-05 	 2.877590e+07 	
3.36000000e+06 	 9.247957e-05 	 2.839921e+07 	
3.39000000e+06 	 8.874612e-05 	 2.803092e+07 	
3.42000000e+06 	 8.519568e-05 	 2.767078e+07 	
3.45000000e+06 	 8.181764e-05 	 2.731850e+07 	
3.48000000e+06 	 7.860209e-05 	 2.697386e+07 	
3.51000000e+06 	 7.554002e-05 	 2.663660e+07 	
3.54000000e+06 	 7.262234e-05 	 2.630651e+07 	
3.57000000e+06 	 6.984141e-05 	 2.598335e+07 	
3.60000000e+06 	 6.718922e-05 	 2.566693e+07 	
3.63000000e+06 	 6.465911e-05 	 2.535703e+07 	
3.66000000e+06 	 6.224418e-05 	 2.505346e+07 	
3.69000000e+06 	 5.993816e-05 	 2.475605e+07 	
3.72000000e+06 	 5.773550e-05 	 2.446459e+07 	
3.75000000e+06 	 5.563053e-05 	 2.417894e+07 	
3.78000000e+06 	 5.361809e-05 	 2.389890e+07 	
3.81000000e+06 	 5.169355e-05 	 2.362434e+07 	
3.84000000e+06 	 4.985224e-05 	 2.335509e+07 	
3.87000000e+06 	 4.808989e-05 	 2.309101e+07 	
3.90000000e+06 	 4.640249e-05 	 2.283194e+07 	
3.93000000e+06 	 4.478625e-05 	 2.257776e+07 	
3.96000000e+06 	 4.323773e-05 	 2.232833e+07 	
3.99000000e+06 	 4.175349e-05 	 2.208353e+07 	
4.02000000e+06 	 4.033034e-05 	 2.184322e+07 	
4.05000000e+06 	 3.896540e-05 	 2.160729e+07 	
4.08000000e+06 	 3.765577e-05 	 2.137563e+07 	
4.11000000e+06 	 3.639883e-05 	 2.114811e+07 	
4.14000000e+06 	 3.519204e-05 	 2.092465e+07 	
4.17000000e+06 	 3.403306e-05 	 2.070512e+07 	
4.20000000e+06 	 3.291968e-05 	 2.048944e+07 	
4.23000000e+06 	 3.184972e-05 	 2.027751e+07 	
4.26000000e+06 	 3.082119e-05 	 2.006922e+07 	
4.29000000e+06 	 2.983218e-05 	 1.986449e+07 	
4.32000000e+06 	 2.888091e-05 	 1.966323e+07 	
4.35000000e+06 	 2.796568e-05 	 1.946536e+07 	
4.38000000e+06 	 2.708485e-05 	 1.927080e+07 	
4.41000000e+06 	 2.623689e-05 	 1.907946e+07 	
4.44000000e+06 	 2.542038e-05 	 1.889127e+07 	
4.47000000e+06 	 2.463391e-05 	 1.870615e+07 	
4.50000000e+06 	 2.387617e-05 	 1.852403e+07 	
4.53000000e+06 	 2.314591e-05 	 1.834485e+07 	
4.56000000e+06 	 2.244197e-05 	 1.816852e+07 	
4.59000000e+06 	 2.176321e-05 	 1.799499e+07 	
4.62000000e+06 	 2.110856e-05 	 1.782420e+07 	
4.65000000e+06 	 2.047702e-05 	 1.765607e+07 	
4.68000000e+06 	 1.986761e-05 	 1.749055e+07 	
4.71000000e+06 	 1.927941e-05 	 1.732759e+07 	
4.74000000e+06 	 1.871155e-05 	 1.716712e+07 	
4.77000000e+06 	 1.816319e-05 	 1.700909e+07 	
4.80000000e+06 	 1.763353e-05 	 1.685345e+07 	
4.83000000e+06 	 1.712183e-05 	 1.670014e+07 	
4.86000000e+06 	 1.662735e-05 	 1.654912e+07 	
4.89000000e+06 	 1.614940e-05 	 1.640033e+07 	
4.92000000e+06 	 1.568733e-05 	 1.625372e+07 	
4.95000000e+06 	 1.524052e-05 	 1.610926e+07 	
4.98000000e+06 	 1.480836e-05 	 1.596689e+07 	
5.01000000e+06 	 1.439028e-05 	 1.582658e+07 	
5.04000000e+06 	 1.398573e-05 	 1.568827e+07 	
5.07000000e+06 	 1.359420e-05 	 1.555194e+07 	
5.10000000e+06 	 1.321518e-05 	 1.541753e+07 	
5.13000000e+06 	 1.284820e-05 	 1.528501e+07 	
5.16000000e+06 	 1.249280e-05 	 1.515433e+07 	
5.19000000e+06 	 1.214855e-05 	 1.502547e+07 	
5.22000000e+06 	 1.181503e-05 	 1.489839e+07 	
5.25000000e+06 	 1.149183e-05 	 1.477305e+07 	
5.28000000e+06 	 1.117858e-05 	 1.464942e+07 	
5.31000000e+06 	 1.087491e-05 	 1.452746e+07 	
5.34000000e+06 	 1.058047e-05 	 1.440714e+07 	
5.37000000e+06 	 1.029493e-05 	 1.428842e+07 	
5.40000000e+06 	 1.001795e-05 	 1.417129e+07 	
5.43000000e+06 	 9.749241e-06 	 1.405571e+07 	
5.46000000e+06 	 9.488501e-06 	 1.394164e+07 	
5.49000000e+06 	 9.235443e-06 	 1.382906e+07 	
5.52000000e+06 	 8.989797e-06 	 1.371795e+07 	
5.55000000e+06 	 8.751301e-06 	 1.360827e+07 	
5.58000000e+06 	 8.519707e-06 	 1.350000e+07 	
5.61000000e+06 	 8.294772e-06 	 1.339311e+07 	
5.64000000e+06 	 8.076264e-06 	 1.328757e+07 	
5.67000000e+06 	 7.863964e-06 	 1.318337e+07 	
5.70000000e+06 	 7.657658e-06 	 1.308048e+07 	
5.73000000e+06 	 7.457140e-06 	 1.297887e+07 	
5.76000000e+06 	 7.262213e-06 	 1.287852e+07 	
5.79000000e+06 	 7.072690e-06 	 1.277941e+07 	
5.82000000e+06 	 6.888388e-06 	 1.268152e+07 	
5.85000000e+06 	 6.709131e-06 	 1.258483e+07 	
5.88000000e+06 	 6.534752e-06 	 1.248930e+07 	
5.91000000e+06 	 6.365090e-06 	 1.239494e+07 	
5.94000000e+06 	 6.199987e-06 	 1.230170e+07 	
6.00000000e+06 	 5.882863e-06 	 1.211856e+07 	
6.00050050e+06 	 5.880289e-06 	 1.211705e+07 	
6.00100100e+06 	 5.877716e-06 	 1.211555e+07 	
6.00150150e+06 	 5.875144e-06 	 1.211404e+07 	
6.00200200e+06 	 5.872573e-06 	 1.211253e+07 	
6.00250250e+06 	 5.870003e-06 	 1.211102e+07 	
6.00300300e+06 	 5.867434e-06 	 1.210951e+07 	
6.00350350e+06 	 5.864867e-06 	 1.210800e+07 	
6.00400400e+06 	 5.862300e-06 	 1.210650e+07 	
6.00450450e+06 	 5.859735e-06 	 1.210499e+07 	
6.00500501e+06 	 5.857171e-06 	 1.210348e+07 	
6.00550551e+06 	 5.854608e-06 	 1.210198e+07 	
6.00600601e+06 	 5.852046e-06 	 1.210047e+07 	
6.00650651e+06 	 5.849486e-06 	 1.209897e+07 	
6.00700701e+06 	 5.846926e-06 	 1.209746e+07 	
6.00750751e+06 	 5.844368e-06 	 1.209595e+07 	
6.00800801e+06 	 5.841811e-06 	 1.209445e+07 	
6.00850851e+06 	 5.839255e-06 	 1.209295e+07 	
6.00900901e+06 	 5.836700e-06 	 1.209144e+07 	
6.00950951e+06 	 5.834146e-06 	 1.208994e+07 	
6.01001001e+06 	 5.831593e-06 	 1.208843e+07 	
6.01051051e+06 	 5.829042e-06 	 1.208693e+07 	
6.01101101e+06 	 5.826491e-06 	 1.208543e+07 	
6.01151151e+06 	 5.823942e-06 	 1.208392e+07 	
6.01201201e+06 	 5.821394e-06 	 1.208242e+07 	
6.01251251e+06 	 5.818847e-06 	 1.208092e+07 	
6.01301301e+06 	 5.816301e-06 	 1.207942e+07 	
6.01351351e+06 	 5.813756e-06 	 1.207792e+07 	
6.01401401e+06 	 5.811213e-06 	 1.207641e+07 	
6.01451451e+06 	 5.808670e-06 	 1.207491e+07 	
6.01501502e+06 	 5.806129e-06 	 1.207341e+07 	
6.01551552e+06 	 5.803589e-06 	 1.207191e+07 	
6.01601602e+06 	 5.801050e-06 	 1.207041e+07 	
6.01651652e+06 	 5.798512e-06 	 1.206891e+07 	
6.01701702e+06 	 5.795975e-06 	 1.206741e+07 	
6.01751752e+06 	 5.793439e-06 	 1.206591e+07 	
6.01801802e+06 	 5.790904e-06 	 1.206441e+07 	
6.01851852e+06 	 5.788371e-06 	 1.206292e+07 	
6.01901902e+06 	 5.785839e-06 	 1.206142e+07 	
6.01951952e+06 	 5.783307e-06 	 1.205992e+07 	
6.02002002e+06 	 5.780777e-06 	 1.205842e+07 	
6.02052052e+06 	 5.778248e-06 	 1.205692e+07 	
6.02102102e+06 	 5.775721e-06 	 1.205543e+07 	
6.02152152e+06 	 5.773194e-06 	 1.205393e+07 	
6.02202202e+06 	 5.770668e-06 	 1.205243e+07 	
6.02252252e+06 	 5.768144e-06 	 1.205094e+07 	
6.02302302e+06 	 5.765620e-06 	 1.204944e+07 	
6.02352352e+06 	 5.763098e-06 	 1.204795e+07 	
6.02402402e+06 	 5.760577e-06 	 1.204645e+07 	
6.02452452e+06 	 5.758057e-06 	 1.204496e+07 	
6.02502503e+06 	 5.755538e-06 	 1.204346e+07 	
6.02552553e+06 	 5.753021e-06 	 1.204197e+07 	
6.02602603e+06 	 5.750504e-06 	 1.204047e+07 	
6.02652653e+06 	 5.747988e-06 	 1.203898e+07 	
6.02702703e+06 	 5.745474e-06 	 1.203748e+07 	
6.02752753e+06 	 5.742961e-06 	 1.203599e+07 	
6.02802803e+06 	 5.740449e-06 	 1.203450e+07 	
6.02852853e+06 	 5.737937e-06 	 1.203301e+07 	
6.02902903e+06 	 5.735427e-06 	 1.203151e+07 	
6.02952953e+06 	 5.732919e-06 	 1.203002e+07 	
6.03003003e+06 	 5.730411e-06 	 1.202853e+07 	
6.03053053e+06 	 5.727904e-06 	 1.202704e+07 	
6.03103103e+06 	 5.725399e-06 	 1.202555e+07 	
6.03153153e+06 	 5.722894e-06 	 1.202406e+07 	
6.03203203e+06 	 5.720391e-06 	 1.202257e+07 	
6.03253253e+06 	 5.717889e-06 	 1.202107e+07 	
6.03303303e+06 	 5.715388e-06 	 1.201958e+07 	
6.03353353e+06 	 5.712888e-06 	 1.201810e+07 	
6.03403403e+06 	 5.710389e-06 	 1.201661e+07 	
6.03453453e+06 	 5.707891e-06 	 1.201512e+07 	
6.03503504e+06 	 5.705395e-06 	 1.201363e+07 	
6.03553554e+06 	 5.702899e-06 	 1.201214e+07 	
6.03603604e+06 	 5.700405e-06 	 1.201065e+07 	
6.03653654e+06 	 5.697911e-06 	 1.200916e+07 	
6.03703704e+06 	 5.695419e-06 	 1.200767e+07 	
6.03753754e+06 	 5.692928e-06 	 1.200619e+07 	
6.03803804e+06 	 5.690438e-06 	 1.200470e+07 	
6.03853854e+06 	 5.687949e-06 	 1.200321e+07 	
6.03903904e+06 	 5.685461e-06 	 1.200173e+07 	
6.03953954e+06 	 5.682975e-06 	 1.200024e+07 	
6.04004004e+06 	 5.680489e-06 	 1.199875e+07 	
6.04054054e+06 	 5.678004e-06 	 1.199727e+07 	
6.04104104e+06 	 5.675521e-06 	 1.199578e+07 	
6.04154154e+06 	 5.673039e-06 	 1.199430e+07 	
6.04204204e+06 	 5.670557e-06 	 1.199281e+07 	
6.04254254e+06 	 5.668077e-06 	 1.199133e+07 	
6.04304304e+06 	 5.665598e-06 	 1.198985e+07 	
6.04354354e+06 	 5.663120e-06 	 1.198836e+07 	
6.04404404e+06 	 5.660643e-06 	 1.198688e+07 	
6.04454454e+06 	 5.658168e-06 	 1.198539e+07 	
6.04504505e+06 	 5.655693e-06 	 1.198391e+07 	
6.04554555e+06 	 5.653219e-06 	 1.198243e+07 	
6.04604605e+06 	 5.650747e-06 	 1.198095e+07 	
6.04654655e+06 	 5.648276e-06 	 1.197946e+07 	
6.04704705e+06 	 5.645805e-06 	 1.197798e+07 	
6.04754755e+06 	 5.643336e-06 	 1.197650e+07 	
6.04804805e+06 	 5.640868e-06 	 1.197502e+07 	
6.04854855e+06 	 5.638401e-06 	 1.197354e+07 	
6.04904905e+06 	 5.635935e-06 	 1.197206e+07 	
6.04954955e+06 	 5.633470e-06 	 1.197058e+07 	
6.05005005e+06 	 5.631006e-06 	 1.196910e+07 	
6.05055055e+06 	 5.628544e-06 	 1.196762e+07 	
6.05105105e+06 	 5.626082e-06 	 1.196614e+07 	
6.05155155e+06 	 5.623622e-06 	 1.196466e+07 	
6.05205205e+06 	 5.621162e-06 	 1.196318e+07 	
6.05255255e+06 	 5.618704e-06 	 1.196170e+07 	
6.05305305e+06 	 5.616247e-06 	 1.196022e+07 	
6.05355355e+06 	 5.613791e-06 	 1.195874e+07 	
6.05405405e+06 	 5.611335e-06 	 1.195727e+07 	
6.05455455e+06 	 5.608882e-06 	 1.195579e+07 	
6.05505506e+06 	 5.606429e-06 	 1.195431e+07 	
6.05555556e+06 	 5.603977e-06 	 1.195284e+07 	
6.05605606e+06 	 5.601526e-06 	 1.195136e+07 	
6.05655656e+06 	 5.599076e-06 	 1.194988e+07 	
6.05705706e+06 	 5.596628e-06 	 1.194841e+07 	
6.05755756e+06 	 5.594180e-06 	 1.194693e+07 	
6.05805806e+06 	 5.591734e-06 	 1.194546e+07 	
6.05855856e+06 	 5.589289e-06 	 1.194398e+07 	
6.05905906e+06 	 5.586844e-06 	 1.194251e+07 	
6.05955956e+06 	 5.584401e-06 	 1.194103e+07 	
6.06006006e+06 	 5.581959e-06 	 1.193956e+07 	
6.06056056e+06 	 5.579518e-06 	 1.193808e+07 	
6.06106106e+06 	 5.577078e-06 	 1.193661e+07 	
6.06156156e+06 	 5.574639e-06 	 1.193514e+07 	
6.06206206e+06 	 5.572201e-06 	 1.193366e+07 	
6.06256256e+06 	 5.569765e-06 	 1.193219e+07 	
6.06306306e+06 	 5.567329e-06 	 1.193072e+07 	
6.06356356e+06 	 5.564894e-06 	 1.192924e+07 	
6.06406406e+06 	 5.562461e-06 	 1.192777e+07 	
6.06456456e+06 	 5.560028e-06 	 1.192630e+07 	
6.06506507e+06 	 5.557597e-06 	 1.192483e+07 	
6.06556557e+06 	 5.555167e-06 	 1.192336e+07 	
6.06606607e+06 	 5.552737e-06 	 1.192189e+07 	
6.06656657e+06 	 5.550309e-06 	 1.192042e+07 	
6.06706707e+06 	 5.547882e-06 	 1.191895e+07 	
6.06756757e+06 	 5.545456e-06 	 1.191748e+07 	
6.06806807e+06 	 5.543031e-06 	 1.191601e+07 	
6.06856857e+06 	 5.540607e-06 	 1.191454e+07 	
6.06906907e+06 	 5.538184e-06 	 1.191307e+07 	
6.06956957e+06 	 5.535762e-06 	 1.191160e+07 	
6.07007007e+06 	 5.533342e-06 	 1.191013e+07 	
6.07057057e+06 	 5.530922e-06 	 1.190866e+07 	
6.07107107e+06 	 5.528503e-06 	 1.190720e+07 	
6.07157157e+06 	 5.526086e-06 	 1.190573e+07 	
6.07207207e+06 	 5.523669e-06 	 1.190426e+07 	
6.07257257e+06 	 5.521254e-06 	 1.190279e+07 	
6.07307307e+06 	 5.518839e-06 	 1.190133e+07 	
6.07357357e+06 	 5.516426e-06 	 1.189986e+07 	
6.07407407e+06 	 5.514014e-06 	 1.189839e+07 	
6.07457457e+06 	 5.511603e-06 	 1.189693e+07 	
6.07507508e+06 	 5.509192e-06 	 1.189546e+07 	
6.07557558e+06 	 5.506783e-06 	 1.189400e+07 	
6.07607608e+06 	 5.504375e-06 	 1.189253e+07 	
6.07657658e+06 	 5.501968e-06 	 1.189107e+07 	
6.07707708e+06 	 5.499562e-06 	 1.188960e+07 	
6.07757758e+06 	 5.497158e-06 	 1.188814e+07 	
6.07807808e+06 	 5.494754e-06 	 1.188667e+07 	
6.07857858e+06 	 5.492351e-06 	 1.188521e+07 	
6.07907908e+06 	 5.489949e-06 	 1.188375e+07 	
6.07957958e+06 	 5.487549e-06 	 1.188228e+07 	
6.08008008e+06 	 5.485149e-06 	 1.188082e+07 	
6.08058058e+06 	 5.482751e-06 	 1.187936e+07 	
6.08108108e+06 	 5.480353e-06 	 1.187790e+07 	
6.08158158e+06 	 5.477957e-06 	 1.187644e+07 	
6.08208208e+06 	 5.475561e-06 	 1.187497e+07 	
6.08258258e+06 	 5.473167e-06 	 1.187351e+07 	
6.08308308e+06 	 5.470774e-06 	 1.187205e+07 	
6.08358358e+06 	 5.468381e-06 	 1.187059e+07 	
6.08408408e+06 	 5.465990e-06 	 1.186913e+07 	
6.08458458e+06 	 5.463600e-06 	 1.186767e+07 	
6.08508509e+06 	 5.461211e-06 	 1.186621e+07 	
6.08558559e+06 	 5.458823e-06 	 1.186475e+07 	
6.08608609e+06 	 5.456436e-06 	 1.186329e+07 	
6.08658659e+06 	 5.454050e-06 	 1.186183e+07 	
6.08708709e+06 	 5.451665e-06 	 1.186037e+07 	
6.08758759e+06 	 5.449281e-06 	 1.185892e+07 	
6.08808809e+06 	 5.446898e-06 	 1.185746e+07 	
6.08858859e+06 	 5.444516e-06 	 1.185600e+07 	
6.08908909e+06 	 5.442136e-06 	 1.185454e+07 	
6.08958959e+06 	 5.439756e-06 	 1.185308e+07 	
6.09009009e+06 	 5.437377e-06 	 1.185163e+07 	
6.09059059e+06 	 5.435000e-06 	 1.185017e+07 	
6.09109109e+06 	 5.432623e-06 	 1.184871e+07 	
6.09159159e+06 	 5.430247e-06 	 1.184726e+07 	
6.09209209e+06 	 5.427873e-06 	 1.184580e+07 	
6.09259259e+06 	 5.425499e-06 	 1.184435e+07 	
6.09309309e+06 	 5.423127e-06 	 1.184289e+07 	
6.09359359e+06 	 5.420756e-06 	 1.184144e+07 	
6.09409409e+06 	 5.418385e-06 	 1.183998e+07 	
6.09459459e+06 	 5.416016e-06 	 1.183853e+07 	
6.09509510e+06 	 5.413648e-06 	 1.183707e+07 	
6.09559560e+06 	 5.411280e-06 	 1.183562e+07 	
6.09609610e+06 	 5.408914e-06 	 1.183416e+07 	
6.09659660e+06 	 5.406549e-06 	 1.183271e+07 	
6.09709710e+06 	 5.404185e-06 	 1.183126e+07 	
6.09759760e+06 	 5.401822e-06 	 1.182981e+07 	
6.09809810e+06 	 5.399460e-06 	 1.182835e+07 	
6.09859860e+06 	 5.397099e-06 	 1.182690e+07 	
6.09909910e+06 	 5.394739e-06 	 1.182545e+07 	
6.09959960e+06 	 5.392380e-06 	 1.182400e+07 	
6.10010010e+06 	 5.390022e-06 	 1.182255e+07 	
6.10060060e+06 	 5.387665e-06 	 1.182110e+07 	
6.10110110e+06 	 5.385309e-06 	 1.181964e+07 	
6.10160160e+06 	 5.382954e-06 	 1.181819e+07 	
6.10210210e+06 	 5.380600e-06 	 1.181674e+07 	
6.10260260e+06 	 5.378247e-06 	 1.181529e+07 	
6.10310310e+06 	 5.375895e-06 	 1.181384e+07 	
6.10360360e+06 	 5.373545e-06 	 1.181239e+07 	
6.10410410e+06 	 5.371195e-06 	 1.181095e+07 	
6.10460460e+06 	 5.368846e-06 	 1.180950e+07 	
6.10510511e+06 	 5.366498e-06 	 1.180805e+07 	
6.10560561e+06 	 5.364152e-06 	 1.180660e+07 	
6.10610611e+06 	 5.361806e-06 	 1.180515e+07 	
6.10660661e+06 	 5.359462e-06 	 1.180370e+07 	
6.10710711e+06 	 5.357118e-06 	 1.180226e+07 	
6.10760761e+06 	 5.354775e-06 	 1.180081e+07 	
6.10810811e+06 	 5.352434e-06 	 1.179936e+07 	
6.10860861e+06 	 5.350093e-06 	 1.179792e+07 	
6.10910911e+06 	 5.347754e-06 	 1.179647e+07 	
6.10960961e+06 	 5.345415e-06 	 1.179502e+07 	
6.11011011e+06 	 5.343078e-06 	 1.179358e+07 	
6.11061061e+06 	 5.340741e-06 	 1.179213e+07 	
6.11111111e+06 	 5.338406e-06 	 1.179069e+07 	
6.11161161e+06 	 5.336071e-06 	 1.178924e+07 	
6.11211211e+06 	 5.333738e-06 	 1.178780e+07 	
6.11261261e+06 	 5.331406e-06 	 1.178635e+07 	
6.11311311e+06 	 5.329074e-06 	 1.178491e+07 	
6.11361361e+06 	 5.326744e-06 	 1.178347e+07 	
6.11411411e+06 	 5.324415e-06 	 1.178202e+07 	
6.11461461e+06 	 5.322086e-06 	 1.178058e+07 	
6.11511512e+06 	 5.319759e-06 	 1.177914e+07 	
6.11561562e+06 	 5.317433e-06 	 1.177769e+07 	
6.11611612e+06 	 5.315107e-06 	 1.177625e+07 	
6.11661662e+06 	 5.312783e-06 	 1.177481e+07 	
6.11711712e+06 	 5.310460e-06 	 1.177337e+07 	
6.11761762e+06 	 5.308137e-06 	 1.177193e+07 	
6.11811812e+06 	 5.305816e-06 	 1.177049e+07 	
6.11861862e+06 	 5.303496e-06 	 1.176904e+07 	
6.11911912e+06 	 5.301177e-06 	 1.176760e+07 	
6.11961962e+06 	 5.298859e-06 	 1.176616e+07 	
6.12012012e+06 	 5.296541e-06 	 1.176472e+07 	
6.12062062e+06 	 5.294225e-06 	 1.176328e+07 	
6.12112112e+06 	 5.291910e-06 	 1.176184e+07 	
6.12162162e+06 	 5.289596e-06 	 1.176041e+07 	
6.12212212e+06 	 5.287283e-06 	 1.175897e+07 	
6.12262262e+06 	 5.284970e-06 	 1.175753e+07 	
6.12312312e+06 	 5.282659e-06 	 1.175609e+07 	
6.12362362e+06 	 5.280349e-06 	 1.175465e+07 	
6.12412412e+06 	 5.278040e-06 	 1.175321e+07 	
6.12462462e+06 	 5.275732e-06 	 1.175178e+07 	
6.12512513e+06 	 5.273424e-06 	 1.175034e+07 	
6.12562563e+06 	 5.271118e-06 	 1.174890e+07 	
6.12612613e+06 	 5.268813e-06 	 1.174746e+07 	
6.12662663e+06 	 5.266509e-06 	 1.174603e+07 	
6.12712713e+06 	 5.264206e-06 	 1.174459e+07 	
6.12762763e+06 	 5.261904e-06 	 1.174316e+07 	
6.12812813e+06 	 5.259602e-06 	 1.174172e+07 	
6.12862863e+06 	 5.257302e-06 	 1.174029e+07 	
6.12912913e+06 	 5.255003e-06 	 1.173885e+07 	
6.12962963e+06 	 5.252705e-06 	 1.173742e+07 	
6.13013013e+06 	 5.250408e-06 	 1.173598e+07 	
6.13063063e+06 	 5.248112e-06 	 1.173455e+07 	
6.13113113e+06 	 5.245816e-06 	 1.173311e+07 	
6.13163163e+06 	 5.243522e-06 	 1.173168e+07 	
6.13213213e+06 	 5.241229e-06 	 1.173025e+07 	
6.13263263e+06 	 5.238937e-06 	 1.172881e+07 	
6.13313313e+06 	 5.236646e-06 	 1.172738e+07 	
6.13363363e+06 	 5.234355e-06 	 1.172595e+07 	
6.13413413e+06 	 5.232066e-06 	 1.172452e+07 	
6.13463463e+06 	 5.229778e-06 	 1.172308e+07 	
6.13513514e+06 	 5.227491e-06 	 1.172165e+07 	
6.13563564e+06 	 5.225205e-06 	 1.172022e+07 	
6.13613614e+06 	 5.222919e-06 	 1.171879e+07 	
6.13663664e+06 	 5.220635e-06 	 1.171736e+07 	
6.13713714e+06 	 5.218352e-06 	 1.171593e+07 	
6.13763764e+06 	 5.216070e-06 	 1.171450e+07 	
6.13813814e+06 	 5.213788e-06 	 1.171307e+07 	
6.13863864e+06 	 5.211508e-06 	 1.171164e+07 	
6.13913914e+06 	 5.209229e-06 	 1.171021e+07 	
6.13963964e+06 	 5.206950e-06 	 1.170878e+07 	
6.14014014e+06 	 5.204673e-06 	 1.170735e+07 	
6.14064064e+06 	 5.202397e-06 	 1.170592e+07 	
6.14114114e+06 	 5.200121e-06 	 1.170449e+07 	
6.14164164e+06 	 5.197847e-06 	 1.170306e+07 	
6.14214214e+06 	 5.195573e-06 	 1.170164e+07 	
6.14264264e+06 	 5.193301e-06 	 1.170021e+07 	
6.14314314e+06 	 5.191029e-06 	 1.169878e+07 	
6.14364364e+06 	 5.188759e-06 	 1.169736e+07 	
6.14414414e+06 	 5.186490e-06 	 1.169593e+07 	
6.14464464e+06 	 5.184221e-06 	 1.169450e+07 	
6.14514515e+06 	 5.181954e-06 	 1.169308e+07 	
6.14564565e+06 	 5.179687e-06 	 1.169165e+07 	
6.14614615e+06 	 5.177421e-06 	 1.169022e+07 	
6.14664665e+06 	 5.175157e-06 	 1.168880e+07 	
6.14714715e+06 	 5.172893e-06 	 1.168737e+07 	
6.14764765e+06 	 5.170631e-06 	 1.168595e+07 	
6.14814815e+06 	 5.168369e-06 	 1.168452e+07 	
6.14864865e+06 	 5.166108e-06 	 1.168310e+07 	
6.14914915e+06 	 5.163849e-06 	 1.168168e+07 	
6.14964965e+06 	 5.161590e-06 	 1.168025e+07 	
6.15015015e+06 	 5.159332e-06 	 1.167883e+07 	
6.15065065e+06 	 5.157075e-06 	 1.167741e+07 	
6.15115115e+06 	 5.154820e-06 	 1.167598e+07 	
6.15165165e+06 	 5.152565e-06 	 1.167456e+07 	
6.15215215e+06 	 5.150311e-06 	 1.167314e+07 	
6.15265265e+06 	 5.148058e-06 	 1.167172e+07 	
6.15315315e+06 	 5.145806e-06 	 1.167029e+07 	
6.15365365e+06 	 5.143555e-06 	 1.166887e+07 	
6.15415415e+06 	 5.141305e-06 	 1.166745e+07 	
6.15465465e+06 	 5.139056e-06 	 1.166603e+07 	
6.15515516e+06 	 5.136808e-06 	 1.166461e+07 	
6.15565566e+06 	 5.134561e-06 	 1.166319e+07 	
6.15615616e+06 	 5.132315e-06 	 1.166177e+07 	
6.15665666e+06 	 5.130070e-06 	 1.166035e+07 	
6.15715716e+06 	 5.127826e-06 	 1.165893e+07 	
6.15765766e+06 	 5.125583e-06 	 1.165751e+07 	
6.15815816e+06 	 5.123341e-06 	 1.165609e+07 	
6.15865866e+06 	 5.121099e-06 	 1.165467e+07 	
6.15915916e+06 	 5.118859e-06 	 1.165326e+07 	
6.15965966e+06 	 5.116620e-06 	 1.165184e+07 	
6.16016016e+06 	 5.114381e-06 	 1.165042e+07 	
6.16066066e+06 	 5.112144e-06 	 1.164900e+07 	
6.16116116e+06 	 5.109908e-06 	 1.164758e+07 	
6.16166166e+06 	 5.107672e-06 	 1.164617e+07 	
6.16216216e+06 	 5.105438e-06 	 1.164475e+07 	
6.16266266e+06 	 5.103204e-06 	 1.164333e+07 	
6.16316316e+06 	 5.100972e-06 	 1.164192e+07 	
6.16366366e+06 	 5.098740e-06 	 1.164050e+07 	
6.16416416e+06 	 5.096509e-06 	 1.163909e+07 	
6.16466466e+06 	 5.094280e-06 	 1.163767e+07 	
6.16516517e+06 	 5.092051e-06 	 1.163626e+07 	
6.16566567e+06 	 5.089823e-06 	 1.163484e+07 	
6.16616617e+06 	 5.087596e-06 	 1.163343e+07 	
6.16666667e+06 	 5.085370e-06 	 1.163201e+07 	
6.16716717e+06 	 5.083146e-06 	 1.163060e+07 	
6.16766767e+06 	 5.080922e-06 	 1.162918e+07 	
6.16816817e+06 	 5.078699e-06 	 1.162777e+07 	
6.16866867e+06 	 5.076477e-06 	 1.162636e+07 	
6.16916917e+06 	 5.074255e-06 	 1.162494e+07 	
6.16966967e+06 	 5.072035e-06 	 1.162353e+07 	
6.17017017e+06 	 5.069816e-06 	 1.162212e+07 	
6.17067067e+06 	 5.067598e-06 	 1.162071e+07 	
6.17117117e+06 	 5.065381e-06 	 1.161929e+07 	
6.17167167e+06 	 5.063164e-06 	 1.161788e+07 	
6.17217217e+06 	 5.060949e-06 	 1.161647e+07 	
6.17267267e+06 	 5.058735e-06 	 1.161506e+07 	
6.17317317e+06 	 5.056521e-06 	 1.161365e+07 	
6.17367367e+06 	 5.054309e-06 	 1.161224e+07 	
6.17417417e+06 	 5.052097e-06 	 1.161083e+07 	
6.17467467e+06 	 5.049886e-06 	 1.160942e+07 	
6.17517518e+06 	 5.047677e-06 	 1.160801e+07 	
6.17567568e+06 	 5.045468e-06 	 1.160660e+07 	
6.17617618e+06 	 5.043260e-06 	 1.160519e+07 	
6.17667668e+06 	 5.041054e-06 	 1.160378e+07 	
6.17717718e+06 	 5.038848e-06 	 1.160237e+07 	
6.17767768e+06 	 5.036643e-06 	 1.160097e+07 	
6.17817818e+06 	 5.034439e-06 	 1.159956e+07 	
6.17867868e+06 	 5.032236e-06 	 1.159815e+07 	
6.17917918e+06 	 5.030034e-06 	 1.159674e+07 	
6.17967968e+06 	 5.027833e-06 	 1.159533e+07 	
6.18018018e+06 	 5.025632e-06 	 1.159393e+07 	
6.18068068e+06 	 5.023433e-06 	 1.159252e+07 	
6.18118118e+06 	 5.021235e-06 	 1.159111e+07 	
6.18168168e+06 	 5.019037e-06 	 1.158971e+07 	
6.18218218e+06 	 5.016841e-06 	 1.158830e+07 	
6.18268268e+06 	 5.014645e-06 	 1.158690e+07 	
6.18318318e+06 	 5.012451e-06 	 1.158549e+07 	
6.18368368e+06 	 5.010257e-06 	 1.158409e+07 	
6.18418418e+06 	 5.008065e-06 	 1.158268e+07 	
6.18468468e+06 	 5.005873e-06 	 1.158128e+07 	
6.18518519e+06 	 5.003682e-06 	 1.157987e+07 	
6.18568569e+06 	 5.001492e-06 	 1.157847e+07 	
6.18618619e+06 	 4.999303e-06 	 1.157706e+07 	
6.18668669e+06 	 4.997115e-06 	 1.157566e+07 	
6.18718719e+06 	 4.994928e-06 	 1.157426e+07 	
6.18768769e+06 	 4.992742e-06 	 1.157286e+07 	
6.18818819e+06 	 4.990557e-06 	 1.157145e+07 	
6.18868869e+06 	 4.988373e-06 	 1.157005e+07 	
6.18918919e+06 	 4.986190e-06 	 1.156865e+07 	
6.18968969e+06 	 4.984007e-06 	 1.156725e+07 	
6.19019019e+06 	 4.981826e-06 	 1.156584e+07 	
6.19069069e+06 	 4.979645e-06 	 1.156444e+07 	
6.19119119e+06 	 4.977466e-06 	 1.156304e+07 	
6.19169169e+06 	 4.975287e-06 	 1.156164e+07 	
6.19219219e+06 	 4.973110e-06 	 1.156024e+07 	
6.19269269e+06 	 4.970933e-06 	 1.155884e+07 	
6.19319319e+06 	 4.968757e-06 	 1.155744e+07 	
6.19369369e+06 	 4.966582e-06 	 1.155604e+07 	
6.19419419e+06 	 4.964408e-06 	 1.155464e+07 	
6.19469469e+06 	 4.962235e-06 	 1.155324e+07 	
6.19519520e+06 	 4.960063e-06 	 1.155184e+07 	
6.19569570e+06 	 4.957892e-06 	 1.155044e+07 	
6.19619620e+06 	 4.955722e-06 	 1.154905e+07 	
6.19669670e+06 	 4.953552e-06 	 1.154765e+07 	
6.19719720e+06 	 4.951384e-06 	 1.154625e+07 	
6.19769770e+06 	 4.949216e-06 	 1.154485e+07 	
6.19819820e+06 	 4.947050e-06 	 1.154346e+07 	
6.19869870e+06 	 4.944884e-06 	 1.154206e+07 	
6.19919920e+06 	 4.942720e-06 	 1.154066e+07 	
6.19969970e+06 	 4.940556e-06 	 1.153927e+07 	
6.20020020e+06 	 4.938393e-06 	 1.153787e+07 	
6.20070070e+06 	 4.936231e-06 	 1.153647e+07 	
6.20120120e+06 	 4.934070e-06 	 1.153508e+07 	
6.20170170e+06 	 4.931910e-06 	 1.153368e+07 	
6.20220220e+06 	 4.929751e-06 	 1.153229e+07 	
6.20270270e+06 	 4.927593e-06 	 1.153089e+07 	
6.20320320e+06 	 4.925435e-06 	 1.152950e+07 	
6.20370370e+06 	 4.923279e-06 	 1.152810e+07 	
6.20420420e+06 	 4.921124e-06 	 1.152671e+07 	
6.20470470e+06 	 4.918969e-06 	 1.152532e+07 	
6.20520521e+06 	 4.916815e-06 	 1.152392e+07 	
6.20570571e+06 	 4.914663e-06 	 1.152253e+07 	
6.20620621e+06 	 4.912511e-06 	 1.152114e+07 	
6.20670671e+06 	 4.910360e-06 	 1.151974e+07 	
6.20720721e+06 	 4.908210e-06 	 1.151835e+07 	
6.20770771e+06 	 4.906061e-06 	 1.151696e+07 	
6.20820821e+06 	 4.903913e-06 	 1.151557e+07 	
6.20870871e+06 	 4.901766e-06 	 1.151417e+07 	
6.20920921e+06 	 4.899619e-06 	 1.151278e+07 	
6.20970971e+06 	 4.897474e-06 	 1.151139e+07 	
6.21021021e+06 	 4.895330e-06 	 1.151000e+07 	
6.21071071e+06 	 4.893186e-06 	 1.150861e+07 	
6.21121121e+06 	 4.891043e-06 	 1.150722e+07 	
6.21171171e+06 	 4.888902e-06 	 1.150583e+07 	
6.21221221e+06 	 4.886761e-06 	 1.150444e+07 	
6.21271271e+06 	 4.884621e-06 	 1.150305e+07 	
6.21321321e+06 	 4.882482e-06 	 1.150166e+07 	
6.21371371e+06 	 4.880344e-06 	 1.150027e+07 	
6.21421421e+06 	 4.878207e-06 	 1.149888e+07 	
6.21471471e+06 	 4.876071e-06 	 1.149750e+07 	
6.21521522e+06 	 4.873935e-06 	 1.149611e+07 	
6.21571572e+06 	 4.871801e-06 	 1.149472e+07 	
6.21621622e+06 	 4.869667e-06 	 1.149333e+07 	
6.21671672e+06 	 4.867535e-06 	 1.149194e+07 	
6.21721722e+06 	 4.865403e-06 	 1.149056e+07 	
6.21771772e+06 	 4.863272e-06 	 1.148917e+07 	
6.21821822e+06 	 4.861142e-06 	 1.148778e+07 	
6.21871872e+06 	 4.859014e-06 	 1.148640e+07 	
6.21921922e+06 	 4.856885e-06 	 1.148501e+07 	
6.21971972e+06 	 4.854758e-06 	 1.148363e+07 	
6.22022022e+06 	 4.852632e-06 	 1.148224e+07 	
6.22072072e+06 	 4.850507e-06 	 1.148086e+07 	
6.22122122e+06 	 4.848382e-06 	 1.147947e+07 	
6.22172172e+06 	 4.846259e-06 	 1.147809e+07 	
6.22222222e+06 	 4.844136e-06 	 1.147670e+07 	
6.22272272e+06 	 4.842014e-06 	 1.147532e+07 	
6.22322322e+06 	 4.839893e-06 	 1.147393e+07 	
6.22372372e+06 	 4.837774e-06 	 1.147255e+07 	
6.22422422e+06 	 4.835654e-06 	 1.147117e+07 	
6.22472472e+06 	 4.833536e-06 	 1.146978e+07 	
6.22522523e+06 	 4.831419e-06 	 1.146840e+07 	
6.22572573e+06 	 4.829303e-06 	 1.146702e+07 	
6.22622623e+06 	 4.827187e-06 	 1.146563e+07 	
6.22672673e+06 	 4.825073e-06 	 1.146425e+07 	
6.22722723e+06 	 4.822959e-06 	 1.146287e+07 	
6.22772773e+06 	 4.820846e-06 	 1.146149e+07 	
6.22822823e+06 	 4.818735e-06 	 1.146011e+07 	
6.22872873e+06 	 4.816624e-06 	 1.145873e+07 	
6.22922923e+06 	 4.814514e-06 	 1.145735e+07 	
6.22972973e+06 	 4.812404e-06 	 1.145597e+07 	
6.23023023e+06 	 4.810296e-06 	 1.145459e+07 	
6.23073073e+06 	 4.808189e-06 	 1.145321e+07 	
6.23123123e+06 	 4.806082e-06 	 1.145183e+07 	
6.23173173e+06 	 4.803977e-06 	 1.145045e+07 	
6.23223223e+06 	 4.801872e-06 	 1.144907e+07 	
6.23273273e+06 	 4.799768e-06 	 1.144769e+07 	
6.23323323e+06 	 4.797665e-06 	 1.144631e+07 	
6.23373373e+06 	 4.795563e-06 	 1.144493e+07 	
6.23423423e+06 	 4.793462e-06 	 1.144355e+07 	
6.23473473e+06 	 4.791362e-06 	 1.144218e+07 	
6.23523524e+06 	 4.789263e-06 	 1.144080e+07 	
6.23573574e+06 	 4.787164e-06 	 1.143942e+07 	
6.23623624e+06 	 4.785067e-06 	 1.143804e+07 	
6.23673674e+06 	 4.782970e-06 	 1.143667e+07 	
6.23723724e+06 	 4.780874e-06 	 1.143529e+07 	
6.23773774e+06 	 4.778779e-06 	 1.143391e+07 	
6.23823824e+06 	 4.776685e-06 	 1.143254e+07 	
6.23873874e+06 	 4.774592e-06 	 1.143116e+07 	
6.23923924e+06 	 4.772500e-06 	 1.142979e+07 	
6.23973974e+06 	 4.770409e-06 	 1.142841e+07 	
6.24024024e+06 	 4.768318e-06 	 1.142704e+07 	
6.24074074e+06 	 4.766229e-06 	 1.142566e+07 	
6.24124124e+06 	 4.764140e-06 	 1.142429e+07 	
6.24174174e+06 	 4.762052e-06 	 1.142291e+07 	
6.24224224e+06 	 4.759965e-06 	 1.142154e+07 	
6.24274274e+06 	 4.757879e-06 	 1.142017e+07 	
6.24324324e+06 	 4.755794e-06 	 1.141879e+07 	
6.24374374e+06 	 4.753710e-06 	 1.141742e+07 	
6.24424424e+06 	 4.751626e-06 	 1.141605e+07 	
6.24474474e+06 	 4.749544e-06 	 1.141467e+07 	
6.24524525e+06 	 4.747462e-06 	 1.141330e+07 	
6.24574575e+06 	 4.745381e-06 	 1.141193e+07 	
6.24624625e+06 	 4.743302e-06 	 1.141056e+07 	
6.24674675e+06 	 4.741223e-06 	 1.140919e+07 	
6.24724725e+06 	 4.739144e-06 	 1.140781e+07 	
6.24774775e+06 	 4.737067e-06 	 1.140644e+07 	
6.24824825e+06 	 4.734991e-06 	 1.140507e+07 	
6.24874875e+06 	 4.732915e-06 	 1.140370e+07 	
6.24924925e+06 	 4.730841e-06 	 1.140233e+07 	
6.24974975e+06 	 4.728767e-06 	 1.140096e+07 	
6.25025025e+06 	 4.726694e-06 	 1.139959e+07 	
6.25075075e+06 	 4.724622e-06 	 1.139822e+07 	
6.25125125e+06 	 4.722551e-06 	 1.139685e+07 	
6.25175175e+06 	 4.720481e-06 	 1.139548e+07 	
6.25225225e+06 	 4.718412e-06 	 1.139412e+07 	
6.25275275e+06 	 4.716343e-06 	 1.139275e+07 	
6.25325325e+06 	 4.714275e-06 	 1.139138e+07 	
6.25375375e+06 	 4.712209e-06 	 1.139001e+07 	
6.25425425e+06 	 4.710143e-06 	 1.138864e+07 	
6.25475475e+06 	 4.708078e-06 	 1.138728e+07 	
6.25525526e+06 	 4.706014e-06 	 1.138591e+07 	
6.25575576e+06 	 4.703951e-06 	 1.138454e+07 	
6.25625626e+06 	 4.701888e-06 	 1.138318e+07 	
6.25675676e+06 	 4.699827e-06 	 1.138181e+07 	
6.25725726e+06 	 4.697766e-06 	 1.138044e+07 	
6.25775776e+06 	 4.695706e-06 	 1.137908e+07 	
6.25825826e+06 	 4.693647e-06 	 1.137771e+07 	
6.25875876e+06 	 4.691589e-06 	 1.137635e+07 	
6.25925926e+06 	 4.689532e-06 	 1.137498e+07 	
6.25975976e+06 	 4.687476e-06 	 1.137362e+07 	
6.26026026e+06 	 4.685420e-06 	 1.137225e+07 	
6.26076076e+06 	 4.683366e-06 	 1.137089e+07 	
6.26126126e+06 	 4.681312e-06 	 1.136952e+07 	
6.26176176e+06 	 4.679259e-06 	 1.136816e+07 	
6.26226226e+06 	 4.677207e-06 	 1.136680e+07 	
6.26276276e+06 	 4.675156e-06 	 1.136543e+07 	
6.26326326e+06 	 4.673106e-06 	 1.136407e+07 	
6.26376376e+06 	 4.671057e-06 	 1.136271e+07 	
6.26426426e+06 	 4.669008e-06 	 1.136134e+07 	
6.26476476e+06 	 4.666961e-06 	 1.135998e+07 	
6.26526527e+06 	 4.664914e-06 	 1.135862e+07 	
6.26576577e+06 	 4.662868e-06 	 1.135726e+07 	
6.26626627e+06 	 4.660823e-06 	 1.135590e+07 	
6.26676677e+06 	 4.658778e-06 	 1.135454e+07 	
6.26726727e+06 	 4.656735e-06 	 1.135318e+07 	
6.26776777e+06 	 4.654693e-06 	 1.135182e+07 	
6.26826827e+06 	 4.652651e-06 	 1.135045e+07 	
6.26876877e+06 	 4.650610e-06 	 1.134909e+07 	
6.26926927e+06 	 4.648570e-06 	 1.134773e+07 	
6.26976977e+06 	 4.646531e-06 	 1.134638e+07 	
6.27027027e+06 	 4.644493e-06 	 1.134502e+07 	
6.27077077e+06 	 4.642456e-06 	 1.134366e+07 	
6.27127127e+06 	 4.640419e-06 	 1.134230e+07 	
6.27177177e+06 	 4.638384e-06 	 1.134094e+07 	
6.27227227e+06 	 4.636349e-06 	 1.133958e+07 	
6.27277277e+06 	 4.634315e-06 	 1.133822e+07 	
6.27327327e+06 	 4.632282e-06 	 1.133687e+07 	
6.27377377e+06 	 4.630250e-06 	 1.133551e+07 	
6.27427427e+06 	 4.628218e-06 	 1.133415e+07 	
6.27477477e+06 	 4.626188e-06 	 1.133279e+07 	
6.27527528e+06 	 4.624158e-06 	 1.133144e+07 	
6.27577578e+06 	 4.622129e-06 	 1.133008e+07 	
6.27627628e+06 	 4.620101e-06 	 1.132872e+07 	
6.27677678e+06 	 4.618074e-06 	 1.132737e+07 	
6.27727728e+06 	 4.616048e-06 	 1.132601e+07 	
6.27777778e+06 	 4.614022e-06 	 1.132466e+07 	
6.27827828e+06 	 4.611998e-06 	 1.132330e+07 	
6.27877878e+06 	 4.609974e-06 	 1.132195e+07 	
6.27927928e+06 	 4.607951e-06 	 1.132059e+07 	
6.27977978e+06 	 4.605929e-06 	 1.131924e+07 	
6.28028028e+06 	 4.603908e-06 	 1.131788e+07 	
6.28078078e+06 	 4.601888e-06 	 1.131653e+07 	
6.28128128e+06 	 4.599868e-06 	 1.131518e+07 	
6.28178178e+06 	 4.597850e-06 	 1.131382e+07 	
6.28228228e+06 	 4.595832e-06 	 1.131247e+07 	
6.28278278e+06 	 4.593815e-06 	 1.131112e+07 	
6.28328328e+06 	 4.591799e-06 	 1.130976e+07 	
6.28378378e+06 	 4.589784e-06 	 1.130841e+07 	
6.28428428e+06 	 4.587769e-06 	 1.130706e+07 	
6.28478478e+06 	 4.585756e-06 	 1.130571e+07 	
6.28528529e+06 	 4.583743e-06 	 1.130435e+07 	
6.28578579e+06 	 4.581731e-06 	 1.130300e+07 	
6.28628629e+06 	 4.579720e-06 	 1.130165e+07 	
6.28678679e+06 	 4.577710e-06 	 1.130030e+07 	
6.28728729e+06 	 4.575701e-06 	 1.129895e+07 	
6.28778779e+06 	 4.573692e-06 	 1.129760e+07 	
6.28828829e+06 	 4.571685e-06 	 1.129625e+07 	
6.28878879e+06 	 4.569678e-06 	 1.129490e+07 	
6.28928929e+06 	 4.567672e-06 	 1.129355e+07 	
6.28978979e+06 	 4.565667e-06 	 1.129220e+07 	
6.29029029e+06 	 4.563662e-06 	 1.129085e+07 	
6.29079079e+06 	 4.561659e-06 	 1.128950e+07 	
6.29129129e+06 	 4.559656e-06 	 1.128816e+07 	
6.29179179e+06 	 4.557655e-06 	 1.128681e+07 	
6.29229229e+06 	 4.555654e-06 	 1.128546e+07 	
6.29279279e+06 	 4.553654e-06 	 1.128411e+07 	
6.29329329e+06 	 4.551654e-06 	 1.128276e+07 	
6.29379379e+06 	 4.549656e-06 	 1.128142e+07 	
6.29429429e+06 	 4.547658e-06 	 1.128007e+07 	
6.29479479e+06 	 4.545662e-06 	 1.127872e+07 	
6.29529530e+06 	 4.543666e-06 	 1.127738e+07 	
6.29579580e+06 	 4.541671e-06 	 1.127603e+07 	
6.29629630e+06 	 4.539676e-06 	 1.127468e+07 	
6.29679680e+06 	 4.537683e-06 	 1.127334e+07 	
6.29729730e+06 	 4.535690e-06 	 1.127199e+07 	
6.29779780e+06 	 4.533699e-06 	 1.127065e+07 	
6.29829830e+06 	 4.531708e-06 	 1.126930e+07 	
6.29879880e+06 	 4.529718e-06 	 1.126796e+07 	
6.29929930e+06 	 4.527728e-06 	 1.126661e+07 	
6.29979980e+06 	 4.525740e-06 	 1.126527e+07 	
6.30030030e+06 	 4.523752e-06 	 1.126392e+07 	
6.30080080e+06 	 4.521766e-06 	 1.126258e+07 	
6.30130130e+06 	 4.519780e-06 	 1.126124e+07 	
6.30180180e+06 	 4.517795e-06 	 1.125989e+07 	
6.30230230e+06 	 4.515810e-06 	 1.125855e+07 	
6.30280280e+06 	 4.513827e-06 	 1.125721e+07 	
6.30330330e+06 	 4.511844e-06 	 1.125587e+07 	
6.30380380e+06 	 4.509862e-06 	 1.125452e+07 	
6.30430430e+06 	 4.507882e-06 	 1.125318e+07 	
6.30480480e+06 	 4.505901e-06 	 1.125184e+07 	
6.30530531e+06 	 4.503922e-06 	 1.125050e+07 	
6.30580581e+06 	 4.501944e-06 	 1.124916e+07 	
6.30630631e+06 	 4.499966e-06 	 1.124782e+07 	
6.30680681e+06 	 4.497989e-06 	 1.124648e+07 	
6.30730731e+06 	 4.496013e-06 	 1.124514e+07 	
6.30780781e+06 	 4.494038e-06 	 1.124380e+07 	
6.30830831e+06 	 4.492064e-06 	 1.124246e+07 	
6.30880881e+06 	 4.490090e-06 	 1.124112e+07 	
6.30930931e+06 	 4.488117e-06 	 1.123978e+07 	
6.30980981e+06 	 4.486145e-06 	 1.123844e+07 	
6.31031031e+06 	 4.484174e-06 	 1.123710e+07 	
6.31081081e+06 	 4.482204e-06 	 1.123576e+07 	
6.31131131e+06 	 4.480235e-06 	 1.123442e+07 	
6.31181181e+06 	 4.478266e-06 	 1.123308e+07 	
6.31231231e+06 	 4.476298e-06 	 1.123175e+07 	
6.31281281e+06 	 4.474331e-06 	 1.123041e+07 	
6.31331331e+06 	 4.472365e-06 	 1.122907e+07 	
6.31381381e+06 	 4.470400e-06 	 1.122773e+07 	
6.31431431e+06 	 4.468435e-06 	 1.122640e+07 	
6.31481481e+06 	 4.466472e-06 	 1.122506e+07 	
6.31531532e+06 	 4.464509e-06 	 1.122372e+07 	
6.31581582e+06 	 4.462547e-06 	 1.122239e+07 	
6.31631632e+06 	 4.460586e-06 	 1.122105e+07 	
6.31681682e+06 	 4.458625e-06 	 1.121972e+07 	
6.31731732e+06 	 4.456666e-06 	 1.121838e+07 	
6.31781782e+06 	 4.454707e-06 	 1.121705e+07 	
6.31831832e+06 	 4.452749e-06 	 1.121571e+07 	
6.31881882e+06 	 4.450792e-06 	 1.121438e+07 	
6.31931932e+06 	 4.448835e-06 	 1.121304e+07 	
6.31981982e+06 	 4.446880e-06 	 1.121171e+07 	
6.32032032e+06 	 4.444925e-06 	 1.121037e+07 	
6.32082082e+06 	 4.442971e-06 	 1.120904e+07 	
6.32132132e+06 	 4.441018e-06 	 1.120771e+07 	
6.32182182e+06 	 4.439066e-06 	 1.120637e+07 	
6.32232232e+06 	 4.437114e-06 	 1.120504e+07 	
6.32282282e+06 	 4.435164e-06 	 1.120371e+07 	
6.32332332e+06 	 4.433214e-06 	 1.120238e+07 	
6.32382382e+06 	 4.431265e-06 	 1.120104e+07 	
6.32432432e+06 	 4.429317e-06 	 1.119971e+07 	
6.32482482e+06 	 4.427369e-06 	 1.119838e+07 	
6.32532533e+06 	 4.425423e-06 	 1.119705e+07 	
6.32582583e+06 	 4.423477e-06 	 1.119572e+07 	
6.32632633e+06 	 4.421532e-06 	 1.119439e+07 	
6.32682683e+06 	 4.419588e-06 	 1.119306e+07 	
6.32732733e+06 	 4.417644e-06 	 1.119173e+07 	
6.32782783e+06 	 4.415702e-06 	 1.119040e+07 	
6.32832833e+06 	 4.413760e-06 	 1.118907e+07 	
6.32882883e+06 	 4.411819e-06 	 1.118774e+07 	
6.32932933e+06 	 4.409879e-06 	 1.118641e+07 	
6.32982983e+06 	 4.407940e-06 	 1.118508e+07 	
6.33033033e+06 	 4.406001e-06 	 1.118375e+07 	
6.33083083e+06 	 4.404063e-06 	 1.118242e+07 	
6.33133133e+06 	 4.402126e-06 	 1.118109e+07 	
6.33183183e+06 	 4.400190e-06 	 1.117976e+07 	
6.33233233e+06 	 4.398255e-06 	 1.117844e+07 	
6.33283283e+06 	 4.396321e-06 	 1.117711e+07 	
6.33333333e+06 	 4.394387e-06 	 1.117578e+07 	
6.33383383e+06 	 4.392454e-06 	 1.117445e+07 	
6.33433433e+06 	 4.390522e-06 	 1.117313e+07 	
6.33483483e+06 	 4.388590e-06 	 1.117180e+07 	
6.33533534e+06 	 4.386660e-06 	 1.117047e+07 	
6.33583584e+06 	 4.384730e-06 	 1.116915e+07 	
6.33633634e+06 	 4.382801e-06 	 1.116782e+07 	
6.33683684e+06 	 4.380873e-06 	 1.116650e+07 	
6.33733734e+06 	 4.378946e-06 	 1.116517e+07 	
6.33783784e+06 	 4.377019e-06 	 1.116385e+07 	
6.33833834e+06 	 4.375094e-06 	 1.116252e+07 	
6.33883884e+06 	 4.373169e-06 	 1.116120e+07 	
6.33933934e+06 	 4.371245e-06 	 1.115987e+07 	
6.33983984e+06 	 4.369321e-06 	 1.115855e+07 	
6.34034034e+06 	 4.367399e-06 	 1.115722e+07 	
6.34084084e+06 	 4.365477e-06 	 1.115590e+07 	
6.34134134e+06 	 4.363556e-06 	 1.115458e+07 	
6.34184184e+06 	 4.361636e-06 	 1.115325e+07 	
6.34234234e+06 	 4.359717e-06 	 1.115193e+07 	
6.34284284e+06 	 4.357798e-06 	 1.115061e+07 	
6.34334334e+06 	 4.355880e-06 	 1.114929e+07 	
6.34384384e+06 	 4.353963e-06 	 1.114796e+07 	
6.34434434e+06 	 4.352047e-06 	 1.114664e+07 	
6.34484484e+06 	 4.350132e-06 	 1.114532e+07 	
6.34534535e+06 	 4.348217e-06 	 1.114400e+07 	
6.34584585e+06 	 4.346303e-06 	 1.114268e+07 	
6.34634635e+06 	 4.344390e-06 	 1.114136e+07 	
6.34684685e+06 	 4.342478e-06 	 1.114004e+07 	
6.34734735e+06 	 4.340567e-06 	 1.113872e+07 	
6.34784785e+06 	 4.338656e-06 	 1.113740e+07 	
6.34834835e+06 	 4.336746e-06 	 1.113608e+07 	
6.34884885e+06 	 4.334837e-06 	 1.113476e+07 	
6.34934935e+06 	 4.332929e-06 	 1.113344e+07 	
6.34984985e+06 	 4.331021e-06 	 1.113212e+07 	
6.35035035e+06 	 4.329115e-06 	 1.113080e+07 	
6.35085085e+06 	 4.327209e-06 	 1.112948e+07 	
6.35135135e+06 	 4.325304e-06 	 1.112816e+07 	
6.35185185e+06 	 4.323399e-06 	 1.112684e+07 	
6.35235235e+06 	 4.321496e-06 	 1.112553e+07 	
6.35285285e+06 	 4.319593e-06 	 1.112421e+07 	
6.35335335e+06 	 4.317691e-06 	 1.112289e+07 	
6.35385385e+06 	 4.315790e-06 	 1.112157e+07 	
6.35435435e+06 	 4.313889e-06 	 1.112026e+07 	
6.35485485e+06 	 4.311990e-06 	 1.111894e+07 	
6.35535536e+06 	 4.310091e-06 	 1.111762e+07 	
6.35585586e+06 	 4.308193e-06 	 1.111631e+07 	
6.35635636e+06 	 4.306296e-06 	 1.111499e+07 	
6.35685686e+06 	 4.304399e-06 	 1.111368e+07 	
6.35735736e+06 	 4.302503e-06 	 1.111236e+07 	
6.35785786e+06 	 4.300609e-06 	 1.111105e+07 	
6.35835836e+06 	 4.298714e-06 	 1.110973e+07 	
6.35885886e+06 	 4.296821e-06 	 1.110842e+07 	
6.35935936e+06 	 4.294928e-06 	 1.110710e+07 	
6.35985986e+06 	 4.293037e-06 	 1.110579e+07 	
6.36036036e+06 	 4.291146e-06 	 1.110447e+07 	
6.36086086e+06 	 4.289255e-06 	 1.110316e+07 	
6.36136136e+06 	 4.287366e-06 	 1.110185e+07 	
6.36186186e+06 	 4.285477e-06 	 1.110053e+07 	
6.36236236e+06 	 4.283589e-06 	 1.109922e+07 	
6.36286286e+06 	 4.281702e-06 	 1.109791e+07 	
6.36336336e+06 	 4.279816e-06 	 1.109659e+07 	
6.36386386e+06 	 4.277930e-06 	 1.109528e+07 	
6.36436436e+06 	 4.276045e-06 	 1.109397e+07 	
6.36486486e+06 	 4.274161e-06 	 1.109266e+07 	
6.36536537e+06 	 4.272278e-06 	 1.109135e+07 	
6.36586587e+06 	 4.270396e-06 	 1.109004e+07 	
6.36636637e+06 	 4.268514e-06 	 1.108872e+07 	
6.36686687e+06 	 4.266633e-06 	 1.108741e+07 	
6.36736737e+06 	 4.264753e-06 	 1.108610e+07 	
6.36786787e+06 	 4.262873e-06 	 1.108479e+07 	
6.36836837e+06 	 4.260995e-06 	 1.108348e+07 	
6.36886887e+06 	 4.259117e-06 	 1.108217e+07 	
6.36936937e+06 	 4.257240e-06 	 1.108086e+07 	
6.36986987e+06 	 4.255363e-06 	 1.107955e+07 	
6.37037037e+06 	 4.253488e-06 	 1.107825e+07 	
6.37087087e+06 	 4.251613e-06 	 1.107694e+07 	
6.37137137e+06 	 4.249739e-06 	 1.107563e+07 	
6.37187187e+06 	 4.247866e-06 	 1.107432e+07 	
6.37237237e+06 	 4.245993e-06 	 1.107301e+07 	
6.37287287e+06 	 4.244122e-06 	 1.107170e+07 	
6.37337337e+06 	 4.242251e-06 	 1.107040e+07 	
6.37387387e+06 	 4.240381e-06 	 1.106909e+07 	
6.37437437e+06 	 4.238511e-06 	 1.106778e+07 	
6.37487487e+06 	 4.236643e-06 	 1.106647e+07 	
6.37537538e+06 	 4.234775e-06 	 1.106517e+07 	
6.37587588e+06 	 4.232908e-06 	 1.106386e+07 	
6.37637638e+06 	 4.231041e-06 	 1.106256e+07 	
6.37687688e+06 	 4.229176e-06 	 1.106125e+07 	
6.37737738e+06 	 4.227311e-06 	 1.105994e+07 	
6.37787788e+06 	 4.225447e-06 	 1.105864e+07 	
6.37837838e+06 	 4.223584e-06 	 1.105733e+07 	
6.37887888e+06 	 4.221721e-06 	 1.105603e+07 	
6.37937938e+06 	 4.219860e-06 	 1.105472e+07 	
6.37987988e+06 	 4.217999e-06 	 1.105342e+07 	
6.38038038e+06 	 4.216138e-06 	 1.105212e+07 	
6.38088088e+06 	 4.214279e-06 	 1.105081e+07 	
6.38138138e+06 	 4.212420e-06 	 1.104951e+07 	
6.38188188e+06 	 4.210562e-06 	 1.104820e+07 	
6.38238238e+06 	 4.208705e-06 	 1.104690e+07 	
6.38288288e+06 	 4.206849e-06 	 1.104560e+07 	
6.38338338e+06 	 4.204993e-06 	 1.104430e+07 	
6.38388388e+06 	 4.203138e-06 	 1.104299e+07 	
6.38438438e+06 	 4.201284e-06 	 1.104169e+07 	
6.38488488e+06 	 4.199431e-06 	 1.104039e+07 	
6.38538539e+06 	 4.197578e-06 	 1.103909e+07 	
6.38588589e+06 	 4.195726e-06 	 1.103779e+07 	
6.38638639e+06 	 4.193875e-06 	 1.103648e+07 	
6.38688689e+06 	 4.192025e-06 	 1.103518e+07 	
6.38738739e+06 	 4.190175e-06 	 1.103388e+07 	
6.38788789e+06 	 4.188326e-06 	 1.103258e+07 	
6.38838839e+06 	 4.186478e-06 	 1.103128e+07 	
6.38888889e+06 	 4.184631e-06 	 1.102998e+07 	
6.38938939e+06 	 4.182785e-06 	 1.102868e+07 	
6.38988989e+06 	 4.180939e-06 	 1.102738e+07 	
6.39039039e+06 	 4.179094e-06 	 1.102608e+07 	
6.39089089e+06 	 4.177249e-06 	 1.102478e+07 	
6.39139139e+06 	 4.175406e-06 	 1.102349e+07 	
6.39189189e+06 	 4.173563e-06 	 1.102219e+07 	
6.39239239e+06 	 4.171721e-06 	 1.102089e+07 	
6.39289289e+06 	 4.169880e-06 	 1.101959e+07 	
6.39339339e+06 	 4.168039e-06 	 1.101829e+07 	
6.39389389e+06 	 4.166200e-06 	 1.101699e+07 	
6.39439439e+06 	 4.164361e-06 	 1.101570e+07 	
6.39489489e+06 	 4.162522e-06 	 1.101440e+07 	
6.39539540e+06 	 4.160685e-06 	 1.101310e+07 	
6.39589590e+06 	 4.158848e-06 	 1.101181e+07 	
6.39639640e+06 	 4.157012e-06 	 1.101051e+07 	
6.39689690e+06 	 4.155177e-06 	 1.100921e+07 	
6.39739740e+06 	 4.153342e-06 	 1.100792e+07 	
6.39789790e+06 	 4.151509e-06 	 1.100662e+07 	
6.39839840e+06 	 4.149676e-06 	 1.100533e+07 	
6.39889890e+06 	 4.147843e-06 	 1.100403e+07 	
6.39939940e+06 	 4.146012e-06 	 1.100274e+07 	
6.39989990e+06 	 4.144181e-06 	 1.100144e+07 	
6.40040040e+06 	 4.142351e-06 	 1.100015e+07 	
6.40090090e+06 	 4.140522e-06 	 1.099885e+07 	
6.40140140e+06 	 4.138693e-06 	 1.099756e+07 	
6.40190190e+06 	 4.136866e-06 	 1.099627e+07 	
6.40240240e+06 	 4.135039e-06 	 1.099497e+07 	
6.40290290e+06 	 4.133212e-06 	 1.099368e+07 	
6.40340340e+06 	 4.131387e-06 	 1.099239e+07 	
6.40390390e+06 	 4.129562e-06 	 1.099109e+07 	
6.40440440e+06 	 4.127738e-06 	 1.098980e+07 	
6.40490490e+06 	 4.125915e-06 	 1.098851e+07 	
6.40540541e+06 	 4.124092e-06 	 1.098722e+07 	
6.40590591e+06 	 4.122270e-06 	 1.098592e+07 	
6.40640641e+06 	 4.120449e-06 	 1.098463e+07 	
6.40690691e+06 	 4.118629e-06 	 1.098334e+07 	
6.40740741e+06 	 4.116809e-06 	 1.098205e+07 	
6.40790791e+06 	 4.114990e-06 	 1.098076e+07 	
6.40840841e+06 	 4.113172e-06 	 1.097947e+07 	
6.40890891e+06 	 4.111355e-06 	 1.097818e+07 	
6.40940941e+06 	 4.109538e-06 	 1.097689e+07 	
6.40990991e+06 	 4.107722e-06 	 1.097560e+07 	
6.41041041e+06 	 4.105907e-06 	 1.097431e+07 	
6.41091091e+06 	 4.104093e-06 	 1.097302e+07 	
6.41141141e+06 	 4.102279e-06 	 1.097173e+07 	
6.41191191e+06 	 4.100466e-06 	 1.097044e+07 	
6.41241241e+06 	 4.098654e-06 	 1.096915e+07 	
6.41291291e+06 	 4.096843e-06 	 1.096786e+07 	
6.41341341e+06 	 4.095032e-06 	 1.096658e+07 	
6.41391391e+06 	 4.093222e-06 	 1.096529e+07 	
6.41441441e+06 	 4.091413e-06 	 1.096400e+07 	
6.41491491e+06 	 4.089604e-06 	 1.096271e+07 	
6.41541542e+06 	 4.087796e-06 	 1.096143e+07 	
6.41591592e+06 	 4.085989e-06 	 1.096014e+07 	
6.41641642e+06 	 4.084183e-06 	 1.095885e+07 	
6.41691692e+06 	 4.082378e-06 	 1.095757e+07 	
6.41741742e+06 	 4.080573e-06 	 1.095628e+07 	
6.41791792e+06 	 4.078769e-06 	 1.095499e+07 	
6.41841842e+06 	 4.076965e-06 	 1.095371e+07 	
6.41891892e+06 	 4.075163e-06 	 1.095242e+07 	
6.41941942e+06 	 4.073361e-06 	 1.095114e+07 	
6.41991992e+06 	 4.071560e-06 	 1.094985e+07 	
6.42042042e+06 	 4.069759e-06 	 1.094857e+07 	
6.42092092e+06 	 4.067959e-06 	 1.094728e+07 	
6.42142142e+06 	 4.066161e-06 	 1.094600e+07 	
6.42192192e+06 	 4.064362e-06 	 1.094471e+07 	
6.42242242e+06 	 4.062565e-06 	 1.094343e+07 	
6.42292292e+06 	 4.060768e-06 	 1.094215e+07 	
6.42342342e+06 	 4.058972e-06 	 1.094086e+07 	
6.42392392e+06 	 4.057177e-06 	 1.093958e+07 	
6.42442442e+06 	 4.055382e-06 	 1.093830e+07 	
6.42492492e+06 	 4.053588e-06 	 1.093701e+07 	
6.42542543e+06 	 4.051795e-06 	 1.093573e+07 	
6.42592593e+06 	 4.050003e-06 	 1.093445e+07 	
6.42642643e+06 	 4.048211e-06 	 1.093317e+07 	
6.42692693e+06 	 4.046420e-06 	 1.093188e+07 	
6.42742743e+06 	 4.044630e-06 	 1.093060e+07 	
6.42792793e+06 	 4.042840e-06 	 1.092932e+07 	
6.42842843e+06 	 4.041052e-06 	 1.092804e+07 	
6.42892893e+06 	 4.039263e-06 	 1.092676e+07 	
6.42942943e+06 	 4.037476e-06 	 1.092548e+07 	
6.42992993e+06 	 4.035690e-06 	 1.092420e+07 	
6.43043043e+06 	 4.033904e-06 	 1.092292e+07 	
6.43093093e+06 	 4.032119e-06 	 1.092164e+07 	
6.43143143e+06 	 4.030334e-06 	 1.092036e+07 	
6.43193193e+06 	 4.028550e-06 	 1.091908e+07 	
6.43243243e+06 	 4.026767e-06 	 1.091780e+07 	
6.43293293e+06 	 4.024985e-06 	 1.091652e+07 	
6.43343343e+06 	 4.023204e-06 	 1.091524e+07 	
6.43393393e+06 	 4.021423e-06 	 1.091396e+07 	
6.43443443e+06 	 4.019643e-06 	 1.091269e+07 	
6.43493493e+06 	 4.017863e-06 	 1.091141e+07 	
6.43543544e+06 	 4.016085e-06 	 1.091013e+07 	
6.43593594e+06 	 4.014307e-06 	 1.090885e+07 	
6.43643644e+06 	 4.012530e-06 	 1.090758e+07 	
6.43693694e+06 	 4.010753e-06 	 1.090630e+07 	
6.43743744e+06 	 4.008977e-06 	 1.090502e+07 	
6.43793794e+06 	 4.007202e-06 	 1.090374e+07 	
6.43843844e+06 	 4.005428e-06 	 1.090247e+07 	
6.43893894e+06 	 4.003654e-06 	 1.090119e+07 	
6.43943944e+06 	 4.001881e-06 	 1.089992e+07 	
6.43993994e+06 	 4.000109e-06 	 1.089864e+07 	
6.44044044e+06 	 3.998338e-06 	 1.089737e+07 	
6.44094094e+06 	 3.996567e-06 	 1.089609e+07 	
6.44144144e+06 	 3.994797e-06 	 1.089482e+07 	
6.44194194e+06 	 3.993028e-06 	 1.089354e+07 	
6.44244244e+06 	 3.991259e-06 	 1.089227e+07 	
6.44294294e+06 	 3.989491e-06 	 1.089099e+07 	
6.44344344e+06 	 3.987724e-06 	 1.088972e+07 	
6.44394394e+06 	 3.985957e-06 	 1.088844e+07 	
6.44444444e+06 	 3.984192e-06 	 1.088717e+07 	
6.44494494e+06 	 3.982427e-06 	 1.088590e+07 	
6.44544545e+06 	 3.980662e-06 	 1.088462e+07 	
6.44594595e+06 	 3.978899e-06 	 1.088335e+07 	
6.44644645e+06 	 3.977136e-06 	 1.088208e+07 	
6.44694695e+06 	 3.975374e-06 	 1.088081e+07 	
6.44744745e+06 	 3.973612e-06 	 1.087954e+07 	
6.44794795e+06 	 3.971851e-06 	 1.087826e+07 	
6.44844845e+06 	 3.970091e-06 	 1.087699e+07 	
6.44894895e+06 	 3.968332e-06 	 1.087572e+07 	
6.44944945e+06 	 3.966573e-06 	 1.087445e+07 	
6.44994995e+06 	 3.964815e-06 	 1.087318e+07 	
6.45045045e+06 	 3.963058e-06 	 1.087191e+07 	
6.45095095e+06 	 3.961302e-06 	 1.087064e+07 	
6.45145145e+06 	 3.959546e-06 	 1.086937e+07 	
6.45195195e+06 	 3.957989e-06 	 1.086808e+07 	
6.45245245e+06 	 3.956235e-06 	 1.086681e+07 	
6.45295295e+06 	 3.954482e-06 	 1.086554e+07 	
6.45345345e+06 	 3.952730e-06 	 1.086427e+07 	
6.45395395e+06 	 3.950979e-06 	 1.086300e+07 	
6.45445445e+06 	 3.949228e-06 	 1.086174e+07 	
6.45495495e+06 	 3.947478e-06 	 1.086047e+07 	
6.45545546e+06 	 3.945729e-06 	 1.085920e+07 	
6.45595596e+06 	 3.943980e-06 	 1.085793e+07 	
6.45645646e+06 	 3.942232e-06 	 1.085666e+07 	
6.45695696e+06 	 3.940485e-06 	 1.085539e+07 	
6.45745746e+06 	 3.938739e-06 	 1.085413e+07 	
6.45795796e+06 	 3.936993e-06 	 1.085286e+07 	
6.45845846e+06 	 3.935248e-06 	 1.085159e+07 	
6.45895896e+06 	 3.933504e-06 	 1.085033e+07 	
6.45945946e+06 	 3.931760e-06 	 1.084906e+07 	
6.45995996e+06 	 3.930017e-06 	 1.084779e+07 	
6.46046046e+06 	 3.928275e-06 	 1.084653e+07 	
6.46096096e+06 	 3.926533e-06 	 1.084526e+07 	
6.46146146e+06 	 3.924793e-06 	 1.084400e+07 	
6.46196196e+06 	 3.923052e-06 	 1.084273e+07 	
6.46246246e+06 	 3.921313e-06 	 1.084147e+07 	
6.46296296e+06 	 3.919574e-06 	 1.084020e+07 	
6.46346346e+06 	 3.917836e-06 	 1.083894e+07 	
6.46396396e+06 	 3.916099e-06 	 1.083767e+07 	
6.46446446e+06 	 3.914362e-06 	 1.083641e+07 	
6.46496496e+06 	 3.912627e-06 	 1.083514e+07 	
6.46546547e+06 	 3.910891e-06 	 1.083388e+07 	
6.46596597e+06 	 3.909157e-06 	 1.083262e+07 	
6.46646647e+06 	 3.907423e-06 	 1.083135e+07 	
6.46696697e+06 	 3.905690e-06 	 1.083009e+07 	
6.46746747e+06 	 3.903958e-06 	 1.082883e+07 	
6.46796797e+06 	 3.902226e-06 	 1.082756e+07 	
6.46846847e+06 	 3.900495e-06 	 1.082630e+07 	
6.46896897e+06 	 3.898765e-06 	 1.082504e+07 	
6.46946947e+06 	 3.897035e-06 	 1.082378e+07 	
6.46996997e+06 	 3.895306e-06 	 1.082252e+07 	
6.47047047e+06 	 3.893578e-06 	 1.082126e+07 	
6.47097097e+06 	 3.891851e-06 	 1.081999e+07 	
6.47147147e+06 	 3.890124e-06 	 1.081873e+07 	
6.47197197e+06 	 3.888398e-06 	 1.081747e+07 	
6.47247247e+06 	 3.886672e-06 	 1.081621e+07 	
6.47297297e+06 	 3.884948e-06 	 1.081495e+07 	
6.47347347e+06 	 3.883224e-06 	 1.081369e+07 	
6.47397397e+06 	 3.881500e-06 	 1.081243e+07 	
6.47447447e+06 	 3.879778e-06 	 1.081117e+07 	
6.47497497e+06 	 3.878056e-06 	 1.080991e+07 	
6.47547548e+06 	 3.876335e-06 	 1.080865e+07 	
6.47597598e+06 	 3.874614e-06 	 1.080740e+07 	
6.47647648e+06 	 3.872894e-06 	 1.080614e+07 	
6.47697698e+06 	 3.871175e-06 	 1.080488e+07 	
6.47747748e+06 	 3.869457e-06 	 1.080362e+07 	
6.47797798e+06 	 3.867739e-06 	 1.080236e+07 	
6.47847848e+06 	 3.866022e-06 	 1.080110e+07 	
6.47897898e+06 	 3.864305e-06 	 1.079985e+07 	
6.47947948e+06 	 3.862590e-06 	 1.079859e+07 	
6.47997998e+06 	 3.860875e-06 	 1.079733e+07 	
6.48048048e+06 	 3.859161e-06 	 1.079608e+07 	
6.48098098e+06 	 3.857447e-06 	 1.079482e+07 	
6.48148148e+06 	 3.855734e-06 	 1.079356e+07 	
6.48198198e+06 	 3.854022e-06 	 1.079231e+07 	
6.48248248e+06 	 3.852310e-06 	 1.079105e+07 	
6.48298298e+06 	 3.850599e-06 	 1.078980e+07 	
6.48348348e+06 	 3.848889e-06 	 1.078854e+07 	
6.48398398e+06 	 3.847180e-06 	 1.078728e+07 	
6.48448448e+06 	 3.845471e-06 	 1.078603e+07 	
6.48498498e+06 	 3.843763e-06 	 1.078478e+07 	
6.48548549e+06 	 3.842056e-06 	 1.078352e+07 	
6.48598599e+06 	 3.840349e-06 	 1.078227e+07 	
6.48648649e+06 	 3.838643e-06 	 1.078101e+07 	
6.48698699e+06 	 3.836938e-06 	 1.077976e+07 	
6.48748749e+06 	 3.835233e-06 	 1.077851e+07 	
6.48798799e+06 	 3.833529e-06 	 1.077725e+07 	
6.48848849e+06 	 3.831826e-06 	 1.077600e+07 	
6.48898899e+06 	 3.830123e-06 	 1.077475e+07 	
6.48948949e+06 	 3.828421e-06 	 1.077349e+07 	
6.48998999e+06 	 3.826720e-06 	 1.077224e+07 	
6.49049049e+06 	 3.825019e-06 	 1.077099e+07 	
6.49099099e+06 	 3.823320e-06 	 1.076974e+07 	
6.49149149e+06 	 3.821620e-06 	 1.076848e+07 	
6.49199199e+06 	 3.819922e-06 	 1.076723e+07 	
6.49249249e+06 	 3.818224e-06 	 1.076598e+07 	
6.49299299e+06 	 3.816527e-06 	 1.076473e+07 	
6.49349349e+06 	 3.814831e-06 	 1.076348e+07 	
6.49399399e+06 	 3.813135e-06 	 1.076223e+07 	
6.49449449e+06 	 3.811440e-06 	 1.076098e+07 	
6.49499499e+06 	 3.809745e-06 	 1.075973e+07 	
6.49549550e+06 	 3.808052e-06 	 1.075848e+07 	
6.49599600e+06 	 3.806359e-06 	 1.075723e+07 	
6.49649650e+06 	 3.804666e-06 	 1.075598e+07 	
6.49699700e+06 	 3.802975e-06 	 1.075473e+07 	
6.49749750e+06 	 3.801284e-06 	 1.075348e+07 	
6.49799800e+06 	 3.799593e-06 	 1.075223e+07 	
6.49849850e+06 	 3.797904e-06 	 1.075099e+07 	
6.49899900e+06 	 3.796215e-06 	 1.074974e+07 	
6.49949950e+06 	 3.794526e-06 	 1.074849e+07 	
6.50000000e+06 	 3.792839e-06 	 1.074724e+07 	
6.53284919e+06 	 3.683347e-06 	 1.066586e+07 	
6.56586439e+06 	 3.576287e-06 	 1.058502e+07 	
6.59904644e+06 	 3.471458e-06 	 1.050475e+07 	
6.63239618e+06 	 3.368580e-06 	 1.042506e+07 	
6.66591446e+06 	 3.267990e-06 	 1.034591e+07 	
6.69960213e+06 	 3.169263e-06 	 1.026732e+07 	
6.73346005e+06 	 3.072686e-06 	 1.018928e+07 	
6.76748909e+06 	 2.978228e-06 	 1.011176e+07 	
6.80169009e+06 	 2.885545e-06 	 1.003480e+07 	
6.83606393e+06 	 2.794570e-06 	 9.958398e+06 	
6.87061150e+06 	 2.705509e-06 	 9.882521e+06 	
6.90533365e+06 	 2.618198e-06 	 9.807182e+06 	
6.94023128e+06 	 2.532756e-06 	 9.732359e+06 	
6.97530528e+06 	 2.448847e-06 	 9.658081e+06 	
7.01055653e+06 	 2.366699e-06 	 9.584318e+06 	
7.04598593e+06 	 2.286019e-06 	 9.511094e+06 	
7.08159437e+06 	 2.206748e-06 	 9.438411e+06 	
7.11738278e+06 	 2.129056e-06 	 9.366244e+06 	
7.15335205e+06 	 2.052909e-06 	 9.294588e+06 	
7.18950310e+06 	 1.978080e-06 	 9.223468e+06 	
7.22583684e+06 	 1.904607e-06 	 9.152872e+06 	
7.26235421e+06 	 1.832566e-06 	 9.082785e+06 	
7.29905612e+06 	 1.761710e-06 	 9.013236e+06 	
7.33594351e+06 	 1.692192e-06 	 8.944198e+06 	
7.37301733e+06 	 1.623797e-06 	 8.875701e+06 	
7.41027850e+06 	 1.556478e-06 	 8.807749e+06 	
7.44772799e+06 	 1.490344e-06 	 8.740322e+06 	
7.48536673e+06 	 1.425217e-06 	 8.673450e+06 	
7.52319568e+06 	 1.361183e-06 	 8.607116e+06 	
7.56121582e+06 	 1.298148e-06 	 8.541338e+06 	
7.59942810e+06 	 1.235996e-06 	 8.476142e+06 	
7.63783349e+06 	 1.174827e-06 	 8.411514e+06 	
7.67643297e+06 	 1.114611e-06 	 8.347463e+06 	
7.71522752e+06 	 1.055205e-06 	 8.284033e+06 	
7.75421813e+06 	 9.965778e-07 	 8.221245e+06 	
7.79340579e+06 	 9.388005e-07 	 8.159100e+06 	
7.83279149e+06 	 8.818150e-07 	 8.097637e+06 	
7.87237623e+06 	 8.255571e-07 	 8.036905e+06 	
7.91216103e+06 	 7.701266e-07 	 7.976915e+06 	
7.95214689e+06 	 7.154498e-07 	 7.917740e+06 	
7.99233482e+06 	 6.616377e-07 	 7.859406e+06 	
8.03272585e+06 	 6.086712e-07 	 7.802002e+06 	
8.07332101e+06 	 5.566905e-07 	 7.745571e+06 	
8.11412132e+06 	 5.058014e-07 	 7.690191e+06 	
8.15512783e+06 	 4.560945e-07 	 7.635975e+06 	
8.19634158e+06 	 4.077912e-07 	 7.582999e+06 	
8.23776360e+06 	 3.610703e-07 	 7.531394e+06 	
8.27939496e+06 	 3.161894e-07 	 7.481282e+06 	
8.32123672e+06 	 2.734687e-07 	 7.432768e+06 	
8.36328993e+06 	 2.332133e-07 	 7.385989e+06 	
8.40555566e+06 	 1.957330e-07 	 7.341106e+06 	
8.44803500e+06 	 1.613873e-07 	 7.298194e+06 	
8.49072901e+06 	 1.304458e-07 	 7.257386e+06 	
8.53363879e+06 	 1.031249e-07 	 7.218791e+06 	
8.57676542e+06 	 7.956264e-08 	 7.182450e+06 	
8.62011001e+06 	 5.976897e-08 	 7.148368e+06 	
8.66367364e+06 	 4.361058e-08 	 7.116584e+06 	
8.70745743e+06 	 3.083924e-08 	 7.087024e+06 	
8.75146249e+06 	 2.109375e-08 	 7.059499e+06 	
8.79568995e+06 	 1.392578e-08 	 7.033963e+06 	
8.84014091e+06 	 8.859786e-09 	 7.010146e+06 	
8.88481652e+06 	 5.424597e-09 	 6.987773e+06 	
8.92971791e+06 	 3.192546e-09 	 6.966830e+06 	
8.97484621e+06 	 1.805018e-09 	 6.946754e+06 	
9.02020258e+06 	 9.799050e-10 	 6.927502e+06 	
9.06578817e+06 	 5.107209e-10 	 6.908976e+06 	
9.97909525e+06 	 1.000000e-20 	 6.573717e+06 	
1.09844109e+07 	 1.000000e-20 	 6.256640e+06 	
1.20910041e+07 	 1.000000e-20 	 5.955687e+06 	
1.33090780e+07 	 1.000000e-20 	 5.669920e+06 	
1.46498632e+07 	 1.000000e-20 	 5.398473e+06 	
1.61257221e+07 	 1.000000e-20 	 5.140544e+06 	
1.77502622e+07 	 1.000000e-20 	 4.895386e+06 	
1.95384619e+07 	 1.000000e-20 	 4.662305e+06 	
2.15068088e+07 	 1.000000e-20 	 4.440652e+06 	
2.36734511e+07 	 1.000000e-20 	 4.229822e+06 	
2.60583657e+07 	 1.000000e-20 	 4.029247e+06 	
2.86835417e+07 	 1.000000e-20 	 3.838394e+06 	
3.15731837e+07 	 1.000000e-20 	 3.656763e+06 	
3.47539344e+07 	 1.000000e-20 	 3.483884e+06 	
3.82551208e+07 	 1.000000e-20 	 3.319314e+06 	
4.21090242e+07 	 1.000000e-20 	 3.162634e+06 	
4.63511783e+07 	 1.000000e-20 	 3.013450e+06 	
5.10206961e+07 	 1.000000e-20 	 2.871391e+06 	
5.61606312e+07 	 1.000000e-20 	 2.736104e+06 	
6.18183744e+07 	 1.000000e-20 	 2.607255e+06 	
6.80460910e+07 	 1.000000e-20 	 2.484531e+06 	
7.49012011e+07 	 1.000000e-20 	 2.367632e+06 	
8.24469098e+07 	 1.000000e-20 	 2.256275e+06 	
9.07527896e+07 	 1.000000e-20 	 2.150191e+06 	
9.98954216e+07 	 1.000000e-20 	 2.049127e+06 	
1.09959102e+08 	 1.000000e-20 	 1.952840e+06 	
1.21036619e+08 	 1.000000e-20 	 1.861101e+06 	
1.33230110e+08 	 1.000000e-20 	 1.773691e+06 	
1.46651999e+08 	 1.000000e-20 	 1.690405e+06 	
1.61426038e+08 	 1.000000e-20 	 1.611045e+06 	
1.77688446e+08 	 1.000000e-20 	 1.535423e+06 	
1.95589163e+08 	 1.000000e-20 	 1.463363e+06 	
2.15293238e+08 	 1.000000e-20 	 1.394694e+06 	
2.36982344e+08 	 1.000000e-20 	 1.329256e+06 	
2.60856457e+08 	 1.000000e-20 	 1.266896e+06 	
2.87135699e+08 	 1.000000e-20 	 1.207467e+06 	
3.16062370e+08 	 1.000000e-20 	 1.150832e+06 	
3.47903175e+08 	 1.000000e-20 	 1.096858e+06 	
3.82951693e+08 	 1.000000e-20 	 1.045420e+06 	
4.21531073e+08 	 1.000000e-20 	 9.963971e+05 	
4.63997024e+08 	 1.000000e-20 	 9.496764e+05 	
5.10741086e+08 	 1.000000e-20 	 9.051490e+05 	
5.62194246e+08 	 1.000000e-20 	 8.627118e+05 	
6.18830908e+08 	 1.000000e-20 	 8.222661e+05 	
6.81173270e+08 	 1.000000e-20 	 7.837184e+05 	
7.49796136e+08 	 1.000000e-20 	 7.469793e+05 	
8.25332218e+08 	 1.000000e-20 	 7.119638e+05 	
9.08477968e+08 	 1.000000e-20 	 6.785908e+05 	
1.00000000e+09 	 1.000000e-20 	 6.467831e+05 	
