r (cm)        	 rho (g/cm3) 	 T (K)       		 Linf = 4.526949e+38
1.29999813e+06 	 1.548204e+05 	 1.349819e+09 	
1.30007845e+06 	 1.334736e+05 	 1.300181e+09 	
1.30014733e+06 	 1.171708e+05 	 1.258141e+09 	
1.30021620e+06 	 1.025613e+05 	 1.216605e+09 	
1.30028508e+06 	 8.950504e+04 	 1.175590e+09 	
1.30035396e+06 	 7.786990e+04 	 1.135114e+09 	
1.30042284e+06 	 6.753168e+04 	 1.095195e+09 	
1.30049068e+06 	 5.850324e+04 	 1.056436e+09 	
1.30055852e+06 	 5.051566e+04 	 1.018253e+09 	
1.30062636e+06 	 4.347141e+04 	 9.806634e+08 	
1.30068232e+06 	 3.830662e+04 	 9.501201e+08 	
1.30073828e+06 	 3.367385e+04 	 9.200047e+08 	
1.30079423e+06 	 2.952821e+04 	 8.903283e+08 	
1.30085019e+06 	 2.582757e+04 	 8.611021e+08 	
1.30090615e+06 	 2.253251e+04 	 8.323378e+08 	
1.30096184e+06 	 1.961931e+04 	 8.041808e+08 	
1.30101753e+06 	 1.703748e+04 	 7.765043e+08 	
1.30107322e+06 	 1.475551e+04 	 7.493202e+08 	
1.30111904e+06 	 1.308208e+04 	 7.273307e+08 	
1.30116486e+06 	 1.157666e+04 	 7.056891e+08 	
1.30121068e+06 	 1.022504e+04 	 6.844019e+08 	
1.30125650e+06 	 9.013912e+03 	 6.634757e+08 	
1.30130232e+06 	 7.930889e+03 	 6.429170e+08 	
1.30134814e+06 	 6.964419e+03 	 6.227323e+08 	
1.30139429e+06 	 6.097974e+03 	 6.027877e+08 	
1.30144044e+06 	 5.328699e+03 	 5.832353e+08 	
1.30148659e+06 	 4.647191e+03 	 5.640813e+08 	
1.30152484e+06 	 4.142589e+03 	 5.485106e+08 	
1.30156310e+06 	 3.687736e+03 	 5.332212e+08 	
1.30160135e+06 	 3.278362e+03 	 5.182161e+08 	
1.30163960e+06 	 2.910496e+03 	 5.034986e+08 	
1.30167786e+06 	 2.580445e+03 	 4.890716e+08 	
1.30171611e+06 	 2.284790e+03 	 4.749379e+08 	
1.30175436e+06 	 2.020362e+03 	 4.611001e+08 	
1.30179402e+06 	 1.776076e+03 	 4.470696e+08 	
1.30183368e+06 	 1.559209e+03 	 4.333622e+08 	
1.30186669e+06 	 1.397606e+03 	 4.222000e+08 	
1.30189970e+06 	 1.251627e+03 	 4.112644e+08 	
1.30193271e+06 	 1.119914e+03 	 4.005565e+08 	
1.30196572e+06 	 1.001209e+03 	 3.900771e+08 	
1.30199873e+06 	 8.943499e+02 	 3.798269e+08 	
1.30203174e+06 	 7.982616e+02 	 3.698066e+08 	
1.30206475e+06 	 7.119547e+02 	 3.600164e+08 	
1.30209776e+06 	 6.345179e+02 	 3.504566e+08 	
1.30213078e+06 	 5.651140e+02 	 3.411272e+08 	
1.30216571e+06 	 4.995547e+02 	 3.315037e+08 	
1.30219471e+06 	 4.507255e+02 	 3.237123e+08 	
1.30222371e+06 	 4.064919e+02 	 3.160979e+08 	
1.30225271e+06 	 3.664513e+02 	 3.086600e+08 	
1.30228171e+06 	 3.302325e+02 	 3.013981e+08 	
1.30231071e+06 	 2.974936e+02 	 2.943115e+08 	
1.30233970e+06 	 2.679202e+02 	 2.873992e+08 	
1.30236870e+06 	 2.412236e+02 	 2.806603e+08 	
1.30239770e+06 	 2.171388e+02 	 2.740937e+08 	
1.30242670e+06 	 1.954231e+02 	 2.676982e+08 	
1.30245570e+06 	 1.758544e+02 	 2.614724e+08 	
1.30248469e+06 	 1.582296e+02 	 2.554149e+08 	
1.30251369e+06 	 1.423634e+02 	 2.495241e+08 	
1.30254269e+06 	 1.280867e+02 	 2.437982e+08 	
1.30257169e+06 	 1.152457e+02 	 2.382354e+08 	
1.30260069e+06 	 1.037002e+02 	 2.328338e+08 	
1.30262968e+06 	 9.332317e+01 	 2.275912e+08 	
1.30265868e+06 	 8.399899e+01 	 2.225056e+08 	
1.30268817e+06 	 7.548768e+01 	 2.174919e+08 	
1.30271767e+06 	 6.785751e+01 	 2.126356e+08 	
1.30274716e+06 	 6.101841e+01 	 2.079341e+08 	
1.30277665e+06 	 5.488913e+01 	 2.033849e+08 	
1.30280615e+06 	 4.939640e+01 	 1.989850e+08 	
1.30283564e+06 	 4.447426e+01 	 1.947316e+08 	
1.30286513e+06 	 4.006334e+01 	 1.906218e+08 	
1.30289463e+06 	 3.611026e+01 	 1.866524e+08 	
1.30292412e+06 	 3.256710e+01 	 1.828205e+08 	
1.30295361e+06 	 2.939081e+01 	 1.791229e+08 	
1.30298310e+06 	 2.654280e+01 	 1.755563e+08 	
1.30301260e+06 	 2.398847e+01 	 1.721176e+08 	
1.30304209e+06 	 2.169684e+01 	 1.688034e+08 	
1.30307158e+06 	 1.964015e+01 	 1.656105e+08 	
1.30310108e+06 	 1.779359e+01 	 1.625355e+08 	
1.30313057e+06 	 1.613495e+01 	 1.595751e+08 	
1.30316006e+06 	 1.464438e+01 	 1.567260e+08 	
1.30318956e+06 	 1.330414e+01 	 1.539848e+08 	
1.30321905e+06 	 1.209839e+01 	 1.513483e+08 	
1.30325252e+06 	 1.087499e+01 	 1.484785e+08 	
1.30328599e+06 	 9.788301e+00 	 1.457344e+08 	
1.30331947e+06 	 8.822183e+00 	 1.431113e+08 	
1.30335294e+06 	 7.962456e+00 	 1.406046e+08 	
1.30338641e+06 	 7.196656e+00 	 1.382095e+08 	
1.30341989e+06 	 6.513822e+00 	 1.359217e+08 	
1.30345336e+06 	 5.904320e+00 	 1.337366e+08 	
1.30348683e+06 	 5.359675e+00 	 1.316500e+08 	
1.30352787e+06 	 4.769619e+00 	 1.292202e+08 	
1.30356890e+06 	 4.253972e+00 	 1.269244e+08 	
1.30360994e+06 	 3.802539e+00 	 1.247555e+08 	
1.30365098e+06 	 3.406596e+00 	 1.227064e+08 	
1.30369201e+06 	 3.058670e+00 	 1.207704e+08 	
1.30373305e+06 	 2.752355e+00 	 1.189411e+08 	
1.30377408e+06 	 2.482156e+00 	 1.172123e+08 	
1.30381512e+06 	 2.243350e+00 	 1.155782e+08 	
1.30385615e+06 	 2.031878e+00 	 1.140334e+08 	
1.30389719e+06 	 1.844244e+00 	 1.125724e+08 	
1.30393822e+06 	 1.677434e+00 	 1.111902e+08 	
1.30397926e+06 	 1.528847e+00 	 1.098823e+08 	
1.30402029e+06 	 1.396235e+00 	 1.086440e+08 	
1.30407331e+06 	 1.245434e+00 	 1.071408e+08 	
1.30412632e+06 	 1.114498e+00 	 1.057384e+08 	
1.30417933e+06 	 1.000450e+00 	 1.044291e+08 	
1.30423235e+06 	 9.008019e-01 	 1.032056e+08 	
1.30428536e+06 	 8.134694e-01 	 1.020614e+08 	
1.30433837e+06 	 7.366999e-01 	 1.009903e+08 	
1.30439139e+06 	 6.690171e-01 	 9.998661e+07 	
1.30445923e+06 	 5.936858e-01 	 9.879243e+07 	
1.30452708e+06 	 5.290410e-01 	 9.769054e+07 	
1.30459492e+06 	 4.733199e-01 	 9.667217e+07 	
1.30466277e+06 	 4.250842e-01 	 9.572944e+07 	
1.30473061e+06 	 3.831551e-01 	 9.485528e+07 	
1.30479846e+06 	 3.465624e-01 	 9.404339e+07 	
1.30488512e+06 	 3.063250e-01 	 9.308799e+07 	
1.30497177e+06 	 2.721397e-01 	 9.221456e+07 	
1.30505843e+06 	 2.429296e-01 	 9.141400e+07 	
1.30514509e+06 	 2.178347e-01 	 9.067838e+07 	
1.30523175e+06 	 1.961636e-01 	 9.000078e+07 	
1.30531840e+06 	 1.773570e-01 	 8.937513e+07 	
1.30544328e+06 	 1.543955e-01 	 8.855434e+07 	
1.30556816e+06 	 1.353804e-01 	 8.781687e+07 	
1.30569303e+06 	 1.194995e-01 	 8.715135e+07 	
1.30581791e+06 	 1.061315e-01 	 8.654824e+07 	
1.30596755e+06 	 9.275566e-02 	 8.589657e+07 	
1.30611718e+06 	 8.167165e-02 	 8.531157e+07 	
1.30626682e+06 	 7.240404e-02 	 8.478377e+07 	
1.30641646e+06 	 6.459081e-02 	 8.430532e+07 	
1.30663518e+06 	 5.522343e-02 	 8.368146e+07 	
1.30685390e+06 	 4.773383e-02 	 8.313278e+07 	
1.30707263e+06 	 4.166519e-02 	 8.264636e+07 	
1.30737800e+06 	 3.496339e-02 	 8.205244e+07 	
1.30768338e+06 	 2.977803e-02 	 8.153888e+07 	
1.30798876e+06 	 2.569236e-02 	 8.108975e+07 	
1.30833937e+06 	 2.199297e-02 	 8.063803e+07 	
1.30868999e+06 	 1.907402e-02 	 8.024159e+07 	
1.30904060e+06 	 1.673320e-02 	 7.988997e+07 	
1.30956585e+06 	 1.401081e-02 	 7.943017e+07 	
1.31009109e+06 	 1.195756e-02 	 7.903353e+07 	
1.31070501e+06 	 1.014050e-02 	 7.863139e+07 	
1.31131893e+06 	 8.760738e-03 	 7.828052e+07 	
1.31193284e+06 	 7.688703e-03 	 7.796963e+07 	
1.31286615e+06 	 6.465500e-03 	 7.755578e+07 	
1.31343915e+06 	 5.887465e-03 	 7.732926e+07 	
1.31459402e+06 	 4.994148e-03 	 7.692104e+07 	
1.31555473e+06 	 4.445447e-03 	 7.661963e+07 	
1.31709214e+06 	 3.804857e-03 	 7.618988e+07 	
1.31801692e+06 	 3.516445e-03 	 7.595515e+07 	
1.31993584e+06 	 3.069425e-03 	 7.550974e+07 	
1.32150756e+06 	 2.806859e-03 	 7.517637e+07 	
1.32404535e+06 	 2.505296e-03 	 7.468004e+07 	
1.32609263e+06 	 2.333275e-03 	 7.430680e+07 	
1.32948339e+06 	 2.132826e-03 	 7.372504e+07 	
1.33208056e+06 	 2.024206e-03 	 7.330112e+07 	
1.33692115e+06 	 1.881161e-03 	 7.254427e+07 	
1.33886026e+06 	 1.837589e-03 	 7.224990e+07 	
1.34495725e+06 	 1.729490e-03 	 7.134725e+07 	
1.34885049e+06 	 1.674605e-03 	 7.078479e+07 	
1.35666667e+06 	 1.581646e-03 	 6.968010e+07 	
1.36666667e+06 	 1.479914e-03 	 6.830521e+07 	
1.37666667e+06 	 1.388731e-03 	 6.696775e+07 	
1.38333333e+06 	 1.331945e-03 	 6.609535e+07 	
1.39333333e+06 	 1.251790e-03 	 6.481430e+07 	
1.40000000e+06 	 1.201424e-03 	 6.397807e+07 	
1.41000000e+06 	 1.129898e-03 	 6.274938e+07 	
1.42000000e+06 	 1.063049e-03 	 6.155065e+07 	
1.42666667e+06 	 1.020835e-03 	 6.076757e+07 	
1.43666667e+06 	 9.609618e-04 	 5.961641e+07 	
1.44333333e+06 	 9.231322e-04 	 5.886414e+07 	
1.45333333e+06 	 8.693821e-04 	 5.775785e+07 	
1.46333333e+06 	 8.190194e-04 	 5.667734e+07 	
1.47000000e+06 	 7.871878e-04 	 5.597087e+07 	
1.48000000e+06 	 7.418784e-04 	 5.493135e+07 	
1.49000000e+06 	 6.993828e-04 	 5.391543e+07 	
1.49666667e+06 	 6.725003e-04 	 5.325086e+07 	
1.50666667e+06 	 6.342056e-04 	 5.227251e+07 	
1.51666667e+06 	 5.982365e-04 	 5.131579e+07 	
1.52333333e+06 	 5.754668e-04 	 5.068966e+07 	
1.53333333e+06 	 5.430372e-04 	 4.976751e+07 	
1.54333333e+06 	 5.125175e-04 	 4.886521e+07 	
1.55000000e+06 	 4.932032e-04 	 4.827446e+07 	
1.56000000e+06 	 4.656225e-04 	 4.740395e+07 	
1.57000000e+06 	 4.396711e-04 	 4.655179e+07 	
1.57666667e+06 	 4.232184e-04 	 4.599360e+07 	
1.58666667e+06 	 3.997401e-04 	 4.517079e+07 	
1.59666667e+06 	 3.776242e-04 	 4.436491e+07 	
1.60666667e+06 	 3.567903e-04 	 4.357548e+07 	
1.61333333e+06 	 3.435603e-04 	 4.305808e+07 	
1.62333333e+06 	 3.246756e-04 	 4.229501e+07 	
1.63333333e+06 	 3.068531e-04 	 4.154714e+07 	
1.64333333e+06 	 2.900500e-04 	 4.081409e+07 	
1.65000000e+06 	 2.793718e-04 	 4.033340e+07 	
1.66000000e+06 	 2.641092e-04 	 3.962410e+07 	
1.67000000e+06 	 2.497044e-04 	 3.892855e+07 	
1.68000000e+06 	 2.361088e-04 	 3.824639e+07 	
1.68666667e+06 	 2.274715e-04 	 3.779888e+07 	
1.69666667e+06 	 2.150949e-04 	 3.713818e+07 	
1.70666667e+06 	 2.034072e-04 	 3.648994e+07 	
1.71666667e+06 	 1.923640e-04 	 3.585383e+07 	
1.72666667e+06 	 1.819293e-04 	 3.522954e+07 	
1.73333333e+06 	 1.752945e-04 	 3.481977e+07 	
1.74333333e+06 	 1.657791e-04 	 3.421445e+07 	
1.75333333e+06 	 1.567839e-04 	 3.362018e+07 	
1.76333333e+06 	 1.482795e-04 	 3.303667e+07 	
1.77333333e+06 	 1.402271e-04 	 3.246361e+07 	
1.78333333e+06 	 1.326098e-04 	 3.190079e+07 	
1.79000000e+06 	 1.277588e-04 	 3.153113e+07 	
1.80000000e+06 	 1.208053e-04 	 3.098479e+07 	
1.81000000e+06 	 1.142161e-04 	 3.044799e+07 	
1.82000000e+06 	 1.079799e-04 	 2.992056e+07 	
1.83000000e+06 	 1.020706e-04 	 2.940225e+07 	
1.84000000e+06 	 9.647042e-05 	 2.889283e+07 	
1.85000000e+06 	 9.116219e-05 	 2.839211e+07 	
1.86000000e+06 	 8.612834e-05 	 2.789988e+07 	
1.87000000e+06 	 8.135673e-05 	 2.741595e+07 	
1.88000000e+06 	 7.683018e-05 	 2.694013e+07 	
1.89000000e+06 	 7.253532e-05 	 2.647224e+07 	
1.90000000e+06 	 6.845899e-05 	 2.601210e+07 	
1.91000000e+06 	 6.458938e-05 	 2.555953e+07 	
1.92000000e+06 	 6.091491e-05 	 2.511438e+07 	
1.93000000e+06 	 5.742412e-05 	 2.467647e+07 	
1.94000000e+06 	 5.410666e-05 	 2.424566e+07 	
1.95000000e+06 	 5.095287e-05 	 2.382179e+07 	
1.96000000e+06 	 4.795348e-05 	 2.340471e+07 	
1.97000000e+06 	 4.509944e-05 	 2.299429e+07 	
1.98000000e+06 	 4.238237e-05 	 2.259038e+07 	
2.00000000e+06 	 3.732784e-05 	 2.180159e+07 	
2.00050050e+06 	 3.720745e-05 	 2.178217e+07 	
2.00100100e+06 	 3.708734e-05 	 2.176276e+07 	
2.00150150e+06 	 3.696752e-05 	 2.174337e+07 	
2.00200200e+06 	 3.684798e-05 	 2.172400e+07 	
2.00250250e+06 	 3.672872e-05 	 2.170464e+07 	
2.00300300e+06 	 3.660975e-05 	 2.168529e+07 	
2.00350350e+06 	 3.649105e-05 	 2.166596e+07 	
2.00400400e+06 	 3.637264e-05 	 2.164665e+07 	
2.00450450e+06 	 3.625451e-05 	 2.162735e+07 	
2.00500501e+06 	 3.613665e-05 	 2.160807e+07 	
2.00550551e+06 	 3.601907e-05 	 2.158880e+07 	
2.00600601e+06 	 3.590176e-05 	 2.156955e+07 	
2.00650651e+06 	 3.578473e-05 	 2.155031e+07 	
2.00700701e+06 	 3.566798e-05 	 2.153109e+07 	
2.00750751e+06 	 3.555149e-05 	 2.151188e+07 	
2.00800801e+06 	 3.543529e-05 	 2.149269e+07 	
2.00850851e+06 	 3.531935e-05 	 2.147351e+07 	
2.00900901e+06 	 3.520368e-05 	 2.145435e+07 	
2.00950951e+06 	 3.508828e-05 	 2.143520e+07 	
2.01001001e+06 	 3.497316e-05 	 2.141607e+07 	
2.01051051e+06 	 3.485830e-05 	 2.139695e+07 	
2.01101101e+06 	 3.474371e-05 	 2.137785e+07 	
2.01151151e+06 	 3.462938e-05 	 2.135877e+07 	
2.01201201e+06 	 3.451532e-05 	 2.133969e+07 	
2.01251251e+06 	 3.440153e-05 	 2.132064e+07 	
2.01301301e+06 	 3.428800e-05 	 2.130160e+07 	
2.01351351e+06 	 3.417474e-05 	 2.128257e+07 	
2.01401401e+06 	 3.406174e-05 	 2.126356e+07 	
2.01451451e+06 	 3.394900e-05 	 2.124456e+07 	
2.01501502e+06 	 3.383652e-05 	 2.122558e+07 	
2.01551552e+06 	 3.372430e-05 	 2.120661e+07 	
2.01601602e+06 	 3.361234e-05 	 2.118766e+07 	
2.01651652e+06 	 3.350064e-05 	 2.116872e+07 	
2.01701702e+06 	 3.338919e-05 	 2.114980e+07 	
2.01751752e+06 	 3.327801e-05 	 2.113090e+07 	
2.01801802e+06 	 3.316708e-05 	 2.111200e+07 	
2.01851852e+06 	 3.305640e-05 	 2.109313e+07 	
2.01901902e+06 	 3.294598e-05 	 2.107426e+07 	
2.01951952e+06 	 3.283582e-05 	 2.105541e+07 	
2.02002002e+06 	 3.272591e-05 	 2.103658e+07 	
2.02052052e+06 	 3.261624e-05 	 2.101776e+07 	
2.02102102e+06 	 3.250683e-05 	 2.099896e+07 	
2.02152152e+06 	 3.239768e-05 	 2.098017e+07 	
2.02202202e+06 	 3.228877e-05 	 2.096140e+07 	
2.02252252e+06 	 3.218011e-05 	 2.094264e+07 	
2.02302302e+06 	 3.207169e-05 	 2.092389e+07 	
2.02352352e+06 	 3.196353e-05 	 2.090516e+07 	
2.02402402e+06 	 3.185561e-05 	 2.088645e+07 	
2.02452452e+06 	 3.174793e-05 	 2.086775e+07 	
2.02502503e+06 	 3.164050e-05 	 2.084906e+07 	
2.02552553e+06 	 3.153332e-05 	 2.083039e+07 	
2.02602603e+06 	 3.142638e-05 	 2.081174e+07 	
2.02652653e+06 	 3.131968e-05 	 2.079309e+07 	
2.02702703e+06 	 3.121322e-05 	 2.077447e+07 	
2.02752753e+06 	 3.110700e-05 	 2.075585e+07 	
2.02802803e+06 	 3.100102e-05 	 2.073726e+07 	
2.02852853e+06 	 3.089528e-05 	 2.071867e+07 	
2.02902903e+06 	 3.078978e-05 	 2.070010e+07 	
2.02952953e+06 	 3.068452e-05 	 2.068155e+07 	
2.03003003e+06 	 3.057949e-05 	 2.066301e+07 	
2.03053053e+06 	 3.047470e-05 	 2.064449e+07 	
2.03103103e+06 	 3.037014e-05 	 2.062597e+07 	
2.03153153e+06 	 3.026582e-05 	 2.060748e+07 	
2.03203203e+06 	 3.016173e-05 	 2.058900e+07 	
2.03253253e+06 	 3.005788e-05 	 2.057053e+07 	
2.03303303e+06 	 2.995425e-05 	 2.055208e+07 	
2.03353353e+06 	 2.985086e-05 	 2.053364e+07 	
2.03403403e+06 	 2.974769e-05 	 2.051521e+07 	
2.03453453e+06 	 2.964476e-05 	 2.049681e+07 	
2.03503504e+06 	 2.954205e-05 	 2.047841e+07 	
2.03553554e+06 	 2.943957e-05 	 2.046003e+07 	
2.03603604e+06 	 2.933732e-05 	 2.044166e+07 	
2.03653654e+06 	 2.923530e-05 	 2.042331e+07 	
2.03703704e+06 	 2.913350e-05 	 2.040497e+07 	
2.03753754e+06 	 2.903193e-05 	 2.038665e+07 	
2.03803804e+06 	 2.893058e-05 	 2.036834e+07 	
2.03853854e+06 	 2.882945e-05 	 2.035005e+07 	
2.03903904e+06 	 2.872855e-05 	 2.033177e+07 	
2.03953954e+06 	 2.862787e-05 	 2.031350e+07 	
2.04004004e+06 	 2.852741e-05 	 2.029525e+07 	
2.04054054e+06 	 2.842717e-05 	 2.027701e+07 	
2.04104104e+06 	 2.832714e-05 	 2.025879e+07 	
2.04154154e+06 	 2.822734e-05 	 2.024058e+07 	
2.04204204e+06 	 2.812776e-05 	 2.022239e+07 	
2.04254254e+06 	 2.802839e-05 	 2.020421e+07 	
2.04304304e+06 	 2.792924e-05 	 2.018604e+07 	
2.04354354e+06 	 2.783031e-05 	 2.016789e+07 	
2.04404404e+06 	 2.773159e-05 	 2.014975e+07 	
2.04454454e+06 	 2.763308e-05 	 2.013163e+07 	
2.04504505e+06 	 2.753479e-05 	 2.011352e+07 	
2.04554555e+06 	 2.743671e-05 	 2.009542e+07 	
2.04604605e+06 	 2.733884e-05 	 2.007734e+07 	
2.04654655e+06 	 2.724118e-05 	 2.005928e+07 	
2.04704705e+06 	 2.714373e-05 	 2.004122e+07 	
2.04754755e+06 	 2.704649e-05 	 2.002318e+07 	
2.04804805e+06 	 2.694946e-05 	 2.000516e+07 	
2.04854855e+06 	 2.685264e-05 	 1.998715e+07 	
2.04904905e+06 	 2.675602e-05 	 1.996915e+07 	
2.04954955e+06 	 2.665961e-05 	 1.995117e+07 	
2.05005005e+06 	 2.656341e-05 	 1.993320e+07 	
2.05055055e+06 	 2.646741e-05 	 1.991525e+07 	
2.05105105e+06 	 2.637299e-05 	 1.989729e+07 	
2.05155155e+06 	 2.627746e-05 	 1.987936e+07 	
2.05205205e+06 	 2.618213e-05 	 1.986145e+07 	
2.05255255e+06 	 2.608700e-05 	 1.984355e+07 	
2.05305305e+06 	 2.599208e-05 	 1.982566e+07 	
2.05355355e+06 	 2.589736e-05 	 1.980779e+07 	
2.05405405e+06 	 2.580284e-05 	 1.978994e+07 	
2.05455455e+06 	 2.570853e-05 	 1.977209e+07 	
2.05505506e+06 	 2.561441e-05 	 1.975426e+07 	
2.05555556e+06 	 2.552050e-05 	 1.973645e+07 	
2.05605606e+06 	 2.542678e-05 	 1.971865e+07 	
2.05655656e+06 	 2.533327e-05 	 1.970086e+07 	
2.05705706e+06 	 2.523995e-05 	 1.968309e+07 	
2.05755756e+06 	 2.514683e-05 	 1.966533e+07 	
2.05805806e+06 	 2.505390e-05 	 1.964758e+07 	
2.05855856e+06 	 2.496117e-05 	 1.962985e+07 	
2.05905906e+06 	 2.486735e-05 	 1.961215e+07 	
2.05955956e+06 	 2.477496e-05 	 1.959445e+07 	
2.06006006e+06 	 2.468276e-05 	 1.957676e+07 	
2.06056056e+06 	 2.459076e-05 	 1.955908e+07 	
2.06106106e+06 	 2.449894e-05 	 1.954142e+07 	
2.06156156e+06 	 2.440732e-05 	 1.952377e+07 	
2.06206206e+06 	 2.431588e-05 	 1.950614e+07 	
2.06256256e+06 	 2.422463e-05 	 1.948852e+07 	
2.06306306e+06 	 2.413357e-05 	 1.947091e+07 	
2.06356356e+06 	 2.404270e-05 	 1.945332e+07 	
2.06406406e+06 	 2.395201e-05 	 1.943574e+07 	
2.06456456e+06 	 2.386151e-05 	 1.941817e+07 	
2.06506507e+06 	 2.377120e-05 	 1.940062e+07 	
2.06556557e+06 	 2.368106e-05 	 1.938308e+07 	
2.06606607e+06 	 2.359112e-05 	 1.936556e+07 	
2.06656657e+06 	 2.350018e-05 	 1.934807e+07 	
2.06706707e+06 	 2.341055e-05 	 1.933057e+07 	
2.06756757e+06 	 2.332110e-05 	 1.931309e+07 	
2.06806807e+06 	 2.323182e-05 	 1.929562e+07 	
2.06856857e+06 	 2.314273e-05 	 1.927817e+07 	
2.06906907e+06 	 2.305381e-05 	 1.926073e+07 	
2.06956957e+06 	 2.296507e-05 	 1.924330e+07 	
2.07007007e+06 	 2.287651e-05 	 1.922589e+07 	
2.07057057e+06 	 2.278812e-05 	 1.920849e+07 	
2.07107107e+06 	 2.269990e-05 	 1.919110e+07 	
2.07157157e+06 	 2.261186e-05 	 1.917373e+07 	
2.07207207e+06 	 2.252399e-05 	 1.915637e+07 	
2.07257257e+06 	 2.243629e-05 	 1.913902e+07 	
2.07307307e+06 	 2.234877e-05 	 1.912169e+07 	
2.07357357e+06 	 2.226141e-05 	 1.910438e+07 	
2.07407407e+06 	 2.217422e-05 	 1.908707e+07 	
2.07457457e+06 	 2.208831e-05 	 1.906976e+07 	
2.07507508e+06 	 2.200150e-05 	 1.905248e+07 	
2.07557558e+06 	 2.191487e-05 	 1.903522e+07 	
2.07607608e+06 	 2.182839e-05 	 1.901797e+07 	
2.07657658e+06 	 2.174209e-05 	 1.900073e+07 	
2.07707708e+06 	 2.165595e-05 	 1.898351e+07 	
2.07757758e+06 	 2.156998e-05 	 1.896630e+07 	
2.07807808e+06 	 2.148418e-05 	 1.894910e+07 	
2.07857858e+06 	 2.139853e-05 	 1.893192e+07 	
2.07907908e+06 	 2.131305e-05 	 1.891475e+07 	
2.07957958e+06 	 2.122774e-05 	 1.889760e+07 	
2.08008008e+06 	 2.114258e-05 	 1.888045e+07 	
2.08058058e+06 	 2.105759e-05 	 1.886333e+07 	
2.08108108e+06 	 2.097275e-05 	 1.884621e+07 	
2.08158158e+06 	 2.088807e-05 	 1.882911e+07 	
2.08208208e+06 	 2.080356e-05 	 1.881202e+07 	
2.08258258e+06 	 2.072024e-05 	 1.879493e+07 	
2.08308308e+06 	 2.063608e-05 	 1.877787e+07 	
2.08358358e+06 	 2.055208e-05 	 1.876082e+07 	
2.08408408e+06 	 2.046823e-05 	 1.874378e+07 	
2.08458458e+06 	 2.038454e-05 	 1.872676e+07 	
2.08508509e+06 	 2.030101e-05 	 1.870976e+07 	
2.08558559e+06 	 2.021763e-05 	 1.869276e+07 	
2.08608609e+06 	 2.013440e-05 	 1.867578e+07 	
2.08658659e+06 	 2.005133e-05 	 1.865881e+07 	
2.08708709e+06 	 1.996841e-05 	 1.864186e+07 	
2.08758759e+06 	 1.988564e-05 	 1.862492e+07 	
2.08808809e+06 	 1.980302e-05 	 1.860799e+07 	
2.08858859e+06 	 1.972056e-05 	 1.859108e+07 	
2.08908909e+06 	 1.963824e-05 	 1.857418e+07 	
2.08958959e+06 	 1.955607e-05 	 1.855730e+07 	
2.09009009e+06 	 1.947405e-05 	 1.854042e+07 	
2.09059059e+06 	 1.939315e-05 	 1.852354e+07 	
2.09109109e+06 	 1.931146e-05 	 1.850670e+07 	
2.09159159e+06 	 1.922992e-05 	 1.848986e+07 	
2.09209209e+06 	 1.914853e-05 	 1.847304e+07 	
2.09259259e+06 	 1.906728e-05 	 1.845624e+07 	
2.09309309e+06 	 1.898617e-05 	 1.843944e+07 	
2.09359359e+06 	 1.890521e-05 	 1.842266e+07 	
2.09409409e+06 	 1.882439e-05 	 1.840590e+07 	
2.09459459e+06 	 1.874372e-05 	 1.838915e+07 	
2.09509510e+06 	 1.866318e-05 	 1.837241e+07 	
2.09559560e+06 	 1.858279e-05 	 1.835568e+07 	
2.09609610e+06 	 1.850254e-05 	 1.833897e+07 	
2.09659660e+06 	 1.842243e-05 	 1.832227e+07 	
2.09709710e+06 	 1.834245e-05 	 1.830558e+07 	
2.09759760e+06 	 1.826262e-05 	 1.828891e+07 	
2.09809810e+06 	 1.818292e-05 	 1.827225e+07 	
2.09859860e+06 	 1.810427e-05 	 1.825559e+07 	
2.09909910e+06 	 1.802488e-05 	 1.823895e+07 	
2.09959960e+06 	 1.794563e-05 	 1.822233e+07 	
2.10010010e+06 	 1.786652e-05 	 1.820573e+07 	
2.10060060e+06 	 1.778753e-05 	 1.818914e+07 	
2.10110110e+06 	 1.770869e-05 	 1.817256e+07 	
2.10160160e+06 	 1.762997e-05 	 1.815599e+07 	
2.10210210e+06 	 1.755139e-05 	 1.813944e+07 	
2.10260260e+06 	 1.747294e-05 	 1.812290e+07 	
2.10310310e+06 	 1.739463e-05 	 1.810637e+07 	
2.10360360e+06 	 1.731644e-05 	 1.808986e+07 	
2.10410410e+06 	 1.723839e-05 	 1.807336e+07 	
2.10460460e+06 	 1.716046e-05 	 1.805687e+07 	
2.10510511e+06 	 1.708266e-05 	 1.804040e+07 	
2.10560561e+06 	 1.700499e-05 	 1.802394e+07 	
2.10610611e+06 	 1.692745e-05 	 1.800750e+07 	
2.10660661e+06 	 1.684918e-05 	 1.799109e+07 	
2.10710711e+06 	 1.677186e-05 	 1.797467e+07 	
2.10760761e+06 	 1.669466e-05 	 1.795826e+07 	
2.10810811e+06 	 1.661758e-05 	 1.794187e+07 	
2.10860861e+06 	 1.654063e-05 	 1.792549e+07 	
2.10910911e+06 	 1.646379e-05 	 1.790913e+07 	
2.10960961e+06 	 1.638708e-05 	 1.789278e+07 	
2.11011011e+06 	 1.631049e-05 	 1.787644e+07 	
2.11061061e+06 	 1.623402e-05 	 1.786012e+07 	
2.11111111e+06 	 1.615766e-05 	 1.784381e+07 	
2.11161161e+06 	 1.608142e-05 	 1.782751e+07 	
2.11211211e+06 	 1.600530e-05 	 1.781123e+07 	
2.11261261e+06 	 1.592930e-05 	 1.779496e+07 	
2.11311311e+06 	 1.585341e-05 	 1.777870e+07 	
2.11361361e+06 	 1.577763e-05 	 1.776246e+07 	
2.11411411e+06 	 1.570197e-05 	 1.774623e+07 	
2.11461461e+06 	 1.562721e-05 	 1.772999e+07 	
2.11511512e+06 	 1.555180e-05 	 1.771379e+07 	
2.11561562e+06 	 1.547651e-05 	 1.769760e+07 	
2.11611612e+06 	 1.540133e-05 	 1.768142e+07 	
2.11661662e+06 	 1.532626e-05 	 1.766526e+07 	
2.11711712e+06 	 1.525129e-05 	 1.764911e+07 	
2.11761762e+06 	 1.517644e-05 	 1.763298e+07 	
2.11811812e+06 	 1.510170e-05 	 1.761685e+07 	
2.11861862e+06 	 1.502706e-05 	 1.760075e+07 	
2.11911912e+06 	 1.495253e-05 	 1.758465e+07 	
2.11961962e+06 	 1.487810e-05 	 1.756857e+07 	
2.12012012e+06 	 1.480378e-05 	 1.755250e+07 	
2.12062062e+06 	 1.472957e-05 	 1.753645e+07 	
2.12112112e+06 	 1.465546e-05 	 1.752041e+07 	
2.12162162e+06 	 1.458145e-05 	 1.750438e+07 	
2.12212212e+06 	 1.450754e-05 	 1.748837e+07 	
2.12262262e+06 	 1.443300e-05 	 1.747239e+07 	
2.12312312e+06 	 1.435927e-05 	 1.745641e+07 	
2.12362362e+06 	 1.428563e-05 	 1.744043e+07 	
2.12412412e+06 	 1.421209e-05 	 1.742448e+07 	
2.12462462e+06 	 1.413865e-05 	 1.740853e+07 	
2.12512513e+06 	 1.406531e-05 	 1.739261e+07 	
2.12562563e+06 	 1.399205e-05 	 1.737669e+07 	
2.12612613e+06 	 1.391890e-05 	 1.736079e+07 	
2.12662663e+06 	 1.384583e-05 	 1.734490e+07 	
2.12712713e+06 	 1.377286e-05 	 1.732903e+07 	
2.12762763e+06 	 1.369998e-05 	 1.731317e+07 	
2.12812813e+06 	 1.362719e-05 	 1.729732e+07 	
2.12862863e+06 	 1.355449e-05 	 1.728149e+07 	
2.12912913e+06 	 1.348188e-05 	 1.726567e+07 	
2.12962963e+06 	 1.340935e-05 	 1.724987e+07 	
2.13013013e+06 	 1.333691e-05 	 1.723408e+07 	
2.13063063e+06 	 1.326523e-05 	 1.721828e+07 	
2.13113113e+06 	 1.319299e-05 	 1.720252e+07 	
2.13163163e+06 	 1.312084e-05 	 1.718677e+07 	
2.13213213e+06 	 1.304876e-05 	 1.717104e+07 	
2.13263263e+06 	 1.297677e-05 	 1.715532e+07 	
2.13313313e+06 	 1.290486e-05 	 1.713962e+07 	
2.13363363e+06 	 1.283304e-05 	 1.712393e+07 	
2.13413413e+06 	 1.276129e-05 	 1.710825e+07 	
2.13463463e+06 	 1.268962e-05 	 1.709259e+07 	
2.13513514e+06 	 1.261803e-05 	 1.707694e+07 	
2.13563564e+06 	 1.254652e-05 	 1.706131e+07 	
2.13613614e+06 	 1.247508e-05 	 1.704569e+07 	
2.13663664e+06 	 1.240372e-05 	 1.703008e+07 	
2.13713714e+06 	 1.233244e-05 	 1.701449e+07 	
2.13763764e+06 	 1.226122e-05 	 1.699892e+07 	
2.13813814e+06 	 1.219008e-05 	 1.698336e+07 	
2.13863864e+06 	 1.211963e-05 	 1.696779e+07 	
2.13913914e+06 	 1.204866e-05 	 1.695226e+07 	
2.13963964e+06 	 1.197776e-05 	 1.693674e+07 	
2.14014014e+06 	 1.190692e-05 	 1.692124e+07 	
2.14064064e+06 	 1.183615e-05 	 1.690575e+07 	
2.14114114e+06 	 1.176546e-05 	 1.689028e+07 	
2.14164164e+06 	 1.169482e-05 	 1.687482e+07 	
2.14214214e+06 	 1.162426e-05 	 1.685938e+07 	
2.14264264e+06 	 1.155375e-05 	 1.684395e+07 	
2.14314314e+06 	 1.148331e-05 	 1.682854e+07 	
2.14364364e+06 	 1.141294e-05 	 1.681314e+07 	
2.14414414e+06 	 1.134262e-05 	 1.679776e+07 	
2.14464464e+06 	 1.127237e-05 	 1.678239e+07 	
2.14514515e+06 	 1.120217e-05 	 1.676704e+07 	
2.14564565e+06 	 1.113203e-05 	 1.675171e+07 	
2.14614615e+06 	 1.106195e-05 	 1.673639e+07 	
2.14664665e+06 	 1.099250e-05 	 1.672106e+07 	
2.14714715e+06 	 1.092255e-05 	 1.670577e+07 	
2.14764765e+06 	 1.085266e-05 	 1.669050e+07 	
2.14814815e+06 	 1.078282e-05 	 1.667524e+07 	
2.14864865e+06 	 1.071304e-05 	 1.666000e+07 	
2.14914915e+06 	 1.064330e-05 	 1.664477e+07 	
2.14964965e+06 	 1.057362e-05 	 1.662956e+07 	
2.15015015e+06 	 1.050399e-05 	 1.661437e+07 	
2.15065065e+06 	 1.043441e-05 	 1.659919e+07 	
2.15115115e+06 	 1.036487e-05 	 1.658403e+07 	
2.15165165e+06 	 1.029539e-05 	 1.656888e+07 	
2.15215215e+06 	 1.022595e-05 	 1.655375e+07 	
2.15265265e+06 	 1.015655e-05 	 1.653864e+07 	
2.15315315e+06 	 1.008720e-05 	 1.652355e+07 	
2.15365365e+06 	 1.001789e-05 	 1.650847e+07 	
2.15415415e+06 	 9.948619e-06 	 1.649340e+07 	
2.15465465e+06 	 9.879904e-06 	 1.647834e+07 	
2.15515516e+06 	 9.810736e-06 	 1.646331e+07 	
2.15565566e+06 	 9.741608e-06 	 1.644830e+07 	
2.15615616e+06 	 9.672519e-06 	 1.643331e+07 	
2.15665666e+06 	 9.603467e-06 	 1.641833e+07 	
2.15715716e+06 	 9.534452e-06 	 1.640337e+07 	
2.15765766e+06 	 9.465472e-06 	 1.638843e+07 	
2.15815816e+06 	 9.396528e-06 	 1.637350e+07 	
2.15865866e+06 	 9.327617e-06 	 1.635860e+07 	
2.15915916e+06 	 9.258739e-06 	 1.634371e+07 	
2.15965966e+06 	 9.189893e-06 	 1.632884e+07 	
2.16016016e+06 	 9.121078e-06 	 1.631399e+07 	
2.16066066e+06 	 9.052293e-06 	 1.629915e+07 	
2.16116116e+06 	 8.983538e-06 	 1.628434e+07 	
2.16166166e+06 	 8.914810e-06 	 1.626954e+07 	
2.16216216e+06 	 8.846111e-06 	 1.625477e+07 	
2.16266266e+06 	 8.777896e-06 	 1.623999e+07 	
2.16316316e+06 	 8.709265e-06 	 1.622525e+07 	
2.16366366e+06 	 8.640660e-06 	 1.621053e+07 	
2.16416416e+06 	 8.572080e-06 	 1.619583e+07 	
2.16466466e+06 	 8.503524e-06 	 1.618115e+07 	
2.16516517e+06 	 8.434991e-06 	 1.616649e+07 	
2.16566567e+06 	 8.366480e-06 	 1.615185e+07 	
2.16616617e+06 	 8.297992e-06 	 1.613723e+07 	
2.16666667e+06 	 8.229524e-06 	 1.612263e+07 	
2.16716717e+06 	 8.161077e-06 	 1.610805e+07 	
2.16766767e+06 	 8.092650e-06 	 1.609349e+07 	
2.16816817e+06 	 8.024243e-06 	 1.607895e+07 	
2.16866867e+06 	 7.955854e-06 	 1.606444e+07 	
2.16916917e+06 	 7.887483e-06 	 1.604994e+07 	
2.16966967e+06 	 7.819130e-06 	 1.603547e+07 	
2.17017017e+06 	 7.750403e-06 	 1.602104e+07 	
2.17067067e+06 	 7.682071e-06 	 1.600661e+07 	
2.17117117e+06 	 7.613754e-06 	 1.599221e+07 	
2.17167167e+06 	 7.545453e-06 	 1.597782e+07 	
2.17217217e+06 	 7.477167e-06 	 1.596346e+07 	
2.17267267e+06 	 7.408897e-06 	 1.594913e+07 	
2.17317317e+06 	 7.340642e-06 	 1.593481e+07 	
2.17367367e+06 	 7.272402e-06 	 1.592053e+07 	
2.17417417e+06 	 7.204176e-06 	 1.590626e+07 	
2.17467467e+06 	 7.135966e-06 	 1.589202e+07 	
2.17517518e+06 	 7.067770e-06 	 1.587781e+07 	
2.17567568e+06 	 6.999589e-06 	 1.586362e+07 	
2.17617618e+06 	 6.931423e-06 	 1.584945e+07 	
2.17667668e+06 	 6.863273e-06 	 1.583531e+07 	
2.17717718e+06 	 6.795138e-06 	 1.582120e+07 	
2.17767768e+06 	 6.727020e-06 	 1.580711e+07 	
2.17817818e+06 	 6.658577e-06 	 1.579307e+07 	
2.17867868e+06 	 6.590481e-06 	 1.577904e+07 	
2.17917918e+06 	 6.522402e-06 	 1.576503e+07 	
2.17967968e+06 	 6.454341e-06 	 1.575106e+07 	
2.18018018e+06 	 6.386300e-06 	 1.573711e+07 	
2.18068068e+06 	 6.318278e-06 	 1.572319e+07 	
2.18118118e+06 	 6.250278e-06 	 1.570930e+07 	
2.18168168e+06 	 6.182300e-06 	 1.569544e+07 	
2.18218218e+06 	 6.114345e-06 	 1.568161e+07 	
2.18268268e+06 	 6.046415e-06 	 1.566780e+07 	
2.18318318e+06 	 5.978512e-06 	 1.565403e+07 	
2.18368368e+06 	 5.910637e-06 	 1.564029e+07 	
2.18418418e+06 	 5.842792e-06 	 1.562659e+07 	
2.18468468e+06 	 5.774978e-06 	 1.561291e+07 	
2.18518519e+06 	 5.707198e-06 	 1.559927e+07 	
2.18568569e+06 	 5.639455e-06 	 1.558566e+07 	
2.18618619e+06 	 5.572040e-06 	 1.557206e+07 	
2.18668669e+06 	 5.504385e-06 	 1.555852e+07 	
2.18718719e+06 	 5.436774e-06 	 1.554501e+07 	
2.18768769e+06 	 5.369210e-06 	 1.553154e+07 	
2.18818819e+06 	 5.301696e-06 	 1.551810e+07 	
2.18868869e+06 	 5.234235e-06 	 1.550470e+07 	
2.18918919e+06 	 5.166831e-06 	 1.549134e+07 	
2.18968969e+06 	 5.099486e-06 	 1.547801e+07 	
2.19019019e+06 	 5.032206e-06 	 1.546473e+07 	
2.19069069e+06 	 4.964993e-06 	 1.545148e+07 	
2.19119119e+06 	 4.897853e-06 	 1.543827e+07 	
2.19169169e+06 	 4.830789e-06 	 1.542510e+07 	
2.19219219e+06 	 4.763806e-06 	 1.541197e+07 	
2.19269269e+06 	 4.696909e-06 	 1.539888e+07 	
2.19319319e+06 	 4.630104e-06 	 1.538584e+07 	
2.19369369e+06 	 4.563627e-06 	 1.537281e+07 	
2.19419419e+06 	 4.497027e-06 	 1.535985e+07 	
2.19469469e+06 	 4.430536e-06 	 1.534694e+07 	
2.19519520e+06 	 4.364159e-06 	 1.533407e+07 	
2.19569570e+06 	 4.297903e-06 	 1.532124e+07 	
2.19619620e+06 	 4.231774e-06 	 1.530847e+07 	
2.19669670e+06 	 4.165779e-06 	 1.529573e+07 	
2.19719720e+06 	 4.099926e-06 	 1.528305e+07 	
2.19769770e+06 	 4.034222e-06 	 1.527042e+07 	
2.19819820e+06 	 3.968675e-06 	 1.525783e+07 	
2.19869870e+06 	 3.903292e-06 	 1.524530e+07 	
2.19919920e+06 	 3.838083e-06 	 1.523282e+07 	
2.19969970e+06 	 3.773056e-06 	 1.522039e+07 	
2.20020020e+06 	 3.708219e-06 	 1.520801e+07 	
2.20070070e+06 	 3.643582e-06 	 1.519569e+07 	
2.20120120e+06 	 3.579155e-06 	 1.518342e+07 	
2.20170170e+06 	 3.514764e-06 	 1.517123e+07 	
2.20220220e+06 	 3.450781e-06 	 1.515907e+07 	
2.20270270e+06 	 3.387037e-06 	 1.514697e+07 	
2.20320320e+06 	 3.323545e-06 	 1.513494e+07 	
2.20370370e+06 	 3.260314e-06 	 1.512296e+07 	
2.20420420e+06 	 3.197356e-06 	 1.511104e+07 	
2.20470470e+06 	 3.134683e-06 	 1.509919e+07 	
2.20520521e+06 	 3.072307e-06 	 1.508739e+07 	
2.20570571e+06 	 3.010240e-06 	 1.507567e+07 	
2.20620621e+06 	 2.948495e-06 	 1.506400e+07 	
2.20670671e+06 	 2.887084e-06 	 1.505240e+07 	
2.20720721e+06 	 2.826020e-06 	 1.504087e+07 	
2.20770771e+06 	 2.765318e-06 	 1.502941e+07 	
2.20820821e+06 	 2.704990e-06 	 1.501802e+07 	
2.20870871e+06 	 2.645050e-06 	 1.500669e+07 	
2.20920921e+06 	 2.585380e-06 	 1.499546e+07 	
2.20970971e+06 	 2.526257e-06 	 1.498428e+07 	
2.21021021e+06 	 2.467565e-06 	 1.497317e+07 	
2.21071071e+06 	 2.409319e-06 	 1.496214e+07 	
2.21121121e+06 	 2.351534e-06 	 1.495119e+07 	
2.21171171e+06 	 2.294224e-06 	 1.494031e+07 	
2.21221221e+06 	 2.237406e-06 	 1.492951e+07 	
2.21271271e+06 	 2.181095e-06 	 1.491879e+07 	
2.21321321e+06 	 2.125305e-06 	 1.490815e+07 	
2.21371371e+06 	 2.070053e-06 	 1.489759e+07 	
2.21421421e+06 	 2.015353e-06 	 1.488711e+07 	
2.21471471e+06 	 1.961222e-06 	 1.487672e+07 	
2.21521522e+06 	 1.907675e-06 	 1.486641e+07 	
2.21571572e+06 	 1.854727e-06 	 1.485618e+07 	
2.21621622e+06 	 1.802394e-06 	 1.484605e+07 	
2.21671672e+06 	 1.750602e-06 	 1.483602e+07 	
2.21721722e+06 	 1.699543e-06 	 1.482606e+07 	
2.21771772e+06 	 1.649145e-06 	 1.481619e+07 	
2.21821822e+06 	 1.599422e-06 	 1.480641e+07 	
2.21871872e+06 	 1.550389e-06 	 1.479673e+07 	
2.21921922e+06 	 1.502060e-06 	 1.478713e+07 	
2.21971972e+06 	 1.454450e-06 	 1.477764e+07 	
2.22022022e+06 	 1.407573e-06 	 1.476823e+07 	
2.22072072e+06 	 1.361441e-06 	 1.475893e+07 	
2.22122122e+06 	 1.316067e-06 	 1.474972e+07 	
2.22172172e+06 	 1.271465e-06 	 1.474060e+07 	
2.22222222e+06 	 1.227645e-06 	 1.473159e+07 	
2.22272272e+06 	 1.184621e-06 	 1.472268e+07 	
2.22322322e+06 	 1.142402e-06 	 1.471386e+07 	
2.22372372e+06 	 1.100999e-06 	 1.470515e+07 	
2.22422422e+06 	 1.060476e-06 	 1.469652e+07 	
2.22472472e+06 	 1.020734e-06 	 1.468802e+07 	
2.22522523e+06 	 9.818349e-07 	 1.467961e+07 	
2.22572573e+06 	 9.437865e-07 	 1.467131e+07 	
2.22622623e+06 	 9.065955e-07 	 1.466312e+07 	
2.22672673e+06 	 8.702681e-07 	 1.465503e+07 	
2.22722723e+06 	 8.348094e-07 	 1.464704e+07 	
2.22772773e+06 	 8.002238e-07 	 1.463917e+07 	
2.22822823e+06 	 7.665147e-07 	 1.463139e+07 	
2.22872873e+06 	 7.336848e-07 	 1.462373e+07 	
2.22922923e+06 	 7.017357e-07 	 1.461617e+07 	
2.22972973e+06 	 6.706681e-07 	 1.460873e+07 	
2.23023023e+06 	 6.404819e-07 	 1.460139e+07 	
2.23073073e+06 	 6.111757e-07 	 1.459415e+07 	
2.23123123e+06 	 5.827181e-07 	 1.458705e+07 	
2.23173173e+06 	 5.551647e-07 	 1.458004e+07 	
2.23223223e+06 	 5.284821e-07 	 1.457313e+07 	
2.23273273e+06 	 5.026652e-07 	 1.456633e+07 	
2.23323323e+06 	 4.777080e-07 	 1.455964e+07 	
2.23373373e+06 	 4.536036e-07 	 1.455306e+07 	
2.23423423e+06 	 4.303439e-07 	 1.454659e+07 	
2.23473473e+06 	 4.079202e-07 	 1.454023e+07 	
2.23523524e+06 	 3.863227e-07 	 1.453397e+07 	
2.23573574e+06 	 3.655408e-07 	 1.452782e+07 	
2.23623624e+06 	 3.455631e-07 	 1.452177e+07 	
2.23673674e+06 	 3.263772e-07 	 1.451584e+07 	
2.23723724e+06 	 3.079700e-07 	 1.451000e+07 	
2.23773774e+06 	 2.903278e-07 	 1.450428e+07 	
2.23823824e+06 	 2.734502e-07 	 1.449863e+07 	
2.23873874e+06 	 2.572935e-07 	 1.449311e+07 	
2.23923924e+06 	 2.418561e-07 	 1.448769e+07 	
2.23973974e+06 	 2.271215e-07 	 1.448237e+07 	
2.24024024e+06 	 2.130730e-07 	 1.447716e+07 	
2.24074074e+06 	 1.996929e-07 	 1.447204e+07 	
2.24124124e+06 	 1.869635e-07 	 1.446702e+07 	
2.24174174e+06 	 1.748666e-07 	 1.446210e+07 	
2.24224224e+06 	 1.633834e-07 	 1.445728e+07 	
2.24274274e+06 	 1.524953e-07 	 1.445255e+07 	
2.24324324e+06 	 1.421832e-07 	 1.444792e+07 	
2.24374374e+06 	 1.324277e-07 	 1.444338e+07 	
2.24424424e+06 	 1.232031e-07 	 1.443896e+07 	
2.24474474e+06 	 1.145032e-07 	 1.443461e+07 	
2.24524525e+06 	 1.063018e-07 	 1.443034e+07 	
2.24574575e+06 	 9.857967e-08 	 1.442616e+07 	
2.24624625e+06 	 9.131753e-08 	 1.442207e+07 	
2.24674675e+06 	 8.449625e-08 	 1.441806e+07 	
2.24724725e+06 	 7.809688e-08 	 1.441414e+07 	
2.24774775e+06 	 7.210071e-08 	 1.441030e+07 	
2.24824825e+06 	 6.648929e-08 	 1.440653e+07 	
2.24874875e+06 	 6.124447e-08 	 1.440285e+07 	
2.24924925e+06 	 5.635150e-08 	 1.439921e+07 	
2.24974975e+06 	 5.178685e-08 	 1.439567e+07 	
2.25025025e+06 	 4.753655e-08 	 1.439221e+07 	
2.25075075e+06 	 4.358401e-08 	 1.438882e+07 	
2.25125125e+06 	 3.991307e-08 	 1.438550e+07 	
2.25175175e+06 	 3.650808e-08 	 1.438225e+07 	
2.25225225e+06 	 3.335386e-08 	 1.437907e+07 	
2.25275275e+06 	 3.043731e-08 	 1.437591e+07 	
2.25325325e+06 	 2.774119e-08 	 1.437285e+07 	
2.25375375e+06 	 2.525342e-08 	 1.436985e+07 	
2.25425425e+06 	 2.296094e-08 	 1.436691e+07 	
2.25475475e+06 	 2.085121e-08 	 1.436402e+07 	
2.25525526e+06 	 1.891224e-08 	 1.436120e+07 	
2.25575576e+06 	 1.713348e-08 	 1.435836e+07 	
2.25625626e+06 	 1.550227e-08 	 1.435563e+07 	
2.25675676e+06 	 1.400911e-08 	 1.435294e+07 	
2.25725726e+06 	 1.264416e-08 	 1.435030e+07 	
2.25775776e+06 	 1.139809e-08 	 1.434770e+07 	
2.25825826e+06 	 1.026149e-08 	 1.434524e+07 	
2.25875876e+06 	 9.227181e-09 	 1.434274e+07 	
2.25925926e+06 	 8.286785e-09 	 1.434028e+07 	
2.25975976e+06 	 7.432532e-09 	 1.433796e+07 	
2.26026026e+06 	 6.658263e-09 	 1.433561e+07 	
2.26076076e+06 	 5.957147e-09 	 1.433331e+07 	
2.26126126e+06 	 5.323454e-09 	 1.433091e+07 	
2.26176176e+06 	 4.750961e-09 	 1.432865e+07 	
2.26226226e+06 	 4.234935e-09 	 1.432624e+07 	
2.26276276e+06 	 3.770064e-09 	 1.432395e+07 	
2.26326326e+06 	 3.351688e-09 	 1.432201e+07 	
2.26376376e+06 	 2.976162e-09 	 1.431988e+07 	
2.26426426e+06 	 2.639356e-09 	 1.431779e+07 	
2.26476476e+06 	 2.337780e-09 	 1.431557e+07 	
2.26526527e+06 	 2.067993e-09 	 1.431348e+07 	
2.26576577e+06 	 1.826955e-09 	 1.431161e+07 	
2.26626627e+06 	 1.611968e-09 	 1.430978e+07 	
2.26676677e+06 	 1.420623e-09 	 1.430735e+07 	
2.26726727e+06 	 1.250319e-09 	 1.430534e+07 	
2.26776777e+06 	 1.099044e-09 	 1.430328e+07 	
2.26826827e+06 	 9.648584e-10 	 1.430110e+07 	
2.26876877e+06 	 8.459510e-10 	 1.429934e+07 	
2.26926927e+06 	 7.407900e-10 	 1.429705e+07 	
2.26976977e+06 	 6.478470e-10 	 1.429547e+07 	
2.27027027e+06 	 5.658714e-10 	 1.429335e+07 	
2.27077077e+06 	 4.936270e-10 	 1.429161e+07 	
2.27127127e+06 	 4.300775e-10 	 1.428941e+07 	
2.27177177e+06 	 3.742254e-10 	 1.428779e+07 	
2.27227227e+06 	 3.252225e-10 	 1.428579e+07 	
2.27277277e+06 	 2.822772e-10 	 1.428400e+07 	
2.27327327e+06 	 2.446959e-10 	 1.428208e+07 	
2.27377377e+06 	 2.118507e-10 	 1.428022e+07 	
2.27427427e+06 	 1.831843e-10 	 1.427830e+07 	
2.27477477e+06 	 1.581975e-10 	 1.427647e+07 	
2.27527528e+06 	 1.364480e-10 	 1.427457e+07 	
2.27577578e+06 	 1.175411e-10 	 1.427273e+07 	
2.27627628e+06 	 1.011275e-10 	 1.427083e+07 	
2.27677678e+06 	 8.689707e-11 	 1.426901e+07 	
2.27727728e+06 	 7.457599e-11 	 1.426715e+07 	
2.27777778e+06 	 6.392210e-11 	 1.426530e+07 	
2.27827828e+06 	 5.472202e-11 	 1.426344e+07 	
2.57948592e+06 	 1.000000e-20 	 1.327022e+07 	
2.92051576e+06 	 1.000000e-20 	 1.236481e+07 	
3.30663263e+06 	 1.000000e-20 	 1.153546e+07 	
3.74379741e+06 	 1.000000e-20 	 1.077285e+07 	
4.23875907e+06 	 1.000000e-20 	 1.006938e+07 	
4.79915884e+06 	 1.000000e-20 	 9.418746e+06 	
5.43364820e+06 	 1.000000e-20 	 8.815640e+06 	
6.15202242e+06 	 1.000000e-20 	 8.255546e+06 	
6.96537177e+06 	 1.000000e-20 	 7.734570e+06 	
7.88625279e+06 	 1.000000e-20 	 7.249324e+06 	
8.92888206e+06 	 1.000000e-20 	 6.796833e+06 	
1.01093557e+07 	 1.000000e-20 	 6.374464e+06 	
1.14458980e+07 	 1.000000e-20 	 5.979873e+06 	
1.29591425e+07 	 1.000000e-20 	 5.610959e+06 	
1.46724506e+07 	 1.000000e-20 	 5.265828e+06 	
1.66122726e+07 	 1.000000e-20 	 4.942764e+06 	
1.88085554e+07 	 1.000000e-20 	 4.640210e+06 	
2.12952054e+07 	 1.000000e-20 	 4.356742e+06 	
2.41106116e+07 	 1.000000e-20 	 4.091056e+06 	
2.72982382e+07 	 1.000000e-20 	 3.841957e+06 	
3.09072960e+07 	 1.000000e-20 	 3.608342e+06 	
3.49935017e+07 	 1.000000e-20 	 3.389194e+06 	
3.96199384e+07 	 1.000000e-20 	 3.183571e+06 	
4.48580291e+07 	 1.000000e-20 	 2.990602e+06 	
5.07886397e+07 	 1.000000e-20 	 2.809476e+06 	
5.75033271e+07 	 1.000000e-20 	 2.639443e+06 	
6.51057530e+07 	 1.000000e-20 	 2.479801e+06 	
7.37132837e+07 	 1.000000e-20 	 2.329898e+06 	
8.34588029e+07 	 1.000000e-20 	 2.189126e+06 	
9.44927620e+07 	 1.000000e-20 	 2.056917e+06 	
1.06985504e+08 	 1.000000e-20 	 1.932740e+06 	
1.21129891e+08 	 1.000000e-20 	 1.816099e+06 	
1.37144287e+08 	 1.000000e-20 	 1.706530e+06 	
1.55275921e+08 	 1.000000e-20 	 1.603598e+06 	
1.75804710e+08 	 1.000000e-20 	 1.506897e+06 	
1.99047578e+08 	 1.000000e-20 	 1.416046e+06 	
2.25363350e+08 	 1.000000e-20 	 1.330688e+06 	
2.55158290e+08 	 1.000000e-20 	 1.250488e+06 	
2.88892372e+08 	 1.000000e-20 	 1.175133e+06 	
3.27086386e+08 	 1.000000e-20 	 1.104327e+06 	
3.70329970e+08 	 1.000000e-20 	 1.037794e+06 	
4.19290722e+08 	 1.000000e-20 	 9.752765e+05 	
4.74724499e+08 	 1.000000e-20 	 9.165298e+05 	
5.37487090e+08 	 1.000000e-20 	 8.613259e+05 	
6.08547426e+08 	 1.000000e-20 	 8.094505e+05 	
6.89002540e+08 	 1.000000e-20 	 7.607022e+05 	
7.80094498e+08 	 1.000000e-20 	 7.148922e+05 	
8.83229584e+08 	 1.000000e-20 	 6.718429e+05 	
1.00000000e+09 	 1.000000e-20 	 6.313875e+05 	
