r (cm)        	 rho (g/cm3) 	 T (K)       		 Linf = 4.777224e+38
1.29996042e+06 	 1.483354e+05 	 1.365871e+09 	
1.30001470e+06 	 1.347083e+05 	 1.333306e+09 	
1.30009945e+06 	 1.155379e+05 	 1.283078e+09 	
1.30016876e+06 	 1.016135e+05 	 1.242568e+09 	
1.30023807e+06 	 8.913039e+04 	 1.202586e+09 	
1.30030738e+06 	 7.796802e+04 	 1.163150e+09 	
1.30037670e+06 	 6.801318e+04 	 1.124275e+09 	
1.30044601e+06 	 5.915956e+04 	 1.085979e+09 	
1.30051293e+06 	 5.156240e+04 	 1.049567e+09 	
1.30057986e+06 	 4.481527e+04 	 1.013726e+09 	
1.30064678e+06 	 3.883983e+04 	 9.784737e+08 	
1.30071371e+06 	 3.356310e+04 	 9.438258e+08 	
1.30076947e+06 	 2.965118e+04 	 9.154320e+08 	
1.30082523e+06 	 2.614043e+04 	 8.874795e+08 	
1.30088099e+06 	 2.299653e+04 	 8.599782e+08 	
1.30093675e+06 	 2.018737e+04 	 8.329380e+08 	
1.30099251e+06 	 1.768295e+04 	 8.063689e+08 	
1.30104838e+06 	 1.545096e+04 	 7.802270e+08 	
1.30110426e+06 	 1.347083e+04 	 7.545784e+08 	
1.30116014e+06 	 1.171835e+04 	 7.294330e+08 	
1.30120598e+06 	 1.043469e+04 	 7.091844e+08 	
1.30125183e+06 	 9.277680e+03 	 6.892867e+08 	
1.30129768e+06 	 8.236562e+03 	 6.697450e+08 	
1.30134352e+06 	 7.301317e+03 	 6.505645e+08 	
1.30138937e+06 	 6.462615e+03 	 6.317502e+08 	
1.30143521e+06 	 5.711785e+03 	 6.133070e+08 	
1.30148106e+06 	 5.040785e+03 	 5.952396e+08 	
1.30152845e+06 	 4.423209e+03 	 5.769642e+08 	
1.30157583e+06 	 3.875387e+03 	 5.590998e+08 	
1.30161485e+06 	 3.471747e+03 	 5.447025e+08 	
1.30165387e+06 	 3.107060e+03 	 5.305890e+08 	
1.30169289e+06 	 2.777981e+03 	 5.167616e+08 	
1.30173190e+06 	 2.481404e+03 	 5.032221e+08 	
1.30177092e+06 	 2.214451e+03 	 4.899723e+08 	
1.30180994e+06 	 1.974460e+03 	 4.770138e+08 	
1.30184895e+06 	 1.758971e+03 	 4.643478e+08 	
1.30188797e+06 	 1.565714e+03 	 4.519756e+08 	
1.30192699e+06 	 1.392600e+03 	 4.398980e+08 	
1.30196824e+06 	 1.229352e+03 	 4.274496e+08 	
1.30200228e+06 	 1.108517e+03 	 4.174270e+08 	
1.30203632e+06 	 9.990650e+02 	 4.076295e+08 	
1.30207036e+06 	 9.000052e+02 	 3.980570e+08 	
1.30210439e+06 	 8.104228e+02 	 3.887092e+08 	
1.30213843e+06 	 7.294743e+02 	 3.795857e+08 	
1.30217247e+06 	 6.563823e+02 	 3.706859e+08 	
1.30220651e+06 	 5.904321e+02 	 3.620090e+08 	
1.30224055e+06 	 5.309671e+02 	 3.535541e+08 	
1.30227458e+06 	 4.773851e+02 	 3.453199e+08 	
1.30230862e+06 	 4.291344e+02 	 3.373052e+08 	
1.30234266e+06 	 3.857102e+02 	 3.295084e+08 	
1.30237670e+06 	 3.466514e+02 	 3.219280e+08 	
1.30241074e+06 	 3.115373e+02 	 3.145619e+08 	
1.30244477e+06 	 2.799845e+02 	 3.074081e+08 	
1.30247881e+06 	 2.516440e+02 	 3.004644e+08 	
1.30251249e+06 	 2.264545e+02 	 2.937987e+08 	
1.30254617e+06 	 2.038201e+02 	 2.873338e+08 	
1.30257984e+06 	 1.834874e+02 	 2.810671e+08 	
1.30261352e+06 	 1.652269e+02 	 2.749956e+08 	
1.30264720e+06 	 1.488307e+02 	 2.691164e+08 	
1.30268087e+06 	 1.341106e+02 	 2.634264e+08 	
1.30271455e+06 	 1.208965e+02 	 2.579224e+08 	
1.30274823e+06 	 1.090352e+02 	 2.526009e+08 	
1.30278191e+06 	 9.838800e+01 	 2.474585e+08 	
1.30281558e+06 	 8.883027e+01 	 2.424915e+08 	
1.30284926e+06 	 8.024968e+01 	 2.376963e+08 	
1.30288294e+06 	 7.254520e+01 	 2.330691e+08 	
1.30291661e+06 	 6.562602e+01 	 2.286059e+08 	
1.30295029e+06 	 5.941058e+01 	 2.243028e+08 	
1.30298397e+06 	 5.382565e+01 	 2.201558e+08 	
1.30301764e+06 	 4.880557e+01 	 2.161609e+08 	
1.30305132e+06 	 4.429146e+01 	 2.123139e+08 	
1.30308500e+06 	 4.023057e+01 	 2.086107e+08 	
1.30311868e+06 	 3.657564e+01 	 2.050471e+08 	
1.30315235e+06 	 3.328439e+01 	 2.016191e+08 	
1.30319411e+06 	 2.965240e+01 	 1.975509e+08 	
1.30323586e+06 	 2.645779e+01 	 1.936767e+08 	
1.30327761e+06 	 2.364508e+01 	 1.899888e+08 	
1.30331937e+06 	 2.116596e+01 	 1.864793e+08 	
1.30336112e+06 	 1.897838e+01 	 1.831407e+08 	
1.30340287e+06 	 1.704576e+01 	 1.799654e+08 	
1.30344463e+06 	 1.533626e+01 	 1.769462e+08 	
1.30348638e+06 	 1.382215e+01 	 1.740759e+08 	
1.30352813e+06 	 1.247930e+01 	 1.713474e+08 	
1.30356989e+06 	 1.128670e+01 	 1.687540e+08 	
1.30361164e+06 	 1.022604e+01 	 1.662891e+08 	
1.30365339e+06 	 9.281353e+00 	 1.639464e+08 	
1.30369515e+06 	 8.438721e+00 	 1.617196e+08 	
1.30373690e+06 	 7.685995e+00 	 1.596030e+08 	
1.30377865e+06 	 7.012565e+00 	 1.575909e+08 	
1.30382041e+06 	 6.409158e+00 	 1.556777e+08 	
1.30386216e+06 	 5.867663e+00 	 1.538584e+08 	
1.30390391e+06 	 5.380977e+00 	 1.521280e+08 	
1.30394567e+06 	 4.942876e+00 	 1.504816e+08 	
1.30399912e+06 	 4.444299e+00 	 1.484896e+08 	
1.30405257e+06 	 4.006564e+00 	 1.466192e+08 	
1.30410602e+06 	 3.621279e+00 	 1.448620e+08 	
1.30415947e+06 	 3.281311e+00 	 1.432101e+08 	
1.30421293e+06 	 2.980589e+00 	 1.416564e+08 	
1.30426638e+06 	 2.713931e+00 	 1.401941e+08 	
1.30431983e+06 	 2.476910e+00 	 1.388167e+08 	
1.30437328e+06 	 2.265731e+00 	 1.375185e+08 	
1.30442674e+06 	 2.077138e+00 	 1.362940e+08 	
1.30449384e+06 	 1.868087e+00 	 1.348534e+08 	
1.30456094e+06 	 1.685550e+00 	 1.335119e+08 	
1.30462805e+06 	 1.525616e+00 	 1.322611e+08 	
1.30469515e+06 	 1.385017e+00 	 1.310934e+08 	
1.30476226e+06 	 1.261014e+00 	 1.300019e+08 	
1.30482936e+06 	 1.151304e+00 	 1.289805e+08 	
1.30489646e+06 	 1.053943e+00 	 1.280233e+08 	
1.30496357e+06 	 9.672851e-01 	 1.271253e+08 	
1.30505165e+06 	 8.674646e-01 	 1.260284e+08 	
1.30513974e+06 	 7.810677e-01 	 1.250159e+08 	
1.30522783e+06 	 7.059496e-01 	 1.240793e+08 	
1.30531591e+06 	 6.403544e-01 	 1.232111e+08 	
1.30540400e+06 	 5.828373e-01 	 1.224049e+08 	
1.30549208e+06 	 5.322039e-01 	 1.216546e+08 	
1.30560568e+06 	 4.754804e-01 	 1.207615e+08 	
1.30571928e+06 	 4.268336e-01 	 1.199431e+08 	
1.30583288e+06 	 3.848781e-01 	 1.191910e+08 	
1.30594648e+06 	 3.485013e-01 	 1.184981e+08 	
1.30606008e+06 	 3.168032e-01 	 1.178578e+08 	
1.30619881e+06 	 2.833836e-01 	 1.171394e+08 	
1.30633753e+06 	 2.547849e-01 	 1.164827e+08 	
1.30647626e+06 	 2.301599e-01 	 1.158803e+08 	
1.30661499e+06 	 2.088335e-01 	 1.153260e+08 	
1.30675371e+06 	 1.902638e-01 	 1.148144e+08 	
1.30695845e+06 	 1.669873e-01 	 1.141274e+08 	
1.30716318e+06 	 1.476746e-01 	 1.135105e+08 	
1.30736791e+06 	 1.315004e-01 	 1.129536e+08 	
1.30757264e+06 	 1.178381e-01 	 1.124482e+08 	
1.30781946e+06 	 1.040321e-01 	 1.118976e+08 	
1.30806627e+06 	 9.254257e-02 	 1.114017e+08 	
1.30831308e+06 	 8.288977e-02 	 1.109526e+08 	
1.30855989e+06 	 7.470983e-02 	 1.105435e+08 	
1.30892628e+06 	 6.470067e-02 	 1.099986e+08 	
1.30929266e+06 	 5.665741e-02 	 1.095160e+08 	
1.30965905e+06 	 5.010371e-02 	 1.090847e+08 	
1.31017797e+06 	 4.272310e-02 	 1.085452e+08 	
1.31069688e+06 	 3.698236e-02 	 1.080732e+08 	
1.31121580e+06 	 3.243264e-02 	 1.076550e+08 	
1.31181240e+06 	 2.828088e-02 	 1.072276e+08 	
1.31240901e+06 	 2.498218e-02 	 1.068463e+08 	
1.31300561e+06 	 2.231833e-02 	 1.065025e+08 	
1.31392561e+06 	 1.911486e-02 	 1.060305e+08 	
1.31484561e+06 	 1.669250e-02 	 1.056142e+08 	
1.31593813e+06 	 1.451157e-02 	 1.051748e+08 	
1.31703064e+06 	 1.285531e-02 	 1.047814e+08 	
1.31812316e+06 	 1.156749e-02 	 1.044238e+08 	
1.31980396e+06 	 1.008131e-02 	 1.039267e+08 	
1.32083064e+06 	 9.383338e-03 	 1.036478e+08 	
1.32297643e+06 	 8.271528e-03 	 1.031104e+08 	
1.32475015e+06 	 7.599503e-03 	 1.027017e+08 	
1.32767689e+06 	 6.801318e-03 	 1.020776e+08 	
1.32937863e+06 	 6.457927e-03 	 1.017363e+08 	
1.33314086e+06 	 5.898569e-03 	 1.010217e+08 	
1.33615405e+06 	 5.581681e-03 	 1.004787e+08 	
1.34125873e+06 	 5.201117e-03 	 9.959901e+07 	
1.34527909e+06 	 4.985465e-03 	 9.893159e+07 	
1.35205461e+06 	 4.714150e-03 	 9.784172e+07 	
1.35883013e+06 	 4.506367e-03 	 9.678392e+07 	
1.37028694e+06 	 4.223134e-03 	 9.504941e+07 	
1.37579725e+06 	 4.103245e-03 	 9.423549e+07 	
1.38130756e+06 	 3.989956e-03 	 9.343349e+07 	
1.38447504e+06 	 3.927239e-03 	 9.297765e+07 	
1.38500000e+06 	 3.917078e-03 	 9.290249e+07 	
1.39500000e+06 	 3.729018e-03 	 9.148892e+07 	
1.41000000e+06 	 3.468914e-03 	 8.943297e+07 	
1.42000000e+06 	 3.307949e-03 	 8.810318e+07 	
1.43000000e+06 	 3.155952e-03 	 8.680468e+07 	
1.44500000e+06 	 2.943113e-03 	 8.491314e+07 	
1.45500000e+06 	 2.810698e-03 	 8.368816e+07 	
1.47000000e+06 	 2.625026e-03 	 8.190236e+07 	
1.48000000e+06 	 2.509330e-03 	 8.074497e+07 	
1.49000000e+06 	 2.399565e-03 	 7.961308e+07 	
1.50500000e+06 	 2.245484e-03 	 7.796137e+07 	
1.51500000e+06 	 2.149270e-03 	 7.688983e+07 	
1.53000000e+06 	 2.013813e-03 	 7.532502e+07 	
1.54000000e+06 	 1.929098e-03 	 7.430917e+07 	
1.55500000e+06 	 1.809799e-03 	 7.282480e+07 	
1.56500000e+06 	 1.735095e-03 	 7.186056e+07 	
1.58000000e+06 	 1.629591e-03 	 7.045064e+07 	
1.59000000e+06 	 1.563448e-03 	 6.953422e+07 	
1.60500000e+06 	 1.470051e-03 	 6.819351e+07 	
1.61500000e+06 	 1.411409e-03 	 6.732157e+07 	
1.63000000e+06 	 1.328494e-03 	 6.604520e+07 	
1.64500000e+06 	 1.251214e-03 	 6.480531e+07 	
1.65500000e+06 	 1.202578e-03 	 6.399821e+07 	
1.67000000e+06 	 1.133752e-03 	 6.281584e+07 	
1.68000000e+06 	 1.090398e-03 	 6.204579e+07 	
1.69500000e+06 	 1.028915e-03 	 6.091708e+07 	
1.70500000e+06 	 9.901571e-04 	 6.018163e+07 	
1.72000000e+06 	 9.351467e-04 	 5.910314e+07 	
1.73000000e+06 	 9.004366e-04 	 5.840009e+07 	
1.74500000e+06 	 8.510993e-04 	 5.736860e+07 	
1.76000000e+06 	 8.048948e-04 	 5.636395e+07 	
1.77000000e+06 	 7.756752e-04 	 5.570856e+07 	
1.78500000e+06 	 7.341164e-04 	 5.474637e+07 	
1.80000000e+06 	 6.951241e-04 	 5.380846e+07 	
1.81500000e+06 	 6.584790e-04 	 5.289390e+07 	
1.82500000e+06 	 6.352543e-04 	 5.229673e+07 	
1.84000000e+06 	 6.022071e-04 	 5.141930e+07 	
1.85500000e+06 	 5.710853e-04 	 5.056307e+07 	
1.87000000e+06 	 5.418059e-04 	 4.972736e+07 	
1.88500000e+06 	 5.142126e-04 	 4.891142e+07 	
1.89500000e+06 	 4.967270e-04 	 4.837816e+07 	
1.91000000e+06 	 4.717300e-04 	 4.759374e+07 	
1.92500000e+06 	 4.481415e-04 	 4.682737e+07 	
1.94000000e+06 	 4.258997e-04 	 4.607850e+07 	
1.95000000e+06 	 4.117758e-04 	 4.558869e+07 	
1.96500000e+06 	 3.915412e-04 	 4.486766e+07 	
1.98000000e+06 	 3.724333e-04 	 4.416265e+07 	
1.99500000e+06 	 3.543761e-04 	 4.347314e+07 	
2.01000000e+06 	 3.373091e-04 	 4.279867e+07 	
2.02500000e+06 	 3.211509e-04 	 4.213873e+07 	
2.04000000e+06 	 3.058607e-04 	 4.149288e+07 	
2.05500000e+06 	 2.913877e-04 	 4.086072e+07 	
2.07000000e+06 	 2.776758e-04 	 4.024181e+07 	
2.08500000e+06 	 2.646783e-04 	 3.963575e+07 	
2.10000000e+06 	 2.523583e-04 	 3.904217e+07 	
2.11500000e+06 	 2.406757e-04 	 3.846071e+07 	
2.13000000e+06 	 2.295948e-04 	 3.789101e+07 	
2.14500000e+06 	 2.190774e-04 	 3.733273e+07 	
2.16000000e+06 	 2.090920e-04 	 3.678555e+07 	
2.17500000e+06 	 1.996084e-04 	 3.624915e+07 	
2.19000000e+06 	 1.905986e-04 	 3.572323e+07 	
2.20500000e+06 	 1.820363e-04 	 3.520749e+07 	
2.22000000e+06 	 1.738956e-04 	 3.470167e+07 	
2.23500000e+06 	 1.661554e-04 	 3.420548e+07 	
2.25000000e+06 	 1.587921e-04 	 3.371867e+07 	
2.26500000e+06 	 1.517845e-04 	 3.324098e+07 	
2.28000000e+06 	 1.451154e-04 	 3.277218e+07 	
2.29500000e+06 	 1.387645e-04 	 3.231203e+07 	
2.31000000e+06 	 1.327167e-04 	 3.186030e+07 	
2.32500000e+06 	 1.269546e-04 	 3.141677e+07 	
2.34000000e+06 	 1.214635e-04 	 3.098123e+07 	
2.35500000e+06 	 1.162285e-04 	 3.055348e+07 	
2.37000000e+06 	 1.112374e-04 	 3.013332e+07 	
2.38500000e+06 	 1.064773e-04 	 2.972056e+07 	
2.40000000e+06 	 1.019356e-04 	 2.931501e+07 	
2.41500000e+06 	 9.760173e-05 	 2.891651e+07 	
2.43000000e+06 	 9.346508e-05 	 2.852486e+07 	
2.44500000e+06 	 8.951569e-05 	 2.813992e+07 	
2.46000000e+06 	 8.574390e-05 	 2.776151e+07 	
2.47500000e+06 	 8.214091e-05 	 2.738948e+07 	
2.49000000e+06 	 7.869803e-05 	 2.702368e+07 	
2.50500000e+06 	 7.540778e-05 	 2.666396e+07 	
2.52000000e+06 	 7.226254e-05 	 2.631018e+07 	
2.53500000e+06 	 6.925502e-05 	 2.596219e+07 	
2.55000000e+06 	 6.637870e-05 	 2.561987e+07 	
2.56500000e+06 	 6.362701e-05 	 2.528309e+07 	
2.58000000e+06 	 6.099414e-05 	 2.495172e+07 	
2.59500000e+06 	 5.847424e-05 	 2.462564e+07 	
2.61000000e+06 	 5.606198e-05 	 2.430472e+07 	
2.62500000e+06 	 5.375201e-05 	 2.398886e+07 	
2.64000000e+06 	 5.153976e-05 	 2.367795e+07 	
2.65500000e+06 	 4.942057e-05 	 2.337186e+07 	
2.67000000e+06 	 4.739002e-05 	 2.307051e+07 	
2.68500000e+06 	 4.544378e-05 	 2.277378e+07 	
2.70000000e+06 	 4.357812e-05 	 2.248158e+07 	
2.71500000e+06 	 4.178931e-05 	 2.219382e+07 	
2.73000000e+06 	 4.007380e-05 	 2.191039e+07 	
2.74500000e+06 	 3.842803e-05 	 2.163120e+07 	
2.76000000e+06 	 3.684891e-05 	 2.135617e+07 	
2.77500000e+06 	 3.533347e-05 	 2.108522e+07 	
2.79000000e+06 	 3.387857e-05 	 2.081825e+07 	
2.80500000e+06 	 3.248160e-05 	 2.055518e+07 	
2.82000000e+06 	 3.113996e-05 	 2.029594e+07 	
2.83500000e+06 	 2.985114e-05 	 2.004046e+07 	
2.85000000e+06 	 2.861260e-05 	 1.978864e+07 	
2.86500000e+06 	 2.742221e-05 	 1.954043e+07 	
2.88000000e+06 	 2.627777e-05 	 1.929575e+07 	
2.89500000e+06 	 2.517716e-05 	 1.905453e+07 	
2.91000000e+06 	 2.411844e-05 	 1.881671e+07 	
2.92500000e+06 	 2.309973e-05 	 1.858221e+07 	
2.94000000e+06 	 2.211924e-05 	 1.835098e+07 	
2.95500000e+06 	 2.117529e-05 	 1.812295e+07 	
2.97000000e+06 	 2.026612e-05 	 1.789807e+07 	
3.00000000e+06 	 1.854621e-05 	 1.745750e+07 	
3.00050050e+06 	 1.851857e-05 	 1.745025e+07 	
3.00100100e+06 	 1.849097e-05 	 1.744301e+07 	
3.00150150e+06 	 1.846341e-05 	 1.743577e+07 	
3.00200200e+06 	 1.843588e-05 	 1.742853e+07 	
3.00250250e+06 	 1.840838e-05 	 1.742130e+07 	
3.00300300e+06 	 1.838091e-05 	 1.741406e+07 	
3.00350350e+06 	 1.835348e-05 	 1.740684e+07 	
3.00400400e+06 	 1.832608e-05 	 1.739961e+07 	
3.00450450e+06 	 1.829872e-05 	 1.739239e+07 	
3.00500501e+06 	 1.827139e-05 	 1.738517e+07 	
3.00550551e+06 	 1.824409e-05 	 1.737796e+07 	
3.00600601e+06 	 1.821683e-05 	 1.737074e+07 	
3.00650651e+06 	 1.818960e-05 	 1.736354e+07 	
3.00700701e+06 	 1.816240e-05 	 1.735633e+07 	
3.00750751e+06 	 1.813523e-05 	 1.734913e+07 	
3.00800801e+06 	 1.810810e-05 	 1.734193e+07 	
3.00850851e+06 	 1.808100e-05 	 1.733473e+07 	
3.00900901e+06 	 1.805393e-05 	 1.732754e+07 	
3.00950951e+06 	 1.802690e-05 	 1.732035e+07 	
3.01001001e+06 	 1.799990e-05 	 1.731317e+07 	
3.01051051e+06 	 1.797293e-05 	 1.730599e+07 	
3.01101101e+06 	 1.794600e-05 	 1.729881e+07 	
3.01151151e+06 	 1.791909e-05 	 1.729163e+07 	
3.01201201e+06 	 1.789222e-05 	 1.728446e+07 	
3.01251251e+06 	 1.786538e-05 	 1.727729e+07 	
3.01301301e+06 	 1.783858e-05 	 1.727012e+07 	
3.01351351e+06 	 1.781181e-05 	 1.726296e+07 	
3.01401401e+06 	 1.778507e-05 	 1.725580e+07 	
3.01451451e+06 	 1.775836e-05 	 1.724864e+07 	
3.01501502e+06 	 1.773168e-05 	 1.724149e+07 	
3.01551552e+06 	 1.770504e-05 	 1.723434e+07 	
3.01601602e+06 	 1.767843e-05 	 1.722720e+07 	
3.01651652e+06 	 1.765185e-05 	 1.722005e+07 	
3.01701702e+06 	 1.762530e-05 	 1.721291e+07 	
3.01751752e+06 	 1.759878e-05 	 1.720578e+07 	
3.01801802e+06 	 1.757230e-05 	 1.719864e+07 	
3.01851852e+06 	 1.754585e-05 	 1.719151e+07 	
3.01901902e+06 	 1.751943e-05 	 1.718438e+07 	
3.01951952e+06 	 1.749304e-05 	 1.717726e+07 	
3.02002002e+06 	 1.746669e-05 	 1.717014e+07 	
3.02052052e+06 	 1.744036e-05 	 1.716302e+07 	
3.02102102e+06 	 1.741407e-05 	 1.715591e+07 	
3.02152152e+06 	 1.738781e-05 	 1.714880e+07 	
3.02202202e+06 	 1.736158e-05 	 1.714169e+07 	
3.02252252e+06 	 1.733539e-05 	 1.713459e+07 	
3.02302302e+06 	 1.730922e-05 	 1.712749e+07 	
3.02352352e+06 	 1.728308e-05 	 1.712039e+07 	
3.02402402e+06 	 1.725698e-05 	 1.711329e+07 	
3.02452452e+06 	 1.723091e-05 	 1.710620e+07 	
3.02502503e+06 	 1.720487e-05 	 1.709911e+07 	
3.02552553e+06 	 1.717886e-05 	 1.709203e+07 	
3.02602603e+06 	 1.715288e-05 	 1.708495e+07 	
3.02652653e+06 	 1.712694e-05 	 1.707787e+07 	
3.02702703e+06 	 1.710102e-05 	 1.707079e+07 	
3.02752753e+06 	 1.707514e-05 	 1.706372e+07 	
3.02802803e+06 	 1.704928e-05 	 1.705665e+07 	
3.02852853e+06 	 1.702346e-05 	 1.704958e+07 	
3.02902903e+06 	 1.699767e-05 	 1.704252e+07 	
3.02952953e+06 	 1.697191e-05 	 1.703546e+07 	
3.03003003e+06 	 1.694618e-05 	 1.702841e+07 	
3.03053053e+06 	 1.692048e-05 	 1.702135e+07 	
3.03103103e+06 	 1.689481e-05 	 1.701430e+07 	
3.03153153e+06 	 1.686917e-05 	 1.700726e+07 	
3.03203203e+06 	 1.684357e-05 	 1.700021e+07 	
3.03253253e+06 	 1.681799e-05 	 1.699317e+07 	
3.03303303e+06 	 1.679244e-05 	 1.698614e+07 	
3.03353353e+06 	 1.676693e-05 	 1.697910e+07 	
3.03403403e+06 	 1.674144e-05 	 1.697207e+07 	
3.03453453e+06 	 1.671599e-05 	 1.696504e+07 	
3.03503504e+06 	 1.669057e-05 	 1.695802e+07 	
3.03553554e+06 	 1.666517e-05 	 1.695100e+07 	
3.03603604e+06 	 1.663981e-05 	 1.694398e+07 	
3.03653654e+06 	 1.661447e-05 	 1.693696e+07 	
3.03703704e+06 	 1.658917e-05 	 1.692995e+07 	
3.03753754e+06 	 1.656390e-05 	 1.692294e+07 	
3.03803804e+06 	 1.653865e-05 	 1.691594e+07 	
3.03853854e+06 	 1.651344e-05 	 1.690894e+07 	
3.03903904e+06 	 1.648826e-05 	 1.690194e+07 	
3.03953954e+06 	 1.646310e-05 	 1.689494e+07 	
3.04004004e+06 	 1.643798e-05 	 1.688795e+07 	
3.04054054e+06 	 1.641289e-05 	 1.688096e+07 	
3.04104104e+06 	 1.638782e-05 	 1.687397e+07 	
3.04154154e+06 	 1.636279e-05 	 1.686699e+07 	
3.04204204e+06 	 1.633779e-05 	 1.686001e+07 	
3.04254254e+06 	 1.631281e-05 	 1.685303e+07 	
3.04304304e+06 	 1.628787e-05 	 1.684606e+07 	
3.04354354e+06 	 1.626295e-05 	 1.683909e+07 	
3.04404404e+06 	 1.623807e-05 	 1.683212e+07 	
3.04454454e+06 	 1.621321e-05 	 1.682516e+07 	
3.04504505e+06 	 1.618838e-05 	 1.681819e+07 	
3.04554555e+06 	 1.616358e-05 	 1.681124e+07 	
3.04604605e+06 	 1.613882e-05 	 1.680428e+07 	
3.04654655e+06 	 1.611408e-05 	 1.679733e+07 	
3.04704705e+06 	 1.608937e-05 	 1.679038e+07 	
3.04754755e+06 	 1.606468e-05 	 1.678344e+07 	
3.04804805e+06 	 1.604003e-05 	 1.677649e+07 	
3.04854855e+06 	 1.601541e-05 	 1.676955e+07 	
3.04904905e+06 	 1.599082e-05 	 1.676262e+07 	
3.04954955e+06 	 1.596625e-05 	 1.675568e+07 	
3.05005005e+06 	 1.594172e-05 	 1.674875e+07 	
3.05055055e+06 	 1.591721e-05 	 1.674183e+07 	
3.05105105e+06 	 1.589273e-05 	 1.673490e+07 	
3.05155155e+06 	 1.586828e-05 	 1.672798e+07 	
3.05205205e+06 	 1.584386e-05 	 1.672106e+07 	
3.05255255e+06 	 1.581947e-05 	 1.671415e+07 	
3.05305305e+06 	 1.579510e-05 	 1.670724e+07 	
3.05355355e+06 	 1.577077e-05 	 1.670033e+07 	
3.05405405e+06 	 1.574646e-05 	 1.669343e+07 	
3.05455455e+06 	 1.572219e-05 	 1.668652e+07 	
3.05505506e+06 	 1.569794e-05 	 1.667962e+07 	
3.05555556e+06 	 1.567372e-05 	 1.667273e+07 	
3.05605606e+06 	 1.564952e-05 	 1.666584e+07 	
3.05655656e+06 	 1.562536e-05 	 1.665895e+07 	
3.05705706e+06 	 1.560122e-05 	 1.665206e+07 	
3.05755756e+06 	 1.557712e-05 	 1.664518e+07 	
3.05805806e+06 	 1.555304e-05 	 1.663830e+07 	
3.05855856e+06 	 1.552899e-05 	 1.663142e+07 	
3.05905906e+06 	 1.550497e-05 	 1.662454e+07 	
3.05955956e+06 	 1.548097e-05 	 1.661767e+07 	
3.06006006e+06 	 1.545700e-05 	 1.661081e+07 	
3.06056056e+06 	 1.543307e-05 	 1.660394e+07 	
3.06106106e+06 	 1.540916e-05 	 1.659708e+07 	
3.06156156e+06 	 1.538527e-05 	 1.659022e+07 	
3.06206206e+06 	 1.536142e-05 	 1.658336e+07 	
3.06256256e+06 	 1.533759e-05 	 1.657651e+07 	
3.06306306e+06 	 1.531379e-05 	 1.656966e+07 	
3.06356356e+06 	 1.529002e-05 	 1.656282e+07 	
3.06406406e+06 	 1.526628e-05 	 1.655597e+07 	
3.06456456e+06 	 1.524256e-05 	 1.654913e+07 	
3.06506507e+06 	 1.521887e-05 	 1.654229e+07 	
3.06556557e+06 	 1.519521e-05 	 1.653546e+07 	
3.06606607e+06 	 1.517158e-05 	 1.652863e+07 	
3.06656657e+06 	 1.514797e-05 	 1.652180e+07 	
3.06706707e+06 	 1.512440e-05 	 1.651498e+07 	
3.06756757e+06 	 1.510085e-05 	 1.650815e+07 	
3.06806807e+06 	 1.507732e-05 	 1.650134e+07 	
3.06856857e+06 	 1.505383e-05 	 1.649452e+07 	
3.06906907e+06 	 1.503036e-05 	 1.648771e+07 	
3.06956957e+06 	 1.500692e-05 	 1.648090e+07 	
3.07007007e+06 	 1.498350e-05 	 1.647409e+07 	
3.07057057e+06 	 1.496011e-05 	 1.646729e+07 	
3.07107107e+06 	 1.493675e-05 	 1.646049e+07 	
3.07157157e+06 	 1.491342e-05 	 1.645369e+07 	
3.07207207e+06 	 1.489011e-05 	 1.644689e+07 	
3.07257257e+06 	 1.486684e-05 	 1.644010e+07 	
3.07307307e+06 	 1.484358e-05 	 1.643331e+07 	
3.07357357e+06 	 1.482036e-05 	 1.642653e+07 	
3.07407407e+06 	 1.479716e-05 	 1.641975e+07 	
3.07457457e+06 	 1.477399e-05 	 1.641297e+07 	
3.07507508e+06 	 1.475084e-05 	 1.640619e+07 	
3.07557558e+06 	 1.472773e-05 	 1.639942e+07 	
3.07607608e+06 	 1.470463e-05 	 1.639265e+07 	
3.07657658e+06 	 1.468157e-05 	 1.638588e+07 	
3.07707708e+06 	 1.465853e-05 	 1.637912e+07 	
3.07757758e+06 	 1.463552e-05 	 1.637236e+07 	
3.07807808e+06 	 1.461253e-05 	 1.636560e+07 	
3.07857858e+06 	 1.458958e-05 	 1.635884e+07 	
3.07907908e+06 	 1.456664e-05 	 1.635209e+07 	
3.07957958e+06 	 1.454374e-05 	 1.634534e+07 	
3.08008008e+06 	 1.452086e-05 	 1.633859e+07 	
3.08058058e+06 	 1.449800e-05 	 1.633185e+07 	
3.08108108e+06 	 1.447518e-05 	 1.632511e+07 	
3.08158158e+06 	 1.445238e-05 	 1.631837e+07 	
3.08208208e+06 	 1.442960e-05 	 1.631164e+07 	
3.08258258e+06 	 1.440685e-05 	 1.630491e+07 	
3.08308308e+06 	 1.438413e-05 	 1.629818e+07 	
3.08358358e+06 	 1.436143e-05 	 1.629146e+07 	
3.08408408e+06 	 1.433876e-05 	 1.628473e+07 	
3.08458458e+06 	 1.431612e-05 	 1.627802e+07 	
3.08508509e+06 	 1.429350e-05 	 1.627130e+07 	
3.08558559e+06 	 1.427091e-05 	 1.626459e+07 	
3.08608609e+06 	 1.424834e-05 	 1.625788e+07 	
3.08658659e+06 	 1.422580e-05 	 1.625117e+07 	
3.08708709e+06 	 1.420328e-05 	 1.624447e+07 	
3.08758759e+06 	 1.418079e-05 	 1.623776e+07 	
3.08808809e+06 	 1.415833e-05 	 1.623107e+07 	
3.08858859e+06 	 1.413589e-05 	 1.622437e+07 	
3.08908909e+06 	 1.411348e-05 	 1.621768e+07 	
3.08958959e+06 	 1.409109e-05 	 1.621099e+07 	
3.09009009e+06 	 1.406873e-05 	 1.620430e+07 	
3.09059059e+06 	 1.404639e-05 	 1.619762e+07 	
3.09109109e+06 	 1.402408e-05 	 1.619094e+07 	
3.09159159e+06 	 1.400179e-05 	 1.618426e+07 	
3.09209209e+06 	 1.397953e-05 	 1.617759e+07 	
3.09259259e+06 	 1.395730e-05 	 1.617092e+07 	
3.09309309e+06 	 1.393509e-05 	 1.616425e+07 	
3.09359359e+06 	 1.391290e-05 	 1.615758e+07 	
3.09409409e+06 	 1.389074e-05 	 1.615092e+07 	
3.09459459e+06 	 1.386861e-05 	 1.614426e+07 	
3.09509510e+06 	 1.384650e-05 	 1.613761e+07 	
3.09559560e+06 	 1.382441e-05 	 1.613095e+07 	
3.09609610e+06 	 1.380235e-05 	 1.612430e+07 	
3.09659660e+06 	 1.378032e-05 	 1.611766e+07 	
3.09709710e+06 	 1.375831e-05 	 1.611101e+07 	
3.09759760e+06 	 1.373632e-05 	 1.610437e+07 	
3.09809810e+06 	 1.371436e-05 	 1.609773e+07 	
3.09859860e+06 	 1.369243e-05 	 1.609109e+07 	
3.09909910e+06 	 1.367052e-05 	 1.608446e+07 	
3.09959960e+06 	 1.364863e-05 	 1.607783e+07 	
3.10010010e+06 	 1.362677e-05 	 1.607121e+07 	
3.10060060e+06 	 1.360493e-05 	 1.606458e+07 	
3.10110110e+06 	 1.358312e-05 	 1.605796e+07 	
3.10160160e+06 	 1.356133e-05 	 1.605134e+07 	
3.10210210e+06 	 1.353957e-05 	 1.604473e+07 	
3.10260260e+06 	 1.351783e-05 	 1.603812e+07 	
3.10310310e+06 	 1.349612e-05 	 1.603151e+07 	
3.10360360e+06 	 1.347443e-05 	 1.602490e+07 	
3.10410410e+06 	 1.345276e-05 	 1.601830e+07 	
3.10460460e+06 	 1.343112e-05 	 1.601170e+07 	
3.10510511e+06 	 1.340950e-05 	 1.600510e+07 	
3.10560561e+06 	 1.338791e-05 	 1.599850e+07 	
3.10610611e+06 	 1.336634e-05 	 1.599191e+07 	
3.10660661e+06 	 1.334480e-05 	 1.598532e+07 	
3.10710711e+06 	 1.332328e-05 	 1.597874e+07 	
3.10760761e+06 	 1.330178e-05 	 1.597216e+07 	
3.10810811e+06 	 1.328031e-05 	 1.596558e+07 	
3.10860861e+06 	 1.325886e-05 	 1.595900e+07 	
3.10910911e+06 	 1.323744e-05 	 1.595242e+07 	
3.10960961e+06 	 1.321604e-05 	 1.594585e+07 	
3.11011011e+06 	 1.319466e-05 	 1.593929e+07 	
3.11061061e+06 	 1.317331e-05 	 1.593272e+07 	
3.11111111e+06 	 1.315198e-05 	 1.592616e+07 	
3.11161161e+06 	 1.313068e-05 	 1.591960e+07 	
3.11211211e+06 	 1.310940e-05 	 1.591304e+07 	
3.11261261e+06 	 1.308814e-05 	 1.590649e+07 	
3.11311311e+06 	 1.306690e-05 	 1.589994e+07 	
3.11361361e+06 	 1.304569e-05 	 1.589339e+07 	
3.11411411e+06 	 1.302451e-05 	 1.588684e+07 	
3.11461461e+06 	 1.300334e-05 	 1.588030e+07 	
3.11511512e+06 	 1.298221e-05 	 1.587376e+07 	
3.11561562e+06 	 1.296109e-05 	 1.586723e+07 	
3.11611612e+06 	 1.294000e-05 	 1.586069e+07 	
3.11661662e+06 	 1.291893e-05 	 1.585416e+07 	
3.11711712e+06 	 1.289788e-05 	 1.584764e+07 	
3.11761762e+06 	 1.287686e-05 	 1.584111e+07 	
3.11811812e+06 	 1.285586e-05 	 1.583459e+07 	
3.11861862e+06 	 1.283553e-05 	 1.582805e+07 	
3.11911912e+06 	 1.281459e-05 	 1.582154e+07 	
3.11961962e+06 	 1.279367e-05 	 1.581502e+07 	
3.12012012e+06 	 1.277277e-05 	 1.580851e+07 	
3.12062062e+06 	 1.275190e-05 	 1.580200e+07 	
3.12112112e+06 	 1.273105e-05 	 1.579550e+07 	
3.12162162e+06 	 1.271023e-05 	 1.578900e+07 	
3.12212212e+06 	 1.268943e-05 	 1.578250e+07 	
3.12262262e+06 	 1.266865e-05 	 1.577600e+07 	
3.12312312e+06 	 1.264789e-05 	 1.576951e+07 	
3.12362362e+06 	 1.262716e-05 	 1.576302e+07 	
3.12412412e+06 	 1.260645e-05 	 1.575653e+07 	
3.12462462e+06 	 1.258576e-05 	 1.575005e+07 	
3.12512513e+06 	 1.256509e-05 	 1.574357e+07 	
3.12562563e+06 	 1.254445e-05 	 1.573709e+07 	
3.12612613e+06 	 1.252383e-05 	 1.573061e+07 	
3.12662663e+06 	 1.250324e-05 	 1.572414e+07 	
3.12712713e+06 	 1.248266e-05 	 1.571767e+07 	
3.12762763e+06 	 1.246211e-05 	 1.571120e+07 	
3.12812813e+06 	 1.244159e-05 	 1.570473e+07 	
3.12862863e+06 	 1.242108e-05 	 1.569827e+07 	
3.12912913e+06 	 1.240060e-05 	 1.569181e+07 	
3.12962963e+06 	 1.238014e-05 	 1.568536e+07 	
3.13013013e+06 	 1.235970e-05 	 1.567890e+07 	
3.13063063e+06 	 1.233929e-05 	 1.567245e+07 	
3.13113113e+06 	 1.231890e-05 	 1.566601e+07 	
3.13163163e+06 	 1.229853e-05 	 1.565956e+07 	
3.13213213e+06 	 1.227818e-05 	 1.565312e+07 	
3.13263263e+06 	 1.225786e-05 	 1.564668e+07 	
3.13313313e+06 	 1.223755e-05 	 1.564024e+07 	
3.13363363e+06 	 1.221727e-05 	 1.563381e+07 	
3.13413413e+06 	 1.219702e-05 	 1.562738e+07 	
3.13463463e+06 	 1.217678e-05 	 1.562095e+07 	
3.13513514e+06 	 1.215657e-05 	 1.561453e+07 	
3.13563564e+06 	 1.213638e-05 	 1.560811e+07 	
3.13613614e+06 	 1.211621e-05 	 1.560169e+07 	
3.13663664e+06 	 1.209606e-05 	 1.559527e+07 	
3.13713714e+06 	 1.207533e-05 	 1.558888e+07 	
3.13763764e+06 	 1.205522e-05 	 1.558247e+07 	
3.13813814e+06 	 1.203512e-05 	 1.557606e+07 	
3.13863864e+06 	 1.201506e-05 	 1.556965e+07 	
3.13913914e+06 	 1.199501e-05 	 1.556325e+07 	
3.13963964e+06 	 1.197498e-05 	 1.555685e+07 	
3.14014014e+06 	 1.195498e-05 	 1.555046e+07 	
3.14064064e+06 	 1.193500e-05 	 1.554406e+07 	
3.14114114e+06 	 1.191504e-05 	 1.553767e+07 	
3.14164164e+06 	 1.189510e-05 	 1.553128e+07 	
3.14214214e+06 	 1.187518e-05 	 1.552490e+07 	
3.14264264e+06 	 1.185529e-05 	 1.551852e+07 	
3.14314314e+06 	 1.183541e-05 	 1.551214e+07 	
3.14364364e+06 	 1.181556e-05 	 1.550576e+07 	
3.14414414e+06 	 1.179573e-05 	 1.549939e+07 	
3.14464464e+06 	 1.177592e-05 	 1.549302e+07 	
3.14514515e+06 	 1.175613e-05 	 1.548665e+07 	
3.14564565e+06 	 1.173636e-05 	 1.548028e+07 	
3.14614615e+06 	 1.171662e-05 	 1.547392e+07 	
3.14664665e+06 	 1.169689e-05 	 1.546756e+07 	
3.14714715e+06 	 1.167719e-05 	 1.546120e+07 	
3.14764765e+06 	 1.165751e-05 	 1.545485e+07 	
3.14814815e+06 	 1.163785e-05 	 1.544850e+07 	
3.14864865e+06 	 1.161821e-05 	 1.544215e+07 	
3.14914915e+06 	 1.159859e-05 	 1.543580e+07 	
3.14964965e+06 	 1.157900e-05 	 1.542946e+07 	
3.15015015e+06 	 1.155942e-05 	 1.542312e+07 	
3.15065065e+06 	 1.153986e-05 	 1.541678e+07 	
3.15115115e+06 	 1.152033e-05 	 1.541045e+07 	
3.15165165e+06 	 1.150082e-05 	 1.540412e+07 	
3.15215215e+06 	 1.148133e-05 	 1.539779e+07 	
3.15265265e+06 	 1.146185e-05 	 1.539146e+07 	
3.15315315e+06 	 1.144240e-05 	 1.538514e+07 	
3.15365365e+06 	 1.142297e-05 	 1.537882e+07 	
3.15415415e+06 	 1.140357e-05 	 1.537250e+07 	
3.15465465e+06 	 1.138418e-05 	 1.536619e+07 	
3.15515516e+06 	 1.136481e-05 	 1.535987e+07 	
3.15565566e+06 	 1.134490e-05 	 1.535358e+07 	
3.15615616e+06 	 1.132556e-05 	 1.534728e+07 	
3.15665666e+06 	 1.130625e-05 	 1.534097e+07 	
3.15715716e+06 	 1.128695e-05 	 1.533467e+07 	
3.15765766e+06 	 1.126768e-05 	 1.532837e+07 	
3.15815816e+06 	 1.124842e-05 	 1.532208e+07 	
3.15865866e+06 	 1.122919e-05 	 1.531579e+07 	
3.15915916e+06 	 1.120998e-05 	 1.530950e+07 	
3.15965966e+06 	 1.119078e-05 	 1.530321e+07 	
3.16016016e+06 	 1.117161e-05 	 1.529693e+07 	
3.16066066e+06 	 1.115246e-05 	 1.529064e+07 	
3.16116116e+06 	 1.113333e-05 	 1.528437e+07 	
3.16166166e+06 	 1.111421e-05 	 1.527809e+07 	
3.16216216e+06 	 1.109512e-05 	 1.527182e+07 	
3.16266266e+06 	 1.107605e-05 	 1.526555e+07 	
3.16316316e+06 	 1.105700e-05 	 1.525928e+07 	
3.16366366e+06 	 1.103797e-05 	 1.525301e+07 	
3.16416416e+06 	 1.101895e-05 	 1.524675e+07 	
3.16466466e+06 	 1.099996e-05 	 1.524049e+07 	
3.16516517e+06 	 1.098099e-05 	 1.523424e+07 	
3.16566567e+06 	 1.096204e-05 	 1.522798e+07 	
3.16616617e+06 	 1.094311e-05 	 1.522173e+07 	
3.16666667e+06 	 1.092419e-05 	 1.521548e+07 	
3.16716717e+06 	 1.090530e-05 	 1.520924e+07 	
3.16766767e+06 	 1.088643e-05 	 1.520299e+07 	
3.16816817e+06 	 1.086757e-05 	 1.519675e+07 	
3.16866867e+06 	 1.084874e-05 	 1.519052e+07 	
3.16916917e+06 	 1.082992e-05 	 1.518428e+07 	
3.16966967e+06 	 1.081113e-05 	 1.517805e+07 	
3.17017017e+06 	 1.079235e-05 	 1.517182e+07 	
3.17067067e+06 	 1.077360e-05 	 1.516560e+07 	
3.17117117e+06 	 1.075486e-05 	 1.515937e+07 	
3.17167167e+06 	 1.073615e-05 	 1.515315e+07 	
3.17217217e+06 	 1.071745e-05 	 1.514693e+07 	
3.17267267e+06 	 1.069877e-05 	 1.514072e+07 	
3.17317317e+06 	 1.068011e-05 	 1.513451e+07 	
3.17367367e+06 	 1.066147e-05 	 1.512830e+07 	
3.17417417e+06 	 1.064285e-05 	 1.512209e+07 	
3.17467467e+06 	 1.062371e-05 	 1.511590e+07 	
3.17517518e+06 	 1.060512e-05 	 1.510970e+07 	
3.17567568e+06 	 1.058655e-05 	 1.510350e+07 	
3.17617618e+06 	 1.056799e-05 	 1.509731e+07 	
3.17667668e+06 	 1.054946e-05 	 1.509111e+07 	
3.17717718e+06 	 1.053095e-05 	 1.508492e+07 	
3.17767768e+06 	 1.051245e-05 	 1.507874e+07 	
3.17817818e+06 	 1.049397e-05 	 1.507255e+07 	
3.17867868e+06 	 1.047551e-05 	 1.506637e+07 	
3.17917918e+06 	 1.045707e-05 	 1.506019e+07 	
3.17967968e+06 	 1.043865e-05 	 1.505401e+07 	
3.18018018e+06 	 1.042025e-05 	 1.504784e+07 	
3.18068068e+06 	 1.040187e-05 	 1.504167e+07 	
3.18118118e+06 	 1.038350e-05 	 1.503550e+07 	
3.18168168e+06 	 1.036516e-05 	 1.502933e+07 	
3.18218218e+06 	 1.034683e-05 	 1.502317e+07 	
3.18268268e+06 	 1.032852e-05 	 1.501701e+07 	
3.18318318e+06 	 1.031023e-05 	 1.501085e+07 	
3.18368368e+06 	 1.029196e-05 	 1.500470e+07 	
3.18418418e+06 	 1.027370e-05 	 1.499855e+07 	
3.18468468e+06 	 1.025547e-05 	 1.499240e+07 	
3.18518519e+06 	 1.023725e-05 	 1.498625e+07 	
3.18568569e+06 	 1.021905e-05 	 1.498011e+07 	
3.18618619e+06 	 1.020087e-05 	 1.497396e+07 	
3.18668669e+06 	 1.018271e-05 	 1.496783e+07 	
3.18718719e+06 	 1.016456e-05 	 1.496169e+07 	
3.18768769e+06 	 1.014644e-05 	 1.495556e+07 	
3.18818819e+06 	 1.012833e-05 	 1.494943e+07 	
3.18868869e+06 	 1.011024e-05 	 1.494330e+07 	
3.18918919e+06 	 1.009216e-05 	 1.493717e+07 	
3.18968969e+06 	 1.007411e-05 	 1.493105e+07 	
3.19019019e+06 	 1.005608e-05 	 1.492493e+07 	
3.19069069e+06 	 1.003806e-05 	 1.491881e+07 	
3.19119119e+06 	 1.002006e-05 	 1.491270e+07 	
3.19169169e+06 	 1.000207e-05 	 1.490659e+07 	
3.19219219e+06 	 9.984110e-06 	 1.490048e+07 	
3.19269269e+06 	 9.966163e-06 	 1.489437e+07 	
3.19319319e+06 	 9.948737e-06 	 1.488825e+07 	
3.19369369e+06 	 9.930834e-06 	 1.488215e+07 	
3.19419419e+06 	 9.912949e-06 	 1.487605e+07 	
3.19469469e+06 	 9.895082e-06 	 1.486996e+07 	
3.19519520e+06 	 9.877233e-06 	 1.486386e+07 	
3.19569570e+06 	 9.859401e-06 	 1.485777e+07 	
3.19619620e+06 	 9.841587e-06 	 1.485169e+07 	
3.19669670e+06 	 9.823791e-06 	 1.484560e+07 	
3.19719720e+06 	 9.806012e-06 	 1.483952e+07 	
3.19769770e+06 	 9.788251e-06 	 1.483344e+07 	
3.19819820e+06 	 9.770507e-06 	 1.482736e+07 	
3.19869870e+06 	 9.752781e-06 	 1.482129e+07 	
3.19919920e+06 	 9.735072e-06 	 1.481522e+07 	
3.19969970e+06 	 9.717381e-06 	 1.480915e+07 	
3.20020020e+06 	 9.699707e-06 	 1.480308e+07 	
3.20070070e+06 	 9.682051e-06 	 1.479702e+07 	
3.20120120e+06 	 9.664412e-06 	 1.479096e+07 	
3.20170170e+06 	 9.646790e-06 	 1.478490e+07 	
3.20220220e+06 	 9.629185e-06 	 1.477885e+07 	
3.20270270e+06 	 9.611598e-06 	 1.477279e+07 	
3.20320320e+06 	 9.594028e-06 	 1.476674e+07 	
3.20370370e+06 	 9.576475e-06 	 1.476070e+07 	
3.20420420e+06 	 9.558939e-06 	 1.475465e+07 	
3.20470470e+06 	 9.541420e-06 	 1.474861e+07 	
3.20520521e+06 	 9.523919e-06 	 1.474257e+07 	
3.20570571e+06 	 9.506434e-06 	 1.473653e+07 	
3.20620621e+06 	 9.488967e-06 	 1.473050e+07 	
3.20670671e+06 	 9.471516e-06 	 1.472447e+07 	
3.20720721e+06 	 9.454082e-06 	 1.471844e+07 	
3.20770771e+06 	 9.436665e-06 	 1.471241e+07 	
3.20820821e+06 	 9.419265e-06 	 1.470639e+07 	
3.20870871e+06 	 9.401882e-06 	 1.470037e+07 	
3.20920921e+06 	 9.384516e-06 	 1.469435e+07 	
3.20970971e+06 	 9.367166e-06 	 1.468834e+07 	
3.21021021e+06 	 9.349833e-06 	 1.468232e+07 	
3.21071071e+06 	 9.332517e-06 	 1.467631e+07 	
3.21121121e+06 	 9.315218e-06 	 1.467031e+07 	
3.21171171e+06 	 9.297935e-06 	 1.466430e+07 	
3.21221221e+06 	 9.281140e-06 	 1.465828e+07 	
3.21271271e+06 	 9.263898e-06 	 1.465228e+07 	
3.21321321e+06 	 9.246673e-06 	 1.464628e+07 	
3.21371371e+06 	 9.229464e-06 	 1.464029e+07 	
3.21421421e+06 	 9.212272e-06 	 1.463430e+07 	
3.21471471e+06 	 9.195096e-06 	 1.462831e+07 	
3.21521522e+06 	 9.177937e-06 	 1.462232e+07 	
3.21571572e+06 	 9.160795e-06 	 1.461634e+07 	
3.21621622e+06 	 9.143669e-06 	 1.461036e+07 	
3.21671672e+06 	 9.126559e-06 	 1.460438e+07 	
3.21721722e+06 	 9.109465e-06 	 1.459840e+07 	
3.21771772e+06 	 9.092388e-06 	 1.459243e+07 	
3.21821822e+06 	 9.075328e-06 	 1.458646e+07 	
3.21871872e+06 	 9.058283e-06 	 1.458049e+07 	
3.21921922e+06 	 9.041255e-06 	 1.457453e+07 	
3.21971972e+06 	 9.024243e-06 	 1.456856e+07 	
3.22022022e+06 	 9.007248e-06 	 1.456260e+07 	
3.22072072e+06 	 8.990268e-06 	 1.455665e+07 	
3.22122122e+06 	 8.973304e-06 	 1.455069e+07 	
3.22172172e+06 	 8.956357e-06 	 1.454474e+07 	
3.22222222e+06 	 8.939426e-06 	 1.453879e+07 	
3.22272272e+06 	 8.922511e-06 	 1.453284e+07 	
3.22322322e+06 	 8.905611e-06 	 1.452690e+07 	
3.22372372e+06 	 8.888728e-06 	 1.452096e+07 	
3.22422422e+06 	 8.871860e-06 	 1.451502e+07 	
3.22472472e+06 	 8.855009e-06 	 1.450908e+07 	
3.22522523e+06 	 8.838173e-06 	 1.450315e+07 	
3.22572573e+06 	 8.821354e-06 	 1.449722e+07 	
3.22622623e+06 	 8.804550e-06 	 1.449129e+07 	
3.22672673e+06 	 8.787761e-06 	 1.448536e+07 	
3.22722723e+06 	 8.770989e-06 	 1.447944e+07 	
3.22772773e+06 	 8.754232e-06 	 1.447352e+07 	
3.22822823e+06 	 8.737491e-06 	 1.446760e+07 	
3.22872873e+06 	 8.720765e-06 	 1.446169e+07 	
3.22922923e+06 	 8.704056e-06 	 1.445577e+07 	
3.22972973e+06 	 8.687361e-06 	 1.444986e+07 	
3.23023023e+06 	 8.670683e-06 	 1.444396e+07 	
3.23073073e+06 	 8.653586e-06 	 1.443807e+07 	
3.23123123e+06 	 8.636931e-06 	 1.443217e+07 	
3.23173173e+06 	 8.620292e-06 	 1.442627e+07 	
3.23223223e+06 	 8.603668e-06 	 1.442037e+07 	
3.23273273e+06 	 8.587059e-06 	 1.441448e+07 	
3.23323323e+06 	 8.570465e-06 	 1.440859e+07 	
3.23373373e+06 	 8.553886e-06 	 1.440270e+07 	
3.23423423e+06 	 8.537323e-06 	 1.439681e+07 	
3.23473473e+06 	 8.520775e-06 	 1.439093e+07 	
3.23523524e+06 	 8.504241e-06 	 1.438505e+07 	
3.23573574e+06 	 8.487723e-06 	 1.437917e+07 	
3.23623624e+06 	 8.471220e-06 	 1.437329e+07 	
3.23673674e+06 	 8.454732e-06 	 1.436742e+07 	
3.23723724e+06 	 8.438259e-06 	 1.436155e+07 	
3.23773774e+06 	 8.421801e-06 	 1.435568e+07 	
3.23823824e+06 	 8.405358e-06 	 1.434982e+07 	
3.23873874e+06 	 8.388929e-06 	 1.434396e+07 	
3.23923924e+06 	 8.372516e-06 	 1.433810e+07 	
3.23973974e+06 	 8.356117e-06 	 1.433224e+07 	
3.24024024e+06 	 8.339733e-06 	 1.432638e+07 	
3.24074074e+06 	 8.323363e-06 	 1.432053e+07 	
3.24124124e+06 	 8.307009e-06 	 1.431468e+07 	
3.24174174e+06 	 8.290669e-06 	 1.430884e+07 	
3.24224224e+06 	 8.274343e-06 	 1.430299e+07 	
3.24274274e+06 	 8.258032e-06 	 1.429715e+07 	
3.24324324e+06 	 8.241736e-06 	 1.429131e+07 	
3.24374374e+06 	 8.225454e-06 	 1.428548e+07 	
3.24424424e+06 	 8.209187e-06 	 1.427964e+07 	
3.24474474e+06 	 8.192934e-06 	 1.427381e+07 	
3.24524525e+06 	 8.176696e-06 	 1.426798e+07 	
3.24574575e+06 	 8.160472e-06 	 1.426216e+07 	
3.24624625e+06 	 8.144262e-06 	 1.425633e+07 	
3.24674675e+06 	 8.128067e-06 	 1.425051e+07 	
3.24724725e+06 	 8.111885e-06 	 1.424470e+07 	
3.24774775e+06 	 8.095719e-06 	 1.423888e+07 	
3.24824825e+06 	 8.079566e-06 	 1.423307e+07 	
3.24874875e+06 	 8.063427e-06 	 1.422726e+07 	
3.24924925e+06 	 8.047303e-06 	 1.422145e+07 	
3.24974975e+06 	 8.031595e-06 	 1.421563e+07 	
3.25025025e+06 	 8.015505e-06 	 1.420982e+07 	
3.25075075e+06 	 7.999430e-06 	 1.420402e+07 	
3.25125125e+06 	 7.983368e-06 	 1.419823e+07 	
3.25175175e+06 	 7.967321e-06 	 1.419243e+07 	
3.25225225e+06 	 7.951287e-06 	 1.418664e+07 	
3.25275275e+06 	 7.935268e-06 	 1.418085e+07 	
3.25325325e+06 	 7.919263e-06 	 1.417506e+07 	
3.25375375e+06 	 7.903271e-06 	 1.416928e+07 	
3.25425425e+06 	 7.887294e-06 	 1.416350e+07 	
3.25475475e+06 	 7.871330e-06 	 1.415772e+07 	
3.25525526e+06 	 7.855380e-06 	 1.415194e+07 	
3.25575576e+06 	 7.839444e-06 	 1.414617e+07 	
3.25625626e+06 	 7.823522e-06 	 1.414040e+07 	
3.25675676e+06 	 7.807613e-06 	 1.413463e+07 	
3.25725726e+06 	 7.791719e-06 	 1.412886e+07 	
3.25775776e+06 	 7.775837e-06 	 1.412310e+07 	
3.25825826e+06 	 7.759970e-06 	 1.411734e+07 	
3.25875876e+06 	 7.744116e-06 	 1.411158e+07 	
3.25925926e+06 	 7.728275e-06 	 1.410582e+07 	
3.25975976e+06 	 7.712449e-06 	 1.410007e+07 	
3.26026026e+06 	 7.696635e-06 	 1.409432e+07 	
3.26076076e+06 	 7.680835e-06 	 1.408857e+07 	
3.26126126e+06 	 7.665049e-06 	 1.408283e+07 	
3.26176176e+06 	 7.649276e-06 	 1.407708e+07 	
3.26226226e+06 	 7.633516e-06 	 1.407134e+07 	
3.26276276e+06 	 7.617769e-06 	 1.406561e+07 	
3.26326326e+06 	 7.602036e-06 	 1.405987e+07 	
3.26376376e+06 	 7.586316e-06 	 1.405414e+07 	
3.26426426e+06 	 7.570610e-06 	 1.404841e+07 	
3.26476476e+06 	 7.554916e-06 	 1.404268e+07 	
3.26526527e+06 	 7.539236e-06 	 1.403696e+07 	
3.26576577e+06 	 7.523569e-06 	 1.403123e+07 	
3.26626627e+06 	 7.507915e-06 	 1.402552e+07 	
3.26676677e+06 	 7.492274e-06 	 1.401980e+07 	
3.26726727e+06 	 7.476646e-06 	 1.401408e+07 	
3.26776777e+06 	 7.461030e-06 	 1.400837e+07 	
3.26826827e+06 	 7.445428e-06 	 1.400266e+07 	
3.26876877e+06 	 7.429839e-06 	 1.399696e+07 	
3.26926927e+06 	 7.414640e-06 	 1.399124e+07 	
3.26976977e+06 	 7.399083e-06 	 1.398553e+07 	
3.27027027e+06 	 7.383538e-06 	 1.397984e+07 	
3.27077077e+06 	 7.368007e-06 	 1.397414e+07 	
3.27127127e+06 	 7.352488e-06 	 1.396845e+07 	
3.27177177e+06 	 7.336982e-06 	 1.396275e+07 	
3.27227227e+06 	 7.321489e-06 	 1.395707e+07 	
3.27277277e+06 	 7.306008e-06 	 1.395138e+07 	
3.27327327e+06 	 7.290540e-06 	 1.394570e+07 	
3.27377377e+06 	 7.275085e-06 	 1.394002e+07 	
3.27427427e+06 	 7.259643e-06 	 1.393434e+07 	
3.27477477e+06 	 7.244213e-06 	 1.392866e+07 	
3.27527528e+06 	 7.228796e-06 	 1.392299e+07 	
3.27577578e+06 	 7.213391e-06 	 1.391732e+07 	
3.27627628e+06 	 7.197999e-06 	 1.391165e+07 	
3.27677678e+06 	 7.182619e-06 	 1.390599e+07 	
3.27727728e+06 	 7.167251e-06 	 1.390032e+07 	
3.27777778e+06 	 7.151896e-06 	 1.389466e+07 	
3.27827828e+06 	 7.136554e-06 	 1.388901e+07 	
3.27877878e+06 	 7.121224e-06 	 1.388335e+07 	
3.27927928e+06 	 7.105906e-06 	 1.387770e+07 	
3.27977978e+06 	 7.090600e-06 	 1.387205e+07 	
3.28028028e+06 	 7.075306e-06 	 1.386640e+07 	
3.28078078e+06 	 7.060025e-06 	 1.386076e+07 	
3.28128128e+06 	 7.044756e-06 	 1.385512e+07 	
3.28178178e+06 	 7.029499e-06 	 1.384948e+07 	
3.28228228e+06 	 7.014254e-06 	 1.384384e+07 	
3.28278278e+06 	 6.999021e-06 	 1.383821e+07 	
3.28328328e+06 	 6.983801e-06 	 1.383258e+07 	
3.28378378e+06 	 6.968592e-06 	 1.382695e+07 	
3.28428428e+06 	 6.953395e-06 	 1.382132e+07 	
3.28478478e+06 	 6.938210e-06 	 1.381570e+07 	
3.28528529e+06 	 6.923037e-06 	 1.381008e+07 	
3.28578579e+06 	 6.907876e-06 	 1.380446e+07 	
3.28628629e+06 	 6.892727e-06 	 1.379884e+07 	
3.28678679e+06 	 6.877589e-06 	 1.379323e+07 	
3.28728729e+06 	 6.862463e-06 	 1.378762e+07 	
3.28778779e+06 	 6.847349e-06 	 1.378201e+07 	
3.28828829e+06 	 6.832593e-06 	 1.377639e+07 	
3.28878879e+06 	 6.817508e-06 	 1.377078e+07 	
3.28928929e+06 	 6.802434e-06 	 1.376518e+07 	
3.28978979e+06 	 6.787373e-06 	 1.375959e+07 	
3.29029029e+06 	 6.772322e-06 	 1.375399e+07 	
3.29079079e+06 	 6.757284e-06 	 1.374840e+07 	
3.29129129e+06 	 6.742257e-06 	 1.374281e+07 	
3.29179179e+06 	 6.727241e-06 	 1.373722e+07 	
3.29229229e+06 	 6.712237e-06 	 1.373163e+07 	
3.29279279e+06 	 6.697245e-06 	 1.372605e+07 	
3.29329329e+06 	 6.682264e-06 	 1.372047e+07 	
3.29379379e+06 	 6.667294e-06 	 1.371490e+07 	
3.29429429e+06 	 6.652336e-06 	 1.370932e+07 	
3.29479479e+06 	 6.637389e-06 	 1.370375e+07 	
3.29529530e+06 	 6.622453e-06 	 1.369818e+07 	
3.29579580e+06 	 6.607529e-06 	 1.369261e+07 	
3.29629630e+06 	 6.592615e-06 	 1.368705e+07 	
3.29679680e+06 	 6.577713e-06 	 1.368149e+07 	
3.29729730e+06 	 6.562823e-06 	 1.367593e+07 	
3.29779780e+06 	 6.547943e-06 	 1.367037e+07 	
3.29829830e+06 	 6.533074e-06 	 1.366482e+07 	
3.29879880e+06 	 6.518217e-06 	 1.365927e+07 	
3.29929930e+06 	 6.503370e-06 	 1.365372e+07 	
3.29979980e+06 	 6.488535e-06 	 1.364817e+07 	
3.30030030e+06 	 6.473710e-06 	 1.364263e+07 	
3.30080080e+06 	 6.458897e-06 	 1.363709e+07 	
3.30130130e+06 	 6.444094e-06 	 1.363155e+07 	
3.30180180e+06 	 6.429302e-06 	 1.362602e+07 	
3.30230230e+06 	 6.414521e-06 	 1.362048e+07 	
3.30280280e+06 	 6.399751e-06 	 1.361495e+07 	
3.30330330e+06 	 6.384991e-06 	 1.360943e+07 	
3.30380380e+06 	 6.370243e-06 	 1.360390e+07 	
3.30430430e+06 	 6.355504e-06 	 1.359838e+07 	
3.30480480e+06 	 6.340777e-06 	 1.359286e+07 	
3.30530531e+06 	 6.326060e-06 	 1.358734e+07 	
3.30580581e+06 	 6.311354e-06 	 1.358183e+07 	
3.30630631e+06 	 6.296658e-06 	 1.357632e+07 	
3.30680681e+06 	 6.281973e-06 	 1.357081e+07 	
3.30730731e+06 	 6.267614e-06 	 1.356528e+07 	
3.30780781e+06 	 6.252955e-06 	 1.355978e+07 	
3.30830831e+06 	 6.238306e-06 	 1.355428e+07 	
3.30880881e+06 	 6.223668e-06 	 1.354878e+07 	
3.30930931e+06 	 6.209040e-06 	 1.354328e+07 	
3.30980981e+06 	 6.194423e-06 	 1.353779e+07 	
3.31031031e+06 	 6.179816e-06 	 1.353230e+07 	
3.31081081e+06 	 6.165219e-06 	 1.352681e+07 	
3.31131131e+06 	 6.150633e-06 	 1.352132e+07 	
3.31181181e+06 	 6.136056e-06 	 1.351584e+07 	
3.31231231e+06 	 6.121490e-06 	 1.351036e+07 	
3.31281281e+06 	 6.106934e-06 	 1.350488e+07 	
3.31331331e+06 	 6.092389e-06 	 1.349941e+07 	
3.31381381e+06 	 6.077853e-06 	 1.349393e+07 	
3.31431431e+06 	 6.063328e-06 	 1.348846e+07 	
3.31481481e+06 	 6.048812e-06 	 1.348300e+07 	
3.31531532e+06 	 6.034307e-06 	 1.347753e+07 	
3.31581582e+06 	 6.019811e-06 	 1.347207e+07 	
3.31631632e+06 	 6.005326e-06 	 1.346661e+07 	
3.31681682e+06 	 5.990850e-06 	 1.346115e+07 	
3.31731732e+06 	 5.976385e-06 	 1.345570e+07 	
3.31781782e+06 	 5.961929e-06 	 1.345025e+07 	
3.31831832e+06 	 5.947483e-06 	 1.344480e+07 	
3.31881882e+06 	 5.933047e-06 	 1.343935e+07 	
3.31931932e+06 	 5.918620e-06 	 1.343391e+07 	
3.31981982e+06 	 5.904204e-06 	 1.342847e+07 	
3.32032032e+06 	 5.889797e-06 	 1.342303e+07 	
3.32082082e+06 	 5.875399e-06 	 1.341759e+07 	
3.32132132e+06 	 5.861011e-06 	 1.341216e+07 	
3.32182182e+06 	 5.846633e-06 	 1.340673e+07 	
3.32232232e+06 	 5.832264e-06 	 1.340130e+07 	
3.32282282e+06 	 5.817905e-06 	 1.339588e+07 	
3.32332332e+06 	 5.803556e-06 	 1.339046e+07 	
3.32382382e+06 	 5.789215e-06 	 1.338504e+07 	
3.32432432e+06 	 5.774885e-06 	 1.337962e+07 	
3.32482482e+06 	 5.760563e-06 	 1.337421e+07 	
3.32532533e+06 	 5.746251e-06 	 1.336879e+07 	
3.32582583e+06 	 5.731948e-06 	 1.336339e+07 	
3.32632633e+06 	 5.717941e-06 	 1.335796e+07 	
3.32682683e+06 	 5.703661e-06 	 1.335256e+07 	
3.32732733e+06 	 5.689391e-06 	 1.334716e+07 	
3.32782783e+06 	 5.675129e-06 	 1.334176e+07 	
3.32832833e+06 	 5.660877e-06 	 1.333636e+07 	
3.32882883e+06 	 5.646634e-06 	 1.333097e+07 	
3.32932933e+06 	 5.632401e-06 	 1.332558e+07 	
3.32982983e+06 	 5.618176e-06 	 1.332019e+07 	
3.33033033e+06 	 5.603960e-06 	 1.331481e+07 	
3.33083083e+06 	 5.589754e-06 	 1.330942e+07 	
3.33133133e+06 	 5.575556e-06 	 1.330404e+07 	
3.33183183e+06 	 5.561368e-06 	 1.329867e+07 	
3.33233233e+06 	 5.547188e-06 	 1.329329e+07 	
3.33283283e+06 	 5.533017e-06 	 1.328792e+07 	
3.33333333e+06 	 5.518855e-06 	 1.328255e+07 	
3.33383383e+06 	 5.504702e-06 	 1.327719e+07 	
3.33433433e+06 	 5.490558e-06 	 1.327182e+07 	
3.33483483e+06 	 5.476423e-06 	 1.326646e+07 	
3.33533534e+06 	 5.462296e-06 	 1.326110e+07 	
3.33583584e+06 	 5.448178e-06 	 1.325575e+07 	
3.33633634e+06 	 5.434069e-06 	 1.325040e+07 	
3.33683684e+06 	 5.419968e-06 	 1.324505e+07 	
3.33733734e+06 	 5.405876e-06 	 1.323970e+07 	
3.33783784e+06 	 5.391793e-06 	 1.323436e+07 	
3.33833834e+06 	 5.377718e-06 	 1.322901e+07 	
3.33883884e+06 	 5.363651e-06 	 1.322367e+07 	
3.33933934e+06 	 5.349593e-06 	 1.321834e+07 	
3.33983984e+06 	 5.335544e-06 	 1.321300e+07 	
3.34034034e+06 	 5.321503e-06 	 1.320767e+07 	
3.34084084e+06 	 5.307470e-06 	 1.320235e+07 	
3.34134134e+06 	 5.293446e-06 	 1.319702e+07 	
3.34184184e+06 	 5.279429e-06 	 1.319170e+07 	
3.34234234e+06 	 5.265422e-06 	 1.318638e+07 	
3.34284284e+06 	 5.251422e-06 	 1.318106e+07 	
3.34334334e+06 	 5.237431e-06 	 1.317575e+07 	
3.34384384e+06 	 5.223448e-06 	 1.317044e+07 	
3.34434434e+06 	 5.209473e-06 	 1.316513e+07 	
3.34484484e+06 	 5.195506e-06 	 1.315982e+07 	
3.34534535e+06 	 5.181547e-06 	 1.315452e+07 	
3.34584585e+06 	 5.167335e-06 	 1.314923e+07 	
3.34634635e+06 	 5.153388e-06 	 1.314394e+07 	
3.34684685e+06 	 5.139449e-06 	 1.313864e+07 	
3.34734735e+06 	 5.125518e-06 	 1.313335e+07 	
3.34784785e+06 	 5.111595e-06 	 1.312806e+07 	
3.34834835e+06 	 5.097680e-06 	 1.312278e+07 	
3.34884885e+06 	 5.083772e-06 	 1.311749e+07 	
3.34934935e+06 	 5.069872e-06 	 1.311221e+07 	
3.34984985e+06 	 5.055980e-06 	 1.310693e+07 	
3.35035035e+06 	 5.042096e-06 	 1.310166e+07 	
3.35085085e+06 	 5.028219e-06 	 1.309639e+07 	
3.35135135e+06 	 5.014350e-06 	 1.309112e+07 	
3.35185185e+06 	 5.000489e-06 	 1.308585e+07 	
3.35235235e+06 	 4.986635e-06 	 1.308059e+07 	
3.35285285e+06 	 4.972788e-06 	 1.307533e+07 	
3.35335335e+06 	 4.958950e-06 	 1.307007e+07 	
3.35385385e+06 	 4.945118e-06 	 1.306481e+07 	
3.35435435e+06 	 4.931294e-06 	 1.305956e+07 	
3.35485485e+06 	 4.917477e-06 	 1.305431e+07 	
3.35535536e+06 	 4.903668e-06 	 1.304906e+07 	
3.35585586e+06 	 4.889866e-06 	 1.304382e+07 	
3.35635636e+06 	 4.876071e-06 	 1.303858e+07 	
3.35685686e+06 	 4.862284e-06 	 1.303334e+07 	
3.35735736e+06 	 4.848504e-06 	 1.302811e+07 	
3.35785786e+06 	 4.834731e-06 	 1.302287e+07 	
3.35835836e+06 	 4.820965e-06 	 1.301764e+07 	
3.35885886e+06 	 4.807206e-06 	 1.301242e+07 	
3.35935936e+06 	 4.793455e-06 	 1.300719e+07 	
3.35985986e+06 	 4.779710e-06 	 1.300197e+07 	
3.36036036e+06 	 4.765973e-06 	 1.299675e+07 	
3.36086086e+06 	 4.752242e-06 	 1.299154e+07 	
3.36136136e+06 	 4.738519e-06 	 1.298633e+07 	
3.36186186e+06 	 4.724802e-06 	 1.298112e+07 	
3.36236236e+06 	 4.711092e-06 	 1.297591e+07 	
3.36286286e+06 	 4.697389e-06 	 1.297071e+07 	
3.36336336e+06 	 4.683693e-06 	 1.296551e+07 	
3.36386386e+06 	 4.670004e-06 	 1.296031e+07 	
3.36436436e+06 	 4.656322e-06 	 1.295512e+07 	
3.36486486e+06 	 4.642879e-06 	 1.294991e+07 	
3.36536537e+06 	 4.629214e-06 	 1.294472e+07 	
3.36586587e+06 	 4.615555e-06 	 1.293953e+07 	
3.36636637e+06 	 4.601903e-06 	 1.293435e+07 	
3.36686687e+06 	 4.588258e-06 	 1.292917e+07 	
3.36736737e+06 	 4.574619e-06 	 1.292399e+07 	
3.36786787e+06 	 4.560987e-06 	 1.291882e+07 	
3.36836837e+06 	 4.547361e-06 	 1.291365e+07 	
3.36886887e+06 	 4.533742e-06 	 1.290848e+07 	
3.36936937e+06 	 4.520130e-06 	 1.290331e+07 	
3.36986987e+06 	 4.506524e-06 	 1.289815e+07 	
3.37037037e+06 	 4.492924e-06 	 1.289299e+07 	
3.37087087e+06 	 4.479331e-06 	 1.288783e+07 	
3.37137137e+06 	 4.465745e-06 	 1.288268e+07 	
3.37187187e+06 	 4.452164e-06 	 1.287753e+07 	
3.37237237e+06 	 4.438590e-06 	 1.287238e+07 	
3.37287287e+06 	 4.425023e-06 	 1.286724e+07 	
3.37337337e+06 	 4.411461e-06 	 1.286210e+07 	
3.37387387e+06 	 4.397906e-06 	 1.285696e+07 	
3.37437437e+06 	 4.384357e-06 	 1.285182e+07 	
3.37487487e+06 	 4.370815e-06 	 1.284669e+07 	
3.37537538e+06 	 4.357278e-06 	 1.284156e+07 	
3.37587588e+06 	 4.343748e-06 	 1.283644e+07 	
3.37637638e+06 	 4.330224e-06 	 1.283131e+07 	
3.37687688e+06 	 4.316706e-06 	 1.282619e+07 	
3.37737738e+06 	 4.303193e-06 	 1.282108e+07 	
3.37787788e+06 	 4.289687e-06 	 1.281596e+07 	
3.37837838e+06 	 4.276187e-06 	 1.281085e+07 	
3.37887888e+06 	 4.262693e-06 	 1.280574e+07 	
3.37937938e+06 	 4.249205e-06 	 1.280064e+07 	
3.37987988e+06 	 4.235723e-06 	 1.279554e+07 	
3.38038038e+06 	 4.222247e-06 	 1.279044e+07 	
3.38088088e+06 	 4.208776e-06 	 1.278535e+07 	
3.38138138e+06 	 4.195312e-06 	 1.278025e+07 	
3.38188188e+06 	 4.181853e-06 	 1.277516e+07 	
3.38238238e+06 	 4.168400e-06 	 1.277008e+07 	
3.38288288e+06 	 4.154953e-06 	 1.276500e+07 	
3.38338338e+06 	 4.141511e-06 	 1.275992e+07 	
3.38388388e+06 	 4.128076e-06 	 1.275484e+07 	
3.38438438e+06 	 4.114437e-06 	 1.274979e+07 	
3.38488488e+06 	 4.101010e-06 	 1.274472e+07 	
3.38538539e+06 	 4.087588e-06 	 1.273965e+07 	
3.38588589e+06 	 4.074172e-06 	 1.273459e+07 	
3.38638639e+06 	 4.060761e-06 	 1.272953e+07 	
3.38688689e+06 	 4.047356e-06 	 1.272447e+07 	
3.38738739e+06 	 4.033956e-06 	 1.271942e+07 	
3.38788789e+06 	 4.020562e-06 	 1.271437e+07 	
3.38838839e+06 	 4.007174e-06 	 1.270932e+07 	
3.38888889e+06 	 3.993790e-06 	 1.270428e+07 	
3.38938939e+06 	 3.980413e-06 	 1.269924e+07 	
3.38988989e+06 	 3.967040e-06 	 1.269420e+07 	
3.39039039e+06 	 3.953673e-06 	 1.268917e+07 	
3.39089089e+06 	 3.940312e-06 	 1.268414e+07 	
3.39139139e+06 	 3.926955e-06 	 1.267911e+07 	
3.39189189e+06 	 3.913604e-06 	 1.267409e+07 	
3.39239239e+06 	 3.900259e-06 	 1.266907e+07 	
3.39289289e+06 	 3.886918e-06 	 1.266405e+07 	
3.39339339e+06 	 3.873583e-06 	 1.265903e+07 	
3.39389389e+06 	 3.860254e-06 	 1.265402e+07 	
3.39439439e+06 	 3.846929e-06 	 1.264902e+07 	
3.39489489e+06 	 3.833610e-06 	 1.264401e+07 	
3.39539540e+06 	 3.820295e-06 	 1.263901e+07 	
3.39589590e+06 	 3.806986e-06 	 1.263402e+07 	
3.39639640e+06 	 3.793682e-06 	 1.262902e+07 	
3.39689690e+06 	 3.780384e-06 	 1.262403e+07 	
3.39739740e+06 	 3.767090e-06 	 1.261905e+07 	
3.39789790e+06 	 3.753802e-06 	 1.261406e+07 	
3.39839840e+06 	 3.740518e-06 	 1.260908e+07 	
3.39889890e+06 	 3.727240e-06 	 1.260411e+07 	
3.39939940e+06 	 3.713967e-06 	 1.259914e+07 	
3.39989990e+06 	 3.700698e-06 	 1.259417e+07 	
3.40040040e+06 	 3.687435e-06 	 1.258920e+07 	
3.40090090e+06 	 3.674177e-06 	 1.258424e+07 	
3.40140140e+06 	 3.660924e-06 	 1.257928e+07 	
3.40190190e+06 	 3.647676e-06 	 1.257433e+07 	
3.40240240e+06 	 3.634433e-06 	 1.256937e+07 	
3.40290290e+06 	 3.621195e-06 	 1.256443e+07 	
3.40340340e+06 	 3.607780e-06 	 1.255950e+07 	
3.40390390e+06 	 3.594549e-06 	 1.255456e+07 	
3.40440440e+06 	 3.581324e-06 	 1.254962e+07 	
3.40490490e+06 	 3.568103e-06 	 1.254469e+07 	
3.40540541e+06 	 3.554887e-06 	 1.253976e+07 	
3.40590591e+06 	 3.541675e-06 	 1.253483e+07 	
3.40640641e+06 	 3.528469e-06 	 1.252991e+07 	
3.40690691e+06 	 3.515268e-06 	 1.252499e+07 	
3.40740741e+06 	 3.502071e-06 	 1.252008e+07 	
3.40790791e+06 	 3.488880e-06 	 1.251516e+07 	
3.40840841e+06 	 3.475693e-06 	 1.251026e+07 	
3.40890891e+06 	 3.462511e-06 	 1.250535e+07 	
3.40940941e+06 	 3.449334e-06 	 1.250045e+07 	
3.40990991e+06 	 3.436162e-06 	 1.249556e+07 	
3.41041041e+06 	 3.422995e-06 	 1.249066e+07 	
3.41091091e+06 	 3.409832e-06 	 1.248577e+07 	
3.41141141e+06 	 3.396675e-06 	 1.248089e+07 	
3.41191191e+06 	 3.383522e-06 	 1.247601e+07 	
3.41241241e+06 	 3.370375e-06 	 1.247113e+07 	
3.41291291e+06 	 3.357232e-06 	 1.246626e+07 	
3.41341341e+06 	 3.344094e-06 	 1.246139e+07 	
3.41391391e+06 	 3.330960e-06 	 1.245652e+07 	
3.41441441e+06 	 3.317832e-06 	 1.245166e+07 	
3.41491491e+06 	 3.304709e-06 	 1.244680e+07 	
3.41541542e+06 	 3.291590e-06 	 1.244195e+07 	
3.41591592e+06 	 3.278477e-06 	 1.243710e+07 	
3.41641642e+06 	 3.265368e-06 	 1.243225e+07 	
3.41691692e+06 	 3.252264e-06 	 1.242741e+07 	
3.41741742e+06 	 3.239165e-06 	 1.242257e+07 	
3.41791792e+06 	 3.226071e-06 	 1.241773e+07 	
3.41841842e+06 	 3.212982e-06 	 1.241290e+07 	
3.41891892e+06 	 3.199898e-06 	 1.240808e+07 	
3.41941942e+06 	 3.186819e-06 	 1.240325e+07 	
3.41991992e+06 	 3.173745e-06 	 1.239844e+07 	
3.42042042e+06 	 3.160676e-06 	 1.239362e+07 	
3.42092092e+06 	 3.147612e-06 	 1.238881e+07 	
3.42142142e+06 	 3.134553e-06 	 1.238400e+07 	
3.42192192e+06 	 3.121499e-06 	 1.237920e+07 	
3.42242242e+06 	 3.108450e-06 	 1.237440e+07 	
3.42292292e+06 	 3.095249e-06 	 1.236963e+07 	
3.42342342e+06 	 3.082208e-06 	 1.236484e+07 	
3.42392392e+06 	 3.069172e-06 	 1.236005e+07 	
3.42442442e+06 	 3.056142e-06 	 1.235527e+07 	
3.42492492e+06 	 3.043117e-06 	 1.235050e+07 	
3.42542543e+06 	 3.030096e-06 	 1.234572e+07 	
3.42592593e+06 	 3.017081e-06 	 1.234095e+07 	
3.42642643e+06 	 3.004072e-06 	 1.233619e+07 	
3.42692693e+06 	 2.991067e-06 	 1.233143e+07 	
3.42742743e+06 	 2.978068e-06 	 1.232668e+07 	
3.42792793e+06 	 2.965074e-06 	 1.232192e+07 	
3.42842843e+06 	 2.952086e-06 	 1.231718e+07 	
3.42892893e+06 	 2.939103e-06 	 1.231244e+07 	
3.42942943e+06 	 2.926125e-06 	 1.230770e+07 	
3.42992993e+06 	 2.913153e-06 	 1.230296e+07 	
3.43043043e+06 	 2.900186e-06 	 1.229824e+07 	
3.43093093e+06 	 2.887225e-06 	 1.229351e+07 	
3.43143143e+06 	 2.874270e-06 	 1.228879e+07 	
3.43193193e+06 	 2.861320e-06 	 1.228408e+07 	
3.43243243e+06 	 2.848376e-06 	 1.227937e+07 	
3.43293293e+06 	 2.835437e-06 	 1.227466e+07 	
3.43343343e+06 	 2.822505e-06 	 1.226996e+07 	
3.43393393e+06 	 2.809578e-06 	 1.226526e+07 	
3.43443443e+06 	 2.796657e-06 	 1.226057e+07 	
3.43493493e+06 	 2.783742e-06 	 1.225588e+07 	
3.43543544e+06 	 2.770833e-06 	 1.225120e+07 	
3.43593594e+06 	 2.757930e-06 	 1.224652e+07 	
3.43643644e+06 	 2.745033e-06 	 1.224184e+07 	
3.43693694e+06 	 2.732142e-06 	 1.223717e+07 	
3.43743744e+06 	 2.719257e-06 	 1.223251e+07 	
3.43793794e+06 	 2.706379e-06 	 1.222785e+07 	
3.43843844e+06 	 2.693507e-06 	 1.222320e+07 	
3.43893894e+06 	 2.680641e-06 	 1.221855e+07 	
3.43943944e+06 	 2.667782e-06 	 1.221390e+07 	
3.43993994e+06 	 2.654930e-06 	 1.220926e+07 	
3.44044044e+06 	 2.642084e-06 	 1.220462e+07 	
3.44094094e+06 	 2.629244e-06 	 1.219999e+07 	
3.44144144e+06 	 2.616412e-06 	 1.219537e+07 	
3.44194194e+06 	 2.603454e-06 	 1.219076e+07 	
3.44244244e+06 	 2.590633e-06 	 1.218615e+07 	
3.44294294e+06 	 2.577819e-06 	 1.218154e+07 	
3.44344344e+06 	 2.565013e-06 	 1.217693e+07 	
3.44394394e+06 	 2.552213e-06 	 1.217233e+07 	
3.44444444e+06 	 2.539421e-06 	 1.216774e+07 	
3.44494494e+06 	 2.526635e-06 	 1.216315e+07 	
3.44544545e+06 	 2.513858e-06 	 1.215856e+07 	
3.44594595e+06 	 2.501087e-06 	 1.215399e+07 	
3.44644645e+06 	 2.488324e-06 	 1.214941e+07 	
3.44694695e+06 	 2.475569e-06 	 1.214484e+07 	
3.44744745e+06 	 2.462822e-06 	 1.214028e+07 	
3.44794795e+06 	 2.450082e-06 	 1.213572e+07 	
3.44844845e+06 	 2.437350e-06 	 1.213117e+07 	
3.44894895e+06 	 2.424627e-06 	 1.212662e+07 	
3.44944945e+06 	 2.411911e-06 	 1.212208e+07 	
3.44994995e+06 	 2.399204e-06 	 1.211754e+07 	
3.45045045e+06 	 2.386505e-06 	 1.211301e+07 	
3.45095095e+06 	 2.373814e-06 	 1.210848e+07 	
3.45145145e+06 	 2.361132e-06 	 1.210396e+07 	
3.45195195e+06 	 2.348459e-06 	 1.209945e+07 	
3.45245245e+06 	 2.335794e-06 	 1.209494e+07 	
3.45295295e+06 	 2.323139e-06 	 1.209043e+07 	
3.45345345e+06 	 2.310492e-06 	 1.208594e+07 	
3.45395395e+06 	 2.297855e-06 	 1.208144e+07 	
3.45445445e+06 	 2.285227e-06 	 1.207696e+07 	
3.45495495e+06 	 2.272608e-06 	 1.207247e+07 	
3.45545546e+06 	 2.259999e-06 	 1.206800e+07 	
3.45595596e+06 	 2.247400e-06 	 1.206353e+07 	
3.45645646e+06 	 2.234810e-06 	 1.205907e+07 	
3.45695696e+06 	 2.222231e-06 	 1.205461e+07 	
3.45745746e+06 	 2.209661e-06 	 1.205016e+07 	
3.45795796e+06 	 2.197102e-06 	 1.204571e+07 	
3.45845846e+06 	 2.184553e-06 	 1.204127e+07 	
3.45895896e+06 	 2.172014e-06 	 1.203684e+07 	
3.45945946e+06 	 2.159487e-06 	 1.203241e+07 	
3.45995996e+06 	 2.146970e-06 	 1.202798e+07 	
3.46046046e+06 	 2.134464e-06 	 1.202357e+07 	
3.46096096e+06 	 2.121862e-06 	 1.201918e+07 	
3.46146146e+06 	 2.109378e-06 	 1.201477e+07 	
3.46196196e+06 	 2.096904e-06 	 1.201037e+07 	
3.46246246e+06 	 2.084443e-06 	 1.200598e+07 	
3.46296296e+06 	 2.071993e-06 	 1.200160e+07 	
3.46346346e+06 	 2.059555e-06 	 1.199722e+07 	
3.46396396e+06 	 2.047129e-06 	 1.199285e+07 	
3.46446446e+06 	 2.034716e-06 	 1.198848e+07 	
3.46496496e+06 	 2.022315e-06 	 1.198412e+07 	
3.46546547e+06 	 2.009927e-06 	 1.197977e+07 	
3.46596597e+06 	 1.997552e-06 	 1.197542e+07 	
3.46646647e+06 	 1.985190e-06 	 1.197108e+07 	
3.46696697e+06 	 1.972841e-06 	 1.196675e+07 	
3.46746747e+06 	 1.960506e-06 	 1.196242e+07 	
3.46796797e+06 	 1.948184e-06 	 1.195810e+07 	
3.46846847e+06 	 1.935876e-06 	 1.195379e+07 	
3.46896897e+06 	 1.923582e-06 	 1.194948e+07 	
3.46946947e+06 	 1.911303e-06 	 1.194518e+07 	
3.46996997e+06 	 1.899037e-06 	 1.194089e+07 	
3.47047047e+06 	 1.886787e-06 	 1.193660e+07 	
3.47097097e+06 	 1.874552e-06 	 1.193232e+07 	
3.47147147e+06 	 1.862331e-06 	 1.192805e+07 	
3.47197197e+06 	 1.850126e-06 	 1.192378e+07 	
3.47247247e+06 	 1.837937e-06 	 1.191952e+07 	
3.47297297e+06 	 1.825763e-06 	 1.191527e+07 	
3.47347347e+06 	 1.813605e-06 	 1.191103e+07 	
3.47397397e+06 	 1.801464e-06 	 1.190679e+07 	
3.47447447e+06 	 1.789339e-06 	 1.190256e+07 	
3.47497497e+06 	 1.777231e-06 	 1.189834e+07 	
3.47547548e+06 	 1.765140e-06 	 1.189412e+07 	
3.47597598e+06 	 1.753066e-06 	 1.188991e+07 	
3.47647648e+06 	 1.741010e-06 	 1.188571e+07 	
3.47697698e+06 	 1.728971e-06 	 1.188152e+07 	
3.47747748e+06 	 1.716950e-06 	 1.187733e+07 	
3.47797798e+06 	 1.704948e-06 	 1.187315e+07 	
3.47847848e+06 	 1.692964e-06 	 1.186898e+07 	
3.47897898e+06 	 1.680998e-06 	 1.186481e+07 	
3.47947948e+06 	 1.669052e-06 	 1.186066e+07 	
3.47997998e+06 	 1.657042e-06 	 1.185652e+07 	
3.48048048e+06 	 1.645133e-06 	 1.185238e+07 	
3.48098098e+06 	 1.633245e-06 	 1.184825e+07 	
3.48148148e+06 	 1.621377e-06 	 1.184412e+07 	
3.48198198e+06 	 1.609529e-06 	 1.184001e+07 	
3.48248248e+06 	 1.597702e-06 	 1.183590e+07 	
3.48298298e+06 	 1.585896e-06 	 1.183179e+07 	
3.48348348e+06 	 1.574111e-06 	 1.182770e+07 	
3.48398398e+06 	 1.562347e-06 	 1.182361e+07 	
3.48448448e+06 	 1.550606e-06 	 1.181953e+07 	
3.48498498e+06 	 1.538887e-06 	 1.181546e+07 	
3.48548549e+06 	 1.527190e-06 	 1.181140e+07 	
3.48598599e+06 	 1.515516e-06 	 1.180735e+07 	
3.48648649e+06 	 1.503865e-06 	 1.180330e+07 	
3.48698699e+06 	 1.492238e-06 	 1.179927e+07 	
3.48748749e+06 	 1.480634e-06 	 1.179524e+07 	
3.48798799e+06 	 1.469054e-06 	 1.179122e+07 	
3.48848849e+06 	 1.457499e-06 	 1.178720e+07 	
3.48898899e+06 	 1.445968e-06 	 1.178320e+07 	
3.48948949e+06 	 1.434463e-06 	 1.177920e+07 	
3.48998999e+06 	 1.422983e-06 	 1.177522e+07 	
3.49049049e+06 	 1.411528e-06 	 1.177124e+07 	
3.49099099e+06 	 1.400099e-06 	 1.176727e+07 	
3.49149149e+06 	 1.388697e-06 	 1.176331e+07 	
3.49199199e+06 	 1.377322e-06 	 1.175936e+07 	
3.49249249e+06 	 1.365973e-06 	 1.175541e+07 	
3.49299299e+06 	 1.354652e-06 	 1.175148e+07 	
3.49349349e+06 	 1.343359e-06 	 1.174755e+07 	
3.49399399e+06 	 1.332094e-06 	 1.174364e+07 	
3.49449449e+06 	 1.320857e-06 	 1.173973e+07 	
3.49499499e+06 	 1.309649e-06 	 1.173583e+07 	
3.49549550e+06 	 1.298470e-06 	 1.173194e+07 	
3.49599600e+06 	 1.287321e-06 	 1.172806e+07 	
3.49649650e+06 	 1.276201e-06 	 1.172419e+07 	
3.49699700e+06 	 1.265112e-06 	 1.172033e+07 	
3.49749750e+06 	 1.254054e-06 	 1.171647e+07 	
3.49799800e+06 	 1.243026e-06 	 1.171263e+07 	
3.49849850e+06 	 1.231968e-06 	 1.170881e+07 	
3.49899900e+06 	 1.221003e-06 	 1.170499e+07 	
3.49949950e+06 	 1.210070e-06 	 1.170118e+07 	
3.50000000e+06 	 1.199170e-06 	 1.169737e+07 	
3.51986847e+06 	 7.971305e-07 	 1.155459e+07 	
3.53984972e+06 	 4.695518e-07 	 1.142939e+07 	
3.55994440e+06 	 2.357242e-07 	 1.132448e+07 	
3.58015316e+06 	 9.662752e-08 	 1.124074e+07 	
3.60047663e+06 	 3.104091e-08 	 1.117635e+07 	
3.62091547e+06 	 7.556546e-09 	 1.112699e+07 	
4.06105077e+06 	 1.000000e-20 	 1.044534e+07 	
4.55468611e+06 	 1.000000e-20 	 9.817822e+06 	
5.10832459e+06 	 1.000000e-20 	 9.233253e+06 	
5.72925982e+06 	 1.000000e-20 	 8.687754e+06 	
6.42567197e+06 	 1.000000e-20 	 8.177960e+06 	
7.20673552e+06 	 1.000000e-20 	 7.700928e+06 	
8.08274015e+06 	 1.000000e-20 	 7.254062e+06 	
9.06522630e+06 	 1.000000e-20 	 6.835055e+06 	
1.01671372e+07 	 1.000000e-20 	 6.441842e+06 	
1.14029893e+07 	 1.000000e-20 	 6.072569e+06 	
1.27890636e+07 	 1.000000e-20 	 5.725557e+06 	
1.43436203e+07 	 1.000000e-20 	 5.399284e+06 	
1.60871390e+07 	 1.000000e-20 	 5.092359e+06 	
1.80425886e+07 	 1.000000e-20 	 4.803511e+06 	
2.02357302e+07 	 1.000000e-20 	 4.531573e+06 	
2.26954560e+07 	 1.000000e-20 	 4.275469e+06 	
2.54541703e+07 	 1.000000e-20 	 4.034205e+06 	
2.85482163e+07 	 1.000000e-20 	 3.806862e+06 	
3.20183547e+07 	 1.000000e-20 	 3.592588e+06 	
3.59103010e+07 	 1.000000e-20 	 3.390590e+06 	
4.02753273e+07 	 1.000000e-20 	 3.200129e+06 	
4.51709382e+07 	 1.000000e-20 	 3.020518e+06 	
5.06616283e+07 	 1.000000e-20 	 2.851115e+06 	
5.68197314e+07 	 1.000000e-20 	 2.691320e+06 	
6.37263742e+07 	 1.000000e-20 	 2.540569e+06 	
7.14725443e+07 	 1.000000e-20 	 2.398338e+06 	
8.01602892e+07 	 1.000000e-20 	 2.264132e+06 	
8.99040608e+07 	 1.000000e-20 	 2.137489e+06 	
1.00832223e+08 	 1.000000e-20 	 2.017975e+06 	
1.13088742e+08 	 1.000000e-20 	 1.905180e+06 	
1.26835086e+08 	 1.000000e-20 	 1.798721e+06 	
1.42252347e+08 	 1.000000e-20 	 1.698238e+06 	
1.59543631e+08 	 1.000000e-20 	 1.603390e+06 	
1.78936734e+08 	 1.000000e-20 	 1.513858e+06 	
2.00687138e+08 	 1.000000e-20 	 1.429342e+06 	
2.25081381e+08 	 1.000000e-20 	 1.349556e+06 	
2.52440833e+08 	 1.000000e-20 	 1.274236e+06 	
2.83125925e+08 	 1.000000e-20 	 1.203129e+06 	
3.17540900e+08 	 1.000000e-20 	 1.135998e+06 	
3.56139138e+08 	 1.000000e-20 	 1.072619e+06 	
3.99429132e+08 	 1.000000e-20 	 1.012781e+06 	
4.47981180e+08 	 1.000000e-20 	 9.562867e+05 	
5.02434904e+08 	 1.000000e-20 	 9.029475e+05 	
5.63507675e+08 	 1.000000e-20 	 8.525867e+05 	
6.32004060e+08 	 1.000000e-20 	 8.050375e+05 	
7.08826428e+08 	 1.000000e-20 	 7.601425e+05 	
7.94986830e+08 	 1.000000e-20 	 7.177532e+05 	
8.91620340e+08 	 1.000000e-20 	 6.777294e+05 	
1.00000000e+09 	 1.000000e-20 	 6.399389e+05 	
