r (cm)        	 rho (g/cm3) 	 T (K)       		 Linf = 4.947731e+38
1.29996932e+06 	 1.440575e+05 	 1.376423e+09 	
1.30002011e+06 	 1.319281e+05 	 1.346618e+09 	
1.30009638e+06 	 1.153352e+05 	 1.302362e+09 	
1.30017265e+06 	 1.005411e+05 	 1.258726e+09 	
1.30024893e+06 	 8.738772e+04 	 1.215732e+09 	
1.30032243e+06 	 7.612512e+04 	 1.174921e+09 	
1.30039594e+06 	 6.612465e+04 	 1.134743e+09 	
1.30046945e+06 	 5.727026e+04 	 1.095217e+09 	
1.30054296e+06 	 4.945369e+04 	 1.056361e+09 	
1.30060407e+06 	 4.367251e+04 	 1.024582e+09 	
1.30066519e+06 	 3.848491e+04 	 9.932916e+08 	
1.30072630e+06 	 3.384017e+04 	 9.625019e+08 	
1.30078742e+06 	 2.969087e+04 	 9.322246e+08 	
1.30084853e+06 	 2.599268e+04 	 9.024715e+08 	
1.30090970e+06 	 2.270169e+04 	 8.732300e+08 	
1.30097086e+06 	 1.978267e+04 	 8.445375e+08 	
1.30103203e+06 	 1.719992e+04 	 8.164055e+08 	
1.30108209e+06 	 1.531284e+04 	 7.938033e+08 	
1.30113216e+06 	 1.361201e+04 	 7.715911e+08 	
1.30118223e+06 	 1.208166e+04 	 7.497750e+08 	
1.30123230e+06 	 1.070707e+04 	 7.283612e+08 	
1.30128237e+06 	 9.474531e+03 	 7.073559e+08 	
1.30133243e+06 	 8.371308e+03 	 6.867648e+08 	
1.30138250e+06 	 7.385570e+03 	 6.665936e+08 	
1.30143422e+06 	 6.479044e+03 	 6.462034e+08 	
1.30148594e+06 	 5.675058e+03 	 6.262728e+08 	
1.30152845e+06 	 5.083815e+03 	 6.102404e+08 	
1.30157096e+06 	 4.549636e+03 	 5.945250e+08 	
1.30161346e+06 	 4.067627e+03 	 5.791291e+08 	
1.30165597e+06 	 3.633245e+03 	 5.640551e+08 	
1.30169848e+06 	 3.242275e+03 	 5.493054e+08 	
1.30174099e+06 	 2.890817e+03 	 5.348818e+08 	
1.30178349e+06 	 2.575267e+03 	 5.207861e+08 	
1.30182600e+06 	 2.292300e+03 	 5.070198e+08 	
1.30186851e+06 	 2.038855e+03 	 4.935841e+08 	
1.30191344e+06 	 1.799905e+03 	 4.797407e+08 	
1.30195070e+06 	 1.622236e+03 	 4.685442e+08 	
1.30198796e+06 	 1.461398e+03 	 4.576031e+08 	
1.30202522e+06 	 1.315918e+03 	 4.469174e+08 	
1.30206248e+06 	 1.184436e+03 	 4.364869e+08 	
1.30209974e+06 	 1.065699e+03 	 4.263112e+08 	
1.30213700e+06 	 9.585515e+02 	 4.163897e+08 	
1.30217426e+06 	 8.619328e+02 	 4.067216e+08 	
1.30221152e+06 	 7.748686e+02 	 3.973057e+08 	
1.30224878e+06 	 6.964658e+02 	 3.881409e+08 	
1.30228604e+06 	 6.259066e+02 	 3.792257e+08 	
1.30232329e+06 	 5.624433e+02 	 3.705582e+08 	
1.30236055e+06 	 5.053933e+02 	 3.621367e+08 	
1.30239781e+06 	 4.541341e+02 	 3.539588e+08 	
1.30243507e+06 	 4.080991e+02 	 3.460223e+08 	
1.30247179e+06 	 3.673456e+02 	 3.384353e+08 	
1.30250850e+06 	 3.307158e+02 	 3.310775e+08 	
1.30254521e+06 	 2.978025e+02 	 3.239458e+08 	
1.30258193e+06 	 2.682364e+02 	 3.170371e+08 	
1.30261864e+06 	 2.416826e+02 	 3.103483e+08 	
1.30265536e+06 	 2.178382e+02 	 3.038758e+08 	
1.30269207e+06 	 1.964290e+02 	 2.976161e+08 	
1.30272878e+06 	 1.772075e+02 	 2.915652e+08 	
1.30276550e+06 	 1.599504e+02 	 2.857194e+08 	
1.30280221e+06 	 1.444562e+02 	 2.800744e+08 	
1.30283893e+06 	 1.305436e+02 	 2.746262e+08 	
1.30287564e+06 	 1.180493e+02 	 2.693703e+08 	
1.30291235e+06 	 1.068265e+02 	 2.643023e+08 	
1.30294907e+06 	 9.674334e+01 	 2.594177e+08 	
1.30298578e+06 	 8.768145e+01 	 2.547120e+08 	
1.30302250e+06 	 7.953456e+01 	 2.501804e+08 	
1.30305921e+06 	 7.220740e+01 	 2.458182e+08 	
1.30309592e+06 	 6.561458e+01 	 2.416207e+08 	
1.30313264e+06 	 5.967965e+01 	 2.375831e+08 	
1.30316935e+06 	 5.433411e+01 	 2.337005e+08 	
1.30321074e+06 	 4.893837e+01 	 2.295036e+08 	
1.30325213e+06 	 4.413594e+01 	 2.254907e+08 	
1.30329352e+06 	 3.985798e+01 	 2.216553e+08 	
1.30333490e+06 	 3.604383e+01 	 2.179903e+08 	
1.30337629e+06 	 3.264001e+01 	 2.144893e+08 	
1.30341768e+06 	 2.959939e+01 	 2.111456e+08 	
1.30345907e+06 	 2.688041e+01 	 2.079527e+08 	
1.30350046e+06 	 2.444646e+01 	 2.049044e+08 	
1.30354185e+06 	 2.226525e+01 	 2.019944e+08 	
1.30359240e+06 	 1.990264e+01 	 1.986188e+08 	
1.30364296e+06 	 1.782970e+01 	 1.954300e+08 	
1.30369351e+06 	 1.600765e+01 	 1.924176e+08 	
1.30374407e+06 	 1.440321e+01 	 1.895718e+08 	
1.30379462e+06 	 1.298775e+01 	 1.868832e+08 	
1.30384518e+06 	 1.173667e+01 	 1.843426e+08 	
1.30389573e+06 	 1.062878e+01 	 1.819415e+08 	
1.30394629e+06 	 9.645791e+00 	 1.796716e+08 	
1.30399685e+06 	 8.771960e+00 	 1.775252e+08 	
1.30404740e+06 	 7.993664e+00 	 1.754948e+08 	
1.30409796e+06 	 7.299126e+00 	 1.735736e+08 	
1.30414851e+06 	 6.678143e+00 	 1.717548e+08 	
1.30419907e+06 	 6.121868e+00 	 1.700323e+08 	
1.30424962e+06 	 5.622614e+00 	 1.684002e+08 	
1.30430018e+06 	 5.173696e+00 	 1.668531e+08 	
1.30435073e+06 	 4.769290e+00 	 1.653857e+08 	
1.30441507e+06 	 4.311088e+00 	 1.636262e+08 	
1.30447940e+06 	 3.907793e+00 	 1.619787e+08 	
1.30454373e+06 	 3.551808e+00 	 1.604348e+08 	
1.30460807e+06 	 3.236701e+00 	 1.589864e+08 	
1.30467240e+06 	 2.957010e+00 	 1.576265e+08 	
1.30473674e+06 	 2.708090e+00 	 1.563484e+08 	
1.30480107e+06 	 2.485975e+00 	 1.551459e+08 	
1.30486540e+06 	 2.287273e+00 	 1.540136e+08 	
1.30494740e+06 	 2.063396e+00 	 1.526638e+08 	
1.30502940e+06 	 1.867777e+00 	 1.514098e+08 	
1.30511139e+06 	 1.696206e+00 	 1.502431e+08 	
1.30519339e+06 	 1.545178e+00 	 1.491558e+08 	
1.30527539e+06 	 1.411770e+00 	 1.481409e+08 	
1.30535739e+06 	 1.293528e+00 	 1.471921e+08 	
1.30543938e+06 	 1.188389e+00 	 1.463038e+08 	
1.30552138e+06 	 1.094610e+00 	 1.454710e+08 	
1.30562939e+06 	 9.859495e-01 	 1.444507e+08 	
1.30573741e+06 	 8.916511e-01 	 1.435093e+08 	
1.30584542e+06 	 8.094300e-01 	 1.426387e+08 	
1.30595344e+06 	 7.374184e-01 	 1.418317e+08 	
1.30606145e+06 	 6.740804e-01 	 1.410819e+08 	
1.30616947e+06 	 6.181463e-01 	 1.403838e+08 	
1.30630845e+06 	 5.553872e-01 	 1.395538e+08 	
1.30644744e+06 	 5.013203e-01 	 1.387922e+08 	
1.30658642e+06 	 4.544795e-01 	 1.380912e+08 	
1.30672540e+06 	 4.136843e-01 	 1.374442e+08 	
1.30686439e+06 	 3.779782e-01 	 1.368451e+08 	
1.30703381e+06 	 3.402132e-01 	 1.361726e+08 	
1.30720324e+06 	 3.077182e-01 	 1.355562e+08 	
1.30737266e+06 	 2.795887e-01 	 1.349891e+08 	
1.30754209e+06 	 2.551009e-01 	 1.344657e+08 	
1.30771151e+06 	 2.336709e-01 	 1.339811e+08 	
1.30795803e+06 	 2.069964e-01 	 1.333367e+08 	
1.30820454e+06 	 1.846588e-01 	 1.327547e+08 	
1.30845106e+06 	 1.657882e-01 	 1.322261e+08 	
1.30869758e+06 	 1.497179e-01 	 1.317437e+08 	
1.30899363e+06 	 1.333991e-01 	 1.312169e+08 	
1.30928967e+06 	 1.196923e-01 	 1.307392e+08 	
1.30958572e+06 	 1.080773e-01 	 1.303037e+08 	
1.30988177e+06 	 9.815552e-02 	 1.299045e+08 	
1.31031261e+06 	 8.612056e-02 	 1.293787e+08 	
1.31074346e+06 	 7.631382e-02 	 1.289080e+08 	
1.31117430e+06 	 6.822231e-02 	 1.284831e+08 	
1.31177124e+06 	 5.916489e-02 	 1.279567e+08 	
1.31236817e+06 	 5.198528e-02 	 1.274895e+08 	
1.31296511e+06 	 4.620002e-02 	 1.270700e+08 	
1.31365388e+06 	 4.082068e-02 	 1.266344e+08 	
1.31434265e+06 	 3.648636e-02 	 1.262412e+08 	
1.31503142e+06 	 3.294280e-02 	 1.258827e+08 	
1.31604889e+06 	 2.878278e-02 	 1.254044e+08 	
1.31706636e+06 	 2.555928e-02 	 1.249750e+08 	
1.31841363e+06 	 2.229741e-02 	 1.244645e+08 	
1.31976090e+06 	 1.983569e-02 	 1.240052e+08 	
1.32136885e+06 	 1.761312e-02 	 1.235078e+08 	
1.32297680e+06 	 1.592976e-02 	 1.230527e+08 	
1.32458474e+06 	 1.462396e-02 	 1.226302e+08 	
1.32707965e+06 	 1.311027e-02 	 1.220237e+08 	
1.32858740e+06 	 1.240947e-02 	 1.216795e+08 	
1.33180652e+06 	 1.127469e-02 	 1.209867e+08 	
1.33445035e+06 	 1.059704e-02 	 1.204501e+08 	
1.33888785e+06 	 9.781112e-03 	 1.195961e+08 	
1.34144300e+06 	 9.432666e-03 	 1.191240e+08 	
1.34722300e+06 	 8.844377e-03 	 1.180938e+08 	
1.35177530e+06 	 8.504828e-03 	 1.173100e+08 	
1.35954437e+06 	 8.064259e-03 	 1.160122e+08 	
1.36731344e+06 	 7.720139e-03 	 1.147526e+08 	
1.38080512e+06 	 7.230839e-03 	 1.126356e+08 	
1.38693631e+06 	 7.033364e-03 	 1.116990e+08 	
1.39306750e+06 	 6.845925e-03 	 1.107770e+08 	
1.39681285e+06 	 6.735509e-03 	 1.102207e+08 	
1.40476188e+06 	 6.509941e-03 	 1.090568e+08 	
1.40797622e+06 	 6.421791e-03 	 1.085925e+08 	
1.40829765e+06 	 6.413067e-03 	 1.085463e+08 	
1.40832980e+06 	 6.412195e-03 	 1.085416e+08 	
1.40833301e+06 	 6.412108e-03 	 1.085412e+08 	
1.40833333e+06 	 6.412099e-03 	 1.085411e+08 	
1.42500000e+06 	 5.980719e-03 	 1.061920e+08 	
1.44166667e+06 	 5.585774e-03 	 1.039328e+08 	
1.45833333e+06 	 5.223326e-03 	 1.017585e+08 	
1.47500000e+06 	 4.889821e-03 	 9.966434e+07 	
1.49166667e+06 	 4.582742e-03 	 9.764616e+07 	
1.50833333e+06 	 4.299402e-03 	 9.569989e+07 	
1.52500000e+06 	 4.037445e-03 	 9.382176e+07 	
1.54166667e+06 	 3.795266e-03 	 9.200839e+07 	
1.55833333e+06 	 3.570936e-03 	 9.025652e+07 	
1.58333333e+06 	 3.264496e-03 	 8.773741e+07 	
1.60000000e+06 	 3.078394e-03 	 8.612647e+07 	
1.61666667e+06 	 2.905238e-03 	 8.456723e+07 	
1.63333333e+06 	 2.744074e-03 	 8.305731e+07 	
1.65000000e+06 	 2.593897e-03 	 8.159446e+07 	
1.66666667e+06 	 2.453931e-03 	 8.017658e+07 	
1.69166667e+06 	 2.260960e-03 	 7.812959e+07 	
1.70833333e+06 	 2.142739e-03 	 7.681549e+07 	
1.72500000e+06 	 2.032153e-03 	 7.553984e+07 	
1.75000000e+06 	 1.879111e-03 	 7.369480e+07 	
1.76666667e+06 	 1.785057e-03 	 7.250827e+07 	
1.78333333e+06 	 1.696737e-03 	 7.135482e+07 	
1.80833333e+06 	 1.574174e-03 	 6.968381e+07 	
1.82500000e+06 	 1.498527e-03 	 6.860742e+07 	
1.84166667e+06 	 1.427274e-03 	 6.755971e+07 	
1.86666667e+06 	 1.328167e-03 	 6.603964e+07 	
1.88333333e+06 	 1.266819e-03 	 6.505905e+07 	
1.90833333e+06 	 1.181196e-03 	 6.363485e+07 	
1.92500000e+06 	 1.128061e-03 	 6.271518e+07 	
1.95000000e+06 	 1.053750e-03 	 6.137822e+07 	
1.96666667e+06 	 1.007593e-03 	 6.051413e+07 	
1.99166667e+06 	 9.428673e-04 	 5.925679e+07 	
2.00833333e+06 	 9.025772e-04 	 5.844346e+07 	
2.03333333e+06 	 8.460096e-04 	 5.725901e+07 	
2.05000000e+06 	 8.107167e-04 	 5.649218e+07 	
2.07500000e+06 	 7.611309e-04 	 5.537462e+07 	
2.10000000e+06 	 7.152078e-04 	 5.429454e+07 	
2.11666667e+06 	 6.864761e-04 	 5.359442e+07 	
2.14166667e+06 	 6.459854e-04 	 5.257286e+07 	
2.15833333e+06 	 6.206295e-04 	 5.191021e+07 	
2.18333333e+06 	 5.847940e-04 	 5.094260e+07 	
2.20833333e+06 	 5.514795e-04 	 5.000543e+07 	
2.22500000e+06 	 5.305573e-04 	 4.939687e+07 	
2.25000000e+06 	 5.009837e-04 	 4.850740e+07 	
2.27500000e+06 	 4.733912e-04 	 4.764483e+07 	
2.30000000e+06 	 4.476310e-04 	 4.680800e+07 	
2.32500000e+06 	 4.235622e-04 	 4.599580e+07 	
2.35000000e+06 	 4.010552e-04 	 4.520720e+07 	
2.37500000e+06 	 3.799897e-04 	 4.444120e+07 	
2.40000000e+06 	 3.602581e-04 	 4.369686e+07 	
2.42500000e+06 	 3.417592e-04 	 4.297331e+07 	
2.45000000e+06 	 3.244057e-04 	 4.226972e+07 	
2.47500000e+06 	 3.081130e-04 	 4.158528e+07 	
2.50000000e+06 	 2.928046e-04 	 4.091925e+07 	
2.52500000e+06 	 2.784113e-04 	 4.027092e+07 	
2.55000000e+06 	 2.648675e-04 	 3.963959e+07 	
2.57500000e+06 	 2.521143e-04 	 3.902464e+07 	
2.60000000e+06 	 2.400986e-04 	 3.842545e+07 	
2.62500000e+06 	 2.287698e-04 	 3.784143e+07 	
2.65000000e+06 	 2.180816e-04 	 3.727204e+07 	
2.67500000e+06 	 2.079916e-04 	 3.671675e+07 	
2.70000000e+06 	 1.984605e-04 	 3.617504e+07 	
2.72500000e+06 	 1.894520e-04 	 3.564646e+07 	
2.75000000e+06 	 1.809327e-04 	 3.513053e+07 	
2.77500000e+06 	 1.728712e-04 	 3.462681e+07 	
2.80000000e+06 	 1.652389e-04 	 3.413491e+07 	
2.82500000e+06 	 1.580086e-04 	 3.365440e+07 	
2.85000000e+06 	 1.511555e-04 	 3.318492e+07 	
2.87500000e+06 	 1.446572e-04 	 3.272610e+07 	
2.90000000e+06 	 1.384913e-04 	 3.227759e+07 	
2.92500000e+06 	 1.326383e-04 	 3.183905e+07 	
2.95000000e+06 	 1.270801e-04 	 3.141018e+07 	
2.97500000e+06 	 1.217987e-04 	 3.099065e+07 	
3.00000000e+06 	 1.167779e-04 	 3.058019e+07 	
3.02500000e+06 	 1.120026e-04 	 3.017849e+07 	
3.05000000e+06 	 1.074594e-04 	 2.978530e+07 	
3.07500000e+06 	 1.031343e-04 	 2.940036e+07 	
3.10000000e+06 	 9.901573e-05 	 2.902342e+07 	
3.12500000e+06 	 9.509164e-05 	 2.865423e+07 	
3.15000000e+06 	 9.135160e-05 	 2.829257e+07 	
3.17500000e+06 	 8.778528e-05 	 2.793822e+07 	
3.20000000e+06 	 8.438356e-05 	 2.759096e+07 	
3.22500000e+06 	 8.113741e-05 	 2.725060e+07 	
3.25000000e+06 	 7.803853e-05 	 2.691692e+07 	
3.27500000e+06 	 7.507899e-05 	 2.658975e+07 	
3.30000000e+06 	 7.225144e-05 	 2.626890e+07 	
3.32500000e+06 	 6.954919e-05 	 2.595420e+07 	
3.35000000e+06 	 6.696549e-05 	 2.564547e+07 	
3.37500000e+06 	 6.449456e-05 	 2.534256e+07 	
3.40000000e+06 	 6.213070e-05 	 2.504530e+07 	
3.42500000e+06 	 5.986827e-05 	 2.475354e+07 	
3.45000000e+06 	 5.770217e-05 	 2.446714e+07 	
3.47500000e+06 	 5.562775e-05 	 2.418596e+07 	
3.50000000e+06 	 5.364037e-05 	 2.390985e+07 	
3.52500000e+06 	 5.173589e-05 	 2.363869e+07 	
3.55000000e+06 	 4.991014e-05 	 2.337235e+07 	
3.57500000e+06 	 4.815948e-05 	 2.311071e+07 	
3.60000000e+06 	 4.648011e-05 	 2.285364e+07 	
3.62500000e+06 	 4.486879e-05 	 2.260104e+07 	
3.65000000e+06 	 4.332231e-05 	 2.235279e+07 	
3.67500000e+06 	 4.183750e-05 	 2.210877e+07 	
3.70000000e+06 	 4.041164e-05 	 2.186890e+07 	
3.72500000e+06 	 3.904186e-05 	 2.163307e+07 	
3.75000000e+06 	 3.772568e-05 	 2.140117e+07 	
3.77500000e+06 	 3.646058e-05 	 2.117312e+07 	
3.80000000e+06 	 3.524431e-05 	 2.094883e+07 	
3.82500000e+06 	 3.407466e-05 	 2.072820e+07 	
3.85000000e+06 	 3.294951e-05 	 2.051115e+07 	
3.87500000e+06 	 3.186693e-05 	 2.029759e+07 	
3.90000000e+06 	 3.082501e-05 	 2.008745e+07 	
3.92500000e+06 	 2.982194e-05 	 1.988065e+07 	
3.95000000e+06 	 2.885609e-05 	 1.967710e+07 	
3.97500000e+06 	 2.792582e-05 	 1.947675e+07 	
4.00000000e+06 	 2.702959e-05 	 1.927950e+07 	
4.02500000e+06 	 2.616593e-05 	 1.908531e+07 	
4.05000000e+06 	 2.533350e-05 	 1.889409e+07 	
4.07500000e+06 	 2.453092e-05 	 1.870578e+07 	
4.10000000e+06 	 2.375699e-05 	 1.852032e+07 	
4.12500000e+06 	 2.301051e-05 	 1.833765e+07 	
4.15000000e+06 	 2.229032e-05 	 1.815771e+07 	
4.17500000e+06 	 2.159535e-05 	 1.798043e+07 	
4.20000000e+06 	 2.092455e-05 	 1.780577e+07 	
4.22500000e+06 	 2.027695e-05 	 1.763366e+07 	
4.25000000e+06 	 1.965160e-05 	 1.746405e+07 	
4.27500000e+06 	 1.904762e-05 	 1.729690e+07 	
4.30000000e+06 	 1.846413e-05 	 1.713215e+07 	
4.32500000e+06 	 1.790032e-05 	 1.696974e+07 	
4.35000000e+06 	 1.735542e-05 	 1.680964e+07 	
4.37500000e+06 	 1.682867e-05 	 1.665180e+07 	
4.40000000e+06 	 1.631937e-05 	 1.649616e+07 	
4.42500000e+06 	 1.582683e-05 	 1.634270e+07 	
4.45000000e+06 	 1.535041e-05 	 1.619135e+07 	
4.47500000e+06 	 1.488949e-05 	 1.604209e+07 	
4.50000000e+06 	 1.444346e-05 	 1.589487e+07 	
4.52500000e+06 	 1.401177e-05 	 1.574964e+07 	
4.55000000e+06 	 1.359386e-05 	 1.560638e+07 	
4.57500000e+06 	 1.318921e-05 	 1.546504e+07 	
4.60000000e+06 	 1.279732e-05 	 1.532559e+07 	
4.62500000e+06 	 1.241772e-05 	 1.518799e+07 	
4.65000000e+06 	 1.204994e-05 	 1.505221e+07 	
4.67500000e+06 	 1.169356e-05 	 1.491821e+07 	
4.70000000e+06 	 1.134815e-05 	 1.478595e+07 	
4.72500000e+06 	 1.101330e-05 	 1.465542e+07 	
4.75000000e+06 	 1.068863e-05 	 1.452656e+07 	
4.77500000e+06 	 1.037377e-05 	 1.439936e+07 	
4.80000000e+06 	 1.006836e-05 	 1.427378e+07 	
4.82500000e+06 	 9.772060e-06 	 1.414980e+07 	
4.85000000e+06 	 9.484547e-06 	 1.402738e+07 	
4.87500000e+06 	 9.205495e-06 	 1.390650e+07 	
4.90000000e+06 	 8.934613e-06 	 1.378713e+07 	
4.92500000e+06 	 8.671611e-06 	 1.366924e+07 	
4.95000000e+06 	 8.416201e-06 	 1.355281e+07 	
5.00000000e+06 	 7.927117e-06 	 1.332421e+07 	
5.00050050e+06 	 7.922362e-06 	 1.332195e+07 	
5.00100100e+06 	 7.917610e-06 	 1.331969e+07 	
5.00150150e+06 	 7.912861e-06 	 1.331743e+07 	
5.00200200e+06 	 7.908115e-06 	 1.331518e+07 	
5.00250250e+06 	 7.903372e-06 	 1.331292e+07 	
5.00300300e+06 	 7.898631e-06 	 1.331066e+07 	
5.00350350e+06 	 7.893893e-06 	 1.330840e+07 	
5.00400400e+06 	 7.889157e-06 	 1.330615e+07 	
5.00450450e+06 	 7.884425e-06 	 1.330389e+07 	
5.00500501e+06 	 7.879695e-06 	 1.330164e+07 	
5.00550551e+06 	 7.874968e-06 	 1.329938e+07 	
5.00600601e+06 	 7.870243e-06 	 1.329713e+07 	
5.00650651e+06 	 7.865521e-06 	 1.329488e+07 	
5.00700701e+06 	 7.860802e-06 	 1.329262e+07 	
5.00750751e+06 	 7.856086e-06 	 1.329037e+07 	
5.00800801e+06 	 7.851372e-06 	 1.328812e+07 	
5.00850851e+06 	 7.846661e-06 	 1.328587e+07 	
5.00900901e+06 	 7.841953e-06 	 1.328362e+07 	
5.00950951e+06 	 7.837248e-06 	 1.328137e+07 	
5.01001001e+06 	 7.832545e-06 	 1.327912e+07 	
5.01051051e+06 	 7.827845e-06 	 1.327687e+07 	
5.01101101e+06 	 7.823147e-06 	 1.327462e+07 	
5.01151151e+06 	 7.818452e-06 	 1.327237e+07 	
5.01201201e+06 	 7.813760e-06 	 1.327013e+07 	
5.01251251e+06 	 7.809071e-06 	 1.326788e+07 	
5.01301301e+06 	 7.804384e-06 	 1.326563e+07 	
5.01351351e+06 	 7.799700e-06 	 1.326339e+07 	
5.01401401e+06 	 7.795019e-06 	 1.326114e+07 	
5.01451451e+06 	 7.790340e-06 	 1.325890e+07 	
5.01501502e+06 	 7.785664e-06 	 1.325665e+07 	
5.01551552e+06 	 7.780991e-06 	 1.325441e+07 	
5.01601602e+06 	 7.776320e-06 	 1.325217e+07 	
5.01651652e+06 	 7.771652e-06 	 1.324993e+07 	
5.01701702e+06 	 7.766987e-06 	 1.324768e+07 	
5.01751752e+06 	 7.762324e-06 	 1.324544e+07 	
5.01801802e+06 	 7.757664e-06 	 1.324320e+07 	
5.01851852e+06 	 7.753007e-06 	 1.324096e+07 	
5.01901902e+06 	 7.748352e-06 	 1.323872e+07 	
5.01951952e+06 	 7.743700e-06 	 1.323648e+07 	
5.02002002e+06 	 7.739051e-06 	 1.323424e+07 	
5.02052052e+06 	 7.734404e-06 	 1.323201e+07 	
5.02102102e+06 	 7.729760e-06 	 1.322977e+07 	
5.02152152e+06 	 7.725119e-06 	 1.322753e+07 	
5.02202202e+06 	 7.720480e-06 	 1.322530e+07 	
5.02252252e+06 	 7.715844e-06 	 1.322306e+07 	
5.02302302e+06 	 7.711211e-06 	 1.322082e+07 	
5.02352352e+06 	 7.706580e-06 	 1.321859e+07 	
5.02402402e+06 	 7.701952e-06 	 1.321636e+07 	
5.02452452e+06 	 7.697327e-06 	 1.321412e+07 	
5.02502503e+06 	 7.692704e-06 	 1.321189e+07 	
5.02552553e+06 	 7.688084e-06 	 1.320966e+07 	
5.02602603e+06 	 7.683466e-06 	 1.320743e+07 	
5.02652653e+06 	 7.678851e-06 	 1.320519e+07 	
5.02702703e+06 	 7.674239e-06 	 1.320296e+07 	
5.02752753e+06 	 7.669629e-06 	 1.320073e+07 	
5.02802803e+06 	 7.665022e-06 	 1.319850e+07 	
5.02852853e+06 	 7.660418e-06 	 1.319627e+07 	
5.02902903e+06 	 7.655816e-06 	 1.319404e+07 	
5.02952953e+06 	 7.651217e-06 	 1.319182e+07 	
5.03003003e+06 	 7.646621e-06 	 1.318959e+07 	
5.03053053e+06 	 7.642027e-06 	 1.318736e+07 	
5.03103103e+06 	 7.637436e-06 	 1.318514e+07 	
5.03153153e+06 	 7.632847e-06 	 1.318291e+07 	
5.03203203e+06 	 7.628261e-06 	 1.318068e+07 	
5.03253253e+06 	 7.623677e-06 	 1.317846e+07 	
5.03303303e+06 	 7.619097e-06 	 1.317624e+07 	
5.03353353e+06 	 7.614518e-06 	 1.317401e+07 	
5.03403403e+06 	 7.609943e-06 	 1.317179e+07 	
5.03453453e+06 	 7.605370e-06 	 1.316957e+07 	
5.03503504e+06 	 7.600800e-06 	 1.316734e+07 	
5.03553554e+06 	 7.596232e-06 	 1.316512e+07 	
5.03603604e+06 	 7.591667e-06 	 1.316290e+07 	
5.03653654e+06 	 7.587104e-06 	 1.316068e+07 	
5.03703704e+06 	 7.582544e-06 	 1.315846e+07 	
5.03753754e+06 	 7.577987e-06 	 1.315624e+07 	
5.03803804e+06 	 7.573432e-06 	 1.315402e+07 	
5.03853854e+06 	 7.568880e-06 	 1.315180e+07 	
5.03903904e+06 	 7.564330e-06 	 1.314959e+07 	
5.03953954e+06 	 7.559783e-06 	 1.314737e+07 	
5.04004004e+06 	 7.555239e-06 	 1.314515e+07 	
5.04054054e+06 	 7.550697e-06 	 1.314293e+07 	
5.04104104e+06 	 7.546157e-06 	 1.314072e+07 	
5.04154154e+06 	 7.541621e-06 	 1.313850e+07 	
5.04204204e+06 	 7.537087e-06 	 1.313629e+07 	
5.04254254e+06 	 7.532555e-06 	 1.313408e+07 	
5.04304304e+06 	 7.528026e-06 	 1.313186e+07 	
5.04354354e+06 	 7.523500e-06 	 1.312965e+07 	
5.04404404e+06 	 7.518976e-06 	 1.312744e+07 	
5.04454454e+06 	 7.514455e-06 	 1.312522e+07 	
5.04504505e+06 	 7.509936e-06 	 1.312301e+07 	
5.04554555e+06 	 7.505420e-06 	 1.312080e+07 	
5.04604605e+06 	 7.500906e-06 	 1.311859e+07 	
5.04654655e+06 	 7.496395e-06 	 1.311638e+07 	
5.04704705e+06 	 7.491887e-06 	 1.311417e+07 	
5.04754755e+06 	 7.487381e-06 	 1.311196e+07 	
5.04804805e+06 	 7.482878e-06 	 1.310976e+07 	
5.04854855e+06 	 7.478377e-06 	 1.310755e+07 	
5.04904905e+06 	 7.473879e-06 	 1.310534e+07 	
5.04954955e+06 	 7.469383e-06 	 1.310313e+07 	
5.05005005e+06 	 7.464890e-06 	 1.310093e+07 	
5.05055055e+06 	 7.460399e-06 	 1.309872e+07 	
5.05105105e+06 	 7.455912e-06 	 1.309652e+07 	
5.05155155e+06 	 7.451426e-06 	 1.309431e+07 	
5.05205205e+06 	 7.446943e-06 	 1.309211e+07 	
5.05255255e+06 	 7.442463e-06 	 1.308991e+07 	
5.05305305e+06 	 7.437985e-06 	 1.308770e+07 	
5.05355355e+06 	 7.433510e-06 	 1.308550e+07 	
5.05405405e+06 	 7.429037e-06 	 1.308330e+07 	
5.05455455e+06 	 7.424567e-06 	 1.308110e+07 	
5.05505506e+06 	 7.420099e-06 	 1.307890e+07 	
5.05555556e+06 	 7.415634e-06 	 1.307670e+07 	
5.05605606e+06 	 7.411172e-06 	 1.307450e+07 	
5.05655656e+06 	 7.406712e-06 	 1.307230e+07 	
5.05705706e+06 	 7.402254e-06 	 1.307010e+07 	
5.05755756e+06 	 7.397799e-06 	 1.306790e+07 	
5.05805806e+06 	 7.393346e-06 	 1.306570e+07 	
5.05855856e+06 	 7.388896e-06 	 1.306351e+07 	
5.05905906e+06 	 7.384449e-06 	 1.306131e+07 	
5.05955956e+06 	 7.380004e-06 	 1.305912e+07 	
5.06006006e+06 	 7.375561e-06 	 1.305692e+07 	
5.06056056e+06 	 7.371121e-06 	 1.305473e+07 	
5.06106106e+06 	 7.366684e-06 	 1.305253e+07 	
5.06156156e+06 	 7.362249e-06 	 1.305034e+07 	
5.06206206e+06 	 7.357817e-06 	 1.304814e+07 	
5.06256256e+06 	 7.353387e-06 	 1.304595e+07 	
5.06306306e+06 	 7.348959e-06 	 1.304376e+07 	
5.06356356e+06 	 7.344534e-06 	 1.304157e+07 	
5.06406406e+06 	 7.340112e-06 	 1.303938e+07 	
5.06456456e+06 	 7.335692e-06 	 1.303719e+07 	
5.06506507e+06 	 7.331274e-06 	 1.303500e+07 	
5.06556557e+06 	 7.326859e-06 	 1.303281e+07 	
5.06606607e+06 	 7.322447e-06 	 1.303062e+07 	
5.06656657e+06 	 7.318037e-06 	 1.302843e+07 	
5.06706707e+06 	 7.313629e-06 	 1.302624e+07 	
5.06756757e+06 	 7.309224e-06 	 1.302405e+07 	
5.06806807e+06 	 7.304821e-06 	 1.302187e+07 	
5.06856857e+06 	 7.300421e-06 	 1.301968e+07 	
5.06906907e+06 	 7.296024e-06 	 1.301749e+07 	
5.06956957e+06 	 7.291629e-06 	 1.301531e+07 	
5.07007007e+06 	 7.287236e-06 	 1.301312e+07 	
5.07057057e+06 	 7.282846e-06 	 1.301094e+07 	
5.07107107e+06 	 7.278458e-06 	 1.300876e+07 	
5.07157157e+06 	 7.274073e-06 	 1.300657e+07 	
5.07207207e+06 	 7.269690e-06 	 1.300439e+07 	
5.07257257e+06 	 7.265310e-06 	 1.300221e+07 	
5.07307307e+06 	 7.260932e-06 	 1.300003e+07 	
5.07357357e+06 	 7.256556e-06 	 1.299785e+07 	
5.07407407e+06 	 7.252184e-06 	 1.299567e+07 	
5.07457457e+06 	 7.247813e-06 	 1.299349e+07 	
5.07507508e+06 	 7.243445e-06 	 1.299131e+07 	
5.07557558e+06 	 7.239080e-06 	 1.298913e+07 	
5.07607608e+06 	 7.234717e-06 	 1.298695e+07 	
5.07657658e+06 	 7.230356e-06 	 1.298477e+07 	
5.07707708e+06 	 7.225998e-06 	 1.298259e+07 	
5.07757758e+06 	 7.221642e-06 	 1.298042e+07 	
5.07807808e+06 	 7.217289e-06 	 1.297824e+07 	
5.07857858e+06 	 7.212938e-06 	 1.297606e+07 	
5.07907908e+06 	 7.208590e-06 	 1.297389e+07 	
5.07957958e+06 	 7.204244e-06 	 1.297171e+07 	
5.08008008e+06 	 7.199900e-06 	 1.296954e+07 	
5.08058058e+06 	 7.195559e-06 	 1.296737e+07 	
5.08108108e+06 	 7.191220e-06 	 1.296519e+07 	
5.08158158e+06 	 7.186884e-06 	 1.296302e+07 	
5.08208208e+06 	 7.182551e-06 	 1.296085e+07 	
5.08258258e+06 	 7.178219e-06 	 1.295868e+07 	
5.08308308e+06 	 7.173890e-06 	 1.295651e+07 	
5.08358358e+06 	 7.169564e-06 	 1.295434e+07 	
5.08408408e+06 	 7.165240e-06 	 1.295217e+07 	
5.08458458e+06 	 7.160918e-06 	 1.295000e+07 	
5.08508509e+06 	 7.156599e-06 	 1.294783e+07 	
5.08558559e+06 	 7.152282e-06 	 1.294566e+07 	
5.08608609e+06 	 7.147968e-06 	 1.294349e+07 	
5.08658659e+06 	 7.143656e-06 	 1.294132e+07 	
5.08708709e+06 	 7.139347e-06 	 1.293916e+07 	
5.08758759e+06 	 7.135040e-06 	 1.293699e+07 	
5.08808809e+06 	 7.130735e-06 	 1.293482e+07 	
5.08858859e+06 	 7.126433e-06 	 1.293266e+07 	
5.08908909e+06 	 7.122133e-06 	 1.293049e+07 	
5.08958959e+06 	 7.117836e-06 	 1.292833e+07 	
5.09009009e+06 	 7.113541e-06 	 1.292617e+07 	
5.09059059e+06 	 7.109248e-06 	 1.292400e+07 	
5.09109109e+06 	 7.104958e-06 	 1.292184e+07 	
5.09159159e+06 	 7.100670e-06 	 1.291968e+07 	
5.09209209e+06 	 7.096385e-06 	 1.291752e+07 	
5.09259259e+06 	 7.092102e-06 	 1.291535e+07 	
5.09309309e+06 	 7.087821e-06 	 1.291319e+07 	
5.09359359e+06 	 7.083543e-06 	 1.291103e+07 	
5.09409409e+06 	 7.079267e-06 	 1.290887e+07 	
5.09459459e+06 	 7.074994e-06 	 1.290672e+07 	
5.09509510e+06 	 7.070723e-06 	 1.290456e+07 	
5.09559560e+06 	 7.066455e-06 	 1.290240e+07 	
5.09609610e+06 	 7.062188e-06 	 1.290024e+07 	
5.09659660e+06 	 7.057925e-06 	 1.289808e+07 	
5.09709710e+06 	 7.053663e-06 	 1.289593e+07 	
5.09759760e+06 	 7.049404e-06 	 1.289377e+07 	
5.09809810e+06 	 7.045147e-06 	 1.289162e+07 	
5.09859860e+06 	 7.040893e-06 	 1.288946e+07 	
5.09909910e+06 	 7.036641e-06 	 1.288731e+07 	
5.09959960e+06 	 7.032392e-06 	 1.288515e+07 	
5.10010010e+06 	 7.028145e-06 	 1.288300e+07 	
5.10060060e+06 	 7.023900e-06 	 1.288085e+07 	
5.10110110e+06 	 7.019658e-06 	 1.287869e+07 	
5.10160160e+06 	 7.015418e-06 	 1.287654e+07 	
5.10210210e+06 	 7.011180e-06 	 1.287439e+07 	
5.10260260e+06 	 7.006945e-06 	 1.287224e+07 	
5.10310310e+06 	 7.002712e-06 	 1.287009e+07 	
5.10360360e+06 	 6.998481e-06 	 1.286794e+07 	
5.10410410e+06 	 6.994253e-06 	 1.286579e+07 	
5.10460460e+06 	 6.990027e-06 	 1.286364e+07 	
5.10510511e+06 	 6.985804e-06 	 1.286149e+07 	
5.10560561e+06 	 6.981583e-06 	 1.285935e+07 	
5.10610611e+06 	 6.977364e-06 	 1.285720e+07 	
5.10660661e+06 	 6.973148e-06 	 1.285505e+07 	
5.10710711e+06 	 6.968934e-06 	 1.285291e+07 	
5.10760761e+06 	 6.964722e-06 	 1.285076e+07 	
5.10810811e+06 	 6.960513e-06 	 1.284862e+07 	
5.10860861e+06 	 6.956306e-06 	 1.284647e+07 	
5.10910911e+06 	 6.952101e-06 	 1.284433e+07 	
5.10960961e+06 	 6.947899e-06 	 1.284218e+07 	
5.11011011e+06 	 6.943699e-06 	 1.284004e+07 	
5.11061061e+06 	 6.939501e-06 	 1.283790e+07 	
5.11111111e+06 	 6.935306e-06 	 1.283576e+07 	
5.11161161e+06 	 6.931113e-06 	 1.283361e+07 	
5.11211211e+06 	 6.926922e-06 	 1.283147e+07 	
5.11261261e+06 	 6.922734e-06 	 1.282933e+07 	
5.11311311e+06 	 6.918548e-06 	 1.282719e+07 	
5.11361361e+06 	 6.914365e-06 	 1.282505e+07 	
5.11411411e+06 	 6.910183e-06 	 1.282291e+07 	
5.11461461e+06 	 6.906004e-06 	 1.282078e+07 	
5.11511512e+06 	 6.901828e-06 	 1.281864e+07 	
5.11561562e+06 	 6.897654e-06 	 1.281650e+07 	
5.11611612e+06 	 6.893482e-06 	 1.281436e+07 	
5.11661662e+06 	 6.889312e-06 	 1.281223e+07 	
5.11711712e+06 	 6.885145e-06 	 1.281009e+07 	
5.11761762e+06 	 6.880980e-06 	 1.280796e+07 	
5.11811812e+06 	 6.876817e-06 	 1.280582e+07 	
5.11861862e+06 	 6.872657e-06 	 1.280369e+07 	
5.11911912e+06 	 6.868499e-06 	 1.280155e+07 	
5.11961962e+06 	 6.864343e-06 	 1.279942e+07 	
5.12012012e+06 	 6.860189e-06 	 1.279729e+07 	
5.12062062e+06 	 6.856038e-06 	 1.279515e+07 	
5.12112112e+06 	 6.851890e-06 	 1.279302e+07 	
5.12162162e+06 	 6.847743e-06 	 1.279089e+07 	
5.12212212e+06 	 6.843599e-06 	 1.278876e+07 	
5.12262262e+06 	 6.839457e-06 	 1.278663e+07 	
5.12312312e+06 	 6.835317e-06 	 1.278450e+07 	
5.12362362e+06 	 6.831180e-06 	 1.278237e+07 	
5.12412412e+06 	 6.827045e-06 	 1.278024e+07 	
5.12462462e+06 	 6.822912e-06 	 1.277811e+07 	
5.12512513e+06 	 6.818782e-06 	 1.277599e+07 	
5.12562563e+06 	 6.814654e-06 	 1.277386e+07 	
5.12612613e+06 	 6.810528e-06 	 1.277173e+07 	
5.12662663e+06 	 6.806405e-06 	 1.276961e+07 	
5.12712713e+06 	 6.802283e-06 	 1.276748e+07 	
5.12762763e+06 	 6.798164e-06 	 1.276536e+07 	
5.12812813e+06 	 6.794048e-06 	 1.276323e+07 	
5.12862863e+06 	 6.789933e-06 	 1.276111e+07 	
5.12912913e+06 	 6.785821e-06 	 1.275898e+07 	
5.12962963e+06 	 6.781711e-06 	 1.275686e+07 	
5.13013013e+06 	 6.777604e-06 	 1.275474e+07 	
5.13063063e+06 	 6.773499e-06 	 1.275262e+07 	
5.13113113e+06 	 6.769396e-06 	 1.275049e+07 	
5.13163163e+06 	 6.765295e-06 	 1.274837e+07 	
5.13213213e+06 	 6.761196e-06 	 1.274625e+07 	
5.13263263e+06 	 6.757100e-06 	 1.274413e+07 	
5.13313313e+06 	 6.753006e-06 	 1.274201e+07 	
5.13363363e+06 	 6.748915e-06 	 1.273989e+07 	
5.13413413e+06 	 6.744825e-06 	 1.273777e+07 	
5.13463463e+06 	 6.740738e-06 	 1.273566e+07 	
5.13513514e+06 	 6.736653e-06 	 1.273354e+07 	
5.13563564e+06 	 6.732571e-06 	 1.273142e+07 	
5.13613614e+06 	 6.728490e-06 	 1.272931e+07 	
5.13663664e+06 	 6.724412e-06 	 1.272719e+07 	
5.13713714e+06 	 6.720336e-06 	 1.272507e+07 	
5.13763764e+06 	 6.716263e-06 	 1.272296e+07 	
5.13813814e+06 	 6.712191e-06 	 1.272084e+07 	
5.13863864e+06 	 6.708122e-06 	 1.271873e+07 	
5.13913914e+06 	 6.704056e-06 	 1.271662e+07 	
5.13963964e+06 	 6.699991e-06 	 1.271450e+07 	
5.14014014e+06 	 6.695929e-06 	 1.271239e+07 	
5.14064064e+06 	 6.691869e-06 	 1.271028e+07 	
5.14114114e+06 	 6.687811e-06 	 1.270817e+07 	
5.14164164e+06 	 6.683755e-06 	 1.270606e+07 	
5.14214214e+06 	 6.679702e-06 	 1.270395e+07 	
5.14264264e+06 	 6.675651e-06 	 1.270184e+07 	
5.14314314e+06 	 6.671602e-06 	 1.269973e+07 	
5.14364364e+06 	 6.667555e-06 	 1.269762e+07 	
5.14414414e+06 	 6.663510e-06 	 1.269551e+07 	
5.14464464e+06 	 6.659468e-06 	 1.269340e+07 	
5.14514515e+06 	 6.655428e-06 	 1.269129e+07 	
5.14564565e+06 	 6.651391e-06 	 1.268919e+07 	
5.14614615e+06 	 6.647355e-06 	 1.268708e+07 	
5.14664665e+06 	 6.643322e-06 	 1.268497e+07 	
5.14714715e+06 	 6.639291e-06 	 1.268287e+07 	
5.14764765e+06 	 6.635262e-06 	 1.268076e+07 	
5.14814815e+06 	 6.631235e-06 	 1.267866e+07 	
5.14864865e+06 	 6.627211e-06 	 1.267655e+07 	
5.14914915e+06 	 6.623188e-06 	 1.267445e+07 	
5.14964965e+06 	 6.619168e-06 	 1.267235e+07 	
5.15015015e+06 	 6.615151e-06 	 1.267025e+07 	
5.15065065e+06 	 6.611135e-06 	 1.266814e+07 	
5.15115115e+06 	 6.607122e-06 	 1.266604e+07 	
5.15165165e+06 	 6.603111e-06 	 1.266394e+07 	
5.15215215e+06 	 6.599102e-06 	 1.266184e+07 	
5.15265265e+06 	 6.595095e-06 	 1.265974e+07 	
5.15315315e+06 	 6.591091e-06 	 1.265764e+07 	
5.15365365e+06 	 6.587088e-06 	 1.265554e+07 	
5.15415415e+06 	 6.583088e-06 	 1.265344e+07 	
5.15465465e+06 	 6.579090e-06 	 1.265135e+07 	
5.15515516e+06 	 6.575095e-06 	 1.264925e+07 	
5.15565566e+06 	 6.571101e-06 	 1.264715e+07 	
5.15615616e+06 	 6.567110e-06 	 1.264506e+07 	
5.15665666e+06 	 6.563121e-06 	 1.264296e+07 	
5.15715716e+06 	 6.559134e-06 	 1.264086e+07 	
5.15765766e+06 	 6.555149e-06 	 1.263877e+07 	
5.15815816e+06 	 6.551166e-06 	 1.263667e+07 	
5.15865866e+06 	 6.547186e-06 	 1.263458e+07 	
5.15915916e+06 	 6.543208e-06 	 1.263249e+07 	
5.15965966e+06 	 6.539232e-06 	 1.263039e+07 	
5.16016016e+06 	 6.535258e-06 	 1.262830e+07 	
5.16066066e+06 	 6.531286e-06 	 1.262621e+07 	
5.16116116e+06 	 6.527317e-06 	 1.262412e+07 	
5.16166166e+06 	 6.523350e-06 	 1.262203e+07 	
5.16216216e+06 	 6.519384e-06 	 1.261994e+07 	
5.16266266e+06 	 6.515421e-06 	 1.261785e+07 	
5.16316316e+06 	 6.511461e-06 	 1.261576e+07 	
5.16366366e+06 	 6.507502e-06 	 1.261367e+07 	
5.16416416e+06 	 6.503546e-06 	 1.261158e+07 	
5.16466466e+06 	 6.499591e-06 	 1.260949e+07 	
5.16516517e+06 	 6.495639e-06 	 1.260740e+07 	
5.16566567e+06 	 6.491689e-06 	 1.260532e+07 	
5.16616617e+06 	 6.487741e-06 	 1.260323e+07 	
5.16666667e+06 	 6.483796e-06 	 1.260114e+07 	
5.16716717e+06 	 6.479852e-06 	 1.259906e+07 	
5.16766767e+06 	 6.475911e-06 	 1.259697e+07 	
5.16816817e+06 	 6.471972e-06 	 1.259489e+07 	
5.16866867e+06 	 6.468035e-06 	 1.259280e+07 	
5.16916917e+06 	 6.464100e-06 	 1.259072e+07 	
5.16966967e+06 	 6.460167e-06 	 1.258864e+07 	
5.17017017e+06 	 6.456237e-06 	 1.258656e+07 	
5.17067067e+06 	 6.452308e-06 	 1.258447e+07 	
5.17117117e+06 	 6.448382e-06 	 1.258239e+07 	
5.17167167e+06 	 6.444458e-06 	 1.258031e+07 	
5.17217217e+06 	 6.440536e-06 	 1.257823e+07 	
5.17267267e+06 	 6.436616e-06 	 1.257615e+07 	
5.17317317e+06 	 6.432699e-06 	 1.257407e+07 	
5.17367367e+06 	 6.428783e-06 	 1.257199e+07 	
5.17417417e+06 	 6.424870e-06 	 1.256991e+07 	
5.17467467e+06 	 6.420959e-06 	 1.256783e+07 	
5.17517518e+06 	 6.417049e-06 	 1.256576e+07 	
5.17567568e+06 	 6.413142e-06 	 1.256368e+07 	
5.17617618e+06 	 6.409238e-06 	 1.256160e+07 	
5.17667668e+06 	 6.405335e-06 	 1.255953e+07 	
5.17717718e+06 	 6.401434e-06 	 1.255745e+07 	
5.17767768e+06 	 6.397536e-06 	 1.255538e+07 	
5.17817818e+06 	 6.393640e-06 	 1.255330e+07 	
5.17867868e+06 	 6.389745e-06 	 1.255123e+07 	
5.17917918e+06 	 6.385853e-06 	 1.254915e+07 	
5.17967968e+06 	 6.381963e-06 	 1.254708e+07 	
5.18018018e+06 	 6.378076e-06 	 1.254501e+07 	
5.18068068e+06 	 6.374190e-06 	 1.254293e+07 	
5.18118118e+06 	 6.370306e-06 	 1.254086e+07 	
5.18168168e+06 	 6.366425e-06 	 1.253879e+07 	
5.18218218e+06 	 6.362546e-06 	 1.253672e+07 	
5.18268268e+06 	 6.358668e-06 	 1.253465e+07 	
5.18318318e+06 	 6.354793e-06 	 1.253258e+07 	
5.18368368e+06 	 6.350920e-06 	 1.253051e+07 	
5.18418418e+06 	 6.347049e-06 	 1.252844e+07 	
5.18468468e+06 	 6.343181e-06 	 1.252637e+07 	
5.18518519e+06 	 6.339314e-06 	 1.252431e+07 	
5.18568569e+06 	 6.335449e-06 	 1.252224e+07 	
5.18618619e+06 	 6.331587e-06 	 1.252017e+07 	
5.18668669e+06 	 6.327727e-06 	 1.251811e+07 	
5.18718719e+06 	 6.323868e-06 	 1.251604e+07 	
5.18768769e+06 	 6.320012e-06 	 1.251397e+07 	
5.18818819e+06 	 6.316158e-06 	 1.251191e+07 	
5.18868869e+06 	 6.312306e-06 	 1.250985e+07 	
5.18918919e+06 	 6.308456e-06 	 1.250778e+07 	
5.18968969e+06 	 6.304609e-06 	 1.250572e+07 	
5.19019019e+06 	 6.300763e-06 	 1.250365e+07 	
5.19069069e+06 	 6.296920e-06 	 1.250159e+07 	
5.19119119e+06 	 6.293078e-06 	 1.249953e+07 	
5.19169169e+06 	 6.289239e-06 	 1.249747e+07 	
5.19219219e+06 	 6.285401e-06 	 1.249541e+07 	
5.19269269e+06 	 6.281566e-06 	 1.249335e+07 	
5.19319319e+06 	 6.277733e-06 	 1.249129e+07 	
5.19369369e+06 	 6.273902e-06 	 1.248923e+07 	
5.19419419e+06 	 6.270073e-06 	 1.248717e+07 	
5.19469469e+06 	 6.266246e-06 	 1.248511e+07 	
5.19519520e+06 	 6.262421e-06 	 1.248305e+07 	
5.19569570e+06 	 6.258599e-06 	 1.248099e+07 	
5.19619620e+06 	 6.254778e-06 	 1.247894e+07 	
5.19669670e+06 	 6.250960e-06 	 1.247688e+07 	
5.19719720e+06 	 6.247143e-06 	 1.247482e+07 	
5.19769770e+06 	 6.243329e-06 	 1.247277e+07 	
5.19819820e+06 	 6.239516e-06 	 1.247071e+07 	
5.19869870e+06 	 6.235706e-06 	 1.246866e+07 	
5.19919920e+06 	 6.231898e-06 	 1.246660e+07 	
5.19969970e+06 	 6.228092e-06 	 1.246455e+07 	
5.20020020e+06 	 6.224288e-06 	 1.246250e+07 	
5.20070070e+06 	 6.220486e-06 	 1.246045e+07 	
5.20120120e+06 	 6.216686e-06 	 1.245839e+07 	
5.20170170e+06 	 6.212888e-06 	 1.245634e+07 	
5.20220220e+06 	 6.209092e-06 	 1.245429e+07 	
5.20270270e+06 	 6.205298e-06 	 1.245224e+07 	
5.20320320e+06 	 6.201507e-06 	 1.245019e+07 	
5.20370370e+06 	 6.197717e-06 	 1.244814e+07 	
5.20420420e+06 	 6.193929e-06 	 1.244609e+07 	
5.20470470e+06 	 6.190144e-06 	 1.244404e+07 	
5.20520521e+06 	 6.186360e-06 	 1.244199e+07 	
5.20570571e+06 	 6.182579e-06 	 1.243994e+07 	
5.20620621e+06 	 6.178800e-06 	 1.243790e+07 	
5.20670671e+06 	 6.175022e-06 	 1.243585e+07 	
5.20720721e+06 	 6.171247e-06 	 1.243380e+07 	
5.20770771e+06 	 6.167474e-06 	 1.243176e+07 	
5.20820821e+06 	 6.163703e-06 	 1.242971e+07 	
5.20870871e+06 	 6.159933e-06 	 1.242767e+07 	
5.20920921e+06 	 6.156166e-06 	 1.242562e+07 	
5.20970971e+06 	 6.152401e-06 	 1.242358e+07 	
5.21021021e+06 	 6.148638e-06 	 1.242153e+07 	
5.21071071e+06 	 6.144877e-06 	 1.241949e+07 	
5.21121121e+06 	 6.141118e-06 	 1.241745e+07 	
5.21171171e+06 	 6.137361e-06 	 1.241541e+07 	
5.21221221e+06 	 6.133606e-06 	 1.241336e+07 	
5.21271271e+06 	 6.129853e-06 	 1.241132e+07 	
5.21321321e+06 	 6.126103e-06 	 1.240928e+07 	
5.21371371e+06 	 6.122354e-06 	 1.240724e+07 	
5.21421421e+06 	 6.118607e-06 	 1.240520e+07 	
5.21471471e+06 	 6.114862e-06 	 1.240316e+07 	
5.21521522e+06 	 6.111119e-06 	 1.240112e+07 	
5.21571572e+06 	 6.107379e-06 	 1.239909e+07 	
5.21621622e+06 	 6.103640e-06 	 1.239705e+07 	
5.21671672e+06 	 6.099903e-06 	 1.239501e+07 	
5.21721722e+06 	 6.096169e-06 	 1.239297e+07 	
5.21771772e+06 	 6.092436e-06 	 1.239094e+07 	
5.21821822e+06 	 6.088705e-06 	 1.238890e+07 	
5.21871872e+06 	 6.084977e-06 	 1.238687e+07 	
5.21921922e+06 	 6.081250e-06 	 1.238483e+07 	
5.21971972e+06 	 6.077526e-06 	 1.238280e+07 	
5.22022022e+06 	 6.073803e-06 	 1.238076e+07 	
5.22072072e+06 	 6.070082e-06 	 1.237873e+07 	
5.22122122e+06 	 6.066364e-06 	 1.237670e+07 	
5.22172172e+06 	 6.062647e-06 	 1.237466e+07 	
5.22222222e+06 	 6.058933e-06 	 1.237263e+07 	
5.22272272e+06 	 6.055220e-06 	 1.237060e+07 	
5.22322322e+06 	 6.051510e-06 	 1.236857e+07 	
5.22372372e+06 	 6.047801e-06 	 1.236654e+07 	
5.22422422e+06 	 6.044094e-06 	 1.236451e+07 	
5.22472472e+06 	 6.040390e-06 	 1.236248e+07 	
5.22522523e+06 	 6.036687e-06 	 1.236045e+07 	
5.22572573e+06 	 6.032987e-06 	 1.235842e+07 	
5.22622623e+06 	 6.029288e-06 	 1.235639e+07 	
5.22672673e+06 	 6.025591e-06 	 1.235437e+07 	
5.22722723e+06 	 6.021897e-06 	 1.235234e+07 	
5.22772773e+06 	 6.018204e-06 	 1.235031e+07 	
5.22822823e+06 	 6.014514e-06 	 1.234828e+07 	
5.22872873e+06 	 6.010825e-06 	 1.234626e+07 	
5.22922923e+06 	 6.007138e-06 	 1.234423e+07 	
5.22972973e+06 	 6.003453e-06 	 1.234221e+07 	
5.23023023e+06 	 5.999771e-06 	 1.234018e+07 	
5.23073073e+06 	 5.996090e-06 	 1.233816e+07 	
5.23123123e+06 	 5.992411e-06 	 1.233614e+07 	
5.23173173e+06 	 5.988734e-06 	 1.233411e+07 	
5.23223223e+06 	 5.985060e-06 	 1.233209e+07 	
5.23273273e+06 	 5.981387e-06 	 1.233007e+07 	
5.23323323e+06 	 5.977716e-06 	 1.232805e+07 	
5.23373373e+06 	 5.974047e-06 	 1.232603e+07 	
5.23423423e+06 	 5.970380e-06 	 1.232401e+07 	
5.23473473e+06 	 5.966715e-06 	 1.232198e+07 	
5.23523524e+06 	 5.963052e-06 	 1.231997e+07 	
5.23573574e+06 	 5.959391e-06 	 1.231795e+07 	
5.23623624e+06 	 5.955732e-06 	 1.231593e+07 	
5.23673674e+06 	 5.952075e-06 	 1.231391e+07 	
5.23723724e+06 	 5.948420e-06 	 1.231189e+07 	
5.23773774e+06 	 5.944767e-06 	 1.230987e+07 	
5.23823824e+06 	 5.941115e-06 	 1.230786e+07 	
5.23873874e+06 	 5.937466e-06 	 1.230584e+07 	
5.23923924e+06 	 5.933819e-06 	 1.230382e+07 	
5.23973974e+06 	 5.930174e-06 	 1.230181e+07 	
5.24024024e+06 	 5.926530e-06 	 1.229979e+07 	
5.24074074e+06 	 5.922889e-06 	 1.229778e+07 	
5.24124124e+06 	 5.919249e-06 	 1.229577e+07 	
5.24174174e+06 	 5.915612e-06 	 1.229375e+07 	
5.24224224e+06 	 5.911976e-06 	 1.229174e+07 	
5.24274274e+06 	 5.908342e-06 	 1.228973e+07 	
5.24324324e+06 	 5.904711e-06 	 1.228771e+07 	
5.24374374e+06 	 5.901081e-06 	 1.228570e+07 	
5.24424424e+06 	 5.897453e-06 	 1.228369e+07 	
5.24474474e+06 	 5.893827e-06 	 1.228168e+07 	
5.24524525e+06 	 5.890203e-06 	 1.227967e+07 	
5.24574575e+06 	 5.886581e-06 	 1.227766e+07 	
5.24624625e+06 	 5.882961e-06 	 1.227565e+07 	
5.24674675e+06 	 5.879343e-06 	 1.227364e+07 	
5.24724725e+06 	 5.875727e-06 	 1.227163e+07 	
5.24774775e+06 	 5.872112e-06 	 1.226963e+07 	
5.24824825e+06 	 5.868500e-06 	 1.226762e+07 	
5.24874875e+06 	 5.864889e-06 	 1.226561e+07 	
5.24924925e+06 	 5.861281e-06 	 1.226360e+07 	
5.24974975e+06 	 5.857674e-06 	 1.226160e+07 	
5.25025025e+06 	 5.854070e-06 	 1.225959e+07 	
5.25075075e+06 	 5.850467e-06 	 1.225759e+07 	
5.25125125e+06 	 5.846866e-06 	 1.225558e+07 	
5.25175175e+06 	 5.843267e-06 	 1.225358e+07 	
5.25225225e+06 	 5.839670e-06 	 1.225158e+07 	
5.25275275e+06 	 5.836075e-06 	 1.224957e+07 	
5.25325325e+06 	 5.832482e-06 	 1.224757e+07 	
5.25375375e+06 	 5.828891e-06 	 1.224557e+07 	
5.25425425e+06 	 5.825302e-06 	 1.224357e+07 	
5.25475475e+06 	 5.821715e-06 	 1.224156e+07 	
5.25525526e+06 	 5.818129e-06 	 1.223956e+07 	
5.25575576e+06 	 5.814546e-06 	 1.223756e+07 	
5.25625626e+06 	 5.810964e-06 	 1.223556e+07 	
5.25675676e+06 	 5.807384e-06 	 1.223356e+07 	
5.25725726e+06 	 5.803806e-06 	 1.223156e+07 	
5.25775776e+06 	 5.800230e-06 	 1.222957e+07 	
5.25825826e+06 	 5.796656e-06 	 1.222757e+07 	
5.25875876e+06 	 5.793084e-06 	 1.222557e+07 	
5.25925926e+06 	 5.789514e-06 	 1.222357e+07 	
5.25975976e+06 	 5.785946e-06 	 1.222158e+07 	
5.26026026e+06 	 5.782379e-06 	 1.221958e+07 	
5.26076076e+06 	 5.778815e-06 	 1.221758e+07 	
5.26126126e+06 	 5.775252e-06 	 1.221559e+07 	
5.26176176e+06 	 5.771691e-06 	 1.221359e+07 	
5.26226226e+06 	 5.768133e-06 	 1.221160e+07 	
5.26276276e+06 	 5.764576e-06 	 1.220961e+07 	
5.26326326e+06 	 5.761020e-06 	 1.220761e+07 	
5.26376376e+06 	 5.757467e-06 	 1.220562e+07 	
5.26426426e+06 	 5.753916e-06 	 1.220363e+07 	
5.26476476e+06 	 5.750367e-06 	 1.220163e+07 	
5.26526527e+06 	 5.746819e-06 	 1.219964e+07 	
5.26576577e+06 	 5.743273e-06 	 1.219765e+07 	
5.26626627e+06 	 5.739730e-06 	 1.219566e+07 	
5.26676677e+06 	 5.736188e-06 	 1.219367e+07 	
5.26726727e+06 	 5.732648e-06 	 1.219168e+07 	
5.26776777e+06 	 5.729110e-06 	 1.218969e+07 	
5.26826827e+06 	 5.725573e-06 	 1.218770e+07 	
5.26876877e+06 	 5.722039e-06 	 1.218571e+07 	
5.26926927e+06 	 5.718506e-06 	 1.218373e+07 	
5.26976977e+06 	 5.714976e-06 	 1.218174e+07 	
5.27027027e+06 	 5.711447e-06 	 1.217975e+07 	
5.27077077e+06 	 5.707920e-06 	 1.217777e+07 	
5.27127127e+06 	 5.704395e-06 	 1.217578e+07 	
5.27177177e+06 	 5.700872e-06 	 1.217379e+07 	
5.27227227e+06 	 5.697351e-06 	 1.217181e+07 	
5.27277277e+06 	 5.693831e-06 	 1.216982e+07 	
5.27327327e+06 	 5.690314e-06 	 1.216784e+07 	
5.27377377e+06 	 5.686798e-06 	 1.216586e+07 	
5.27427427e+06 	 5.683284e-06 	 1.216387e+07 	
5.27477477e+06 	 5.679772e-06 	 1.216189e+07 	
5.27527528e+06 	 5.676262e-06 	 1.215991e+07 	
5.27577578e+06 	 5.672754e-06 	 1.215793e+07 	
5.27627628e+06 	 5.669247e-06 	 1.215594e+07 	
5.27677678e+06 	 5.665743e-06 	 1.215396e+07 	
5.27727728e+06 	 5.662240e-06 	 1.215198e+07 	
5.27777778e+06 	 5.658739e-06 	 1.215000e+07 	
5.27827828e+06 	 5.655240e-06 	 1.214802e+07 	
5.27877878e+06 	 5.651743e-06 	 1.214604e+07 	
5.27927928e+06 	 5.648248e-06 	 1.214407e+07 	
5.27977978e+06 	 5.644754e-06 	 1.214209e+07 	
5.28028028e+06 	 5.641263e-06 	 1.214011e+07 	
5.28078078e+06 	 5.637773e-06 	 1.213813e+07 	
5.28128128e+06 	 5.634285e-06 	 1.213616e+07 	
5.28178178e+06 	 5.630799e-06 	 1.213418e+07 	
5.28228228e+06 	 5.627315e-06 	 1.213220e+07 	
5.28278278e+06 	 5.623832e-06 	 1.213023e+07 	
5.28328328e+06 	 5.620352e-06 	 1.212825e+07 	
5.28378378e+06 	 5.616873e-06 	 1.212628e+07 	
5.28428428e+06 	 5.613396e-06 	 1.212431e+07 	
5.28478478e+06 	 5.609921e-06 	 1.212233e+07 	
5.28528529e+06 	 5.606448e-06 	 1.212036e+07 	
5.28578579e+06 	 5.602977e-06 	 1.211839e+07 	
5.28628629e+06 	 5.599507e-06 	 1.211641e+07 	
5.28678679e+06 	 5.596039e-06 	 1.211444e+07 	
5.28728729e+06 	 5.592574e-06 	 1.211247e+07 	
5.28778779e+06 	 5.589110e-06 	 1.211050e+07 	
5.28828829e+06 	 5.585647e-06 	 1.210853e+07 	
5.28878879e+06 	 5.582187e-06 	 1.210656e+07 	
5.28928929e+06 	 5.578728e-06 	 1.210459e+07 	
5.28978979e+06 	 5.575272e-06 	 1.210262e+07 	
5.29029029e+06 	 5.571817e-06 	 1.210065e+07 	
5.29079079e+06 	 5.568364e-06 	 1.209868e+07 	
5.29129129e+06 	 5.564912e-06 	 1.209672e+07 	
5.29179179e+06 	 5.561463e-06 	 1.209475e+07 	
5.29229229e+06 	 5.558015e-06 	 1.209278e+07 	
5.29279279e+06 	 5.554569e-06 	 1.209082e+07 	
5.29329329e+06 	 5.551125e-06 	 1.208885e+07 	
5.29379379e+06 	 5.547683e-06 	 1.208689e+07 	
5.29429429e+06 	 5.544243e-06 	 1.208492e+07 	
5.29479479e+06 	 5.540804e-06 	 1.208296e+07 	
5.29529530e+06 	 5.537367e-06 	 1.208099e+07 	
5.29579580e+06 	 5.533932e-06 	 1.207903e+07 	
5.29629630e+06 	 5.530499e-06 	 1.207707e+07 	
5.29679680e+06 	 5.527068e-06 	 1.207510e+07 	
5.29729730e+06 	 5.523638e-06 	 1.207314e+07 	
5.29779780e+06 	 5.520211e-06 	 1.207118e+07 	
5.29829830e+06 	 5.516785e-06 	 1.206922e+07 	
5.29879880e+06 	 5.513360e-06 	 1.206726e+07 	
5.29929930e+06 	 5.509938e-06 	 1.206530e+07 	
5.29979980e+06 	 5.506518e-06 	 1.206334e+07 	
5.30030030e+06 	 5.503099e-06 	 1.206138e+07 	
5.30080080e+06 	 5.499682e-06 	 1.205942e+07 	
5.30130130e+06 	 5.496267e-06 	 1.205746e+07 	
5.30180180e+06 	 5.492853e-06 	 1.205550e+07 	
5.30230230e+06 	 5.489442e-06 	 1.205354e+07 	
5.30280280e+06 	 5.486032e-06 	 1.205159e+07 	
5.30330330e+06 	 5.482624e-06 	 1.204963e+07 	
5.30380380e+06 	 5.479218e-06 	 1.204767e+07 	
5.30430430e+06 	 5.475813e-06 	 1.204572e+07 	
5.30480480e+06 	 5.472411e-06 	 1.204376e+07 	
5.30530531e+06 	 5.469010e-06 	 1.204181e+07 	
5.30580581e+06 	 5.465611e-06 	 1.203985e+07 	
5.30630631e+06 	 5.462214e-06 	 1.203790e+07 	
5.30680681e+06 	 5.458818e-06 	 1.203595e+07 	
5.30730731e+06 	 5.455424e-06 	 1.203399e+07 	
5.30780781e+06 	 5.452032e-06 	 1.203204e+07 	
5.30830831e+06 	 5.448642e-06 	 1.203009e+07 	
5.30880881e+06 	 5.445254e-06 	 1.202814e+07 	
5.30930931e+06 	 5.441867e-06 	 1.202618e+07 	
5.30980981e+06 	 5.438483e-06 	 1.202423e+07 	
5.31031031e+06 	 5.435099e-06 	 1.202228e+07 	
5.31081081e+06 	 5.431718e-06 	 1.202033e+07 	
5.31131131e+06 	 5.428339e-06 	 1.201838e+07 	
5.31181181e+06 	 5.424961e-06 	 1.201643e+07 	
5.31231231e+06 	 5.421585e-06 	 1.201449e+07 	
5.31281281e+06 	 5.418211e-06 	 1.201254e+07 	
5.31331331e+06 	 5.414838e-06 	 1.201059e+07 	
5.31381381e+06 	 5.411468e-06 	 1.200864e+07 	
5.31431431e+06 	 5.408099e-06 	 1.200670e+07 	
5.31481481e+06 	 5.404731e-06 	 1.200475e+07 	
5.31531532e+06 	 5.401366e-06 	 1.200280e+07 	
5.31581582e+06 	 5.398002e-06 	 1.200086e+07 	
5.31631632e+06 	 5.394640e-06 	 1.199891e+07 	
5.31681682e+06 	 5.391280e-06 	 1.199697e+07 	
5.31731732e+06 	 5.387922e-06 	 1.199503e+07 	
5.31781782e+06 	 5.384565e-06 	 1.199308e+07 	
5.31831832e+06 	 5.381210e-06 	 1.199114e+07 	
5.31881882e+06 	 5.377857e-06 	 1.198920e+07 	
5.31931932e+06 	 5.374506e-06 	 1.198725e+07 	
5.31981982e+06 	 5.371426e-06 	 1.198530e+07 	
5.32032032e+06 	 5.368079e-06 	 1.198335e+07 	
5.32082082e+06 	 5.364735e-06 	 1.198141e+07 	
5.32132132e+06 	 5.361392e-06 	 1.197947e+07 	
5.32182182e+06 	 5.358051e-06 	 1.197753e+07 	
5.32232232e+06 	 5.354712e-06 	 1.197559e+07 	
5.32282282e+06 	 5.351375e-06 	 1.197365e+07 	
5.32332332e+06 	 5.348039e-06 	 1.197171e+07 	
5.32382382e+06 	 5.344705e-06 	 1.196978e+07 	
5.32432432e+06 	 5.341373e-06 	 1.196784e+07 	
5.32482482e+06 	 5.338042e-06 	 1.196590e+07 	
5.32532533e+06 	 5.334714e-06 	 1.196396e+07 	
5.32582583e+06 	 5.331387e-06 	 1.196203e+07 	
5.32632633e+06 	 5.328061e-06 	 1.196009e+07 	
5.32682683e+06 	 5.324738e-06 	 1.195816e+07 	
5.32732733e+06 	 5.321416e-06 	 1.195622e+07 	
5.32782783e+06 	 5.318096e-06 	 1.195429e+07 	
5.32832833e+06 	 5.314778e-06 	 1.195235e+07 	
5.32882883e+06 	 5.311461e-06 	 1.195042e+07 	
5.32932933e+06 	 5.308147e-06 	 1.194848e+07 	
5.32982983e+06 	 5.304833e-06 	 1.194655e+07 	
5.33033033e+06 	 5.301522e-06 	 1.194462e+07 	
5.33083083e+06 	 5.298213e-06 	 1.194269e+07 	
5.33133133e+06 	 5.294905e-06 	 1.194075e+07 	
5.33183183e+06 	 5.291599e-06 	 1.193882e+07 	
5.33233233e+06 	 5.288294e-06 	 1.193689e+07 	
5.33283283e+06 	 5.284991e-06 	 1.193496e+07 	
5.33333333e+06 	 5.281691e-06 	 1.193303e+07 	
5.33383383e+06 	 5.278391e-06 	 1.193110e+07 	
5.33433433e+06 	 5.275094e-06 	 1.192917e+07 	
5.33483483e+06 	 5.271798e-06 	 1.192725e+07 	
5.33533534e+06 	 5.268504e-06 	 1.192532e+07 	
5.33583584e+06 	 5.265212e-06 	 1.192339e+07 	
5.33633634e+06 	 5.261921e-06 	 1.192146e+07 	
5.33683684e+06 	 5.258632e-06 	 1.191954e+07 	
5.33733734e+06 	 5.255345e-06 	 1.191761e+07 	
5.33783784e+06 	 5.252060e-06 	 1.191568e+07 	
5.33833834e+06 	 5.248776e-06 	 1.191376e+07 	
5.33883884e+06 	 5.245494e-06 	 1.191183e+07 	
5.33933934e+06 	 5.242213e-06 	 1.190991e+07 	
5.33983984e+06 	 5.238935e-06 	 1.190798e+07 	
5.34034034e+06 	 5.235658e-06 	 1.190606e+07 	
5.34084084e+06 	 5.232383e-06 	 1.190414e+07 	
5.34134134e+06 	 5.229109e-06 	 1.190221e+07 	
5.34184184e+06 	 5.225838e-06 	 1.190029e+07 	
5.34234234e+06 	 5.222568e-06 	 1.189837e+07 	
5.34284284e+06 	 5.219299e-06 	 1.189645e+07 	
5.34334334e+06 	 5.216033e-06 	 1.189453e+07 	
5.34384384e+06 	 5.212768e-06 	 1.189261e+07 	
5.34434434e+06 	 5.209504e-06 	 1.189069e+07 	
5.34484484e+06 	 5.206243e-06 	 1.188877e+07 	
5.34534535e+06 	 5.202983e-06 	 1.188685e+07 	
5.34584585e+06 	 5.199725e-06 	 1.188493e+07 	
5.34634635e+06 	 5.196468e-06 	 1.188301e+07 	
5.34684685e+06 	 5.193214e-06 	 1.188109e+07 	
5.34734735e+06 	 5.189961e-06 	 1.187918e+07 	
5.34784785e+06 	 5.186709e-06 	 1.187726e+07 	
5.34834835e+06 	 5.183460e-06 	 1.187534e+07 	
5.34884885e+06 	 5.180212e-06 	 1.187343e+07 	
5.34934935e+06 	 5.176965e-06 	 1.187151e+07 	
5.34984985e+06 	 5.173721e-06 	 1.186959e+07 	
5.35035035e+06 	 5.170478e-06 	 1.186768e+07 	
5.35085085e+06 	 5.167237e-06 	 1.186576e+07 	
5.35135135e+06 	 5.163997e-06 	 1.186385e+07 	
5.35185185e+06 	 5.160759e-06 	 1.186194e+07 	
5.35235235e+06 	 5.157523e-06 	 1.186002e+07 	
5.35285285e+06 	 5.154289e-06 	 1.185811e+07 	
5.35335335e+06 	 5.151056e-06 	 1.185620e+07 	
5.35385385e+06 	 5.147825e-06 	 1.185429e+07 	
5.35435435e+06 	 5.144596e-06 	 1.185238e+07 	
5.35485485e+06 	 5.141368e-06 	 1.185047e+07 	
5.35535536e+06 	 5.138142e-06 	 1.184855e+07 	
5.35585586e+06 	 5.134917e-06 	 1.184664e+07 	
5.35635636e+06 	 5.131695e-06 	 1.184474e+07 	
5.35685686e+06 	 5.128474e-06 	 1.184283e+07 	
5.35735736e+06 	 5.125254e-06 	 1.184092e+07 	
5.35785786e+06 	 5.122037e-06 	 1.183901e+07 	
5.35835836e+06 	 5.118821e-06 	 1.183710e+07 	
5.35885886e+06 	 5.115606e-06 	 1.183519e+07 	
5.35935936e+06 	 5.112394e-06 	 1.183329e+07 	
5.35985986e+06 	 5.109183e-06 	 1.183138e+07 	
5.36036036e+06 	 5.105973e-06 	 1.182947e+07 	
5.36086086e+06 	 5.102766e-06 	 1.182757e+07 	
5.36136136e+06 	 5.099560e-06 	 1.182566e+07 	
5.36186186e+06 	 5.096355e-06 	 1.182376e+07 	
5.36236236e+06 	 5.093153e-06 	 1.182185e+07 	
5.36286286e+06 	 5.089952e-06 	 1.181995e+07 	
5.36336336e+06 	 5.086752e-06 	 1.181805e+07 	
5.36386386e+06 	 5.083555e-06 	 1.181614e+07 	
5.36436436e+06 	 5.080359e-06 	 1.181424e+07 	
5.36486486e+06 	 5.077164e-06 	 1.181234e+07 	
5.36536537e+06 	 5.073972e-06 	 1.181044e+07 	
5.36586587e+06 	 5.070781e-06 	 1.180854e+07 	
5.36636637e+06 	 5.067591e-06 	 1.180663e+07 	
5.36686687e+06 	 5.064404e-06 	 1.180473e+07 	
5.36736737e+06 	 5.061217e-06 	 1.180283e+07 	
5.36786787e+06 	 5.058033e-06 	 1.180093e+07 	
5.36836837e+06 	 5.054850e-06 	 1.179904e+07 	
5.36886887e+06 	 5.051669e-06 	 1.179714e+07 	
5.36936937e+06 	 5.048490e-06 	 1.179524e+07 	
5.36986987e+06 	 5.045312e-06 	 1.179334e+07 	
5.37037037e+06 	 5.042136e-06 	 1.179144e+07 	
5.37087087e+06 	 5.038961e-06 	 1.178955e+07 	
5.37137137e+06 	 5.035535e-06 	 1.178766e+07 	
5.37187187e+06 	 5.032362e-06 	 1.178577e+07 	
5.37237237e+06 	 5.029191e-06 	 1.178387e+07 	
5.37287287e+06 	 5.026022e-06 	 1.178198e+07 	
5.37337337e+06 	 5.022854e-06 	 1.178008e+07 	
5.37387387e+06 	 5.019688e-06 	 1.177819e+07 	
5.37437437e+06 	 5.016523e-06 	 1.177630e+07 	
5.37487487e+06 	 5.013360e-06 	 1.177440e+07 	
5.37537538e+06 	 5.010199e-06 	 1.177251e+07 	
5.37587588e+06 	 5.007039e-06 	 1.177062e+07 	
5.37637638e+06 	 5.003881e-06 	 1.176872e+07 	
5.37687688e+06 	 5.000724e-06 	 1.176683e+07 	
5.37737738e+06 	 4.997569e-06 	 1.176494e+07 	
5.37787788e+06 	 4.994416e-06 	 1.176305e+07 	
5.37837838e+06 	 4.991264e-06 	 1.176116e+07 	
5.37887888e+06 	 4.988114e-06 	 1.175927e+07 	
5.37937938e+06 	 4.984966e-06 	 1.175738e+07 	
5.37987988e+06 	 4.981819e-06 	 1.175549e+07 	
5.38038038e+06 	 4.978674e-06 	 1.175360e+07 	
5.38088088e+06 	 4.975530e-06 	 1.175171e+07 	
5.38138138e+06 	 4.972388e-06 	 1.174983e+07 	
5.38188188e+06 	 4.969248e-06 	 1.174794e+07 	
5.38238238e+06 	 4.966109e-06 	 1.174605e+07 	
5.38288288e+06 	 4.962972e-06 	 1.174417e+07 	
5.38338338e+06 	 4.959837e-06 	 1.174228e+07 	
5.38388388e+06 	 4.956703e-06 	 1.174039e+07 	
5.38438438e+06 	 4.953570e-06 	 1.173851e+07 	
5.38488488e+06 	 4.950440e-06 	 1.173662e+07 	
5.38538539e+06 	 4.947311e-06 	 1.173474e+07 	
5.38588589e+06 	 4.944183e-06 	 1.173286e+07 	
5.38638639e+06 	 4.941057e-06 	 1.173097e+07 	
5.38688689e+06 	 4.937933e-06 	 1.172909e+07 	
5.38738739e+06 	 4.934810e-06 	 1.172721e+07 	
5.38788789e+06 	 4.931689e-06 	 1.172532e+07 	
5.38838839e+06 	 4.928570e-06 	 1.172344e+07 	
5.38888889e+06 	 4.925452e-06 	 1.172156e+07 	
5.38938939e+06 	 4.922336e-06 	 1.171968e+07 	
5.38988989e+06 	 4.919221e-06 	 1.171780e+07 	
5.39039039e+06 	 4.916108e-06 	 1.171592e+07 	
5.39089089e+06 	 4.912996e-06 	 1.171404e+07 	
5.39139139e+06 	 4.909887e-06 	 1.171216e+07 	
5.39189189e+06 	 4.906778e-06 	 1.171028e+07 	
5.39239239e+06 	 4.903672e-06 	 1.170840e+07 	
5.39289289e+06 	 4.900566e-06 	 1.170653e+07 	
5.39339339e+06 	 4.897463e-06 	 1.170465e+07 	
5.39389389e+06 	 4.894361e-06 	 1.170277e+07 	
5.39439439e+06 	 4.891261e-06 	 1.170089e+07 	
5.39489489e+06 	 4.888162e-06 	 1.169902e+07 	
5.39539540e+06 	 4.885065e-06 	 1.169714e+07 	
5.39589590e+06 	 4.881969e-06 	 1.169527e+07 	
5.39639640e+06 	 4.878875e-06 	 1.169339e+07 	
5.39689690e+06 	 4.875783e-06 	 1.169152e+07 	
5.39739740e+06 	 4.872692e-06 	 1.168964e+07 	
5.39789790e+06 	 4.869602e-06 	 1.168777e+07 	
5.39839840e+06 	 4.866515e-06 	 1.168590e+07 	
5.39889890e+06 	 4.863429e-06 	 1.168402e+07 	
5.39939940e+06 	 4.860344e-06 	 1.168215e+07 	
5.39989990e+06 	 4.857261e-06 	 1.168028e+07 	
5.40040040e+06 	 4.854180e-06 	 1.167841e+07 	
5.40090090e+06 	 4.851100e-06 	 1.167654e+07 	
5.40140140e+06 	 4.848022e-06 	 1.167467e+07 	
5.40190190e+06 	 4.844945e-06 	 1.167280e+07 	
5.40240240e+06 	 4.841870e-06 	 1.167093e+07 	
5.40290290e+06 	 4.838796e-06 	 1.166906e+07 	
5.40340340e+06 	 4.835724e-06 	 1.166719e+07 	
5.40390390e+06 	 4.832654e-06 	 1.166532e+07 	
5.40440440e+06 	 4.829585e-06 	 1.166345e+07 	
5.40490490e+06 	 4.826518e-06 	 1.166158e+07 	
5.40540541e+06 	 4.823452e-06 	 1.165972e+07 	
5.40590591e+06 	 4.820388e-06 	 1.165785e+07 	
5.40640641e+06 	 4.817326e-06 	 1.165598e+07 	
5.40690691e+06 	 4.814265e-06 	 1.165412e+07 	
5.40740741e+06 	 4.811205e-06 	 1.165225e+07 	
5.40790791e+06 	 4.808147e-06 	 1.165039e+07 	
5.40840841e+06 	 4.805091e-06 	 1.164852e+07 	
5.40890891e+06 	 4.802036e-06 	 1.164666e+07 	
5.40940941e+06 	 4.798983e-06 	 1.164479e+07 	
5.40990991e+06 	 4.795931e-06 	 1.164293e+07 	
5.41041041e+06 	 4.792881e-06 	 1.164107e+07 	
5.41091091e+06 	 4.789832e-06 	 1.163920e+07 	
5.41141141e+06 	 4.786785e-06 	 1.163734e+07 	
5.41191191e+06 	 4.783740e-06 	 1.163548e+07 	
5.41241241e+06 	 4.780696e-06 	 1.163362e+07 	
5.41291291e+06 	 4.777654e-06 	 1.163176e+07 	
5.41341341e+06 	 4.774613e-06 	 1.162990e+07 	
5.41391391e+06 	 4.771574e-06 	 1.162804e+07 	
5.41441441e+06 	 4.768536e-06 	 1.162618e+07 	
5.41491491e+06 	 4.765500e-06 	 1.162432e+07 	
5.41541542e+06 	 4.762465e-06 	 1.162246e+07 	
5.41591592e+06 	 4.759432e-06 	 1.162060e+07 	
5.41641642e+06 	 4.756401e-06 	 1.161874e+07 	
5.41691692e+06 	 4.753371e-06 	 1.161689e+07 	
5.41741742e+06 	 4.750342e-06 	 1.161503e+07 	
5.41791792e+06 	 4.747315e-06 	 1.161317e+07 	
5.41841842e+06 	 4.744290e-06 	 1.161132e+07 	
5.41891892e+06 	 4.741266e-06 	 1.160946e+07 	
5.41941942e+06 	 4.738244e-06 	 1.160761e+07 	
5.41991992e+06 	 4.735223e-06 	 1.160575e+07 	
5.42042042e+06 	 4.732204e-06 	 1.160390e+07 	
5.42092092e+06 	 4.729186e-06 	 1.160204e+07 	
5.42142142e+06 	 4.726170e-06 	 1.160019e+07 	
5.42192192e+06 	 4.723155e-06 	 1.159833e+07 	
5.42242242e+06 	 4.720142e-06 	 1.159648e+07 	
5.42292292e+06 	 4.716894e-06 	 1.159464e+07 	
5.42342342e+06 	 4.713882e-06 	 1.159279e+07 	
5.42392392e+06 	 4.710872e-06 	 1.159094e+07 	
5.42442442e+06 	 4.707864e-06 	 1.158909e+07 	
5.42492492e+06 	 4.704857e-06 	 1.158724e+07 	
5.42542543e+06 	 4.701852e-06 	 1.158539e+07 	
5.42592593e+06 	 4.698848e-06 	 1.158354e+07 	
5.42642643e+06 	 4.695845e-06 	 1.158169e+07 	
5.42692693e+06 	 4.692844e-06 	 1.157984e+07 	
5.42742743e+06 	 4.689845e-06 	 1.157799e+07 	
5.42792793e+06 	 4.686847e-06 	 1.157614e+07 	
5.42842843e+06 	 4.683851e-06 	 1.157430e+07 	
5.42892893e+06 	 4.680856e-06 	 1.157245e+07 	
5.42942943e+06 	 4.677863e-06 	 1.157060e+07 	
5.42992993e+06 	 4.674871e-06 	 1.156876e+07 	
5.43043043e+06 	 4.671881e-06 	 1.156691e+07 	
5.43093093e+06 	 4.668892e-06 	 1.156506e+07 	
5.43143143e+06 	 4.665905e-06 	 1.156322e+07 	
5.43193193e+06 	 4.662919e-06 	 1.156137e+07 	
5.43243243e+06 	 4.659934e-06 	 1.155953e+07 	
5.43293293e+06 	 4.656952e-06 	 1.155769e+07 	
5.43343343e+06 	 4.653970e-06 	 1.155584e+07 	
5.43393393e+06 	 4.650991e-06 	 1.155400e+07 	
5.43443443e+06 	 4.648012e-06 	 1.155216e+07 	
5.43493493e+06 	 4.645036e-06 	 1.155031e+07 	
5.43543544e+06 	 4.642060e-06 	 1.154847e+07 	
5.43593594e+06 	 4.639086e-06 	 1.154663e+07 	
5.43643644e+06 	 4.636114e-06 	 1.154479e+07 	
5.43693694e+06 	 4.633143e-06 	 1.154295e+07 	
5.43743744e+06 	 4.630174e-06 	 1.154111e+07 	
5.43793794e+06 	 4.627206e-06 	 1.153927e+07 	
5.43843844e+06 	 4.624240e-06 	 1.153743e+07 	
5.43893894e+06 	 4.621275e-06 	 1.153559e+07 	
5.43943944e+06 	 4.618312e-06 	 1.153375e+07 	
5.43993994e+06 	 4.615350e-06 	 1.153191e+07 	
5.44044044e+06 	 4.612389e-06 	 1.153008e+07 	
5.44094094e+06 	 4.609430e-06 	 1.152824e+07 	
5.44144144e+06 	 4.606473e-06 	 1.152640e+07 	
5.44194194e+06 	 4.603517e-06 	 1.152456e+07 	
5.44244244e+06 	 4.600563e-06 	 1.152273e+07 	
5.44294294e+06 	 4.597610e-06 	 1.152089e+07 	
5.44344344e+06 	 4.594658e-06 	 1.151906e+07 	
5.44394394e+06 	 4.591708e-06 	 1.151722e+07 	
5.44444444e+06 	 4.588760e-06 	 1.151539e+07 	
5.44494494e+06 	 4.585813e-06 	 1.151355e+07 	
5.44544545e+06 	 4.582867e-06 	 1.151172e+07 	
5.44594595e+06 	 4.579923e-06 	 1.150989e+07 	
5.44644645e+06 	 4.576980e-06 	 1.150806e+07 	
5.44694695e+06 	 4.574039e-06 	 1.150622e+07 	
5.44744745e+06 	 4.571099e-06 	 1.150439e+07 	
5.44794795e+06 	 4.568161e-06 	 1.150256e+07 	
5.44844845e+06 	 4.565224e-06 	 1.150073e+07 	
5.44894895e+06 	 4.562289e-06 	 1.149890e+07 	
5.44944945e+06 	 4.559355e-06 	 1.149707e+07 	
5.44994995e+06 	 4.556423e-06 	 1.149524e+07 	
5.45045045e+06 	 4.553492e-06 	 1.149341e+07 	
5.45095095e+06 	 4.550563e-06 	 1.149158e+07 	
5.45145145e+06 	 4.547635e-06 	 1.148975e+07 	
5.45195195e+06 	 4.544708e-06 	 1.148792e+07 	
5.45245245e+06 	 4.541783e-06 	 1.148609e+07 	
5.45295295e+06 	 4.538860e-06 	 1.148427e+07 	
5.45345345e+06 	 4.535937e-06 	 1.148244e+07 	
5.45395395e+06 	 4.533017e-06 	 1.148061e+07 	
5.45445445e+06 	 4.530098e-06 	 1.147879e+07 	
5.45495495e+06 	 4.527180e-06 	 1.147696e+07 	
5.45545546e+06 	 4.524264e-06 	 1.147514e+07 	
5.45595596e+06 	 4.521349e-06 	 1.147331e+07 	
5.45645646e+06 	 4.518435e-06 	 1.147149e+07 	
5.45695696e+06 	 4.515524e-06 	 1.146966e+07 	
5.45745746e+06 	 4.512613e-06 	 1.146784e+07 	
5.45795796e+06 	 4.509704e-06 	 1.146602e+07 	
5.45845846e+06 	 4.506796e-06 	 1.146419e+07 	
5.45895896e+06 	 4.503890e-06 	 1.146237e+07 	
5.45945946e+06 	 4.500986e-06 	 1.146055e+07 	
5.45995996e+06 	 4.498083e-06 	 1.145873e+07 	
5.46046046e+06 	 4.495181e-06 	 1.145691e+07 	
5.46096096e+06 	 4.492280e-06 	 1.145509e+07 	
5.46146146e+06 	 4.489382e-06 	 1.145327e+07 	
5.46196196e+06 	 4.486484e-06 	 1.145145e+07 	
5.46246246e+06 	 4.483588e-06 	 1.144963e+07 	
5.46296296e+06 	 4.480694e-06 	 1.144781e+07 	
5.46346346e+06 	 4.477800e-06 	 1.144599e+07 	
5.46396396e+06 	 4.474909e-06 	 1.144417e+07 	
5.46446446e+06 	 4.472019e-06 	 1.144235e+07 	
5.46496496e+06 	 4.469130e-06 	 1.144053e+07 	
5.46546547e+06 	 4.466242e-06 	 1.143872e+07 	
5.46596597e+06 	 4.463357e-06 	 1.143690e+07 	
5.46646647e+06 	 4.460472e-06 	 1.143508e+07 	
5.46696697e+06 	 4.457589e-06 	 1.143327e+07 	
5.46746747e+06 	 4.454707e-06 	 1.143145e+07 	
5.46796797e+06 	 4.451827e-06 	 1.142964e+07 	
5.46846847e+06 	 4.448948e-06 	 1.142782e+07 	
5.46896897e+06 	 4.446071e-06 	 1.142601e+07 	
5.46946947e+06 	 4.443195e-06 	 1.142420e+07 	
5.46996997e+06 	 4.440321e-06 	 1.142238e+07 	
5.47047047e+06 	 4.437448e-06 	 1.142057e+07 	
5.47097097e+06 	 4.434576e-06 	 1.141876e+07 	
5.47147147e+06 	 4.431706e-06 	 1.141694e+07 	
5.47197197e+06 	 4.428837e-06 	 1.141513e+07 	
5.47247247e+06 	 4.425970e-06 	 1.141332e+07 	
5.47297297e+06 	 4.423104e-06 	 1.141151e+07 	
5.47347347e+06 	 4.420240e-06 	 1.140970e+07 	
5.47397397e+06 	 4.417376e-06 	 1.140789e+07 	
5.47447447e+06 	 4.414515e-06 	 1.140608e+07 	
5.47497497e+06 	 4.411655e-06 	 1.140427e+07 	
5.47547548e+06 	 4.408574e-06 	 1.140248e+07 	
5.47597598e+06 	 4.405715e-06 	 1.140067e+07 	
5.47647648e+06 	 4.402858e-06 	 1.139886e+07 	
5.47697698e+06 	 4.400002e-06 	 1.139705e+07 	
5.47747748e+06 	 4.397148e-06 	 1.139525e+07 	
5.47797798e+06 	 4.394295e-06 	 1.139344e+07 	
5.47847848e+06 	 4.391443e-06 	 1.139163e+07 	
5.47897898e+06 	 4.388593e-06 	 1.138983e+07 	
5.47947948e+06 	 4.385744e-06 	 1.138802e+07 	
5.47997998e+06 	 4.382896e-06 	 1.138622e+07 	
5.48048048e+06 	 4.380050e-06 	 1.138441e+07 	
5.48098098e+06 	 4.377206e-06 	 1.138261e+07 	
5.48148148e+06 	 4.374362e-06 	 1.138080e+07 	
5.48198198e+06 	 4.371520e-06 	 1.137900e+07 	
5.48248248e+06 	 4.368680e-06 	 1.137720e+07 	
5.48298298e+06 	 4.365841e-06 	 1.137539e+07 	
5.48348348e+06 	 4.363003e-06 	 1.137359e+07 	
5.48398398e+06 	 4.360167e-06 	 1.137179e+07 	
5.48448448e+06 	 4.357332e-06 	 1.136999e+07 	
5.48498498e+06 	 4.354499e-06 	 1.136819e+07 	
5.48548549e+06 	 4.351666e-06 	 1.136639e+07 	
5.48598599e+06 	 4.348836e-06 	 1.136459e+07 	
5.48648649e+06 	 4.346006e-06 	 1.136279e+07 	
5.48698699e+06 	 4.343178e-06 	 1.136099e+07 	
5.48748749e+06 	 4.340352e-06 	 1.135919e+07 	
5.48798799e+06 	 4.337527e-06 	 1.135739e+07 	
5.48848849e+06 	 4.334703e-06 	 1.135559e+07 	
5.48898899e+06 	 4.331880e-06 	 1.135379e+07 	
5.48948949e+06 	 4.329059e-06 	 1.135200e+07 	
5.48998999e+06 	 4.326240e-06 	 1.135020e+07 	
5.49049049e+06 	 4.323422e-06 	 1.134840e+07 	
5.49099099e+06 	 4.320605e-06 	 1.134661e+07 	
5.49149149e+06 	 4.317789e-06 	 1.134481e+07 	
5.49199199e+06 	 4.314975e-06 	 1.134301e+07 	
5.49249249e+06 	 4.312162e-06 	 1.134122e+07 	
5.49299299e+06 	 4.309351e-06 	 1.133943e+07 	
5.49349349e+06 	 4.306541e-06 	 1.133763e+07 	
5.49399399e+06 	 4.303732e-06 	 1.133584e+07 	
5.49449449e+06 	 4.300925e-06 	 1.133404e+07 	
5.49499499e+06 	 4.298119e-06 	 1.133225e+07 	
5.49549550e+06 	 4.295315e-06 	 1.133046e+07 	
5.49599600e+06 	 4.292512e-06 	 1.132867e+07 	
5.49649650e+06 	 4.289710e-06 	 1.132687e+07 	
5.49699700e+06 	 4.286910e-06 	 1.132508e+07 	
5.49749750e+06 	 4.284111e-06 	 1.132329e+07 	
5.49799800e+06 	 4.281313e-06 	 1.132150e+07 	
5.49849850e+06 	 4.278517e-06 	 1.131971e+07 	
5.49899900e+06 	 4.275722e-06 	 1.131792e+07 	
5.49949950e+06 	 4.272928e-06 	 1.131613e+07 	
5.50000000e+06 	 4.270136e-06 	 1.131434e+07 	
5.52871991e+06 	 4.111960e-06 	 1.121238e+07 	
5.55758979e+06 	 3.957430e-06 	 1.111118e+07 	
5.58661042e+06 	 3.806484e-06 	 1.101075e+07 	
5.61578259e+06 	 3.658678e-06 	 1.091111e+07 	
5.64510710e+06 	 3.514243e-06 	 1.081222e+07 	
5.67458473e+06 	 3.372749e-06 	 1.071412e+07 	
5.70421628e+06 	 3.234038e-06 	 1.061680e+07 	
5.73400257e+06 	 3.098317e-06 	 1.052024e+07 	
5.76394439e+06 	 2.965522e-06 	 1.042444e+07 	
5.79404257e+06 	 2.835235e-06 	 1.032942e+07 	
5.82429791e+06 	 2.707663e-06 	 1.023516e+07 	
5.85471124e+06 	 2.582398e-06 	 1.014169e+07 	
5.88528338e+06 	 2.459722e-06 	 1.004898e+07 	
5.91601516e+06 	 2.339100e-06 	 9.957081e+06 	
5.94690742e+06 	 2.220614e-06 	 9.865979e+06 	
5.97796099e+06 	 2.104272e-06 	 9.775675e+06 	
6.00917672e+06 	 1.989781e-06 	 9.686209e+06 	
6.04055545e+06 	 1.877012e-06 	 9.597606e+06 	
6.07209803e+06 	 1.766042e-06 	 9.509867e+06 	
6.10380532e+06 	 1.656797e-06 	 9.423018e+06 	
6.13567819e+06 	 1.549014e-06 	 9.337126e+06 	
6.16771748e+06 	 1.442786e-06 	 9.252210e+06 	
6.19992408e+06 	 1.337893e-06 	 9.168358e+06 	
6.23229885e+06 	 1.234239e-06 	 9.085659e+06 	
6.26484268e+06 	 1.132045e-06 	 9.004157e+06 	
6.29755645e+06 	 1.031263e-06 	 8.923982e+06 	
6.33044104e+06 	 9.319611e-07 	 8.845281e+06 	
6.36349735e+06 	 8.344378e-07 	 8.768188e+06 	
6.39672627e+06 	 7.389324e-07 	 8.692921e+06 	
6.43012870e+06 	 6.459890e-07 	 8.619675e+06 	
6.46370556e+06 	 5.562583e-07 	 8.548688e+06 	
6.49745775e+06 	 4.704430e-07 	 8.480291e+06 	
6.53138619e+06 	 3.895548e-07 	 8.414777e+06 	
6.56549179e+06 	 3.147028e-07 	 8.352456e+06 	
6.59977549e+06 	 2.469842e-07 	 8.293680e+06 	
6.63423821e+06 	 1.874497e-07 	 8.238746e+06 	
6.66888088e+06 	 1.369033e-07 	 8.187878e+06 	
6.70370446e+06 	 9.571455e-08 	 8.141235e+06 	
6.73870987e+06 	 6.371665e-08 	 8.098863e+06 	
6.77389808e+06 	 4.017969e-08 	 8.060633e+06 	
6.80927003e+06 	 2.388514e-08 	 8.026284e+06 	
6.84482669e+06 	 1.332697e-08 	 7.995459e+06 	
6.88056902e+06 	 6.955784e-09 	 7.967471e+06 	
6.91649798e+06 	 3.386286e-09 	 7.941976e+06 	
6.95261457e+06 	 1.535217e-09 	 7.918033e+06 	
6.98891974e+06 	 6.475577e-10 	 7.895070e+06 	
7.73395578e+06 	 1.000000e-20 	 7.487838e+06 	
8.55841450e+06 	 1.000000e-20 	 7.103854e+06 	
9.47076254e+06 	 1.000000e-20 	 6.740948e+06 	
1.04803691e+07 	 1.000000e-20 	 6.397755e+06 	
1.15976023e+07 	 1.000000e-20 	 6.073028e+06 	
1.28339352e+07 	 1.000000e-20 	 5.765624e+06 	
1.42020643e+07 	 1.000000e-20 	 5.474496e+06 	
1.57160393e+07 	 1.000000e-20 	 5.198677e+06 	
1.73914077e+07 	 1.000000e-20 	 4.937271e+06 	
1.92453746e+07 	 1.000000e-20 	 4.689451e+06 	
2.12969789e+07 	 1.000000e-20 	 4.454445e+06 	
2.35672892e+07 	 1.000000e-20 	 4.231537e+06 	
2.60796203e+07 	 1.000000e-20 	 4.020057e+06 	
2.88597720e+07 	 1.000000e-20 	 3.819381e+06 	
3.19362947e+07 	 1.000000e-20 	 3.628922e+06 	
3.53407823e+07 	 1.000000e-20 	 3.448131e+06 	
3.91081966e+07 	 1.000000e-20 	 3.276493e+06 	
4.32772266e+07 	 1.000000e-20 	 3.113525e+06 	
4.78906854e+07 	 1.000000e-20 	 2.958769e+06 	
5.29959503e+07 	 1.000000e-20 	 2.811797e+06 	
5.86454491e+07 	 1.000000e-20 	 2.672204e+06 	
6.48971982e+07 	 1.000000e-20 	 2.539609e+06 	
7.18153992e+07 	 1.000000e-20 	 2.413651e+06 	
7.94710975e+07 	 1.000000e-20 	 2.293990e+06 	
8.79429121e+07 	 1.000000e-20 	 2.180303e+06 	
9.73178429e+07 	 1.000000e-20 	 2.072288e+06 	
1.07692164e+08 	 1.000000e-20 	 1.969654e+06 	
1.19172414e+08 	 1.000000e-20 	 1.872131e+06 	
1.31876487e+08 	 1.000000e-20 	 1.779459e+06 	
1.45934845e+08 	 1.000000e-20 	 1.691394e+06 	
1.61491858e+08 	 1.000000e-20 	 1.607705e+06 	
1.78707288e+08 	 1.000000e-20 	 1.528171e+06 	
1.97757924e+08 	 1.000000e-20 	 1.452584e+06 	
2.18839406e+08 	 1.000000e-20 	 1.380746e+06 	
2.42168225e+08 	 1.000000e-20 	 1.312471e+06 	
2.67983953e+08 	 1.000000e-20 	 1.247579e+06 	
2.96551702e+08 	 1.000000e-20 	 1.185903e+06 	
3.28164843e+08 	 1.000000e-20 	 1.127281e+06 	
3.63148023e+08 	 1.000000e-20 	 1.071562e+06 	
4.01860496e+08 	 1.000000e-20 	 1.018602e+06 	
4.44699814e+08 	 1.000000e-20 	 9.682628e+05 	
4.92105908e+08 	 1.000000e-20 	 9.204145e+05 	
5.44565609e+08 	 1.000000e-20 	 8.749334e+05 	
6.02617643e+08 	 1.000000e-20 	 8.317020e+05 	
6.66858166e+08 	 1.000000e-20 	 7.906087e+05 	
7.37946887e+08 	 1.000000e-20 	 7.515476e+05 	
8.16613841e+08 	 1.000000e-20 	 7.144177e+05 	
9.03666886e+08 	 1.000000e-20 	 6.791236e+05 	
1.00000000e+09 	 1.000000e-20 	 6.455741e+05 	
