r (cm)        	 rho (g/cm3) 	 T (K)       		 Linf = 1.595111e+38
1.19996968e+06 	 4.846486e+04 	 1.244120e+09 	
1.20013523e+06 	 4.447327e+04 	 1.217093e+09 	
1.20041177e+06 	 3.841215e+04 	 1.172386e+09 	
1.20069069e+06 	 3.300772e+04 	 1.127870e+09 	
1.20096960e+06 	 2.824944e+04 	 1.083951e+09 	
1.20119691e+06 	 2.480654e+04 	 1.048615e+09 	
1.20142422e+06 	 2.172045e+04 	 1.013703e+09 	
1.20165153e+06 	 1.896163e+04 	 9.792265e+08 	
1.20187884e+06 	 1.650223e+04 	 9.451992e+08 	
1.20210615e+06 	 1.431610e+04 	 9.116343e+08 	
1.20233041e+06 	 1.240323e+04 	 8.789874e+08 	
1.20255466e+06 	 1.071042e+04 	 8.468175e+08 	
1.20277891e+06 	 9.217060e+03 	 8.151386e+08 	
1.20296413e+06 	 8.120380e+03 	 7.893545e+08 	
1.20314934e+06 	 7.136529e+03 	 7.639235e+08 	
1.20333456e+06 	 6.256001e+03 	 7.388539e+08 	
1.20351977e+06 	 5.469879e+03 	 7.141544e+08 	
1.20370499e+06 	 4.769817e+03 	 6.898335e+08 	
1.20388937e+06 	 4.150668e+03 	 6.660077e+08 	
1.20407375e+06 	 3.601903e+03 	 6.425747e+08 	
1.20425812e+06 	 3.116854e+03 	 6.195434e+08 	
1.20440967e+06 	 2.761512e+03 	 6.009205e+08 	
1.20456121e+06 	 2.441819e+03 	 5.825800e+08 	
1.20471276e+06 	 2.154773e+03 	 5.645269e+08 	
1.20486430e+06 	 1.897567e+03 	 5.467661e+08 	
1.20501584e+06 	 1.667578e+03 	 5.293026e+08 	
1.20516739e+06 	 1.462365e+03 	 5.121413e+08 	
1.20531982e+06 	 1.278654e+03 	 4.951897e+08 	
1.20547224e+06 	 1.115568e+03 	 4.785537e+08 	
1.20562467e+06 	 9.711210e+02 	 4.622379e+08 	
1.20575041e+06 	 8.646935e+02 	 4.490234e+08 	
1.20587615e+06 	 7.687457e+02 	 4.360327e+08 	
1.20600188e+06 	 6.823867e+02 	 4.232681e+08 	
1.20612762e+06 	 6.047869e+02 	 4.107321e+08 	
1.20625336e+06 	 5.351745e+02 	 3.984271e+08 	
1.20637910e+06 	 4.728330e+02 	 3.863552e+08 	
1.20650483e+06 	 4.170984e+02 	 3.745186e+08 	
1.20663492e+06 	 3.657344e+02 	 3.625219e+08 	
1.20676501e+06 	 3.201584e+02 	 3.507813e+08 	
1.20687213e+06 	 2.865685e+02 	 3.413081e+08 	
1.20697924e+06 	 2.562137e+02 	 3.320107e+08 	
1.20708635e+06 	 2.288175e+02 	 3.228902e+08 	
1.20719347e+06 	 2.041234e+02 	 3.139472e+08 	
1.20730058e+06 	 1.818936e+02 	 3.051826e+08 	
1.20740769e+06 	 1.619081e+02 	 2.965969e+08 	
1.20751480e+06 	 1.439634e+02 	 2.881907e+08 	
1.20762192e+06 	 1.278718e+02 	 2.799643e+08 	
1.20772903e+06 	 1.134606e+02 	 2.719182e+08 	
1.20784224e+06 	 9.987913e+01 	 2.636097e+08 	
1.20793630e+06 	 8.976501e+01 	 2.568606e+08 	
1.20803035e+06 	 8.061443e+01 	 2.502506e+08 	
1.20812441e+06 	 7.234356e+01 	 2.437796e+08 	
1.20821846e+06 	 6.487496e+01 	 2.374472e+08 	
1.20831251e+06 	 5.813715e+01 	 2.312534e+08 	
1.20840657e+06 	 5.206428e+01 	 2.251976e+08 	
1.20850062e+06 	 4.659575e+01 	 2.192795e+08 	
1.20859467e+06 	 4.167584e+01 	 2.134985e+08 	
1.20868873e+06 	 3.725343e+01 	 2.078541e+08 	
1.20878278e+06 	 3.328165e+01 	 2.023454e+08 	
1.20887683e+06 	 2.971759e+01 	 1.969719e+08 	
1.20897089e+06 	 2.652202e+01 	 1.917325e+08 	
1.20905977e+06 	 2.380857e+01 	 1.869038e+08 	
1.20914864e+06 	 2.136457e+01 	 1.821933e+08 	
1.20923752e+06 	 1.916472e+01 	 1.775999e+08 	
1.20932640e+06 	 1.718593e+01 	 1.731227e+08 	
1.20941528e+06 	 1.540707e+01 	 1.687606e+08 	
1.20950416e+06 	 1.380890e+01 	 1.645125e+08 	
1.20959304e+06 	 1.237388e+01 	 1.603771e+08 	
1.20968192e+06 	 1.108605e+01 	 1.563533e+08 	
1.20977080e+06 	 9.930884e+00 	 1.524396e+08 	
1.20985968e+06 	 8.895219e+00 	 1.486347e+08 	
1.20994855e+06 	 7.967101e+00 	 1.449373e+08 	
1.21003743e+06 	 7.135702e+00 	 1.413457e+08 	
1.21012631e+06 	 6.391219e+00 	 1.378584e+08 	
1.21021519e+06 	 5.724792e+00 	 1.344739e+08 	
1.21030407e+06 	 5.128416e+00 	 1.311905e+08 	
1.21039295e+06 	 4.594867e+00 	 1.280065e+08 	
1.21048955e+06 	 4.078639e+00 	 1.246566e+08 	
1.21058615e+06 	 3.621448e+00 	 1.214199e+08 	
1.21068275e+06 	 3.216609e+00 	 1.182940e+08 	
1.21077935e+06 	 2.858167e+00 	 1.152765e+08 	
1.21087595e+06 	 2.540823e+00 	 1.123651e+08 	
1.21097255e+06 	 2.259866e+00 	 1.095573e+08 	
1.21106915e+06 	 2.011111e+00 	 1.068506e+08 	
1.21116574e+06 	 1.790845e+00 	 1.042425e+08 	
1.21126234e+06 	 1.595774e+00 	 1.017305e+08 	
1.21135894e+06 	 1.422979e+00 	 9.931211e+07 	
1.21145554e+06 	 1.269877e+00 	 9.698474e+07 	
1.21155214e+06 	 1.134179e+00 	 9.474585e+07 	
1.21166731e+06 	 9.923390e-01 	 9.218858e+07 	
1.21178249e+06 	 8.693772e-01 	 8.974915e+07 	
1.21189766e+06 	 7.627073e-01 	 8.742327e+07 	
1.21201283e+06 	 6.700985e-01 	 8.520667e+07 	
1.21212800e+06 	 5.896283e-01 	 8.309514e+07 	
1.21224318e+06 	 5.196401e-01 	 8.108451e+07 	
1.21235835e+06 	 4.587070e-01 	 7.917065e+07 	
1.21247352e+06 	 4.055999e-01 	 7.734954e+07 	
1.21261077e+06 	 3.510728e-01 	 7.529496e+07 	
1.21274802e+06 	 3.046413e-01 	 7.335990e+07 	
1.21288527e+06 	 2.650309e-01 	 7.153799e+07 	
1.21302252e+06 	 2.311748e-01 	 6.982305e+07 	
1.21315977e+06 	 2.021789e-01 	 6.820913e+07 	
1.21332505e+06 	 1.726582e-01 	 6.639152e+07 	
1.21349033e+06 	 1.480255e-01 	 6.470250e+07 	
1.21365561e+06 	 1.274054e-01 	 6.313295e+07 	
1.21382089e+06 	 1.100876e-01 	 6.167426e+07 	
1.21401631e+06 	 9.308893e-02 	 6.008154e+07 	
1.21421173e+06 	 7.913940e-02 	 5.861995e+07 	
1.21440715e+06 	 6.763732e-02 	 5.727790e+07 	
1.21462708e+06 	 5.703191e-02 	 5.589723e+07 	
1.21484701e+06 	 4.839830e-02 	 5.464058e+07 	
1.21509582e+06 	 4.049753e-02 	 5.335267e+07 	
1.21534464e+06 	 3.414680e-02 	 5.219115e+07 	
1.21562617e+06 	 2.840305e-02 	 5.101115e+07 	
1.21590771e+06 	 2.383729e-02 	 4.995614e+07 	
1.21622534e+06 	 1.976004e-02 	 4.889605e+07 	
1.21654298e+06 	 1.654643e-02 	 4.795525e+07 	
1.21690089e+06 	 1.370099e-02 	 4.701743e+07 	
1.21725880e+06 	 1.147171e-02 	 4.619002e+07 	
1.21766319e+06 	 9.502693e-03 	 4.536732e+07 	
1.21806758e+06 	 7.966855e-03 	 4.464480e+07 	
1.21852846e+06 	 6.604443e-03 	 4.392317e+07 	
1.21898934e+06 	 5.546320e-03 	 4.329182e+07 	
1.21951208e+06 	 4.614581e-03 	 4.266582e+07 	
1.22003482e+06 	 3.891620e-03 	 4.211877e+07 	
1.22069342e+06 	 3.194025e-03 	 4.152075e+07 	
1.22135201e+06 	 2.666215e-03 	 4.100484e+07 	
1.22201061e+06 	 2.259066e-03 	 4.055484e+07 	
1.22289032e+06 	 1.847712e-03 	 4.003559e+07 	
1.22377002e+06 	 1.542087e-03 	 3.959019e+07 	
1.22464973e+06 	 1.309628e-03 	 3.920269e+07 	
1.22563287e+06 	 1.110654e-03 	 3.882375e+07 	
1.22661601e+06 	 9.573697e-04 	 3.849026e+07 	
1.22759915e+06 	 8.369743e-04 	 3.819317e+07 	
1.22903558e+06 	 7.028679e-04 	 3.781076e+07 	
1.22982801e+06 	 6.444722e-04 	 3.762104e+07 	
1.23146934e+06 	 5.485411e-04 	 3.726606e+07 	
1.23282149e+06 	 4.881535e-04 	 3.700470e+07 	
1.23509105e+06 	 4.123146e-04 	 3.661397e+07 	
1.23736061e+06 	 3.579387e-04 	 3.626867e+07 	
1.23963017e+06 	 3.175827e-04 	 3.595702e+07 	
1.24298652e+06 	 2.745082e-04 	 3.554132e+07 	
1.24634288e+06 	 2.441101e-04 	 3.516475e+07 	
1.24913956e+06 	 2.250420e-04 	 3.487280e+07 	
1.25350744e+06 	 2.026884e-04 	 3.444597e+07 	
1.25618952e+06 	 1.920636e-04 	 3.419734e+07 	
1.26144003e+06 	 1.757507e-04 	 3.373259e+07 	
1.26579225e+06 	 1.652993e-04 	 3.336418e+07 	
1.27248442e+06 	 1.526262e-04 	 3.281942e+07 	
1.27917659e+06 	 1.425509e-04 	 3.229438e+07 	
1.28850794e+06 	 1.310605e-04 	 3.158672e+07 	
1.29783930e+06 	 1.213676e-04 	 3.090140e+07 	
1.30717065e+06 	 1.128106e-04 	 3.023460e+07 	
1.32281380e+06 	 1.001767e-04 	 2.915290e+07 	
1.33332230e+06 	 9.259664e-05 	 2.844940e+07 	
1.34383079e+06 	 8.561386e-05 	 2.776331e+07 	
1.34877240e+06 	 8.251627e-05 	 2.744648e+07 	
1.36081065e+06 	 7.542491e-05 	 2.668966e+07 	
1.37899579e+06 	 6.581648e-05 	 2.558519e+07 	
1.40250000e+06 	 5.510156e-05 	 2.422303e+07 	
1.41000000e+06 	 5.203772e-05 	 2.380312e+07 	
1.41750000e+06 	 4.912983e-05 	 2.339009e+07 	
1.42500000e+06 	 4.636886e-05 	 2.298378e+07 	
1.43250000e+06 	 4.374657e-05 	 2.258405e+07 	
1.44000000e+06 	 4.125549e-05 	 2.219076e+07 	
1.44750000e+06 	 3.888793e-05 	 2.180378e+07 	
1.45500000e+06 	 3.663733e-05 	 2.142298e+07 	
1.46250000e+06 	 3.449683e-05 	 2.104824e+07 	
1.47000000e+06 	 3.246014e-05 	 2.067944e+07 	
1.47750000e+06 	 3.052144e-05 	 2.031647e+07 	
1.48500000e+06 	 2.867503e-05 	 1.995921e+07 	
1.50000000e+06 	 2.523783e-05 	 1.926143e+07 	
1.50050050e+06 	 2.512866e-05 	 1.923853e+07 	
1.50100100e+06 	 2.501983e-05 	 1.921565e+07 	
1.50150150e+06 	 2.491134e-05 	 1.919279e+07 	
1.50200200e+06 	 2.480318e-05 	 1.916996e+07 	
1.50250250e+06 	 2.469537e-05 	 1.914715e+07 	
1.50300300e+06 	 2.458789e-05 	 1.912437e+07 	
1.50350350e+06 	 2.448074e-05 	 1.910161e+07 	
1.50400400e+06 	 2.437393e-05 	 1.907887e+07 	
1.50450450e+06 	 2.426745e-05 	 1.905616e+07 	
1.50500501e+06 	 2.416129e-05 	 1.903347e+07 	
1.50550551e+06 	 2.405547e-05 	 1.901081e+07 	
1.50600601e+06 	 2.394997e-05 	 1.898817e+07 	
1.50650651e+06 	 2.384479e-05 	 1.896556e+07 	
1.50700701e+06 	 2.373994e-05 	 1.894296e+07 	
1.50750751e+06 	 2.363541e-05 	 1.892039e+07 	
1.50800801e+06 	 2.353120e-05 	 1.889785e+07 	
1.50850851e+06 	 2.342731e-05 	 1.887533e+07 	
1.50900901e+06 	 2.332374e-05 	 1.885283e+07 	
1.50950951e+06 	 2.322048e-05 	 1.883036e+07 	
1.51001001e+06 	 2.311755e-05 	 1.880791e+07 	
1.51051051e+06 	 2.301492e-05 	 1.878548e+07 	
1.51101101e+06 	 2.291261e-05 	 1.876308e+07 	
1.51151151e+06 	 2.281061e-05 	 1.874070e+07 	
1.51201201e+06 	 2.270892e-05 	 1.871835e+07 	
1.51251251e+06 	 2.260754e-05 	 1.869601e+07 	
1.51301301e+06 	 2.250647e-05 	 1.867371e+07 	
1.51351351e+06 	 2.240570e-05 	 1.865142e+07 	
1.51401401e+06 	 2.230524e-05 	 1.862916e+07 	
1.51451451e+06 	 2.220508e-05 	 1.860692e+07 	
1.51501502e+06 	 2.210523e-05 	 1.858471e+07 	
1.51551552e+06 	 2.200568e-05 	 1.856252e+07 	
1.51601602e+06 	 2.190642e-05 	 1.854035e+07 	
1.51651652e+06 	 2.180747e-05 	 1.851821e+07 	
1.51701702e+06 	 2.170881e-05 	 1.849609e+07 	
1.51751752e+06 	 2.161045e-05 	 1.847399e+07 	
1.51801802e+06 	 2.151238e-05 	 1.845192e+07 	
1.51851852e+06 	 2.141461e-05 	 1.842987e+07 	
1.51901902e+06 	 2.131713e-05 	 1.840784e+07 	
1.51951952e+06 	 2.121994e-05 	 1.838584e+07 	
1.52002002e+06 	 2.112304e-05 	 1.836386e+07 	
1.52052052e+06 	 2.102643e-05 	 1.834190e+07 	
1.52102102e+06 	 2.093010e-05 	 1.831997e+07 	
1.52152152e+06 	 2.083406e-05 	 1.829806e+07 	
1.52202202e+06 	 2.073831e-05 	 1.827617e+07 	
1.52252252e+06 	 2.064284e-05 	 1.825431e+07 	
1.52302302e+06 	 2.054765e-05 	 1.823247e+07 	
1.52352352e+06 	 2.045274e-05 	 1.821065e+07 	
1.52402402e+06 	 2.035811e-05 	 1.818886e+07 	
1.52452452e+06 	 2.026375e-05 	 1.816708e+07 	
1.52502503e+06 	 2.016968e-05 	 1.814534e+07 	
1.52552553e+06 	 2.007587e-05 	 1.812361e+07 	
1.52602603e+06 	 1.998235e-05 	 1.810191e+07 	
1.52652653e+06 	 1.988909e-05 	 1.808023e+07 	
1.52702703e+06 	 1.979611e-05 	 1.805858e+07 	
1.52752753e+06 	 1.970340e-05 	 1.803694e+07 	
1.52802803e+06 	 1.961095e-05 	 1.801533e+07 	
1.52852853e+06 	 1.951877e-05 	 1.799375e+07 	
1.52902903e+06 	 1.942686e-05 	 1.797218e+07 	
1.52952953e+06 	 1.933521e-05 	 1.795064e+07 	
1.53003003e+06 	 1.924383e-05 	 1.792913e+07 	
1.53053053e+06 	 1.915271e-05 	 1.790763e+07 	
1.53103103e+06 	 1.906185e-05 	 1.788616e+07 	
1.53153153e+06 	 1.897125e-05 	 1.786471e+07 	
1.53203203e+06 	 1.888090e-05 	 1.784329e+07 	
1.53253253e+06 	 1.879082e-05 	 1.782188e+07 	
1.53303303e+06 	 1.870099e-05 	 1.780050e+07 	
1.53353353e+06 	 1.861142e-05 	 1.777915e+07 	
1.53403403e+06 	 1.852210e-05 	 1.775781e+07 	
1.53453453e+06 	 1.843303e-05 	 1.773650e+07 	
1.53503504e+06 	 1.834422e-05 	 1.771521e+07 	
1.53553554e+06 	 1.825565e-05 	 1.769395e+07 	
1.53603604e+06 	 1.816734e-05 	 1.767271e+07 	
1.53653654e+06 	 1.807927e-05 	 1.765149e+07 	
1.53703704e+06 	 1.799145e-05 	 1.763029e+07 	
1.53753754e+06 	 1.790388e-05 	 1.760911e+07 	
1.53803804e+06 	 1.781655e-05 	 1.758796e+07 	
1.53853854e+06 	 1.772946e-05 	 1.756683e+07 	
1.53903904e+06 	 1.764262e-05 	 1.754573e+07 	
1.53953954e+06 	 1.755601e-05 	 1.752464e+07 	
1.54004004e+06 	 1.746965e-05 	 1.750358e+07 	
1.54054054e+06 	 1.738352e-05 	 1.748255e+07 	
1.54104104e+06 	 1.729764e-05 	 1.746153e+07 	
1.54154154e+06 	 1.721198e-05 	 1.744054e+07 	
1.54204204e+06 	 1.712657e-05 	 1.741957e+07 	
1.54254254e+06 	 1.704139e-05 	 1.739862e+07 	
1.54304304e+06 	 1.695643e-05 	 1.737770e+07 	
1.54354354e+06 	 1.687172e-05 	 1.735680e+07 	
1.54404404e+06 	 1.678723e-05 	 1.733592e+07 	
1.54454454e+06 	 1.670297e-05 	 1.731506e+07 	
1.54504505e+06 	 1.661893e-05 	 1.729423e+07 	
1.54554555e+06 	 1.653513e-05 	 1.727342e+07 	
1.54604605e+06 	 1.645155e-05 	 1.725263e+07 	
1.54654655e+06 	 1.636819e-05 	 1.723187e+07 	
1.54704705e+06 	 1.628506e-05 	 1.721113e+07 	
1.54754755e+06 	 1.620214e-05 	 1.719041e+07 	
1.54804805e+06 	 1.611945e-05 	 1.716971e+07 	
1.54854855e+06 	 1.603698e-05 	 1.714904e+07 	
1.54904905e+06 	 1.595473e-05 	 1.712839e+07 	
1.54954955e+06 	 1.587269e-05 	 1.710776e+07 	
1.55005005e+06 	 1.579087e-05 	 1.708715e+07 	
1.55055055e+06 	 1.570926e-05 	 1.706657e+07 	
1.55105105e+06 	 1.562787e-05 	 1.704601e+07 	
1.55155155e+06 	 1.554669e-05 	 1.702548e+07 	
1.55205205e+06 	 1.546571e-05 	 1.700496e+07 	
1.55255255e+06 	 1.538495e-05 	 1.698447e+07 	
1.55305305e+06 	 1.530440e-05 	 1.696400e+07 	
1.55355355e+06 	 1.522405e-05 	 1.694356e+07 	
1.55405405e+06 	 1.514391e-05 	 1.692313e+07 	
1.55455455e+06 	 1.506398e-05 	 1.690273e+07 	
1.55505506e+06 	 1.498425e-05 	 1.688236e+07 	
1.55555556e+06 	 1.490472e-05 	 1.686200e+07 	
1.55605606e+06 	 1.482540e-05 	 1.684167e+07 	
1.55655656e+06 	 1.474628e-05 	 1.682136e+07 	
1.55705706e+06 	 1.466735e-05 	 1.680107e+07 	
1.55755756e+06 	 1.458863e-05 	 1.678081e+07 	
1.55805806e+06 	 1.451010e-05 	 1.676057e+07 	
1.55855856e+06 	 1.443177e-05 	 1.674035e+07 	
1.55905906e+06 	 1.435363e-05 	 1.672016e+07 	
1.55955956e+06 	 1.427569e-05 	 1.669999e+07 	
1.56006006e+06 	 1.419794e-05 	 1.667984e+07 	
1.56056056e+06 	 1.412038e-05 	 1.665971e+07 	
1.56106106e+06 	 1.404301e-05 	 1.663961e+07 	
1.56156156e+06 	 1.396583e-05 	 1.661953e+07 	
1.56206206e+06 	 1.388884e-05 	 1.659947e+07 	
1.56256256e+06 	 1.381204e-05 	 1.657944e+07 	
1.56306306e+06 	 1.373542e-05 	 1.655943e+07 	
1.56356356e+06 	 1.365968e-05 	 1.653941e+07 	
1.56406406e+06 	 1.358345e-05 	 1.651944e+07 	
1.56456456e+06 	 1.350741e-05 	 1.649950e+07 	
1.56506507e+06 	 1.343154e-05 	 1.647958e+07 	
1.56556557e+06 	 1.335586e-05 	 1.645969e+07 	
1.56606607e+06 	 1.328036e-05 	 1.643981e+07 	
1.56656657e+06 	 1.320503e-05 	 1.641996e+07 	
1.56706707e+06 	 1.312988e-05 	 1.640014e+07 	
1.56756757e+06 	 1.305491e-05 	 1.638033e+07 	
1.56806807e+06 	 1.298011e-05 	 1.636056e+07 	
1.56856857e+06 	 1.290549e-05 	 1.634080e+07 	
1.56906907e+06 	 1.283104e-05 	 1.632107e+07 	
1.56956957e+06 	 1.275676e-05 	 1.630136e+07 	
1.57007007e+06 	 1.268265e-05 	 1.628167e+07 	
1.57057057e+06 	 1.260871e-05 	 1.626201e+07 	
1.57107107e+06 	 1.253494e-05 	 1.624237e+07 	
1.57157157e+06 	 1.246133e-05 	 1.622275e+07 	
1.57207207e+06 	 1.238790e-05 	 1.620316e+07 	
1.57257257e+06 	 1.231462e-05 	 1.618359e+07 	
1.57307307e+06 	 1.224089e-05 	 1.616408e+07 	
1.57357357e+06 	 1.216792e-05 	 1.614456e+07 	
1.57407407e+06 	 1.209512e-05 	 1.612507e+07 	
1.57457457e+06 	 1.202247e-05 	 1.610560e+07 	
1.57507508e+06 	 1.194999e-05 	 1.608615e+07 	
1.57557558e+06 	 1.187766e-05 	 1.606673e+07 	
1.57607608e+06 	 1.180549e-05 	 1.604733e+07 	
1.57657658e+06 	 1.173347e-05 	 1.602795e+07 	
1.57707708e+06 	 1.166161e-05 	 1.600860e+07 	
1.57757758e+06 	 1.158990e-05 	 1.598927e+07 	
1.57807808e+06 	 1.151835e-05 	 1.596997e+07 	
1.57857858e+06 	 1.144694e-05 	 1.595069e+07 	
1.57907908e+06 	 1.137569e-05 	 1.593144e+07 	
1.57957958e+06 	 1.130459e-05 	 1.591221e+07 	
1.58008008e+06 	 1.123363e-05 	 1.589300e+07 	
1.58058058e+06 	 1.116282e-05 	 1.587382e+07 	
1.58108108e+06 	 1.109215e-05 	 1.585467e+07 	
1.58158158e+06 	 1.102163e-05 	 1.583554e+07 	
1.58208208e+06 	 1.095126e-05 	 1.581643e+07 	
1.58258258e+06 	 1.088158e-05 	 1.579732e+07 	
1.58308308e+06 	 1.081151e-05 	 1.577826e+07 	
1.58358358e+06 	 1.074157e-05 	 1.575923e+07 	
1.58408408e+06 	 1.067178e-05 	 1.574022e+07 	
1.58458458e+06 	 1.060212e-05 	 1.572124e+07 	
1.58508509e+06 	 1.053260e-05 	 1.570228e+07 	
1.58558559e+06 	 1.046322e-05 	 1.568335e+07 	
1.58608609e+06 	 1.039397e-05 	 1.566444e+07 	
1.58658659e+06 	 1.032486e-05 	 1.564556e+07 	
1.58708709e+06 	 1.025588e-05 	 1.562671e+07 	
1.58758759e+06 	 1.018704e-05 	 1.560788e+07 	
1.58808809e+06 	 1.011832e-05 	 1.558908e+07 	
1.58858859e+06 	 1.004974e-05 	 1.557030e+07 	
1.58908909e+06 	 9.981287e-06 	 1.555155e+07 	
1.58958959e+06 	 9.912963e-06 	 1.553282e+07 	
1.59009009e+06 	 9.844765e-06 	 1.551412e+07 	
1.59059059e+06 	 9.776695e-06 	 1.549545e+07 	
1.59109109e+06 	 9.708750e-06 	 1.547681e+07 	
1.59159159e+06 	 9.640930e-06 	 1.545819e+07 	
1.59209209e+06 	 9.573719e-06 	 1.543956e+07 	
1.59259259e+06 	 9.506160e-06 	 1.542100e+07 	
1.59309309e+06 	 9.438723e-06 	 1.540246e+07 	
1.59359359e+06 	 9.371408e-06 	 1.538395e+07 	
1.59409409e+06 	 9.304213e-06 	 1.536546e+07 	
1.59459459e+06 	 9.237138e-06 	 1.534700e+07 	
1.59509510e+06 	 9.170182e-06 	 1.532857e+07 	
1.59559560e+06 	 9.103344e-06 	 1.531017e+07 	
1.59609610e+06 	 9.036623e-06 	 1.529180e+07 	
1.59659660e+06 	 8.970018e-06 	 1.527345e+07 	
1.59709710e+06 	 8.903529e-06 	 1.525513e+07 	
1.59759760e+06 	 8.837155e-06 	 1.523684e+07 	
1.59809810e+06 	 8.770894e-06 	 1.521858e+07 	
1.59859860e+06 	 8.704747e-06 	 1.520035e+07 	
1.59909910e+06 	 8.638712e-06 	 1.518214e+07 	
1.59959960e+06 	 8.572788e-06 	 1.516397e+07 	
1.60010010e+06 	 8.506976e-06 	 1.514582e+07 	
1.60060060e+06 	 8.441273e-06 	 1.512770e+07 	
1.60110110e+06 	 8.375681e-06 	 1.510961e+07 	
1.60160160e+06 	 8.310612e-06 	 1.509152e+07 	
1.60210210e+06 	 8.245248e-06 	 1.507350e+07 	
1.60260260e+06 	 8.179993e-06 	 1.505550e+07 	
1.60310310e+06 	 8.114844e-06 	 1.503753e+07 	
1.60360360e+06 	 8.049802e-06 	 1.501959e+07 	
1.60410410e+06 	 7.984867e-06 	 1.500168e+07 	
1.60460460e+06 	 7.920037e-06 	 1.498380e+07 	
1.60510511e+06 	 7.855312e-06 	 1.496596e+07 	
1.60560561e+06 	 7.790693e-06 	 1.494814e+07 	
1.60610611e+06 	 7.726177e-06 	 1.493036e+07 	
1.60660661e+06 	 7.661766e-06 	 1.491261e+07 	
1.60710711e+06 	 7.597458e-06 	 1.489489e+07 	
1.60760761e+06 	 7.533253e-06 	 1.487720e+07 	
1.60810811e+06 	 7.469151e-06 	 1.485954e+07 	
1.60860861e+06 	 7.405152e-06 	 1.484192e+07 	
1.60910911e+06 	 7.341255e-06 	 1.482433e+07 	
1.60960961e+06 	 7.277460e-06 	 1.480678e+07 	
1.61011011e+06 	 7.213767e-06 	 1.478925e+07 	
1.61061061e+06 	 7.150177e-06 	 1.477176e+07 	
1.61111111e+06 	 7.086687e-06 	 1.475431e+07 	
1.61161161e+06 	 7.022940e-06 	 1.473692e+07 	
1.61211211e+06 	 6.959645e-06 	 1.471953e+07 	
1.61261261e+06 	 6.896451e-06 	 1.470218e+07 	
1.61311311e+06 	 6.833358e-06 	 1.468487e+07 	
1.61361361e+06 	 6.770367e-06 	 1.466759e+07 	
1.61411411e+06 	 6.707478e-06 	 1.465035e+07 	
1.61461461e+06 	 6.644691e-06 	 1.463314e+07 	
1.61511512e+06 	 6.582006e-06 	 1.461597e+07 	
1.61561562e+06 	 6.519424e-06 	 1.459883e+07 	
1.61611612e+06 	 6.456944e-06 	 1.458174e+07 	
1.61661662e+06 	 6.394568e-06 	 1.456468e+07 	
1.61711712e+06 	 6.332296e-06 	 1.454766e+07 	
1.61761762e+06 	 6.270129e-06 	 1.453067e+07 	
1.61811812e+06 	 6.208066e-06 	 1.451373e+07 	
1.61861862e+06 	 6.146109e-06 	 1.449682e+07 	
1.61911912e+06 	 6.084258e-06 	 1.447996e+07 	
1.61961962e+06 	 6.022514e-06 	 1.446313e+07 	
1.62012012e+06 	 5.960879e-06 	 1.444635e+07 	
1.62062062e+06 	 5.899352e-06 	 1.442960e+07 	
1.62112112e+06 	 5.837640e-06 	 1.441293e+07 	
1.62162162e+06 	 5.776326e-06 	 1.439627e+07 	
1.62212212e+06 	 5.715125e-06 	 1.437965e+07 	
1.62262262e+06 	 5.654036e-06 	 1.436307e+07 	
1.62312312e+06 	 5.593063e-06 	 1.434653e+07 	
1.62362362e+06 	 5.532205e-06 	 1.433004e+07 	
1.62412412e+06 	 5.471464e-06 	 1.431359e+07 	
1.62462462e+06 	 5.410842e-06 	 1.429719e+07 	
1.62512513e+06 	 5.350340e-06 	 1.428083e+07 	
1.62562563e+06 	 5.289961e-06 	 1.426452e+07 	
1.62612613e+06 	 5.229706e-06 	 1.424825e+07 	
1.62662663e+06 	 5.169577e-06 	 1.423203e+07 	
1.62712713e+06 	 5.109575e-06 	 1.421585e+07 	
1.62762763e+06 	 5.049703e-06 	 1.419972e+07 	
1.62812813e+06 	 4.989964e-06 	 1.418364e+07 	
1.62862863e+06 	 4.930359e-06 	 1.416761e+07 	
1.62912913e+06 	 4.870891e-06 	 1.415163e+07 	
1.62962963e+06 	 4.811562e-06 	 1.413569e+07 	
1.63013013e+06 	 4.752375e-06 	 1.411981e+07 	
1.63063063e+06 	 4.693568e-06 	 1.410394e+07 	
1.63113113e+06 	 4.634678e-06 	 1.408816e+07 	
1.63163163e+06 	 4.575940e-06 	 1.407243e+07 	
1.63213213e+06 	 4.517354e-06 	 1.405675e+07 	
1.63263263e+06 	 4.458925e-06 	 1.404112e+07 	
1.63313313e+06 	 4.400657e-06 	 1.402554e+07 	
1.63363363e+06 	 4.342551e-06 	 1.401002e+07 	
1.63413413e+06 	 4.284613e-06 	 1.399456e+07 	
1.63463463e+06 	 4.226844e-06 	 1.397915e+07 	
1.63513514e+06 	 4.169250e-06 	 1.396379e+07 	
1.63563564e+06 	 4.111834e-06 	 1.394850e+07 	
1.63613614e+06 	 4.054600e-06 	 1.393326e+07 	
1.63663664e+06 	 3.997553e-06 	 1.391807e+07 	
1.63713714e+06 	 3.940695e-06 	 1.390295e+07 	
1.63763764e+06 	 3.884033e-06 	 1.388789e+07 	
1.63813814e+06 	 3.827570e-06 	 1.387288e+07 	
1.63863864e+06 	 3.771310e-06 	 1.385794e+07 	
1.63913914e+06 	 3.715260e-06 	 1.384306e+07 	
1.63963964e+06 	 3.659423e-06 	 1.382824e+07 	
1.64014014e+06 	 3.603804e-06 	 1.381348e+07 	
1.64064064e+06 	 3.548592e-06 	 1.379876e+07 	
1.64114114e+06 	 3.493431e-06 	 1.378413e+07 	
1.64164164e+06 	 3.438503e-06 	 1.376956e+07 	
1.64214214e+06 	 3.383815e-06 	 1.375506e+07 	
1.64264264e+06 	 3.329373e-06 	 1.374063e+07 	
1.64314314e+06 	 3.275183e-06 	 1.372626e+07 	
1.64364364e+06 	 3.221249e-06 	 1.371197e+07 	
1.64414414e+06 	 3.167579e-06 	 1.369774e+07 	
1.64464464e+06 	 3.114179e-06 	 1.368358e+07 	
1.64514515e+06 	 3.061053e-06 	 1.366950e+07 	
1.64564565e+06 	 3.008210e-06 	 1.365548e+07 	
1.64614615e+06 	 2.955656e-06 	 1.364154e+07 	
1.64664665e+06 	 2.903396e-06 	 1.362767e+07 	
1.64714715e+06 	 2.851438e-06 	 1.361387e+07 	
1.64764765e+06 	 2.799789e-06 	 1.360015e+07 	
1.64814815e+06 	 2.748455e-06 	 1.358650e+07 	
1.64864865e+06 	 2.697443e-06 	 1.357293e+07 	
1.64914915e+06 	 2.646761e-06 	 1.355944e+07 	
1.64964965e+06 	 2.596415e-06 	 1.354602e+07 	
1.65015015e+06 	 2.546544e-06 	 1.353266e+07 	
1.65065065e+06 	 2.496895e-06 	 1.351940e+07 	
1.65115115e+06 	 2.447605e-06 	 1.350622e+07 	
1.65165165e+06 	 2.398681e-06 	 1.349313e+07 	
1.65215215e+06 	 2.350130e-06 	 1.348012e+07 	
1.65265265e+06 	 2.301960e-06 	 1.346719e+07 	
1.65315315e+06 	 2.254178e-06 	 1.345434e+07 	
1.65365365e+06 	 2.206792e-06 	 1.344158e+07 	
1.65415415e+06 	 2.159809e-06 	 1.342890e+07 	
1.65465465e+06 	 2.113238e-06 	 1.341631e+07 	
1.65515516e+06 	 2.067086e-06 	 1.340381e+07 	
1.65565566e+06 	 2.021360e-06 	 1.339139e+07 	
1.65615616e+06 	 1.976067e-06 	 1.337907e+07 	
1.65665666e+06 	 1.931217e-06 	 1.336683e+07 	
1.65715716e+06 	 1.886815e-06 	 1.335468e+07 	
1.65765766e+06 	 1.842870e-06 	 1.334263e+07 	
1.65815816e+06 	 1.799389e-06 	 1.333067e+07 	
1.65865866e+06 	 1.756379e-06 	 1.331880e+07 	
1.65915916e+06 	 1.713848e-06 	 1.330702e+07 	
1.65965966e+06 	 1.671717e-06 	 1.329537e+07 	
1.66016016e+06 	 1.630164e-06 	 1.328378e+07 	
1.66066066e+06 	 1.589110e-06 	 1.327229e+07 	
1.66116116e+06 	 1.548563e-06 	 1.326090e+07 	
1.66166166e+06 	 1.508530e-06 	 1.324960e+07 	
1.66216216e+06 	 1.469016e-06 	 1.323840e+07 	
1.66266266e+06 	 1.430029e-06 	 1.322730e+07 	
1.66316316e+06 	 1.391574e-06 	 1.321630e+07 	
1.66366366e+06 	 1.353658e-06 	 1.320540e+07 	
1.66416416e+06 	 1.316286e-06 	 1.319460e+07 	
1.66466466e+06 	 1.279465e-06 	 1.318390e+07 	
1.66516517e+06 	 1.243198e-06 	 1.317330e+07 	
1.66566567e+06 	 1.207492e-06 	 1.316280e+07 	
1.66616617e+06 	 1.172351e-06 	 1.315241e+07 	
1.66666667e+06 	 1.137781e-06 	 1.314212e+07 	
1.66716717e+06 	 1.103784e-06 	 1.313193e+07 	
1.66766767e+06 	 1.070366e-06 	 1.312185e+07 	
1.66816817e+06 	 1.037530e-06 	 1.311187e+07 	
1.66866867e+06 	 1.005329e-06 	 1.310197e+07 	
1.66916917e+06 	 9.736672e-07 	 1.309220e+07 	
1.66966967e+06 	 9.425964e-07 	 1.308253e+07 	
1.67017017e+06 	 9.121194e-07 	 1.307298e+07 	
1.67067067e+06 	 8.822381e-07 	 1.306352e+07 	
1.67117117e+06 	 8.529544e-07 	 1.305418e+07 	
1.67167167e+06 	 8.242695e-07 	 1.304494e+07 	
1.67217217e+06 	 7.961843e-07 	 1.303581e+07 	
1.67267267e+06 	 7.686996e-07 	 1.302679e+07 	
1.67317317e+06 	 7.418155e-07 	 1.301787e+07 	
1.67367367e+06 	 7.155318e-07 	 1.300906e+07 	
1.67417417e+06 	 6.898480e-07 	 1.300036e+07 	
1.67467467e+06 	 6.647630e-07 	 1.299177e+07 	
1.67517518e+06 	 6.402754e-07 	 1.298328e+07 	
1.67567568e+06 	 6.163835e-07 	 1.297490e+07 	
1.67617618e+06 	 5.930851e-07 	 1.296663e+07 	
1.67667668e+06 	 5.703776e-07 	 1.295847e+07 	
1.67717718e+06 	 5.482580e-07 	 1.295041e+07 	
1.67767768e+06 	 5.267492e-07 	 1.294243e+07 	
1.67817818e+06 	 5.057947e-07 	 1.293458e+07 	
1.67867868e+06 	 4.854167e-07 	 1.292684e+07 	
1.67917918e+06 	 4.656106e-07 	 1.291921e+07 	
1.67967968e+06 	 4.463715e-07 	 1.291169e+07 	
1.68018018e+06 	 4.276939e-07 	 1.290426e+07 	
1.68068068e+06 	 4.095722e-07 	 1.289695e+07 	
1.68118118e+06 	 3.920004e-07 	 1.288974e+07 	
1.68168168e+06 	 3.749720e-07 	 1.288263e+07 	
1.68218218e+06 	 3.584802e-07 	 1.287562e+07 	
1.68268268e+06 	 3.425180e-07 	 1.286872e+07 	
1.68318318e+06 	 3.270780e-07 	 1.286192e+07 	
1.68368368e+06 	 3.121524e-07 	 1.285523e+07 	
1.68418418e+06 	 2.977333e-07 	 1.284863e+07 	
1.68468468e+06 	 2.838124e-07 	 1.284214e+07 	
1.68518519e+06 	 2.703812e-07 	 1.283574e+07 	
1.68568569e+06 	 2.574309e-07 	 1.282944e+07 	
1.68618619e+06 	 2.449401e-07 	 1.282328e+07 	
1.68668669e+06 	 2.329245e-07 	 1.281718e+07 	
1.68718719e+06 	 2.213622e-07 	 1.281118e+07 	
1.68768769e+06 	 2.102435e-07 	 1.280527e+07 	
1.68818819e+06 	 1.995588e-07 	 1.279946e+07 	
1.68868869e+06 	 1.892981e-07 	 1.279374e+07 	
1.68918919e+06 	 1.794514e-07 	 1.278812e+07 	
1.68968969e+06 	 1.700086e-07 	 1.278258e+07 	
1.69019019e+06 	 1.609595e-07 	 1.277714e+07 	
1.69069069e+06 	 1.522938e-07 	 1.277179e+07 	
1.69119119e+06 	 1.440012e-07 	 1.276652e+07 	
1.69169169e+06 	 1.360712e-07 	 1.276134e+07 	
1.69219219e+06 	 1.284934e-07 	 1.275625e+07 	
1.69269269e+06 	 1.212576e-07 	 1.275125e+07 	
1.69319319e+06 	 1.143532e-07 	 1.274633e+07 	
1.69369369e+06 	 1.077755e-07 	 1.274144e+07 	
1.69419419e+06 	 1.015030e-07 	 1.273668e+07 	
1.69469469e+06 	 9.553103e-08 	 1.273200e+07 	
1.69519520e+06 	 8.984951e-08 	 1.272740e+07 	
1.69569570e+06 	 8.444833e-08 	 1.272288e+07 	
1.69619620e+06 	 7.931751e-08 	 1.271844e+07 	
1.69669670e+06 	 7.444721e-08 	 1.271407e+07 	
1.69719720e+06 	 6.982771e-08 	 1.270977e+07 	
1.69769770e+06 	 6.544945e-08 	 1.270555e+07 	
1.69819820e+06 	 6.130299e-08 	 1.270139e+07 	
1.69869870e+06 	 5.737910e-08 	 1.269731e+07 	
1.69919920e+06 	 5.366869e-08 	 1.269330e+07 	
1.69969970e+06 	 5.016551e-08 	 1.268929e+07 	
1.70020020e+06 	 4.685557e-08 	 1.268540e+07 	
1.70070070e+06 	 4.373301e-08 	 1.268158e+07 	
1.70120120e+06 	 4.078952e-08 	 1.267782e+07 	
1.70170170e+06 	 3.801702e-08 	 1.267412e+07 	
1.70220220e+06 	 3.540763e-08 	 1.267048e+07 	
1.70270270e+06 	 3.295369e-08 	 1.266690e+07 	
1.70320320e+06 	 3.064778e-08 	 1.266338e+07 	
1.70370370e+06 	 2.848268e-08 	 1.265991e+07 	
1.70420420e+06 	 2.644999e-08 	 1.265657e+07 	
1.70470470e+06 	 2.454578e-08 	 1.265322e+07 	
1.70520521e+06 	 2.276211e-08 	 1.264992e+07 	
1.70570571e+06 	 2.109270e-08 	 1.264666e+07 	
1.70620621e+06 	 1.953149e-08 	 1.264346e+07 	
1.70670671e+06 	 1.807262e-08 	 1.264030e+07 	
1.70720721e+06 	 1.671049e-08 	 1.263718e+07 	
1.70770771e+06 	 1.543885e-08 	 1.263423e+07 	
1.70820821e+06 	 1.425421e-08 	 1.263122e+07 	
1.70870871e+06 	 1.315079e-08 	 1.262826e+07 	
1.70920921e+06 	 1.212385e-08 	 1.262533e+07 	
1.70970971e+06 	 1.116886e-08 	 1.262246e+07 	
1.71021021e+06 	 1.028208e-08 	 1.261946e+07 	
1.71071071e+06 	 9.458277e-09 	 1.261663e+07 	
1.71121121e+06 	 8.694059e-09 	 1.261382e+07 	
1.71171171e+06 	 7.985697e-09 	 1.261104e+07 	
1.71221221e+06 	 7.329208e-09 	 1.260848e+07 	
1.71271271e+06 	 6.722039e-09 	 1.260579e+07 	
1.71321321e+06 	 6.160609e-09 	 1.260313e+07 	
1.71371371e+06 	 5.641559e-09 	 1.260073e+07 	
1.71421421e+06 	 5.162638e-09 	 1.259820e+07 	
1.71471471e+06 	 4.721096e-09 	 1.259547e+07 	
1.71521522e+06 	 4.313947e-09 	 1.259295e+07 	
1.71571572e+06 	 3.939185e-09 	 1.259018e+07 	
1.71621622e+06 	 3.594213e-09 	 1.258755e+07 	
1.71671672e+06 	 3.276881e-09 	 1.258520e+07 	
1.71721722e+06 	 2.985497e-09 	 1.258255e+07 	
1.71771772e+06 	 2.717769e-09 	 1.258056e+07 	
1.71821822e+06 	 2.472391e-09 	 1.257809e+07 	
1.71871872e+06 	 2.247462e-09 	 1.257578e+07 	
1.71921922e+06 	 2.041529e-09 	 1.257329e+07 	
1.71971972e+06 	 1.853030e-09 	 1.257116e+07 	
1.72022022e+06 	 1.680740e-09 	 1.256877e+07 	
1.72072072e+06 	 1.523324e-09 	 1.256650e+07 	
1.72122122e+06 	 1.379660e-09 	 1.256406e+07 	
1.72172172e+06 	 1.248591e-09 	 1.256191e+07 	
1.72222222e+06 	 1.129182e-09 	 1.255932e+07 	
1.72272272e+06 	 1.020385e-09 	 1.255747e+07 	
1.72322322e+06 	 9.214345e-10 	 1.255506e+07 	
1.72372372e+06 	 8.314482e-10 	 1.255302e+07 	
1.72422422e+06 	 7.497192e-10 	 1.255058e+07 	
1.72472472e+06 	 6.755107e-10 	 1.254862e+07 	
1.72522523e+06 	 6.082172e-10 	 1.254623e+07 	
1.72572573e+06 	 5.472150e-10 	 1.254426e+07 	
1.72622623e+06 	 4.919798e-10 	 1.254202e+07 	
1.72672673e+06 	 4.419941e-10 	 1.253991e+07 	
1.72722723e+06 	 3.968021e-10 	 1.253763e+07 	
1.72772773e+06 	 3.559684e-10 	 1.253559e+07 	
1.72822823e+06 	 3.191086e-10 	 1.253330e+07 	
1.72872873e+06 	 2.858550e-10 	 1.253130e+07 	
1.72922923e+06 	 2.558843e-10 	 1.252903e+07 	
1.72972973e+06 	 2.288882e-10 	 1.252702e+07 	
1.73023023e+06 	 2.045938e-10 	 1.252489e+07 	
1.73073073e+06 	 1.827463e-10 	 1.252276e+07 	
1.73123123e+06 	 1.631148e-10 	 1.252059e+07 	
1.73173173e+06 	 1.454872e-10 	 1.251852e+07 	
1.73223223e+06 	 1.296721e-10 	 1.251636e+07 	
1.73273273e+06 	 1.154932e-10 	 1.251429e+07 	
1.73323323e+06 	 1.027915e-10 	 1.251215e+07 	
1.73373373e+06 	 9.142130e-11 	 1.251007e+07 	
1.73423423e+06 	 8.125104e-11 	 1.250797e+07 	
1.97447889e+06 	 1.000000e-20 	 1.161242e+07 	
2.24800480e+06 	 1.000000e-20 	 1.079649e+07 	
2.55942244e+06 	 1.000000e-20 	 1.004970e+07 	
2.91398099e+06 	 1.000000e-20 	 9.363719e+06 	
3.31765677e+06 	 1.000000e-20 	 8.731713e+06 	
3.77725403e+06 	 1.000000e-20 	 8.147993e+06 	
4.30051962e+06 	 1.000000e-20 	 7.607755e+06 	
4.89627354e+06 	 1.000000e-20 	 7.106887e+06 	
5.57455766e+06 	 1.000000e-20 	 6.641835e+06 	
6.34680495e+06 	 1.000000e-20 	 6.209494e+06 	
7.22603219e+06 	 1.000000e-20 	 5.807132e+06 	
8.22705937e+06 	 1.000000e-20 	 5.432326e+06 	
9.36675953e+06 	 1.000000e-20 	 5.082912e+06 	
1.06643431e+07 	 1.000000e-20 	 4.756947e+06 	
1.21416819e+07 	 1.000000e-20 	 4.452679e+06 	
1.38236774e+07 	 1.000000e-20 	 4.168517e+06 	
1.57386809e+07 	 1.000000e-20 	 3.903016e+06 	
1.79189711e+07 	 1.000000e-20 	 3.654855e+06 	
2.04012985e+07 	 1.000000e-20 	 3.422823e+06 	
2.32275043e+07 	 1.000000e-20 	 3.205808e+06 	
2.64452264e+07 	 1.000000e-20 	 3.002788e+06 	
3.01087017e+07 	 1.000000e-20 	 2.812817e+06 	
3.42796807e+07 	 1.000000e-20 	 2.635022e+06 	
3.90284683e+07 	 1.000000e-20 	 2.468595e+06 	
4.44351087e+07 	 1.000000e-20 	 2.312786e+06 	
5.05907348e+07 	 1.000000e-20 	 2.166897e+06 	
5.75991039e+07 	 1.000000e-20 	 2.030283e+06 	
6.55783472e+07 	 1.000000e-20 	 1.902340e+06 	
7.46629605e+07 	 1.000000e-20 	 1.782508e+06 	
8.50060715e+07 	 1.000000e-20 	 1.670264e+06 	
9.67820207e+07 	 1.000000e-20 	 1.565121e+06 	
1.10189300e+08 	 1.000000e-20 	 1.466623e+06 	
1.25453899e+08 	 1.000000e-20 	 1.374346e+06 	
1.42833114e+08 	 1.000000e-20 	 1.287893e+06 	
1.62619883e+08 	 1.000000e-20 	 1.206893e+06 	
1.85147727e+08 	 1.000000e-20 	 1.131000e+06 	
2.10796368e+08 	 1.000000e-20 	 1.059890e+06 	
2.39998133e+08 	 1.000000e-20 	 9.932582e+05 	
2.73245239e+08 	 1.000000e-20 	 9.308225e+05 	
3.11098089e+08 	 1.000000e-20 	 8.723170e+05 	
3.54194720e+08 	 1.000000e-20 	 8.174935e+05 	
4.03261557e+08 	 1.000000e-20 	 7.661193e+05 	
4.59125656e+08 	 1.000000e-20 	 7.179768e+05 	
5.22728647e+08 	 1.000000e-20 	 6.728621e+05 	
5.95142604e+08 	 1.000000e-20 	 6.305843e+05 	
6.77588117e+08 	 1.000000e-20 	 5.909647e+05 	
7.71454862e+08 	 1.000000e-20 	 5.538359e+05 	
8.78325032e+08 	 1.000000e-20 	 5.190409e+05 	
1.00000000e+09 	 1.000000e-20 	 4.864329e+05 	
