r (cm)        	 rho (g/cm3) 	 T (K)       		 Linf = 1.656656e+38
1.20009590e+06 	 4.709299e+04 	 1.254496e+09 	
1.20023025e+06 	 4.399797e+04 	 1.233007e+09 	
1.20049672e+06 	 3.835741e+04 	 1.190775e+09 	
1.20076318e+06 	 3.333175e+04 	 1.149070e+09 	
1.20102964e+06 	 2.886745e+04 	 1.107912e+09 	
1.20129175e+06 	 2.497502e+04 	 1.067975e+09 	
1.20155386e+06 	 2.153231e+04 	 1.028600e+09 	
1.20181597e+06 	 1.849737e+04 	 9.898057e+08 	
1.20203144e+06 	 1.628015e+04 	 9.583615e+08 	
1.20224692e+06 	 1.429165e+04 	 9.273330e+08 	
1.20246239e+06 	 1.251268e+04 	 8.967311e+08 	
1.20267787e+06 	 1.092526e+04 	 8.665670e+08 	
1.20289334e+06 	 9.512500e+03 	 8.368522e+08 	
1.20310721e+06 	 8.267390e+03 	 8.078143e+08 	
1.20332109e+06 	 7.164394e+03 	 7.792422e+08 	
1.20353496e+06 	 6.190090e+03 	 7.511479e+08 	
1.20370983e+06 	 5.480354e+03 	 7.285402e+08 	
1.20388470e+06 	 4.841932e+03 	 7.062666e+08 	
1.20405957e+06 	 4.268850e+03 	 6.843338e+08 	
1.20423445e+06 	 3.755518e+03 	 6.627484e+08 	
1.20440932e+06 	 3.296706e+03 	 6.415172e+08 	
1.20458419e+06 	 2.887537e+03 	 6.206471e+08 	
1.20476340e+06 	 2.514961e+03 	 5.996398e+08 	
1.20494262e+06 	 2.185222e+03 	 5.790259e+08 	
1.20508931e+06 	 1.944261e+03 	 5.624509e+08 	
1.20523600e+06 	 1.727042e+03 	 5.461482e+08 	
1.20538269e+06 	 1.531563e+03 	 5.301214e+08 	
1.20552939e+06 	 1.355957e+03 	 5.143744e+08 	
1.20567608e+06 	 1.198484e+03 	 4.989107e+08 	
1.20582277e+06 	 1.057527e+03 	 4.837340e+08 	
1.20596946e+06 	 9.315828e+02 	 4.688478e+08 	
1.20611821e+06 	 8.177715e+02 	 4.540521e+08 	
1.20626697e+06 	 7.166269e+02 	 4.395617e+08 	
1.20641572e+06 	 6.269129e+02 	 4.253799e+08 	
1.20653912e+06 	 5.603485e+02 	 4.138518e+08 	
1.20666252e+06 	 5.002659e+02 	 4.025395e+08 	
1.20678592e+06 	 4.461073e+02 	 3.914447e+08 	
1.20690932e+06 	 3.973548e+02 	 3.805686e+08 	
1.20703272e+06 	 3.535281e+02 	 3.699126e+08 	
1.20715611e+06 	 3.141832e+02 	 3.594778e+08 	
1.20727951e+06 	 2.789096e+02 	 3.492651e+08 	
1.20740291e+06 	 2.473286e+02 	 3.392754e+08 	
1.20753323e+06 	 2.176000e+02 	 3.289682e+08 	
1.20764141e+06 	 1.954854e+02 	 3.206024e+08 	
1.20774959e+06 	 1.754828e+02 	 3.124091e+08 	
1.20785776e+06 	 1.574088e+02 	 3.043886e+08 	
1.20796594e+06 	 1.410938e+02 	 2.965409e+08 	
1.20807412e+06 	 1.263810e+02 	 2.888660e+08 	
1.20818230e+06 	 1.131261e+02 	 2.813636e+08 	
1.20829047e+06 	 1.011960e+02 	 2.740335e+08 	
1.20839865e+06 	 9.046824e+01 	 2.668753e+08 	
1.20850683e+06 	 8.083065e+01 	 2.598885e+08 	
1.20861500e+06 	 7.218015e+01 	 2.530724e+08 	
1.20872318e+06 	 6.442244e+01 	 2.464263e+08 	
1.20882273e+06 	 5.799810e+01 	 2.404598e+08 	
1.20892228e+06 	 5.219510e+01 	 2.346357e+08 	
1.20902182e+06 	 4.695686e+01 	 2.289531e+08 	
1.20912137e+06 	 4.223150e+01 	 2.234111e+08 	
1.20922092e+06 	 3.797145e+01 	 2.180087e+08 	
1.20932046e+06 	 3.413320e+01 	 2.127447e+08 	
1.20942001e+06 	 3.067694e+01 	 2.076179e+08 	
1.20951956e+06 	 2.756632e+01 	 2.026269e+08 	
1.20961911e+06 	 2.476821e+01 	 1.977705e+08 	
1.20971865e+06 	 2.225241e+01 	 1.930470e+08 	
1.20981820e+06 	 1.999143e+01 	 1.884551e+08 	
1.20991775e+06 	 1.796028e+01 	 1.839929e+08 	
1.21001729e+06 	 1.613628e+01 	 1.796589e+08 	
1.21011684e+06 	 1.449885e+01 	 1.754513e+08 	
1.21021639e+06 	 1.302934e+01 	 1.713681e+08 	
1.21031594e+06 	 1.171087e+01 	 1.674075e+08 	
1.21041548e+06 	 1.052817e+01 	 1.635675e+08 	
1.21052196e+06 	 9.397769e+00 	 1.595912e+08 	
1.21062845e+06 	 8.391760e+00 	 1.557479e+08 	
1.21073493e+06 	 7.496544e+00 	 1.520350e+08 	
1.21084141e+06 	 6.699958e+00 	 1.484498e+08 	
1.21094789e+06 	 5.991132e+00 	 1.449895e+08 	
1.21105437e+06 	 5.360364e+00 	 1.416514e+08 	
1.21116085e+06 	 4.798995e+00 	 1.384325e+08 	
1.21126733e+06 	 4.299311e+00 	 1.353299e+08 	
1.21137382e+06 	 3.854437e+00 	 1.323407e+08 	
1.21148030e+06 	 3.458256e+00 	 1.294620e+08 	
1.21158678e+06 	 3.105327e+00 	 1.266908e+08 	
1.21169326e+06 	 2.790812e+00 	 1.240241e+08 	
1.21179974e+06 	 2.510412e+00 	 1.214588e+08 	
1.21190622e+06 	 2.260312e+00 	 1.189921e+08 	
1.21201270e+06 	 2.037121e+00 	 1.166208e+08 	
1.21214697e+06 	 1.789432e+00 	 1.137624e+08 	
1.21228123e+06 	 1.574502e+00 	 1.110452e+08 	
1.21241549e+06 	 1.387800e+00 	 1.084633e+08 	
1.21254975e+06 	 1.225435e+00 	 1.060109e+08 	
1.21268402e+06 	 1.084062e+00 	 1.036823e+08 	
1.21281828e+06 	 9.608084e-01 	 1.014721e+08 	
1.21295254e+06 	 8.532065e-01 	 9.937456e+07 	
1.21308680e+06 	 7.591353e-01 	 9.738456e+07 	
1.21322107e+06 	 6.767720e-01 	 9.549684e+07 	
1.21335533e+06 	 6.045493e-01 	 9.370641e+07 	
1.21348959e+06 	 5.411193e-01 	 9.200837e+07 	
1.21366673e+06 	 4.689439e-01 	 8.990153e+07 	
1.21384387e+06 	 4.078253e-01 	 8.793703e+07 	
1.21402101e+06 	 3.559170e-01 	 8.610505e+07 	
1.21419814e+06 	 3.116989e-01 	 8.439632e+07 	
1.21437528e+06 	 2.739173e-01 	 8.280209e+07 	
1.21455242e+06 	 2.415364e-01 	 8.131414e+07 	
1.21472956e+06 	 2.136991e-01 	 7.992476e+07 	
1.21496271e+06 	 1.828029e-01 	 7.823420e+07 	
1.21519586e+06 	 1.572452e-01 	 7.668684e+07 	
1.21542901e+06 	 1.359922e-01 	 7.526890e+07 	
1.21566217e+06 	 1.182272e-01 	 7.396789e+07 	
1.21589532e+06 	 1.033019e-01 	 7.277253e+07 	
1.21620183e+06 	 8.714679e-02 	 7.134486e+07 	
1.21650833e+06 	 7.410544e-02 	 7.006179e+07 	
1.21681484e+06 	 6.349221e-02 	 6.890551e+07 	
1.21712135e+06 	 5.478762e-02 	 6.786054e+07 	
1.21750408e+06 	 4.600389e-02 	 6.669174e+07 	
1.21788682e+06 	 3.900611e-02 	 6.565343e+07 	
1.21826955e+06 	 3.337283e-02 	 6.472694e+07 	
1.21875439e+06 	 2.771874e-02 	 6.368962e+07 	
1.21923922e+06 	 2.330591e-02 	 6.278059e+07 	
1.21972405e+06 	 1.981499e-02 	 6.197876e+07 	
1.22034452e+06 	 1.633732e-02 	 6.108209e+07 	
1.22096500e+06 	 1.367083e-02 	 6.030485e+07 	
1.22158548e+06 	 1.159171e-02 	 5.962503e+07 	
1.22239212e+06 	 9.519355e-03 	 5.885904e+07 	
1.22319877e+06 	 7.955006e-03 	 5.819998e+07 	
1.22400541e+06 	 6.750049e-03 	 5.762621e+07 	
1.22507521e+06 	 5.541151e-03 	 5.696938e+07 	
1.22614501e+06 	 4.641507e-03 	 5.640588e+07 	
1.22721481e+06 	 3.955938e-03 	 5.591532e+07 	
1.22870235e+06 	 3.246304e-03 	 5.532702e+07 	
1.23018990e+06 	 2.728909e-03 	 5.482250e+07 	
1.23167744e+06 	 2.340732e-03 	 5.438184e+07 	
1.23355375e+06 	 1.975772e-03 	 5.389561e+07 	
1.23543006e+06 	 1.705369e-03 	 5.346882e+07 	
1.23730636e+06 	 1.499509e-03 	 5.308764e+07 	
1.23991799e+06 	 1.285838e-03 	 5.261491e+07 	
1.24252962e+06 	 1.129341e-03 	 5.219320e+07 	
1.24555926e+06 	 9.949660e-04 	 5.175157e+07 	
1.24858889e+06 	 8.946523e-04 	 5.134848e+07 	
1.25161852e+06 	 8.176203e-04 	 5.097477e+07 	
1.25615565e+06 	 7.315392e-04 	 5.045644e+07 	
1.26069278e+06 	 6.687140e-04 	 4.997497e+07 	
1.26522991e+06 	 6.210540e-04 	 4.952069e+07 	
1.27214493e+06 	 5.670679e-04 	 4.886652e+07 	
1.27571889e+06 	 5.451174e-04 	 4.854226e+07 	
1.28403900e+06 	 5.040637e-04 	 4.781474e+07 	
1.29050947e+06 	 4.786748e-04 	 4.726978e+07 	
1.30206368e+06 	 4.418211e-04 	 4.633094e+07 	
1.30789185e+06 	 4.259343e-04 	 4.587105e+07 	
1.32248733e+06 	 3.910763e-04 	 4.475263e+07 	
1.33313141e+06 	 3.687219e-04 	 4.396339e+07 	
1.33885958e+06 	 3.574813e-04 	 4.354704e+07 	
1.36337589e+06 	 3.141626e-04 	 4.182602e+07 	
1.37000000e+06 	 3.035729e-04 	 4.137700e+07 	
1.38000000e+06 	 2.883635e-04 	 4.071134e+07 	
1.39000000e+06 	 2.740141e-04 	 4.005990e+07 	
1.40000000e+06 	 2.604592e-04 	 3.942221e+07 	
1.41000000e+06 	 2.476450e-04 	 3.879782e+07 	
1.42000000e+06 	 2.355244e-04 	 3.818635e+07 	
1.43000000e+06 	 2.240534e-04 	 3.758740e+07 	
1.44000000e+06 	 2.131915e-04 	 3.700061e+07 	
1.45000000e+06 	 2.029040e-04 	 3.642562e+07 	
1.46000000e+06 	 1.931554e-04 	 3.586210e+07 	
1.47000000e+06 	 1.839148e-04 	 3.530972e+07 	
1.48000000e+06 	 1.751526e-04 	 3.476818e+07 	
1.49000000e+06 	 1.668411e-04 	 3.423715e+07 	
1.50000000e+06 	 1.589546e-04 	 3.371637e+07 	
1.51000000e+06 	 1.514697e-04 	 3.320555e+07 	
1.52000000e+06 	 1.443633e-04 	 3.270441e+07 	
1.53000000e+06 	 1.376143e-04 	 3.221271e+07 	
1.54000000e+06 	 1.312031e-04 	 3.173019e+07 	
1.55000000e+06 	 1.251109e-04 	 3.125661e+07 	
1.56000000e+06 	 1.193203e-04 	 3.079173e+07 	
1.57000000e+06 	 1.138150e-04 	 3.033534e+07 	
1.58000000e+06 	 1.085793e-04 	 2.988720e+07 	
1.59000000e+06 	 1.035989e-04 	 2.944712e+07 	
1.60000000e+06 	 9.885994e-05 	 2.901489e+07 	
1.61000000e+06 	 9.434989e-05 	 2.859031e+07 	
1.62000000e+06 	 9.005637e-05 	 2.817319e+07 	
1.63000000e+06 	 8.596796e-05 	 2.776334e+07 	
1.64000000e+06 	 8.207404e-05 	 2.736060e+07 	
1.65000000e+06 	 7.836442e-05 	 2.696479e+07 	
1.66000000e+06 	 7.482949e-05 	 2.657573e+07 	
1.67000000e+06 	 7.146045e-05 	 2.619328e+07 	
1.68000000e+06 	 6.824856e-05 	 2.581726e+07 	
1.69000000e+06 	 6.518596e-05 	 2.544754e+07 	
1.70000000e+06 	 6.226497e-05 	 2.508397e+07 	
1.71000000e+06 	 5.947833e-05 	 2.472639e+07 	
1.72000000e+06 	 5.681953e-05 	 2.437468e+07 	
1.73000000e+06 	 5.428195e-05 	 2.402870e+07 	
1.74000000e+06 	 5.185952e-05 	 2.368832e+07 	
1.75000000e+06 	 4.954664e-05 	 2.335341e+07 	
1.76000000e+06 	 4.733781e-05 	 2.302386e+07 	
1.77000000e+06 	 4.522787e-05 	 2.269954e+07 	
1.78000000e+06 	 4.321198e-05 	 2.238034e+07 	
1.79000000e+06 	 4.128560e-05 	 2.206615e+07 	
1.80000000e+06 	 3.944429e-05 	 2.175686e+07 	
1.81000000e+06 	 3.768385e-05 	 2.145236e+07 	
1.82000000e+06 	 3.600037e-05 	 2.115256e+07 	
1.83000000e+06 	 3.439021e-05 	 2.085735e+07 	
1.84000000e+06 	 3.284976e-05 	 2.056664e+07 	
1.85000000e+06 	 3.137566e-05 	 2.028033e+07 	
1.86000000e+06 	 2.996473e-05 	 1.999833e+07 	
1.87000000e+06 	 2.861398e-05 	 1.972056e+07 	
1.88000000e+06 	 2.732048e-05 	 1.944693e+07 	
1.89000000e+06 	 2.608146e-05 	 1.917736e+07 	
1.90000000e+06 	 2.489436e-05 	 1.891177e+07 	
1.91000000e+06 	 2.375670e-05 	 1.865007e+07 	
1.92000000e+06 	 2.266611e-05 	 1.839220e+07 	
1.93000000e+06 	 2.162029e-05 	 1.813807e+07 	
1.94000000e+06 	 2.061714e-05 	 1.788762e+07 	
1.95000000e+06 	 1.965463e-05 	 1.764079e+07 	
1.96000000e+06 	 1.873079e-05 	 1.739749e+07 	
1.97000000e+06 	 1.784376e-05 	 1.715768e+07 	
1.98000000e+06 	 1.699177e-05 	 1.692128e+07 	
2.00000000e+06 	 1.538616e-05 	 1.645850e+07 	
2.00050050e+06 	 1.534757e-05 	 1.644709e+07 	
2.00100100e+06 	 1.530907e-05 	 1.643569e+07 	
2.00150150e+06 	 1.527063e-05 	 1.642429e+07 	
2.00200200e+06 	 1.523228e-05 	 1.641290e+07 	
2.00250250e+06 	 1.519400e-05 	 1.640152e+07 	
2.00300300e+06 	 1.515579e-05 	 1.639015e+07 	
2.00350350e+06 	 1.511765e-05 	 1.637878e+07 	
2.00400400e+06 	 1.507960e-05 	 1.636743e+07 	
2.00450450e+06 	 1.504161e-05 	 1.635608e+07 	
2.00500501e+06 	 1.500370e-05 	 1.634474e+07 	
2.00550551e+06 	 1.496586e-05 	 1.633341e+07 	
2.00600601e+06 	 1.492810e-05 	 1.632209e+07 	
2.00650651e+06 	 1.489041e-05 	 1.631077e+07 	
2.00700701e+06 	 1.485279e-05 	 1.629946e+07 	
2.00750751e+06 	 1.481525e-05 	 1.628816e+07 	
2.00800801e+06 	 1.477777e-05 	 1.627687e+07 	
2.00850851e+06 	 1.474037e-05 	 1.626559e+07 	
2.00900901e+06 	 1.470304e-05 	 1.625431e+07 	
2.00950951e+06 	 1.466579e-05 	 1.624304e+07 	
2.01001001e+06 	 1.462860e-05 	 1.623179e+07 	
2.01051051e+06 	 1.459149e-05 	 1.622053e+07 	
2.01101101e+06 	 1.455445e-05 	 1.620929e+07 	
2.01151151e+06 	 1.451748e-05 	 1.619805e+07 	
2.01201201e+06 	 1.448058e-05 	 1.618683e+07 	
2.01251251e+06 	 1.444376e-05 	 1.617561e+07 	
2.01301301e+06 	 1.440700e-05 	 1.616440e+07 	
2.01351351e+06 	 1.437031e-05 	 1.615319e+07 	
2.01401401e+06 	 1.433370e-05 	 1.614200e+07 	
2.01451451e+06 	 1.429715e-05 	 1.613081e+07 	
2.01501502e+06 	 1.426068e-05 	 1.611963e+07 	
2.01551552e+06 	 1.422427e-05 	 1.610846e+07 	
2.01601602e+06 	 1.418794e-05 	 1.609729e+07 	
2.01651652e+06 	 1.415167e-05 	 1.608614e+07 	
2.01701702e+06 	 1.411548e-05 	 1.607499e+07 	
2.01751752e+06 	 1.407935e-05 	 1.606385e+07 	
2.01801802e+06 	 1.404329e-05 	 1.605272e+07 	
2.01851852e+06 	 1.400730e-05 	 1.604159e+07 	
2.01901902e+06 	 1.397138e-05 	 1.603048e+07 	
2.01951952e+06 	 1.393553e-05 	 1.601937e+07 	
2.02002002e+06 	 1.389975e-05 	 1.600827e+07 	
2.02052052e+06 	 1.386403e-05 	 1.599717e+07 	
2.02102102e+06 	 1.382839e-05 	 1.598609e+07 	
2.02152152e+06 	 1.379281e-05 	 1.597501e+07 	
2.02202202e+06 	 1.375730e-05 	 1.596394e+07 	
2.02252252e+06 	 1.372185e-05 	 1.595288e+07 	
2.02302302e+06 	 1.368648e-05 	 1.594183e+07 	
2.02352352e+06 	 1.365117e-05 	 1.593078e+07 	
2.02402402e+06 	 1.361592e-05 	 1.591975e+07 	
2.02452452e+06 	 1.358075e-05 	 1.590872e+07 	
2.02502503e+06 	 1.354564e-05 	 1.589769e+07 	
2.02552553e+06 	 1.351060e-05 	 1.588668e+07 	
2.02602603e+06 	 1.347562e-05 	 1.587567e+07 	
2.02652653e+06 	 1.344071e-05 	 1.586467e+07 	
2.02702703e+06 	 1.340587e-05 	 1.585368e+07 	
2.02752753e+06 	 1.337109e-05 	 1.584270e+07 	
2.02802803e+06 	 1.333637e-05 	 1.583173e+07 	
2.02852853e+06 	 1.330173e-05 	 1.582076e+07 	
2.02902903e+06 	 1.326714e-05 	 1.580980e+07 	
2.02952953e+06 	 1.323263e-05 	 1.579885e+07 	
2.03003003e+06 	 1.319817e-05 	 1.578790e+07 	
2.03053053e+06 	 1.316379e-05 	 1.577697e+07 	
2.03103103e+06 	 1.312946e-05 	 1.576604e+07 	
2.03153153e+06 	 1.309521e-05 	 1.575512e+07 	
2.03203203e+06 	 1.306101e-05 	 1.574420e+07 	
2.03253253e+06 	 1.302688e-05 	 1.573330e+07 	
2.03303303e+06 	 1.299281e-05 	 1.572240e+07 	
2.03353353e+06 	 1.295881e-05 	 1.571151e+07 	
2.03403403e+06 	 1.292487e-05 	 1.570063e+07 	
2.03453453e+06 	 1.289099e-05 	 1.568975e+07 	
2.03503504e+06 	 1.285718e-05 	 1.567889e+07 	
2.03553554e+06 	 1.282343e-05 	 1.566803e+07 	
2.03603604e+06 	 1.278974e-05 	 1.565718e+07 	
2.03653654e+06 	 1.275612e-05 	 1.564633e+07 	
2.03703704e+06 	 1.272256e-05 	 1.563550e+07 	
2.03753754e+06 	 1.268906e-05 	 1.562467e+07 	
2.03803804e+06 	 1.265562e-05 	 1.561385e+07 	
2.03853854e+06 	 1.262225e-05 	 1.560304e+07 	
2.03903904e+06 	 1.258893e-05 	 1.559223e+07 	
2.03953954e+06 	 1.255568e-05 	 1.558143e+07 	
2.04004004e+06 	 1.252249e-05 	 1.557064e+07 	
2.04054054e+06 	 1.248936e-05 	 1.555986e+07 	
2.04104104e+06 	 1.245629e-05 	 1.554909e+07 	
2.04154154e+06 	 1.242329e-05 	 1.553832e+07 	
2.04204204e+06 	 1.239034e-05 	 1.552756e+07 	
2.04254254e+06 	 1.235745e-05 	 1.551681e+07 	
2.04304304e+06 	 1.232463e-05 	 1.550606e+07 	
2.04354354e+06 	 1.229187e-05 	 1.549533e+07 	
2.04404404e+06 	 1.225916e-05 	 1.548460e+07 	
2.04454454e+06 	 1.222652e-05 	 1.547388e+07 	
2.04504505e+06 	 1.219393e-05 	 1.546316e+07 	
2.04554555e+06 	 1.216141e-05 	 1.545246e+07 	
2.04604605e+06 	 1.212894e-05 	 1.544176e+07 	
2.04654655e+06 	 1.209654e-05 	 1.543107e+07 	
2.04704705e+06 	 1.206419e-05 	 1.542039e+07 	
2.04754755e+06 	 1.203191e-05 	 1.540971e+07 	
2.04804805e+06 	 1.199968e-05 	 1.539904e+07 	
2.04854855e+06 	 1.196751e-05 	 1.538838e+07 	
2.04904905e+06 	 1.193540e-05 	 1.537773e+07 	
2.04954955e+06 	 1.190335e-05 	 1.536709e+07 	
2.05005005e+06 	 1.187135e-05 	 1.535645e+07 	
2.05055055e+06 	 1.183942e-05 	 1.534582e+07 	
2.05105105e+06 	 1.180754e-05 	 1.533519e+07 	
2.05155155e+06 	 1.177572e-05 	 1.532458e+07 	
2.05205205e+06 	 1.174396e-05 	 1.531397e+07 	
2.05255255e+06 	 1.171226e-05 	 1.530337e+07 	
2.05305305e+06 	 1.168061e-05 	 1.529278e+07 	
2.05355355e+06 	 1.164902e-05 	 1.528220e+07 	
2.05405405e+06 	 1.161749e-05 	 1.527162e+07 	
2.05455455e+06 	 1.158602e-05 	 1.526105e+07 	
2.05505506e+06 	 1.155460e-05 	 1.525049e+07 	
2.05555556e+06 	 1.152324e-05 	 1.523993e+07 	
2.05605606e+06 	 1.149193e-05 	 1.522938e+07 	
2.05655656e+06 	 1.146068e-05 	 1.521884e+07 	
2.05705706e+06 	 1.142949e-05 	 1.520831e+07 	
2.05755756e+06 	 1.139835e-05 	 1.519779e+07 	
2.05805806e+06 	 1.136727e-05 	 1.518727e+07 	
2.05855856e+06 	 1.133625e-05 	 1.517676e+07 	
2.05905906e+06 	 1.130528e-05 	 1.516626e+07 	
2.05955956e+06 	 1.127436e-05 	 1.515576e+07 	
2.06006006e+06 	 1.124350e-05 	 1.514528e+07 	
2.06056056e+06 	 1.121270e-05 	 1.513480e+07 	
2.06106106e+06 	 1.118195e-05 	 1.512432e+07 	
2.06156156e+06 	 1.115126e-05 	 1.511386e+07 	
2.06206206e+06 	 1.112062e-05 	 1.510340e+07 	
2.06256256e+06 	 1.109003e-05 	 1.509295e+07 	
2.06306306e+06 	 1.105950e-05 	 1.508251e+07 	
2.06356356e+06 	 1.102903e-05 	 1.507208e+07 	
2.06406406e+06 	 1.099860e-05 	 1.506165e+07 	
2.06456456e+06 	 1.096823e-05 	 1.505123e+07 	
2.06506507e+06 	 1.093792e-05 	 1.504082e+07 	
2.06556557e+06 	 1.090766e-05 	 1.503041e+07 	
2.06606607e+06 	 1.087745e-05 	 1.502001e+07 	
2.06656657e+06 	 1.084729e-05 	 1.500962e+07 	
2.06706707e+06 	 1.081719e-05 	 1.499924e+07 	
2.06756757e+06 	 1.078714e-05 	 1.498887e+07 	
2.06806807e+06 	 1.075714e-05 	 1.497850e+07 	
2.06856857e+06 	 1.072720e-05 	 1.496814e+07 	
2.06906907e+06 	 1.069731e-05 	 1.495778e+07 	
2.06956957e+06 	 1.066747e-05 	 1.494744e+07 	
2.07007007e+06 	 1.063768e-05 	 1.493710e+07 	
2.07057057e+06 	 1.060795e-05 	 1.492677e+07 	
2.07107107e+06 	 1.057826e-05 	 1.491645e+07 	
2.07157157e+06 	 1.054863e-05 	 1.490613e+07 	
2.07207207e+06 	 1.051905e-05 	 1.489582e+07 	
2.07257257e+06 	 1.048953e-05 	 1.488552e+07 	
2.07307307e+06 	 1.046005e-05 	 1.487522e+07 	
2.07357357e+06 	 1.043062e-05 	 1.486494e+07 	
2.07407407e+06 	 1.040125e-05 	 1.485466e+07 	
2.07457457e+06 	 1.037193e-05 	 1.484439e+07 	
2.07507508e+06 	 1.034265e-05 	 1.483412e+07 	
2.07557558e+06 	 1.031343e-05 	 1.482386e+07 	
2.07607608e+06 	 1.028426e-05 	 1.481361e+07 	
2.07657658e+06 	 1.025514e-05 	 1.480337e+07 	
2.07707708e+06 	 1.022607e-05 	 1.479314e+07 	
2.07757758e+06 	 1.019705e-05 	 1.478291e+07 	
2.07807808e+06 	 1.016808e-05 	 1.477269e+07 	
2.07857858e+06 	 1.013916e-05 	 1.476247e+07 	
2.07907908e+06 	 1.011029e-05 	 1.475227e+07 	
2.07957958e+06 	 1.008146e-05 	 1.474207e+07 	
2.08008008e+06 	 1.005269e-05 	 1.473188e+07 	
2.08058058e+06 	 1.002397e-05 	 1.472169e+07 	
2.08108108e+06 	 9.995296e-06 	 1.471152e+07 	
2.08158158e+06 	 9.966671e-06 	 1.470135e+07 	
2.08208208e+06 	 9.938095e-06 	 1.469119e+07 	
2.08258258e+06 	 9.909567e-06 	 1.468103e+07 	
2.08308308e+06 	 9.881089e-06 	 1.467089e+07 	
2.08358358e+06 	 9.852658e-06 	 1.466075e+07 	
2.08408408e+06 	 9.824276e-06 	 1.465061e+07 	
2.08458458e+06 	 9.795942e-06 	 1.464049e+07 	
2.08508509e+06 	 9.767656e-06 	 1.463037e+07 	
2.08558559e+06 	 9.739418e-06 	 1.462026e+07 	
2.08608609e+06 	 9.711228e-06 	 1.461016e+07 	
2.08658659e+06 	 9.683085e-06 	 1.460006e+07 	
2.08708709e+06 	 9.654989e-06 	 1.458997e+07 	
2.08758759e+06 	 9.626941e-06 	 1.457989e+07 	
2.08808809e+06 	 9.598940e-06 	 1.456982e+07 	
2.08858859e+06 	 9.570986e-06 	 1.455975e+07 	
2.08908909e+06 	 9.543079e-06 	 1.454969e+07 	
2.08958959e+06 	 9.515219e-06 	 1.453964e+07 	
2.09009009e+06 	 9.487405e-06 	 1.452959e+07 	
2.09059059e+06 	 9.459637e-06 	 1.451956e+07 	
2.09109109e+06 	 9.431916e-06 	 1.450953e+07 	
2.09159159e+06 	 9.404241e-06 	 1.449950e+07 	
2.09209209e+06 	 9.376612e-06 	 1.448949e+07 	
2.09259259e+06 	 9.349029e-06 	 1.447948e+07 	
2.09309309e+06 	 9.321492e-06 	 1.446948e+07 	
2.09359359e+06 	 9.294000e-06 	 1.445949e+07 	
2.09409409e+06 	 9.266554e-06 	 1.444950e+07 	
2.09459459e+06 	 9.239153e-06 	 1.443952e+07 	
2.09509510e+06 	 9.211797e-06 	 1.442955e+07 	
2.09559560e+06 	 9.184486e-06 	 1.441959e+07 	
2.09609610e+06 	 9.157220e-06 	 1.440963e+07 	
2.09659660e+06 	 9.129999e-06 	 1.439968e+07 	
2.09709710e+06 	 9.102822e-06 	 1.438974e+07 	
2.09759760e+06 	 9.075690e-06 	 1.437980e+07 	
2.09809810e+06 	 9.048602e-06 	 1.436987e+07 	
2.09859860e+06 	 9.021558e-06 	 1.435995e+07 	
2.09909910e+06 	 8.994559e-06 	 1.435004e+07 	
2.09959960e+06 	 8.967603e-06 	 1.434013e+07 	
2.10010010e+06 	 8.940691e-06 	 1.433024e+07 	
2.10060060e+06 	 8.913823e-06 	 1.432034e+07 	
2.10110110e+06 	 8.886998e-06 	 1.431046e+07 	
2.10160160e+06 	 8.860216e-06 	 1.430058e+07 	
2.10210210e+06 	 8.833478e-06 	 1.429071e+07 	
2.10260260e+06 	 8.806783e-06 	 1.428085e+07 	
2.10310310e+06 	 8.780130e-06 	 1.427099e+07 	
2.10360360e+06 	 8.753521e-06 	 1.426115e+07 	
2.10410410e+06 	 8.726954e-06 	 1.425131e+07 	
2.10460460e+06 	 8.700429e-06 	 1.424147e+07 	
2.10510511e+06 	 8.673947e-06 	 1.423165e+07 	
2.10560561e+06 	 8.647507e-06 	 1.422183e+07 	
2.10610611e+06 	 8.621109e-06 	 1.421202e+07 	
2.10660661e+06 	 8.594753e-06 	 1.420221e+07 	
2.10710711e+06 	 8.568439e-06 	 1.419241e+07 	
2.10760761e+06 	 8.542167e-06 	 1.418262e+07 	
2.10810811e+06 	 8.515936e-06 	 1.417284e+07 	
2.10860861e+06 	 8.489747e-06 	 1.416307e+07 	
2.10910911e+06 	 8.463600e-06 	 1.415330e+07 	
2.10960961e+06 	 8.437493e-06 	 1.414354e+07 	
2.11011011e+06 	 8.411428e-06 	 1.413378e+07 	
2.11061061e+06 	 8.385404e-06 	 1.412404e+07 	
2.11111111e+06 	 8.359420e-06 	 1.411430e+07 	
2.11161161e+06 	 8.333478e-06 	 1.410457e+07 	
2.11211211e+06 	 8.307576e-06 	 1.409484e+07 	
2.11261261e+06 	 8.281714e-06 	 1.408513e+07 	
2.11311311e+06 	 8.255893e-06 	 1.407542e+07 	
2.11361361e+06 	 8.230112e-06 	 1.406571e+07 	
2.11411411e+06 	 8.204371e-06 	 1.405602e+07 	
2.11461461e+06 	 8.178670e-06 	 1.404633e+07 	
2.11511512e+06 	 8.153424e-06 	 1.403662e+07 	
2.11561562e+06 	 8.127809e-06 	 1.402695e+07 	
2.11611612e+06 	 8.102234e-06 	 1.401728e+07 	
2.11661662e+06 	 8.076699e-06 	 1.400762e+07 	
2.11711712e+06 	 8.051203e-06 	 1.399797e+07 	
2.11761762e+06 	 8.025746e-06 	 1.398832e+07 	
2.11811812e+06 	 8.000329e-06 	 1.397869e+07 	
2.11861862e+06 	 7.974950e-06 	 1.396906e+07 	
2.11911912e+06 	 7.949611e-06 	 1.395943e+07 	
2.11961962e+06 	 7.924310e-06 	 1.394982e+07 	
2.12012012e+06 	 7.899048e-06 	 1.394021e+07 	
2.12062062e+06 	 7.873824e-06 	 1.393061e+07 	
2.12112112e+06 	 7.848639e-06 	 1.392101e+07 	
2.12162162e+06 	 7.823492e-06 	 1.391143e+07 	
2.12212212e+06 	 7.798383e-06 	 1.390185e+07 	
2.12262262e+06 	 7.773312e-06 	 1.389227e+07 	
2.12312312e+06 	 7.748279e-06 	 1.388271e+07 	
2.12362362e+06 	 7.723284e-06 	 1.387315e+07 	
2.12412412e+06 	 7.698327e-06 	 1.386360e+07 	
2.12462462e+06 	 7.673407e-06 	 1.385406e+07 	
2.12512513e+06 	 7.648525e-06 	 1.384452e+07 	
2.12562563e+06 	 7.623679e-06 	 1.383500e+07 	
2.12612613e+06 	 7.598871e-06 	 1.382548e+07 	
2.12662663e+06 	 7.574100e-06 	 1.381596e+07 	
2.12712713e+06 	 7.549366e-06 	 1.380646e+07 	
2.12762763e+06 	 7.524669e-06 	 1.379696e+07 	
2.12812813e+06 	 7.500009e-06 	 1.378746e+07 	
2.12862863e+06 	 7.475385e-06 	 1.377798e+07 	
2.12912913e+06 	 7.450797e-06 	 1.376850e+07 	
2.12962963e+06 	 7.426246e-06 	 1.375903e+07 	
2.13013013e+06 	 7.401731e-06 	 1.374957e+07 	
2.13063063e+06 	 7.377252e-06 	 1.374012e+07 	
2.13113113e+06 	 7.352808e-06 	 1.373067e+07 	
2.13163163e+06 	 7.328401e-06 	 1.372123e+07 	
2.13213213e+06 	 7.303662e-06 	 1.371182e+07 	
2.13263263e+06 	 7.279320e-06 	 1.370240e+07 	
2.13313313e+06 	 7.255014e-06 	 1.369298e+07 	
2.13363363e+06 	 7.230742e-06 	 1.368357e+07 	
2.13413413e+06 	 7.206506e-06 	 1.367417e+07 	
2.13463463e+06 	 7.182305e-06 	 1.366477e+07 	
2.13513514e+06 	 7.158139e-06 	 1.365538e+07 	
2.13563564e+06 	 7.134007e-06 	 1.364600e+07 	
2.13613614e+06 	 7.109910e-06 	 1.363663e+07 	
2.13663664e+06 	 7.085848e-06 	 1.362726e+07 	
2.13713714e+06 	 7.061820e-06 	 1.361791e+07 	
2.13763764e+06 	 7.037826e-06 	 1.360855e+07 	
2.13813814e+06 	 7.013867e-06 	 1.359921e+07 	
2.13863864e+06 	 6.989941e-06 	 1.358987e+07 	
2.13913914e+06 	 6.966050e-06 	 1.358055e+07 	
2.13963964e+06 	 6.942192e-06 	 1.357122e+07 	
2.14014014e+06 	 6.918368e-06 	 1.356191e+07 	
2.14064064e+06 	 6.894578e-06 	 1.355260e+07 	
2.14114114e+06 	 6.870821e-06 	 1.354330e+07 	
2.14164164e+06 	 6.847097e-06 	 1.353401e+07 	
2.14214214e+06 	 6.823406e-06 	 1.352473e+07 	
2.14264264e+06 	 6.799749e-06 	 1.351545e+07 	
2.14314314e+06 	 6.776125e-06 	 1.350618e+07 	
2.14364364e+06 	 6.752533e-06 	 1.349692e+07 	
2.14414414e+06 	 6.728975e-06 	 1.348767e+07 	
2.14464464e+06 	 6.705449e-06 	 1.347842e+07 	
2.14514515e+06 	 6.681955e-06 	 1.346918e+07 	
2.14564565e+06 	 6.658494e-06 	 1.345995e+07 	
2.14614615e+06 	 6.635066e-06 	 1.345072e+07 	
2.14664665e+06 	 6.611669e-06 	 1.344151e+07 	
2.14714715e+06 	 6.588304e-06 	 1.343230e+07 	
2.14764765e+06 	 6.564972e-06 	 1.342310e+07 	
2.14814815e+06 	 6.541671e-06 	 1.341390e+07 	
2.14864865e+06 	 6.518402e-06 	 1.340472e+07 	
2.14914915e+06 	 6.495165e-06 	 1.339554e+07 	
2.14964965e+06 	 6.471959e-06 	 1.338637e+07 	
2.15015015e+06 	 6.448785e-06 	 1.337720e+07 	
2.15065065e+06 	 6.425320e-06 	 1.336807e+07 	
2.15115115e+06 	 6.402203e-06 	 1.335893e+07 	
2.15165165e+06 	 6.379117e-06 	 1.334979e+07 	
2.15215215e+06 	 6.356062e-06 	 1.334065e+07 	
2.15265265e+06 	 6.333038e-06 	 1.333153e+07 	
2.15315315e+06 	 6.310044e-06 	 1.332241e+07 	
2.15365365e+06 	 6.287081e-06 	 1.331330e+07 	
2.15415415e+06 	 6.264148e-06 	 1.330420e+07 	
2.15465465e+06 	 6.241246e-06 	 1.329510e+07 	
2.15515516e+06 	 6.218374e-06 	 1.328602e+07 	
2.15565566e+06 	 6.195532e-06 	 1.327694e+07 	
2.15615616e+06 	 6.172720e-06 	 1.326787e+07 	
2.15665666e+06 	 6.149938e-06 	 1.325880e+07 	
2.15715716e+06 	 6.127185e-06 	 1.324975e+07 	
2.15765766e+06 	 6.104463e-06 	 1.324070e+07 	
2.15815816e+06 	 6.081770e-06 	 1.323166e+07 	
2.15865866e+06 	 6.059106e-06 	 1.322262e+07 	
2.15915916e+06 	 6.036472e-06 	 1.321360e+07 	
2.15965966e+06 	 6.013867e-06 	 1.320458e+07 	
2.16016016e+06 	 5.991291e-06 	 1.319557e+07 	
2.16066066e+06 	 5.968744e-06 	 1.318657e+07 	
2.16116116e+06 	 5.946227e-06 	 1.317758e+07 	
2.16166166e+06 	 5.923738e-06 	 1.316859e+07 	
2.16216216e+06 	 5.901278e-06 	 1.315961e+07 	
2.16266266e+06 	 5.878846e-06 	 1.315064e+07 	
2.16316316e+06 	 5.856443e-06 	 1.314168e+07 	
2.16366366e+06 	 5.834068e-06 	 1.313273e+07 	
2.16416416e+06 	 5.811722e-06 	 1.312378e+07 	
2.16466466e+06 	 5.789404e-06 	 1.311484e+07 	
2.16516517e+06 	 5.767114e-06 	 1.310591e+07 	
2.16566567e+06 	 5.744852e-06 	 1.309699e+07 	
2.16616617e+06 	 5.722619e-06 	 1.308807e+07 	
2.16666667e+06 	 5.700413e-06 	 1.307917e+07 	
2.16716717e+06 	 5.678234e-06 	 1.307027e+07 	
2.16766767e+06 	 5.656084e-06 	 1.306138e+07 	
2.16816817e+06 	 5.633961e-06 	 1.305249e+07 	
2.16866867e+06 	 5.612146e-06 	 1.304359e+07 	
2.16916917e+06 	 5.590082e-06 	 1.303472e+07 	
2.16966967e+06 	 5.568046e-06 	 1.302586e+07 	
2.17017017e+06 	 5.546037e-06 	 1.301701e+07 	
2.17067067e+06 	 5.524054e-06 	 1.300817e+07 	
2.17117117e+06 	 5.502099e-06 	 1.299933e+07 	
2.17167167e+06 	 5.480171e-06 	 1.299051e+07 	
2.17217217e+06 	 5.458270e-06 	 1.298169e+07 	
2.17267267e+06 	 5.436395e-06 	 1.297288e+07 	
2.17317317e+06 	 5.414548e-06 	 1.296407e+07 	
2.17367367e+06 	 5.392727e-06 	 1.295528e+07 	
2.17417417e+06 	 5.370932e-06 	 1.294649e+07 	
2.17467467e+06 	 5.349164e-06 	 1.293771e+07 	
2.17517518e+06 	 5.327422e-06 	 1.292894e+07 	
2.17567568e+06 	 5.305707e-06 	 1.292018e+07 	
2.17617618e+06 	 5.284017e-06 	 1.291143e+07 	
2.17667668e+06 	 5.262354e-06 	 1.290268e+07 	
2.17717718e+06 	 5.240717e-06 	 1.289395e+07 	
2.17767768e+06 	 5.219106e-06 	 1.288522e+07 	
2.17817818e+06 	 5.197520e-06 	 1.287650e+07 	
2.17867868e+06 	 5.175961e-06 	 1.286779e+07 	
2.17917918e+06 	 5.154427e-06 	 1.285908e+07 	
2.17967968e+06 	 5.132918e-06 	 1.285039e+07 	
2.18018018e+06 	 5.111436e-06 	 1.284170e+07 	
2.18068068e+06 	 5.089979e-06 	 1.283302e+07 	
2.18118118e+06 	 5.068547e-06 	 1.282435e+07 	
2.18168168e+06 	 5.047140e-06 	 1.281569e+07 	
2.18218218e+06 	 5.025759e-06 	 1.280704e+07 	
2.18268268e+06 	 5.004403e-06 	 1.279840e+07 	
2.18318318e+06 	 4.983072e-06 	 1.278976e+07 	
2.18368368e+06 	 4.961766e-06 	 1.278113e+07 	
2.18418418e+06 	 4.940485e-06 	 1.277252e+07 	
2.18468468e+06 	 4.919229e-06 	 1.276391e+07 	
2.18518519e+06 	 4.897998e-06 	 1.275530e+07 	
2.18568569e+06 	 4.876792e-06 	 1.274671e+07 	
2.18618619e+06 	 4.855610e-06 	 1.273813e+07 	
2.18668669e+06 	 4.834696e-06 	 1.272953e+07 	
2.18718719e+06 	 4.813567e-06 	 1.272096e+07 	
2.18768769e+06 	 4.792463e-06 	 1.271240e+07 	
2.18818819e+06 	 4.771383e-06 	 1.270385e+07 	
2.18868869e+06 	 4.750328e-06 	 1.269531e+07 	
2.18918919e+06 	 4.729298e-06 	 1.268678e+07 	
2.18968969e+06 	 4.708291e-06 	 1.267825e+07 	
2.19019019e+06 	 4.687309e-06 	 1.266974e+07 	
2.19069069e+06 	 4.666351e-06 	 1.266124e+07 	
2.19119119e+06 	 4.645418e-06 	 1.265274e+07 	
2.19169169e+06 	 4.624508e-06 	 1.264425e+07 	
2.19219219e+06 	 4.603623e-06 	 1.263577e+07 	
2.19269269e+06 	 4.582762e-06 	 1.262730e+07 	
2.19319319e+06 	 4.561924e-06 	 1.261884e+07 	
2.19369369e+06 	 4.541111e-06 	 1.261039e+07 	
2.19419419e+06 	 4.520322e-06 	 1.260195e+07 	
2.19469469e+06 	 4.499556e-06 	 1.259352e+07 	
2.19519520e+06 	 4.478815e-06 	 1.258509e+07 	
2.19569570e+06 	 4.458097e-06 	 1.257668e+07 	
2.19619620e+06 	 4.437403e-06 	 1.256827e+07 	
2.19669670e+06 	 4.416733e-06 	 1.255988e+07 	
2.19719720e+06 	 4.396086e-06 	 1.255149e+07 	
2.19769770e+06 	 4.375463e-06 	 1.254311e+07 	
2.19819820e+06 	 4.354864e-06 	 1.253474e+07 	
2.19869870e+06 	 4.334288e-06 	 1.252638e+07 	
2.19919920e+06 	 4.313736e-06 	 1.251803e+07 	
2.19969970e+06 	 4.293208e-06 	 1.250969e+07 	
2.20020020e+06 	 4.272703e-06 	 1.250136e+07 	
2.20070070e+06 	 4.252222e-06 	 1.249304e+07 	
2.20120120e+06 	 4.231764e-06 	 1.248473e+07 	
2.20170170e+06 	 4.211330e-06 	 1.247643e+07 	
2.20220220e+06 	 4.190919e-06 	 1.246813e+07 	
2.20270270e+06 	 4.170531e-06 	 1.245985e+07 	
2.20320320e+06 	 4.150168e-06 	 1.245158e+07 	
2.20370370e+06 	 4.129827e-06 	 1.244331e+07 	
2.20420420e+06 	 4.109510e-06 	 1.243506e+07 	
2.20470470e+06 	 4.089011e-06 	 1.242684e+07 	
2.20520521e+06 	 4.068738e-06 	 1.241861e+07 	
2.20570571e+06 	 4.048489e-06 	 1.241038e+07 	
2.20620621e+06 	 4.028262e-06 	 1.240217e+07 	
2.20670671e+06 	 4.008060e-06 	 1.239397e+07 	
2.20720721e+06 	 3.987880e-06 	 1.238577e+07 	
2.20770771e+06 	 3.967724e-06 	 1.237759e+07 	
2.20820821e+06 	 3.947592e-06 	 1.236941e+07 	
2.20870871e+06 	 3.927483e-06 	 1.236125e+07 	
2.20920921e+06 	 3.907397e-06 	 1.235309e+07 	
2.20970971e+06 	 3.887335e-06 	 1.234495e+07 	
2.21021021e+06 	 3.867297e-06 	 1.233682e+07 	
2.21071071e+06 	 3.847282e-06 	 1.232869e+07 	
2.21121121e+06 	 3.827290e-06 	 1.232058e+07 	
2.21171171e+06 	 3.807322e-06 	 1.231248e+07 	
2.21221221e+06 	 3.787378e-06 	 1.230438e+07 	
2.21271271e+06 	 3.767457e-06 	 1.229630e+07 	
2.21321321e+06 	 3.747560e-06 	 1.228823e+07 	
2.21371371e+06 	 3.727687e-06 	 1.228017e+07 	
2.21421421e+06 	 3.707838e-06 	 1.227212e+07 	
2.21471471e+06 	 3.688012e-06 	 1.226408e+07 	
2.21521522e+06 	 3.668210e-06 	 1.225605e+07 	
2.21571572e+06 	 3.648432e-06 	 1.224803e+07 	
2.21621622e+06 	 3.628678e-06 	 1.224002e+07 	
2.21671672e+06 	 3.608948e-06 	 1.223202e+07 	
2.21721722e+06 	 3.589243e-06 	 1.222403e+07 	
2.21771772e+06 	 3.569561e-06 	 1.221606e+07 	
2.21821822e+06 	 3.549903e-06 	 1.220809e+07 	
2.21871872e+06 	 3.530270e-06 	 1.220014e+07 	
2.21921922e+06 	 3.510661e-06 	 1.219220e+07 	
2.21971972e+06 	 3.491077e-06 	 1.218426e+07 	
2.22022022e+06 	 3.471517e-06 	 1.217634e+07 	
2.22072072e+06 	 3.451981e-06 	 1.216843e+07 	
2.22122122e+06 	 3.432471e-06 	 1.216053e+07 	
2.22172172e+06 	 3.412985e-06 	 1.215265e+07 	
2.22222222e+06 	 3.393524e-06 	 1.214477e+07 	
2.22272272e+06 	 3.373918e-06 	 1.213693e+07 	
2.22322322e+06 	 3.354504e-06 	 1.212908e+07 	
2.22372372e+06 	 3.335116e-06 	 1.212124e+07 	
2.22422422e+06 	 3.315753e-06 	 1.211341e+07 	
2.22472472e+06 	 3.296415e-06 	 1.210559e+07 	
2.22522523e+06 	 3.277102e-06 	 1.209778e+07 	
2.22572573e+06 	 3.257815e-06 	 1.208999e+07 	
2.22622623e+06 	 3.238554e-06 	 1.208221e+07 	
2.22672673e+06 	 3.219318e-06 	 1.207443e+07 	
2.22722723e+06 	 3.200109e-06 	 1.206667e+07 	
2.22772773e+06 	 3.180925e-06 	 1.205893e+07 	
2.22822823e+06 	 3.161768e-06 	 1.205119e+07 	
2.22872873e+06 	 3.142636e-06 	 1.204347e+07 	
2.22922923e+06 	 3.123532e-06 	 1.203575e+07 	
2.22972973e+06 	 3.104454e-06 	 1.202805e+07 	
2.23023023e+06 	 3.085402e-06 	 1.202037e+07 	
2.23073073e+06 	 3.066378e-06 	 1.201269e+07 	
2.23123123e+06 	 3.047380e-06 	 1.200503e+07 	
2.23173173e+06 	 3.028410e-06 	 1.199738e+07 	
2.23223223e+06 	 3.009467e-06 	 1.198974e+07 	
2.23273273e+06 	 2.990552e-06 	 1.198211e+07 	
2.23323323e+06 	 2.971664e-06 	 1.197450e+07 	
2.23373373e+06 	 2.952805e-06 	 1.196690e+07 	
2.23423423e+06 	 2.933973e-06 	 1.195931e+07 	
2.23473473e+06 	 2.915170e-06 	 1.195174e+07 	
2.23523524e+06 	 2.896395e-06 	 1.194418e+07 	
2.23573574e+06 	 2.877649e-06 	 1.193663e+07 	
2.23623624e+06 	 2.858931e-06 	 1.192909e+07 	
2.23673674e+06 	 2.840243e-06 	 1.192157e+07 	
2.23723724e+06 	 2.821584e-06 	 1.191406e+07 	
2.23773774e+06 	 2.802954e-06 	 1.190656e+07 	
2.23823824e+06 	 2.784354e-06 	 1.189908e+07 	
2.23873874e+06 	 2.765784e-06 	 1.189160e+07 	
2.23923924e+06 	 2.747245e-06 	 1.188415e+07 	
2.23973974e+06 	 2.728735e-06 	 1.187670e+07 	
2.24024024e+06 	 2.710256e-06 	 1.186927e+07 	
2.24074074e+06 	 2.691944e-06 	 1.186183e+07 	
2.24124124e+06 	 2.673529e-06 	 1.185442e+07 	
2.24174174e+06 	 2.655145e-06 	 1.184703e+07 	
2.24224224e+06 	 2.636793e-06 	 1.183966e+07 	
2.24274274e+06 	 2.618473e-06 	 1.183230e+07 	
2.24324324e+06 	 2.600184e-06 	 1.182495e+07 	
2.24374374e+06 	 2.581929e-06 	 1.181761e+07 	
2.24424424e+06 	 2.563706e-06 	 1.181029e+07 	
2.24474474e+06 	 2.545516e-06 	 1.180299e+07 	
2.24524525e+06 	 2.527359e-06 	 1.179569e+07 	
2.24574575e+06 	 2.509236e-06 	 1.178842e+07 	
2.24624625e+06 	 2.491147e-06 	 1.178115e+07 	
2.24674675e+06 	 2.473091e-06 	 1.177390e+07 	
2.24724725e+06 	 2.455071e-06 	 1.176667e+07 	
2.24774775e+06 	 2.437085e-06 	 1.175945e+07 	
2.24824825e+06 	 2.419134e-06 	 1.175224e+07 	
2.24874875e+06 	 2.401219e-06 	 1.174505e+07 	
2.24924925e+06 	 2.383339e-06 	 1.173788e+07 	
2.24974975e+06 	 2.365495e-06 	 1.173071e+07 	
2.25025025e+06 	 2.347688e-06 	 1.172357e+07 	
2.25075075e+06 	 2.329918e-06 	 1.171644e+07 	
2.25125125e+06 	 2.312184e-06 	 1.170932e+07 	
2.25175175e+06 	 2.294488e-06 	 1.170222e+07 	
2.25225225e+06 	 2.276830e-06 	 1.169514e+07 	
2.25275275e+06 	 2.259210e-06 	 1.168807e+07 	
2.25325325e+06 	 2.241629e-06 	 1.168101e+07 	
2.25375375e+06 	 2.224086e-06 	 1.167397e+07 	
2.25425425e+06 	 2.206583e-06 	 1.166695e+07 	
2.25475475e+06 	 2.189120e-06 	 1.165994e+07 	
2.25525526e+06 	 2.171696e-06 	 1.165295e+07 	
2.25575576e+06 	 2.154313e-06 	 1.164598e+07 	
2.25625626e+06 	 2.136971e-06 	 1.163902e+07 	
2.25675676e+06 	 2.119670e-06 	 1.163207e+07 	
2.25725726e+06 	 2.102410e-06 	 1.162514e+07 	
2.25775776e+06 	 2.085193e-06 	 1.161823e+07 	
2.25825826e+06 	 2.068018e-06 	 1.161134e+07 	
2.25875876e+06 	 2.050783e-06 	 1.160449e+07 	
2.25925926e+06 	 2.033693e-06 	 1.159763e+07 	
2.25975976e+06 	 2.016647e-06 	 1.159078e+07 	
2.26026026e+06 	 1.999646e-06 	 1.158395e+07 	
2.26076076e+06 	 1.982689e-06 	 1.157714e+07 	
2.26126126e+06 	 1.965777e-06 	 1.157035e+07 	
2.26176176e+06 	 1.948910e-06 	 1.156357e+07 	
2.26226226e+06 	 1.932090e-06 	 1.155681e+07 	
2.26276276e+06 	 1.915316e-06 	 1.155006e+07 	
2.26326326e+06 	 1.898589e-06 	 1.154334e+07 	
2.26376376e+06 	 1.881909e-06 	 1.153663e+07 	
2.26426426e+06 	 1.865278e-06 	 1.152994e+07 	
2.26476476e+06 	 1.848694e-06 	 1.152326e+07 	
2.26526527e+06 	 1.832160e-06 	 1.151661e+07 	
2.26576577e+06 	 1.815675e-06 	 1.150997e+07 	
2.26626627e+06 	 1.799239e-06 	 1.150335e+07 	
2.26676677e+06 	 1.782854e-06 	 1.149674e+07 	
2.26726727e+06 	 1.766520e-06 	 1.149016e+07 	
2.26776777e+06 	 1.750238e-06 	 1.148359e+07 	
2.26826827e+06 	 1.734007e-06 	 1.147704e+07 	
2.26876877e+06 	 1.717828e-06 	 1.147051e+07 	
2.26926927e+06 	 1.701702e-06 	 1.146400e+07 	
2.26976977e+06 	 1.685630e-06 	 1.145751e+07 	
2.27027027e+06 	 1.669612e-06 	 1.145103e+07 	
2.27077077e+06 	 1.653648e-06 	 1.144457e+07 	
2.27127127e+06 	 1.637739e-06 	 1.143814e+07 	
2.27177177e+06 	 1.621886e-06 	 1.143172e+07 	
2.27227227e+06 	 1.606088e-06 	 1.142532e+07 	
2.27277277e+06 	 1.590348e-06 	 1.141894e+07 	
2.27327327e+06 	 1.574664e-06 	 1.141257e+07 	
2.27377377e+06 	 1.559039e-06 	 1.140623e+07 	
2.27427427e+06 	 1.543471e-06 	 1.139991e+07 	
2.27477477e+06 	 1.527963e-06 	 1.139360e+07 	
2.27527528e+06 	 1.512513e-06 	 1.138732e+07 	
2.27577578e+06 	 1.497124e-06 	 1.138105e+07 	
2.27627628e+06 	 1.481795e-06 	 1.137481e+07 	
2.27677678e+06 	 1.466453e-06 	 1.136861e+07 	
2.27727728e+06 	 1.451246e-06 	 1.136240e+07 	
2.27777778e+06 	 1.436102e-06 	 1.135622e+07 	
2.27827828e+06 	 1.421020e-06 	 1.135005e+07 	
2.27877878e+06 	 1.406002e-06 	 1.134391e+07 	
2.27927928e+06 	 1.391047e-06 	 1.133778e+07 	
2.27977978e+06 	 1.376157e-06 	 1.133168e+07 	
2.28028028e+06 	 1.361332e-06 	 1.132559e+07 	
2.28078078e+06 	 1.346573e-06 	 1.131953e+07 	
2.28128128e+06 	 1.331880e-06 	 1.131349e+07 	
2.28178178e+06 	 1.317253e-06 	 1.130747e+07 	
2.28228228e+06 	 1.302694e-06 	 1.130146e+07 	
2.28278278e+06 	 1.288203e-06 	 1.129548e+07 	
2.28328328e+06 	 1.273781e-06 	 1.128952e+07 	
2.28378378e+06 	 1.259428e-06 	 1.128359e+07 	
2.28428428e+06 	 1.245144e-06 	 1.127767e+07 	
2.28478478e+06 	 1.230931e-06 	 1.127177e+07 	
2.28528529e+06 	 1.216788e-06 	 1.126590e+07 	
2.28578579e+06 	 1.202717e-06 	 1.126005e+07 	
2.28628629e+06 	 1.188718e-06 	 1.125421e+07 	
2.28678679e+06 	 1.174791e-06 	 1.124840e+07 	
2.28728729e+06 	 1.160938e-06 	 1.124262e+07 	
2.28778779e+06 	 1.147158e-06 	 1.123685e+07 	
2.28828829e+06 	 1.133453e-06 	 1.123111e+07 	
2.28878879e+06 	 1.119822e-06 	 1.122538e+07 	
2.28928929e+06 	 1.106267e-06 	 1.121968e+07 	
2.28978979e+06 	 1.092788e-06 	 1.121401e+07 	
2.29029029e+06 	 1.079385e-06 	 1.120835e+07 	
2.29079079e+06 	 1.066059e-06 	 1.120272e+07 	
2.29129129e+06 	 1.052811e-06 	 1.119710e+07 	
2.29179179e+06 	 1.039641e-06 	 1.119152e+07 	
2.29229229e+06 	 1.026550e-06 	 1.118595e+07 	
2.29279279e+06 	 1.013538e-06 	 1.118041e+07 	
2.29329329e+06 	 1.000606e-06 	 1.117489e+07 	
2.29379379e+06 	 9.877540e-07 	 1.116939e+07 	
2.29429429e+06 	 9.749339e-07 	 1.116394e+07 	
2.29479479e+06 	 9.622439e-07 	 1.115849e+07 	
2.29529530e+06 	 9.496357e-07 	 1.115306e+07 	
2.29579580e+06 	 9.371099e-07 	 1.114766e+07 	
2.29629630e+06 	 9.246670e-07 	 1.114228e+07 	
2.29679680e+06 	 9.123074e-07 	 1.113692e+07 	
2.29729730e+06 	 9.000317e-07 	 1.113159e+07 	
2.29779780e+06 	 8.878403e-07 	 1.112627e+07 	
2.29829830e+06 	 8.757338e-07 	 1.112099e+07 	
2.29879880e+06 	 8.637125e-07 	 1.111572e+07 	
2.29929930e+06 	 8.517769e-07 	 1.111048e+07 	
2.29979980e+06 	 8.399276e-07 	 1.110527e+07 	
2.30030030e+06 	 8.281648e-07 	 1.110007e+07 	
2.30080080e+06 	 8.164892e-07 	 1.109491e+07 	
2.30130130e+06 	 8.049010e-07 	 1.108976e+07 	
2.30180180e+06 	 7.934008e-07 	 1.108464e+07 	
2.30230230e+06 	 7.819888e-07 	 1.107954e+07 	
2.30280280e+06 	 7.706656e-07 	 1.107447e+07 	
2.30330330e+06 	 7.594315e-07 	 1.106942e+07 	
2.30380380e+06 	 7.482869e-07 	 1.106440e+07 	
2.30430430e+06 	 7.372322e-07 	 1.105940e+07 	
2.30480480e+06 	 7.262677e-07 	 1.105443e+07 	
2.30530531e+06 	 7.153938e-07 	 1.104947e+07 	
2.30580581e+06 	 7.046107e-07 	 1.104455e+07 	
2.30630631e+06 	 6.939189e-07 	 1.103965e+07 	
2.30680681e+06 	 6.833187e-07 	 1.103477e+07 	
2.30730731e+06 	 6.728103e-07 	 1.102992e+07 	
2.30780781e+06 	 6.623941e-07 	 1.102509e+07 	
2.30830831e+06 	 6.520703e-07 	 1.102029e+07 	
2.30880881e+06 	 6.418392e-07 	 1.101551e+07 	
2.30930931e+06 	 6.317010e-07 	 1.101076e+07 	
2.30980981e+06 	 6.216561e-07 	 1.100603e+07 	
2.31031031e+06 	 6.117046e-07 	 1.100133e+07 	
2.31081081e+06 	 6.018467e-07 	 1.099665e+07 	
2.31131131e+06 	 5.920826e-07 	 1.099200e+07 	
2.31181181e+06 	 5.823831e-07 	 1.098740e+07 	
2.31231231e+06 	 5.728072e-07 	 1.098280e+07 	
2.31281281e+06 	 5.633256e-07 	 1.097822e+07 	
2.31331331e+06 	 5.539386e-07 	 1.097367e+07 	
2.31381381e+06 	 5.446463e-07 	 1.096914e+07 	
2.31431431e+06 	 5.354487e-07 	 1.096464e+07 	
2.31481481e+06 	 5.263460e-07 	 1.096016e+07 	
2.31531532e+06 	 5.173382e-07 	 1.095571e+07 	
2.31581582e+06 	 5.084256e-07 	 1.095129e+07 	
2.31631632e+06 	 4.996080e-07 	 1.094689e+07 	
2.31681682e+06 	 4.908855e-07 	 1.094251e+07 	
2.31731732e+06 	 4.822583e-07 	 1.093816e+07 	
2.31781782e+06 	 4.737262e-07 	 1.093384e+07 	
2.31831832e+06 	 4.652893e-07 	 1.092954e+07 	
2.31881882e+06 	 4.569476e-07 	 1.092526e+07 	
2.31931932e+06 	 4.487010e-07 	 1.092102e+07 	
2.31981982e+06 	 4.405495e-07 	 1.091679e+07 	
2.32032032e+06 	 4.324930e-07 	 1.091260e+07 	
2.32082082e+06 	 4.245315e-07 	 1.090842e+07 	
2.32132132e+06 	 4.166648e-07 	 1.090428e+07 	
2.32182182e+06 	 4.088929e-07 	 1.090016e+07 	
2.32232232e+06 	 4.012155e-07 	 1.089606e+07 	
2.32282282e+06 	 3.936327e-07 	 1.089199e+07 	
2.32332332e+06 	 3.861441e-07 	 1.088794e+07 	
2.32382382e+06 	 3.787496e-07 	 1.088393e+07 	
2.32432432e+06 	 3.714490e-07 	 1.087993e+07 	
2.32482482e+06 	 3.642422e-07 	 1.087596e+07 	
2.32532533e+06 	 3.571288e-07 	 1.087202e+07 	
2.32582583e+06 	 3.501087e-07 	 1.086810e+07 	
2.32632633e+06 	 3.431816e-07 	 1.086421e+07 	
2.32682683e+06 	 3.363472e-07 	 1.086034e+07 	
2.32732733e+06 	 3.296052e-07 	 1.085650e+07 	
2.32782783e+06 	 3.229553e-07 	 1.085268e+07 	
2.32832833e+06 	 3.163811e-07 	 1.084892e+07 	
2.32882883e+06 	 3.099145e-07 	 1.084515e+07 	
2.32932933e+06 	 3.035389e-07 	 1.084141e+07 	
2.32982983e+06 	 2.972541e-07 	 1.083769e+07 	
2.33033033e+06 	 2.910596e-07 	 1.083400e+07 	
2.33083083e+06 	 2.849550e-07 	 1.083033e+07 	
2.33133133e+06 	 2.789400e-07 	 1.082669e+07 	
2.33183183e+06 	 2.730141e-07 	 1.082308e+07 	
2.33233233e+06 	 2.671768e-07 	 1.081948e+07 	
2.33283283e+06 	 2.614277e-07 	 1.081592e+07 	
2.33333333e+06 	 2.557663e-07 	 1.081237e+07 	
2.33383383e+06 	 2.501922e-07 	 1.080886e+07 	
2.33433433e+06 	 2.447047e-07 	 1.080536e+07 	
2.33483483e+06 	 2.393035e-07 	 1.080189e+07 	
2.33533534e+06 	 2.339880e-07 	 1.079845e+07 	
2.33583584e+06 	 2.287575e-07 	 1.079503e+07 	
2.33633634e+06 	 2.236117e-07 	 1.079164e+07 	
2.33683684e+06 	 2.185498e-07 	 1.078826e+07 	
2.33733734e+06 	 2.135714e-07 	 1.078492e+07 	
2.33783784e+06 	 2.086758e-07 	 1.078159e+07 	
2.33833834e+06 	 2.038624e-07 	 1.077830e+07 	
2.33883884e+06 	 1.991306e-07 	 1.077502e+07 	
2.33933934e+06 	 1.944797e-07 	 1.077177e+07 	
2.33983984e+06 	 1.899092e-07 	 1.076854e+07 	
2.34034034e+06 	 1.854183e-07 	 1.076534e+07 	
2.34084084e+06 	 1.810064e-07 	 1.076216e+07 	
2.34134134e+06 	 1.766728e-07 	 1.075900e+07 	
2.34184184e+06 	 1.724169e-07 	 1.075587e+07 	
2.34234234e+06 	 1.682378e-07 	 1.075276e+07 	
2.34284284e+06 	 1.641350e-07 	 1.074967e+07 	
2.34334334e+06 	 1.601158e-07 	 1.074658e+07 	
2.34384384e+06 	 1.561633e-07 	 1.074353e+07 	
2.34434434e+06 	 1.522849e-07 	 1.074052e+07 	
2.34484484e+06 	 1.484797e-07 	 1.073752e+07 	
2.34534535e+06 	 1.447471e-07 	 1.073455e+07 	
2.34584585e+06 	 1.410863e-07 	 1.073160e+07 	
2.34634635e+06 	 1.374966e-07 	 1.072867e+07 	
2.34684685e+06 	 1.339771e-07 	 1.072577e+07 	
2.34734735e+06 	 1.305271e-07 	 1.072288e+07 	
2.34784785e+06 	 1.271458e-07 	 1.072002e+07 	
2.34834835e+06 	 1.238324e-07 	 1.071719e+07 	
2.34884885e+06 	 1.205861e-07 	 1.071437e+07 	
2.34934935e+06 	 1.174062e-07 	 1.071157e+07 	
2.34984985e+06 	 1.142918e-07 	 1.070880e+07 	
2.35035035e+06 	 1.112420e-07 	 1.070605e+07 	
2.35085085e+06 	 1.082562e-07 	 1.070332e+07 	
2.35135135e+06 	 1.053334e-07 	 1.070061e+07 	
2.35185185e+06 	 1.024729e-07 	 1.069792e+07 	
2.35235235e+06 	 9.967380e-08 	 1.069526e+07 	
2.35285285e+06 	 9.693531e-08 	 1.069261e+07 	
2.35335335e+06 	 9.425660e-08 	 1.068999e+07 	
2.35385385e+06 	 9.163683e-08 	 1.068738e+07 	
2.35435435e+06 	 8.907518e-08 	 1.068480e+07 	
2.35485485e+06 	 8.657082e-08 	 1.068223e+07 	
2.35535536e+06 	 8.412290e-08 	 1.067969e+07 	
2.35585586e+06 	 8.173060e-08 	 1.067717e+07 	
2.35635636e+06 	 7.939714e-08 	 1.067462e+07 	
2.35685686e+06 	 7.711358e-08 	 1.067214e+07 	
2.35735736e+06 	 7.488315e-08 	 1.066967e+07 	
2.35785786e+06 	 7.270500e-08 	 1.066722e+07 	
2.35835836e+06 	 7.057832e-08 	 1.066480e+07 	
2.35885886e+06 	 6.850226e-08 	 1.066239e+07 	
2.35935936e+06 	 6.647602e-08 	 1.066000e+07 	
2.35985986e+06 	 6.449876e-08 	 1.065763e+07 	
2.36036036e+06 	 6.256966e-08 	 1.065528e+07 	
2.36086086e+06 	 6.068791e-08 	 1.065295e+07 	
2.36136136e+06 	 5.885268e-08 	 1.065063e+07 	
2.36186186e+06 	 5.706318e-08 	 1.064834e+07 	
2.36236236e+06 	 5.531859e-08 	 1.064606e+07 	
2.36286286e+06 	 5.361811e-08 	 1.064380e+07 	
2.36336336e+06 	 5.196094e-08 	 1.064155e+07 	
2.36386386e+06 	 5.034628e-08 	 1.063933e+07 	
2.36436436e+06 	 4.877336e-08 	 1.063712e+07 	
2.36486486e+06 	 4.724138e-08 	 1.063493e+07 	
2.36536537e+06 	 4.574956e-08 	 1.063276e+07 	
2.36586587e+06 	 4.429714e-08 	 1.063060e+07 	
2.36636637e+06 	 4.288335e-08 	 1.062846e+07 	
2.36686687e+06 	 4.150528e-08 	 1.062639e+07 	
2.36736737e+06 	 4.016645e-08 	 1.062429e+07 	
2.36786787e+06 	 3.886399e-08 	 1.062220e+07 	
2.36836837e+06 	 3.759715e-08 	 1.062012e+07 	
2.36886887e+06 	 3.636520e-08 	 1.061807e+07 	
2.36936937e+06 	 3.516742e-08 	 1.061602e+07 	
2.36986987e+06 	 3.400308e-08 	 1.061400e+07 	
2.37037037e+06 	 3.287148e-08 	 1.061199e+07 	
2.37087087e+06 	 3.177190e-08 	 1.060999e+07 	
2.37137137e+06 	 3.070365e-08 	 1.060801e+07 	
2.37187187e+06 	 2.966605e-08 	 1.060605e+07 	
2.37237237e+06 	 2.865842e-08 	 1.060409e+07 	
2.37287287e+06 	 2.768007e-08 	 1.060216e+07 	
2.37337337e+06 	 2.673036e-08 	 1.060023e+07 	
2.37387387e+06 	 2.580862e-08 	 1.059832e+07 	
2.37437437e+06 	 2.491296e-08 	 1.059650e+07 	
2.37487487e+06 	 2.404522e-08 	 1.059462e+07 	
2.37537538e+06 	 2.320354e-08 	 1.059276e+07 	
2.37587588e+06 	 2.238731e-08 	 1.059091e+07 	
2.37637638e+06 	 2.159590e-08 	 1.058907e+07 	
2.37687688e+06 	 2.082871e-08 	 1.058725e+07 	
2.37737738e+06 	 2.008517e-08 	 1.058544e+07 	
2.37787788e+06 	 1.936467e-08 	 1.058364e+07 	
2.37837838e+06 	 1.866665e-08 	 1.058185e+07 	
2.37887888e+06 	 1.799054e-08 	 1.058008e+07 	
2.37937938e+06 	 1.733578e-08 	 1.057831e+07 	
2.37987988e+06 	 1.670184e-08 	 1.057656e+07 	
2.38038038e+06 	 1.608816e-08 	 1.057482e+07 	
2.38088088e+06 	 1.549339e-08 	 1.057320e+07 	
2.38138138e+06 	 1.491865e-08 	 1.057149e+07 	
2.38188188e+06 	 1.436262e-08 	 1.056979e+07 	
2.38238238e+06 	 1.382479e-08 	 1.056811e+07 	
2.38288288e+06 	 1.330469e-08 	 1.056643e+07 	
2.38338338e+06 	 1.280182e-08 	 1.056477e+07 	
2.38388388e+06 	 1.231571e-08 	 1.056312e+07 	
2.38438438e+06 	 1.184590e-08 	 1.056147e+07 	
2.38488488e+06 	 1.139194e-08 	 1.055984e+07 	
2.38538539e+06 	 1.095279e-08 	 1.055835e+07 	
2.38588589e+06 	 1.052916e-08 	 1.055675e+07 	
2.38638639e+06 	 1.012006e-08 	 1.055517e+07 	
2.38688689e+06 	 9.725068e-09 	 1.055360e+07 	
2.38738739e+06 	 9.343780e-09 	 1.055204e+07 	
2.38788789e+06 	 8.975792e-09 	 1.055049e+07 	
2.38838839e+06 	 8.620712e-09 	 1.054895e+07 	
2.38888889e+06 	 8.278586e-09 	 1.054727e+07 	
2.38938939e+06 	 7.948207e-09 	 1.054574e+07 	
2.38988989e+06 	 7.629612e-09 	 1.054422e+07 	
2.39039039e+06 	 7.322442e-09 	 1.054271e+07 	
2.39089089e+06 	 7.026348e-09 	 1.054121e+07 	
2.39139139e+06 	 6.740987e-09 	 1.053973e+07 	
2.39189189e+06 	 6.466370e-09 	 1.053806e+07 	
2.39239239e+06 	 6.201515e-09 	 1.053656e+07 	
2.39289289e+06 	 5.946420e-09 	 1.053507e+07 	
2.39339339e+06 	 5.700775e-09 	 1.053358e+07 	
2.39389389e+06 	 5.464280e-09 	 1.053210e+07 	
2.39439439e+06 	 5.236353e-09 	 1.053085e+07 	
2.39489489e+06 	 5.017245e-09 	 1.052942e+07 	
2.39539540e+06 	 4.806420e-09 	 1.052800e+07 	
2.39589590e+06 	 4.603604e-09 	 1.052660e+07 	
2.39639640e+06 	 4.408772e-09 	 1.052495e+07 	
2.39689690e+06 	 4.221222e-09 	 1.052351e+07 	
2.39739740e+06 	 4.040914e-09 	 1.052208e+07 	
2.39789790e+06 	 3.867602e-09 	 1.052064e+07 	
2.39839840e+06 	 3.700831e-09 	 1.051953e+07 	
2.39889890e+06 	 3.540768e-09 	 1.051818e+07 	
2.39939940e+06 	 3.387000e-09 	 1.051684e+07 	
2.39989990e+06 	 3.239498e-09 	 1.051518e+07 	
2.40040040e+06 	 3.097711e-09 	 1.051380e+07 	
2.40090090e+06 	 2.961590e-09 	 1.051241e+07 	
2.40140140e+06 	 2.830762e-09 	 1.051142e+07 	
2.40190190e+06 	 2.705337e-09 	 1.051016e+07 	
2.40240240e+06 	 2.585117e-09 	 1.050860e+07 	
2.40290290e+06 	 2.469685e-09 	 1.050733e+07 	
2.40340340e+06 	 2.358968e-09 	 1.050608e+07 	
2.40390390e+06 	 2.252939e-09 	 1.050439e+07 	
2.40440440e+06 	 2.151180e-09 	 1.050307e+07 	
2.40490490e+06 	 2.053721e-09 	 1.050138e+07 	
2.40540541e+06 	 1.960285e-09 	 1.049985e+07 	
2.40590591e+06 	 1.870696e-09 	 1.049866e+07 	
2.40640641e+06 	 1.784950e-09 	 1.049702e+07 	
2.40690691e+06 	 1.702694e-09 	 1.049623e+07 	
2.40740741e+06 	 1.624038e-09 	 1.049476e+07 	
2.40790791e+06 	 1.548679e-09 	 1.049368e+07 	
2.40840841e+06 	 1.476597e-09 	 1.049224e+07 	
2.40890891e+06 	 1.407586e-09 	 1.049100e+07 	
2.40940941e+06 	 1.341596e-09 	 1.048943e+07 	
2.40990991e+06 	 1.278384e-09 	 1.048867e+07 	
2.41041041e+06 	 1.217987e-09 	 1.048737e+07 	
2.41091091e+06 	 1.160234e-09 	 1.048605e+07 	
2.41141141e+06 	 1.104987e-09 	 1.048507e+07 	
2.41191191e+06 	 1.052194e-09 	 1.048396e+07 	
2.41241241e+06 	 1.001763e-09 	 1.048259e+07 	
2.41291291e+06 	 9.535537e-10 	 1.048155e+07 	
2.41341341e+06 	 9.075484e-10 	 1.047982e+07 	
2.41391391e+06 	 8.635762e-10 	 1.047858e+07 	
2.41441441e+06 	 8.215946e-10 	 1.047715e+07 	
2.41491491e+06 	 7.815199e-10 	 1.047560e+07 	
2.41541542e+06 	 7.432353e-10 	 1.047475e+07 	
2.41591592e+06 	 7.067195e-10 	 1.047345e+07 	
2.41641642e+06 	 6.718724e-10 	 1.047221e+07 	
2.41691692e+06 	 6.386390e-10 	 1.047075e+07 	
2.41741742e+06 	 6.069229e-10 	 1.046978e+07 	
2.41791792e+06 	 5.766912e-10 	 1.046847e+07 	
2.41841842e+06 	 5.478622e-10 	 1.046733e+07 	
2.41891892e+06 	 5.203848e-10 	 1.046609e+07 	
2.41941942e+06 	 4.941968e-10 	 1.046485e+07 	
2.41991992e+06 	 4.692456e-10 	 1.046352e+07 	
2.42042042e+06 	 4.454701e-10 	 1.046239e+07 	
2.42092092e+06 	 4.228287e-10 	 1.046106e+07 	
2.42142142e+06 	 4.012623e-10 	 1.045994e+07 	
2.42192192e+06 	 3.807329e-10 	 1.045859e+07 	
2.42242242e+06 	 3.611851e-10 	 1.045751e+07 	
2.42292292e+06 	 3.425839e-10 	 1.045621e+07 	
2.42342342e+06 	 3.248806e-10 	 1.045508e+07 	
2.42392392e+06 	 3.080401e-10 	 1.045379e+07 	
2.42442442e+06 	 2.920189e-10 	 1.045266e+07 	
2.42492492e+06 	 2.767838e-10 	 1.045139e+07 	
2.42542543e+06 	 2.622961e-10 	 1.045023e+07 	
2.42592593e+06 	 2.485249e-10 	 1.044889e+07 	
2.42642643e+06 	 2.354329e-10 	 1.044781e+07 	
2.42692693e+06 	 2.229937e-10 	 1.044648e+07 	
2.42742743e+06 	 2.111725e-10 	 1.044541e+07 	
2.42792793e+06 	 1.999444e-10 	 1.044415e+07 	
2.42842843e+06 	 1.892794e-10 	 1.044300e+07 	
2.42892893e+06 	 1.791527e-10 	 1.044175e+07 	
2.42942943e+06 	 1.695375e-10 	 1.044060e+07 	
2.42992993e+06 	 1.604111e-10 	 1.043934e+07 	
2.43043043e+06 	 1.517488e-10 	 1.043820e+07 	
2.43093093e+06 	 1.435300e-10 	 1.043696e+07 	
2.43143143e+06 	 1.357321e-10 	 1.043581e+07 	
2.43193193e+06 	 1.283362e-10 	 1.043454e+07 	
2.43243243e+06 	 1.213217e-10 	 1.043342e+07 	
2.43293293e+06 	 1.146712e-10 	 1.043215e+07 	
2.43343343e+06 	 1.083660e-10 	 1.043103e+07 	
2.43393393e+06 	 1.023905e-10 	 1.042971e+07 	
2.43443443e+06 	 9.672702e-11 	 1.042865e+07 	
2.43493493e+06 	 9.136153e-11 	 1.042742e+07 	
2.43543544e+06 	 8.627859e-11 	 1.042627e+07 	
2.43593594e+06 	 8.146472e-11 	 1.042502e+07 	
2.43643644e+06 	 7.690589e-11 	 1.042389e+07 	
2.43693694e+06 	 7.258996e-11 	 1.042267e+07 	
2.43743744e+06 	 6.850435e-11 	 1.042152e+07 	
2.43793794e+06 	 6.463775e-11 	 1.042031e+07 	
2.43843844e+06 	 6.097887e-11 	 1.041915e+07 	
2.43893894e+06 	 5.751737e-11 	 1.041794e+07 	
2.43943944e+06 	 5.424303e-11 	 1.041678e+07 	
2.43993994e+06 	 5.114642e-11 	 1.041560e+07 	
2.44044044e+06 	 4.821839e-11 	 1.041442e+07 	
2.44094094e+06 	 4.545025e-11 	 1.041323e+07 	
2.44144144e+06 	 4.283376e-11 	 1.041205e+07 	
2.76032140e+06 	 1.000000e-20 	 9.734929e+06 	
3.12085070e+06 	 1.000000e-20 	 9.109078e+06 	
3.52846922e+06 	 1.000000e-20 	 8.529172e+06 	
3.98932735e+06 	 1.000000e-20 	 7.990753e+06 	
4.51037878e+06 	 1.000000e-20 	 7.489994e+06 	
5.09948543e+06 	 1.000000e-20 	 7.023582e+06 	
5.76553610e+06 	 1.000000e-20 	 6.588618e+06 	
6.51858055e+06 	 1.000000e-20 	 6.182544e+06 	
7.36998115e+06 	 1.000000e-20 	 5.803091e+06 	
8.33258433e+06 	 1.000000e-20 	 5.448230e+06 	
9.42091441e+06 	 1.000000e-20 	 5.116136e+06 	
1.06513928e+07 	 1.000000e-20 	 4.805160e+06 	
1.20425855e+07 	 1.000000e-20 	 4.513806e+06 	
1.36154839e+07 	 1.000000e-20 	 4.240711e+06 	
1.53938206e+07 	 1.000000e-20 	 3.984627e+06 	
1.74044283e+07 	 1.000000e-20 	 3.744410e+06 	
1.96776441e+07 	 1.000000e-20 	 3.519007e+06 	
2.22477678e+07 	 1.000000e-20 	 3.307449e+06 	
2.51535787e+07 	 1.000000e-20 	 3.108836e+06 	
2.84389216e+07 	 1.000000e-20 	 2.922339e+06 	
3.21533675e+07 	 1.000000e-20 	 2.747185e+06 	
3.63529622e+07 	 1.000000e-20 	 2.582659e+06 	
4.11010716e+07 	 1.000000e-20 	 2.428094e+06 	
4.64693380e+07 	 1.000000e-20 	 2.282867e+06 	
5.25387609e+07 	 1.000000e-20 	 2.146401e+06 	
5.94009194e+07 	 1.000000e-20 	 2.018153e+06 	
6.71593536e+07 	 1.000000e-20 	 1.897619e+06 	
7.59311274e+07 	 1.000000e-20 	 1.784327e+06 	
8.58485944e+07 	 1.000000e-20 	 1.677833e+06 	
9.70613951e+07 	 1.000000e-20 	 1.577724e+06 	
1.09738715e+08 	 1.000000e-20 	 1.483612e+06 	
1.24071836e+08 	 1.000000e-20 	 1.395134e+06 	
1.40277026e+08 	 1.000000e-20 	 1.311950e+06 	
1.58598798e+08 	 1.000000e-20 	 1.233739e+06 	
1.79313601e+08 	 1.000000e-20 	 1.160202e+06 	
2.02733992e+08 	 1.000000e-20 	 1.091058e+06 	
2.29213352e+08 	 1.000000e-20 	 1.026042e+06 	
2.59151218e+08 	 1.000000e-20 	 9.649079e+05 	
2.92999308e+08 	 1.000000e-20 	 9.074214e+05 	
3.31268343e+08 	 1.000000e-20 	 8.533644e+05 	
3.74535748e+08 	 1.000000e-20 	 8.025315e+05 	
4.23454367e+08 	 1.000000e-20 	 7.547298e+05 	
4.78762313e+08 	 1.000000e-20 	 7.097779e+05 	
5.41294105e+08 	 1.000000e-20 	 6.675056e+05 	
6.11993258e+08 	 1.000000e-20 	 6.277527e+05 	
6.91926523e+08 	 1.000000e-20 	 5.903688e+05 	
7.82299979e+08 	 1.000000e-20 	 5.552125e+05 	
8.84477235e+08 	 1.000000e-20 	 5.221507e+05 	
1.00000000e+09 	 1.000000e-20 	 4.910586e+05 	
