r (cm)        	 rho (g/cm3) 	 T (K)       		 Linf = 1.711562e+38
1.20009006e+06 	 4.589978e+04 	 1.263504e+09 	
1.20036716e+06 	 3.998061e+04 	 1.220158e+09 	
1.20064832e+06 	 3.464045e+04 	 1.176756e+09 	
1.20092504e+06 	 2.998119e+04 	 1.134627e+09 	
1.20120177e+06 	 2.585988e+04 	 1.093100e+09 	
1.20147850e+06 	 2.222629e+04 	 1.052195e+09 	
1.20170623e+06 	 1.956865e+04 	 1.019013e+09 	
1.20193397e+06 	 1.718506e+04 	 9.862762e+08 	
1.20216170e+06 	 1.505251e+04 	 9.539978e+08 	
1.20238944e+06 	 1.314939e+04 	 9.221893e+08 	
1.20261717e+06 	 1.145546e+04 	 8.908632e+08 	
1.20284339e+06 	 9.961198e+03 	 8.602358e+08 	
1.20306961e+06 	 8.637348e+03 	 8.301092e+08 	
1.20329582e+06 	 7.467780e+03 	 8.004961e+08 	
1.20348111e+06 	 6.614238e+03 	 7.766326e+08 	
1.20366640e+06 	 5.846450e+03 	 7.531294e+08 	
1.20385169e+06 	 5.157214e+03 	 7.299936e+08 	
1.20403697e+06 	 4.539788e+03 	 7.072326e+08 	
1.20422226e+06 	 3.987872e+03 	 6.848534e+08 	
1.20440755e+06 	 3.495592e+03 	 6.628634e+08 	
1.20459363e+06 	 3.055714e+03 	 6.411781e+08 	
1.20477971e+06 	 2.665331e+03 	 6.198998e+08 	
1.20496579e+06 	 2.319680e+03 	 5.990355e+08 	
1.20511895e+06 	 2.065626e+03 	 5.821781e+08 	
1.20527211e+06 	 1.836610e+03 	 5.656098e+08 	
1.20542527e+06 	 1.630507e+03 	 5.493343e+08 	
1.20557843e+06 	 1.445333e+03 	 5.333553e+08 	
1.20573159e+06 	 1.279243e+03 	 5.176764e+08 	
1.20588475e+06 	 1.130524e+03 	 5.023009e+08 	
1.20603791e+06 	 9.975870e+02 	 4.872322e+08 	
1.20619631e+06 	 8.751380e+02 	 4.719735e+08 	
1.20635472e+06 	 7.664998e+02 	 4.570495e+08 	
1.20648518e+06 	 6.864194e+02 	 4.450117e+08 	
1.20661564e+06 	 6.140586e+02 	 4.332046e+08 	
1.20674610e+06 	 5.487561e+02 	 4.216296e+08 	
1.20687656e+06 	 4.898979e+02 	 4.102880e+08 	
1.20700702e+06 	 4.369149e+02 	 3.991811e+08 	
1.20713748e+06 	 3.892806e+02 	 3.883099e+08 	
1.20726794e+06 	 3.465084e+02 	 3.776753e+08 	
1.20739840e+06 	 3.081498e+02 	 3.672780e+08 	
1.20752886e+06 	 2.737913e+02 	 3.571185e+08 	
1.20766678e+06 	 2.413987e+02 	 3.466376e+08 	
1.20778048e+06 	 2.174443e+02 	 3.381972e+08 	
1.20789418e+06 	 1.957487e+02 	 3.299380e+08 	
1.20800788e+06 	 1.761161e+02 	 3.218599e+08 	
1.20812158e+06 	 1.583656e+02 	 3.139625e+08 	
1.20823528e+06 	 1.423304e+02 	 3.062457e+08 	
1.20834899e+06 	 1.278567e+02 	 2.987089e+08 	
1.20846269e+06 	 1.148028e+02 	 2.913516e+08 	
1.20857639e+06 	 1.030387e+02 	 2.841730e+08 	
1.20869009e+06 	 9.244499e+01 	 2.771722e+08 	
1.20880379e+06 	 8.291206e+01 	 2.703485e+08 	
1.20891749e+06 	 7.433974e+01 	 2.637005e+08 	
1.20903119e+06 	 6.663638e+01 	 2.572272e+08 	
1.20914490e+06 	 5.971829e+01 	 2.509272e+08 	
1.20925860e+06 	 5.350918e+01 	 2.447989e+08 	
1.20936846e+06 	 4.811791e+01 	 2.390393e+08 	
1.20947832e+06 	 4.326650e+01 	 2.334371e+08 	
1.20958818e+06 	 3.890290e+01 	 2.279905e+08 	
1.20969804e+06 	 3.497974e+01 	 2.226978e+08 	
1.20980791e+06 	 3.145392e+01 	 2.175571e+08 	
1.20991777e+06 	 2.828629e+01 	 2.125665e+08 	
1.21002763e+06 	 2.544135e+01 	 2.077238e+08 	
1.21013749e+06 	 2.288691e+01 	 2.030270e+08 	
1.21024735e+06 	 2.059381e+01 	 1.984737e+08 	
1.21035721e+06 	 1.853571e+01 	 1.940616e+08 	
1.21046708e+06 	 1.668877e+01 	 1.897883e+08 	
1.21057694e+06 	 1.503149e+01 	 1.856514e+08 	
1.21068680e+06 	 1.354446e+01 	 1.816482e+08 	
1.21079666e+06 	 1.221022e+01 	 1.777761e+08 	
1.21090652e+06 	 1.101300e+01 	 1.740324e+08 	
1.21101638e+06 	 9.938663e+00 	 1.704144e+08 	
1.21112625e+06 	 8.974458e+00 	 1.669194e+08 	
1.21123611e+06 	 8.108949e+00 	 1.635444e+08 	
1.21136379e+06 	 7.213530e+00 	 1.597691e+08 	
1.21149146e+06 	 6.423237e+00 	 1.561475e+08 	
1.21161914e+06 	 5.725430e+00 	 1.526752e+08 	
1.21174682e+06 	 5.108981e+00 	 1.493474e+08 	
1.21187450e+06 	 4.564101e+00 	 1.461595e+08 	
1.21200218e+06 	 4.082181e+00 	 1.431069e+08 	
1.21212986e+06 	 3.655654e+00 	 1.401851e+08 	
1.21225754e+06 	 3.277874e+00 	 1.373893e+08 	
1.21238522e+06 	 2.943001e+00 	 1.347151e+08 	
1.21251289e+06 	 2.645910e+00 	 1.321579e+08 	
1.21264057e+06 	 2.382097e+00 	 1.297133e+08 	
1.21276825e+06 	 2.147614e+00 	 1.273769e+08 	
1.21289593e+06 	 1.938990e+00 	 1.251443e+08 	
1.21302361e+06 	 1.753180e+00 	 1.230114e+08 	
1.21315129e+06 	 1.587511e+00 	 1.209740e+08 	
1.21330768e+06 	 1.408620e+00 	 1.186028e+08 	
1.21346406e+06 	 1.252699e+00 	 1.163616e+08 	
1.21362045e+06 	 1.116558e+00 	 1.142434e+08 	
1.21377683e+06 	 9.974691e-01 	 1.122415e+08 	
1.21393322e+06 	 8.931013e-01 	 1.103496e+08 	
1.21408961e+06 	 8.014608e-01 	 1.085614e+08 	
1.21424599e+06 	 7.208401e-01 	 1.068709e+08 	
1.21444426e+06 	 6.322011e-01 	 1.048595e+08 	
1.21464253e+06 	 5.564263e-01 	 1.029855e+08 	
1.21484079e+06 	 4.914424e-01 	 1.012385e+08 	
1.21503906e+06 	 4.355351e-01 	 9.960915e+07 	
1.21523733e+06 	 3.872836e-01 	 9.808856e+07 	
1.21543559e+06 	 3.455078e-01 	 9.666850e+07 	
1.21563386e+06 	 3.092253e-01 	 9.534136e+07 	
1.21586773e+06 	 2.723796e-01 	 9.388573e+07 	
1.21610161e+06 	 2.409322e-01 	 9.253895e+07 	
1.21633548e+06 	 2.139801e-01 	 9.129134e+07 	
1.21656935e+06 	 1.907865e-01 	 9.013412e+07 	
1.21680322e+06 	 1.707478e-01 	 8.905930e+07 	
1.21712629e+06 	 1.473509e-01 	 8.769685e+07 	
1.21744937e+06 	 1.279936e-01 	 8.646104e+07 	
1.21777244e+06 	 1.118681e-01 	 8.533711e+07 	
1.21809551e+06 	 9.834620e-02 	 8.431220e+07 	
1.21847803e+06 	 8.503422e-02 	 8.321140e+07 	
1.21886056e+06 	 7.405592e-02 	 8.221771e+07 	
1.21924309e+06 	 6.493031e-02 	 8.131746e+07 	
1.21962561e+06 	 5.728790e-02 	 8.049898e+07 	
1.22016497e+06 	 4.849216e-02 	 7.946487e+07 	
1.22070432e+06 	 4.148472e-02 	 7.855036e+07 	
1.22124368e+06 	 3.583452e-02 	 7.773659e+07 	
1.22195252e+06 	 2.995739e-02 	 7.679482e+07 	
1.22266137e+06 	 2.538592e-02 	 7.597296e+07 	
1.22337021e+06 	 2.177394e-02 	 7.524940e+07 	
1.22431752e+06 	 1.803534e-02 	 7.440700e+07 	
1.22526483e+06 	 1.519231e-02 	 7.367929e+07 	
1.22621214e+06 	 1.298719e-02 	 7.304316e+07 	
1.22754479e+06 	 1.064305e-02 	 7.227055e+07 	
1.22887744e+06 	 8.912623e-03 	 7.160949e+07 	
1.23021009e+06 	 7.602123e-03 	 7.103469e+07 	
1.23173020e+06 	 6.463523e-03 	 7.046119e+07 	
1.23325031e+06 	 5.592214e-03 	 6.995652e+07 	
1.23477042e+06 	 4.911216e-03 	 6.950632e+07 	
1.23700701e+06 	 4.151309e-03 	 6.892123e+07 	
1.23924359e+06 	 3.589989e-03 	 6.840716e+07 	
1.24181969e+06 	 3.107951e-03 	 6.788150e+07 	
1.24439579e+06 	 2.745879e-03 	 6.741020e+07 	
1.24697189e+06 	 2.466830e-03 	 6.698086e+07 	
1.25085572e+06 	 2.152859e-03 	 6.639394e+07 	
1.25473954e+06 	 1.924843e-03 	 6.586161e+07 	
1.25862336e+06 	 1.753582e-03 	 6.536993e+07 	
1.26436041e+06 	 1.568379e-03 	 6.469851e+07 	
1.26782781e+06 	 1.483167e-03 	 6.431692e+07 	
1.27479042e+06 	 1.351756e-03 	 6.359155e+07 	
1.28052962e+06 	 1.270519e-03 	 6.302513e+07 	
1.28955126e+06 	 1.173526e-03 	 6.217685e+07 	
1.29687016e+06 	 1.112556e-03 	 6.151751e+07 	
1.30859667e+06 	 1.034753e-03 	 6.050177e+07 	
1.32032318e+06 	 9.718935e-04 	 5.952556e+07 	
1.33814193e+06 	 8.926195e-04 	 5.810253e+07 	
1.34691064e+06 	 8.582419e-04 	 5.742534e+07 	
1.35567935e+06 	 8.260737e-04 	 5.676196e+07 	
1.36136460e+06 	 8.062182e-04 	 5.633888e+07 	
1.37383409e+06 	 7.650334e-04 	 5.542942e+07 	
1.39500000e+06 	 7.013912e-04 	 5.394052e+07 	
1.41000000e+06 	 6.603312e-04 	 5.292467e+07 	
1.42500000e+06 	 6.221985e-04 	 5.193959e+07 	
1.44000000e+06 	 5.867068e-04 	 5.098388e+07 	
1.45500000e+06 	 5.536301e-04 	 5.005624e+07 	
1.47000000e+06 	 5.227638e-04 	 4.915546e+07 	
1.48500000e+06 	 4.939332e-04 	 4.828041e+07 	
1.50000000e+06 	 4.669780e-04 	 4.743004e+07 	
1.51500000e+06 	 4.417578e-04 	 4.660334e+07 	
1.53000000e+06 	 4.181422e-04 	 4.579936e+07 	
1.54500000e+06 	 3.960106e-04 	 4.501721e+07 	
1.56000000e+06 	 3.752566e-04 	 4.425602e+07 	
1.57500000e+06 	 3.557785e-04 	 4.351500e+07 	
1.59000000e+06 	 3.374875e-04 	 4.279338e+07 	
1.60500000e+06 	 3.202973e-04 	 4.209042e+07 	
1.62000000e+06 	 3.041339e-04 	 4.140544e+07 	
1.63500000e+06 	 2.889231e-04 	 4.073776e+07 	
1.65000000e+06 	 2.746021e-04 	 4.008678e+07 	
1.66500000e+06 	 2.611112e-04 	 3.945188e+07 	
1.68000000e+06 	 2.483923e-04 	 3.883249e+07 	
1.69500000e+06 	 2.363960e-04 	 3.822807e+07 	
1.71000000e+06 	 2.250753e-04 	 3.763810e+07 	
1.72500000e+06 	 2.143844e-04 	 3.706209e+07 	
1.74000000e+06 	 2.042842e-04 	 3.649956e+07 	
1.75500000e+06 	 1.947374e-04 	 3.595006e+07 	
1.77000000e+06 	 1.857073e-04 	 3.541314e+07 	
1.78500000e+06 	 1.771630e-04 	 3.488842e+07 	
1.80000000e+06 	 1.690746e-04 	 3.437548e+07 	
1.81500000e+06 	 1.614131e-04 	 3.387394e+07 	
1.83000000e+06 	 1.541528e-04 	 3.338344e+07 	
1.84500000e+06 	 1.472698e-04 	 3.290364e+07 	
1.86000000e+06 	 1.407410e-04 	 3.243420e+07 	
1.87500000e+06 	 1.345461e-04 	 3.197479e+07 	
1.89000000e+06 	 1.286652e-04 	 3.152511e+07 	
1.90500000e+06 	 1.230799e-04 	 3.108487e+07 	
1.92000000e+06 	 1.177733e-04 	 3.065378e+07 	
1.93500000e+06 	 1.127294e-04 	 3.023157e+07 	
1.95000000e+06 	 1.079330e-04 	 2.981798e+07 	
1.96500000e+06 	 1.033703e-04 	 2.941275e+07 	
1.98000000e+06 	 9.902840e-05 	 2.901564e+07 	
1.99500000e+06 	 9.489478e-05 	 2.862642e+07 	
2.01000000e+06 	 9.095842e-05 	 2.824487e+07 	
2.02500000e+06 	 8.720810e-05 	 2.787077e+07 	
2.04000000e+06 	 8.363388e-05 	 2.750391e+07 	
2.05500000e+06 	 8.022644e-05 	 2.714409e+07 	
2.07000000e+06 	 7.697660e-05 	 2.679111e+07 	
2.08500000e+06 	 7.387628e-05 	 2.644480e+07 	
2.10000000e+06 	 7.091753e-05 	 2.610497e+07 	
2.11500000e+06 	 6.809291e-05 	 2.577145e+07 	
2.13000000e+06 	 6.539554e-05 	 2.544407e+07 	
2.14500000e+06 	 6.281888e-05 	 2.512266e+07 	
2.16000000e+06 	 6.035670e-05 	 2.480708e+07 	
2.17500000e+06 	 5.800309e-05 	 2.449718e+07 	
2.19000000e+06 	 5.575270e-05 	 2.419279e+07 	
2.20500000e+06 	 5.360044e-05 	 2.389380e+07 	
2.22000000e+06 	 5.154127e-05 	 2.360005e+07 	
2.23500000e+06 	 4.957080e-05 	 2.331143e+07 	
2.25000000e+06 	 4.768452e-05 	 2.302779e+07 	
2.26500000e+06 	 4.587828e-05 	 2.274903e+07 	
2.28000000e+06 	 4.414829e-05 	 2.247501e+07 	
2.29500000e+06 	 4.249094e-05 	 2.220562e+07 	
2.31000000e+06 	 4.090263e-05 	 2.194076e+07 	
2.32500000e+06 	 3.938024e-05 	 2.168031e+07 	
2.34000000e+06 	 3.792043e-05 	 2.142417e+07 	
2.35500000e+06 	 3.652045e-05 	 2.117224e+07 	
2.37000000e+06 	 3.517754e-05 	 2.092442e+07 	
2.38500000e+06 	 3.388894e-05 	 2.068062e+07 	
2.40000000e+06 	 3.265211e-05 	 2.044073e+07 	
2.41500000e+06 	 3.146475e-05 	 2.020468e+07 	
2.43000000e+06 	 3.032464e-05 	 1.997237e+07 	
2.44500000e+06 	 2.922954e-05 	 1.974372e+07 	
2.46000000e+06 	 2.817751e-05 	 1.951865e+07 	
2.47500000e+06 	 2.716661e-05 	 1.929708e+07 	
2.49000000e+06 	 2.619495e-05 	 1.907893e+07 	
2.50500000e+06 	 2.526087e-05 	 1.886413e+07 	
2.52000000e+06 	 2.436262e-05 	 1.865261e+07 	
2.53500000e+06 	 2.349874e-05 	 1.844429e+07 	
2.55000000e+06 	 2.266765e-05 	 1.823910e+07 	
2.56500000e+06 	 2.186790e-05 	 1.803698e+07 	
2.58000000e+06 	 2.109820e-05 	 1.783786e+07 	
2.59500000e+06 	 2.035727e-05 	 1.764169e+07 	
2.61000000e+06 	 1.964381e-05 	 1.744839e+07 	
2.62500000e+06 	 1.895672e-05 	 1.725792e+07 	
2.64000000e+06 	 1.829486e-05 	 1.707020e+07 	
2.65500000e+06 	 1.765715e-05 	 1.688519e+07 	
2.67000000e+06 	 1.704261e-05 	 1.670284e+07 	
2.68500000e+06 	 1.645022e-05 	 1.652307e+07 	
2.70000000e+06 	 1.587910e-05 	 1.634586e+07 	
2.71500000e+06 	 1.532838e-05 	 1.617114e+07 	
2.73000000e+06 	 1.479721e-05 	 1.599886e+07 	
2.74500000e+06 	 1.428475e-05 	 1.582898e+07 	
2.76000000e+06 	 1.379023e-05 	 1.566145e+07 	
2.77500000e+06 	 1.331297e-05 	 1.549623e+07 	
2.79000000e+06 	 1.285225e-05 	 1.533327e+07 	
2.80500000e+06 	 1.240738e-05 	 1.517253e+07 	
2.82000000e+06 	 1.197775e-05 	 1.501397e+07 	
2.83500000e+06 	 1.156275e-05 	 1.485754e+07 	
2.85000000e+06 	 1.116176e-05 	 1.470321e+07 	
2.86500000e+06 	 1.077424e-05 	 1.455094e+07 	
2.88000000e+06 	 1.039968e-05 	 1.440068e+07 	
2.89500000e+06 	 1.003754e-05 	 1.425242e+07 	
2.91000000e+06 	 9.687309e-06 	 1.410609e+07 	
2.92500000e+06 	 9.348521e-06 	 1.396169e+07 	
2.94000000e+06 	 9.020751e-06 	 1.381916e+07 	
2.95500000e+06 	 8.703562e-06 	 1.367848e+07 	
2.97000000e+06 	 8.396514e-06 	 1.353962e+07 	
3.00000000e+06 	 7.811332e-06 	 1.326721e+07 	
3.00050050e+06 	 7.801883e-06 	 1.326273e+07 	
3.00100100e+06 	 7.792444e-06 	 1.325824e+07 	
3.00150150e+06 	 7.783015e-06 	 1.325376e+07 	
3.00200200e+06 	 7.773595e-06 	 1.324928e+07 	
3.00250250e+06 	 7.764186e-06 	 1.324480e+07 	
3.00300300e+06 	 7.754787e-06 	 1.324033e+07 	
3.00350350e+06 	 7.745398e-06 	 1.323585e+07 	
3.00400400e+06 	 7.736018e-06 	 1.323138e+07 	
3.00450450e+06 	 7.726649e-06 	 1.322691e+07 	
3.00500501e+06 	 7.717289e-06 	 1.322244e+07 	
3.00550551e+06 	 7.707940e-06 	 1.321798e+07 	
3.00600601e+06 	 7.698600e-06 	 1.321351e+07 	
3.00650651e+06 	 7.689270e-06 	 1.320905e+07 	
3.00700701e+06 	 7.679950e-06 	 1.320459e+07 	
3.00750751e+06 	 7.670640e-06 	 1.320013e+07 	
3.00800801e+06 	 7.661340e-06 	 1.319567e+07 	
3.00850851e+06 	 7.652049e-06 	 1.319122e+07 	
3.00900901e+06 	 7.642769e-06 	 1.318677e+07 	
3.00950951e+06 	 7.633498e-06 	 1.318232e+07 	
3.01001001e+06 	 7.624237e-06 	 1.317787e+07 	
3.01051051e+06 	 7.614985e-06 	 1.317342e+07 	
3.01101101e+06 	 7.605743e-06 	 1.316897e+07 	
3.01151151e+06 	 7.596512e-06 	 1.316453e+07 	
3.01201201e+06 	 7.587289e-06 	 1.316009e+07 	
3.01251251e+06 	 7.578077e-06 	 1.315565e+07 	
3.01301301e+06 	 7.568874e-06 	 1.315121e+07 	
3.01351351e+06 	 7.559681e-06 	 1.314678e+07 	
3.01401401e+06 	 7.550497e-06 	 1.314234e+07 	
3.01451451e+06 	 7.541324e-06 	 1.313791e+07 	
3.01501502e+06 	 7.532159e-06 	 1.313348e+07 	
3.01551552e+06 	 7.523005e-06 	 1.312905e+07 	
3.01601602e+06 	 7.513860e-06 	 1.312462e+07 	
3.01651652e+06 	 7.504725e-06 	 1.312020e+07 	
3.01701702e+06 	 7.495599e-06 	 1.311578e+07 	
3.01751752e+06 	 7.486483e-06 	 1.311136e+07 	
3.01801802e+06 	 7.477376e-06 	 1.310694e+07 	
3.01851852e+06 	 7.468279e-06 	 1.310252e+07 	
3.01901902e+06 	 7.459192e-06 	 1.309811e+07 	
3.01951952e+06 	 7.450114e-06 	 1.309369e+07 	
3.02002002e+06 	 7.441045e-06 	 1.308928e+07 	
3.02052052e+06 	 7.431987e-06 	 1.308487e+07 	
3.02102102e+06 	 7.422937e-06 	 1.308046e+07 	
3.02152152e+06 	 7.413897e-06 	 1.307606e+07 	
3.02202202e+06 	 7.404867e-06 	 1.307165e+07 	
3.02252252e+06 	 7.395846e-06 	 1.306725e+07 	
3.02302302e+06 	 7.386834e-06 	 1.306285e+07 	
3.02352352e+06 	 7.377832e-06 	 1.305845e+07 	
3.02402402e+06 	 7.368839e-06 	 1.305406e+07 	
3.02452452e+06 	 7.359856e-06 	 1.304966e+07 	
3.02502503e+06 	 7.350882e-06 	 1.304527e+07 	
3.02552553e+06 	 7.341918e-06 	 1.304088e+07 	
3.02602603e+06 	 7.332963e-06 	 1.303649e+07 	
3.02652653e+06 	 7.324017e-06 	 1.303210e+07 	
3.02702703e+06 	 7.315080e-06 	 1.302772e+07 	
3.02752753e+06 	 7.306153e-06 	 1.302334e+07 	
3.02802803e+06 	 7.297236e-06 	 1.301895e+07 	
3.02852853e+06 	 7.288327e-06 	 1.301457e+07 	
3.02902903e+06 	 7.279428e-06 	 1.301020e+07 	
3.02952953e+06 	 7.270538e-06 	 1.300582e+07 	
3.03003003e+06 	 7.261657e-06 	 1.300145e+07 	
3.03053053e+06 	 7.252786e-06 	 1.299707e+07 	
3.03103103e+06 	 7.243924e-06 	 1.299270e+07 	
3.03153153e+06 	 7.235071e-06 	 1.298834e+07 	
3.03203203e+06 	 7.226227e-06 	 1.298397e+07 	
3.03253253e+06 	 7.217393e-06 	 1.297960e+07 	
3.03303303e+06 	 7.208568e-06 	 1.297524e+07 	
3.03353353e+06 	 7.199752e-06 	 1.297088e+07 	
3.03403403e+06 	 7.190945e-06 	 1.296652e+07 	
3.03453453e+06 	 7.182147e-06 	 1.296216e+07 	
3.03503504e+06 	 7.173359e-06 	 1.295781e+07 	
3.03553554e+06 	 7.164579e-06 	 1.295346e+07 	
3.03603604e+06 	 7.155809e-06 	 1.294910e+07 	
3.03653654e+06 	 7.147048e-06 	 1.294475e+07 	
3.03703704e+06 	 7.138295e-06 	 1.294041e+07 	
3.03753754e+06 	 7.129552e-06 	 1.293606e+07 	
3.03803804e+06 	 7.120818e-06 	 1.293172e+07 	
3.03853854e+06 	 7.112093e-06 	 1.292737e+07 	
3.03903904e+06 	 7.103378e-06 	 1.292303e+07 	
3.03953954e+06 	 7.094671e-06 	 1.291869e+07 	
3.04004004e+06 	 7.085973e-06 	 1.291436e+07 	
3.04054054e+06 	 7.077284e-06 	 1.291002e+07 	
3.04104104e+06 	 7.068604e-06 	 1.290569e+07 	
3.04154154e+06 	 7.059934e-06 	 1.290136e+07 	
3.04204204e+06 	 7.051272e-06 	 1.289703e+07 	
3.04254254e+06 	 7.042620e-06 	 1.289270e+07 	
3.04304304e+06 	 7.033977e-06 	 1.288837e+07 	
3.04354354e+06 	 7.025343e-06 	 1.288405e+07 	
3.04404404e+06 	 7.016718e-06 	 1.287973e+07 	
3.04454454e+06 	 7.008102e-06 	 1.287541e+07 	
3.04504505e+06 	 6.999495e-06 	 1.287109e+07 	
3.04554555e+06 	 6.990896e-06 	 1.286677e+07 	
3.04604605e+06 	 6.982307e-06 	 1.286246e+07 	
3.04654655e+06 	 6.973726e-06 	 1.285814e+07 	
3.04704705e+06 	 6.965154e-06 	 1.285383e+07 	
3.04754755e+06 	 6.956591e-06 	 1.284952e+07 	
3.04804805e+06 	 6.948036e-06 	 1.284522e+07 	
3.04854855e+06 	 6.939490e-06 	 1.284091e+07 	
3.04904905e+06 	 6.930954e-06 	 1.283661e+07 	
3.04954955e+06 	 6.922425e-06 	 1.283230e+07 	
3.05005005e+06 	 6.913906e-06 	 1.282800e+07 	
3.05055055e+06 	 6.905395e-06 	 1.282371e+07 	
3.05105105e+06 	 6.896893e-06 	 1.281941e+07 	
3.05155155e+06 	 6.888400e-06 	 1.281511e+07 	
3.05205205e+06 	 6.879915e-06 	 1.281082e+07 	
3.05255255e+06 	 6.871440e-06 	 1.280653e+07 	
3.05305305e+06 	 6.862972e-06 	 1.280224e+07 	
3.05355355e+06 	 6.854514e-06 	 1.279795e+07 	
3.05405405e+06 	 6.846064e-06 	 1.279367e+07 	
3.05455455e+06 	 6.837623e-06 	 1.278938e+07 	
3.05505506e+06 	 6.829190e-06 	 1.278510e+07 	
3.05555556e+06 	 6.820766e-06 	 1.278082e+07 	
3.05605606e+06 	 6.812351e-06 	 1.277654e+07 	
3.05655656e+06 	 6.803944e-06 	 1.277226e+07 	
3.05705706e+06 	 6.795546e-06 	 1.276799e+07 	
3.05755756e+06 	 6.787156e-06 	 1.276372e+07 	
3.05805806e+06 	 6.778775e-06 	 1.275945e+07 	
3.05855856e+06 	 6.770402e-06 	 1.275518e+07 	
3.05905906e+06 	 6.762039e-06 	 1.275091e+07 	
3.05955956e+06 	 6.753683e-06 	 1.274664e+07 	
3.06006006e+06 	 6.745336e-06 	 1.274238e+07 	
3.06056056e+06 	 6.736998e-06 	 1.273812e+07 	
3.06106106e+06 	 6.728668e-06 	 1.273385e+07 	
3.06156156e+06 	 6.720347e-06 	 1.272960e+07 	
3.06206206e+06 	 6.712034e-06 	 1.272534e+07 	
3.06256256e+06 	 6.703730e-06 	 1.272108e+07 	
3.06306306e+06 	 6.695434e-06 	 1.271683e+07 	
3.06356356e+06 	 6.687146e-06 	 1.271258e+07 	
3.06406406e+06 	 6.678867e-06 	 1.270833e+07 	
3.06456456e+06 	 6.670597e-06 	 1.270408e+07 	
3.06506507e+06 	 6.662335e-06 	 1.269984e+07 	
3.06556557e+06 	 6.654081e-06 	 1.269559e+07 	
3.06606607e+06 	 6.645836e-06 	 1.269135e+07 	
3.06656657e+06 	 6.637599e-06 	 1.268711e+07 	
3.06706707e+06 	 6.629370e-06 	 1.268287e+07 	
3.06756757e+06 	 6.621150e-06 	 1.267863e+07 	
3.06806807e+06 	 6.612938e-06 	 1.267440e+07 	
3.06856857e+06 	 6.604735e-06 	 1.267016e+07 	
3.06906907e+06 	 6.596540e-06 	 1.266593e+07 	
3.06956957e+06 	 6.588353e-06 	 1.266170e+07 	
3.07007007e+06 	 6.580175e-06 	 1.265747e+07 	
3.07057057e+06 	 6.572005e-06 	 1.265324e+07 	
3.07107107e+06 	 6.563843e-06 	 1.264902e+07 	
3.07157157e+06 	 6.555689e-06 	 1.264480e+07 	
3.07207207e+06 	 6.547544e-06 	 1.264058e+07 	
3.07257257e+06 	 6.539407e-06 	 1.263636e+07 	
3.07307307e+06 	 6.531278e-06 	 1.263214e+07 	
3.07357357e+06 	 6.523158e-06 	 1.262792e+07 	
3.07407407e+06 	 6.515046e-06 	 1.262371e+07 	
3.07457457e+06 	 6.506942e-06 	 1.261950e+07 	
3.07507508e+06 	 6.498846e-06 	 1.261529e+07 	
3.07557558e+06 	 6.490758e-06 	 1.261108e+07 	
3.07607608e+06 	 6.482679e-06 	 1.260687e+07 	
3.07657658e+06 	 6.474608e-06 	 1.260266e+07 	
3.07707708e+06 	 6.466545e-06 	 1.259846e+07 	
3.07757758e+06 	 6.458490e-06 	 1.259426e+07 	
3.07807808e+06 	 6.450444e-06 	 1.259006e+07 	
3.07857858e+06 	 6.442405e-06 	 1.258586e+07 	
3.07907908e+06 	 6.434375e-06 	 1.258166e+07 	
3.07957958e+06 	 6.426352e-06 	 1.257747e+07 	
3.08008008e+06 	 6.418338e-06 	 1.257328e+07 	
3.08058058e+06 	 6.410332e-06 	 1.256909e+07 	
3.08108108e+06 	 6.402334e-06 	 1.256490e+07 	
3.08158158e+06 	 6.394345e-06 	 1.256071e+07 	
3.08208208e+06 	 6.386363e-06 	 1.255652e+07 	
3.08258258e+06 	 6.378389e-06 	 1.255234e+07 	
3.08308308e+06 	 6.370423e-06 	 1.254816e+07 	
3.08358358e+06 	 6.362466e-06 	 1.254398e+07 	
3.08408408e+06 	 6.354516e-06 	 1.253980e+07 	
3.08458458e+06 	 6.346575e-06 	 1.253562e+07 	
3.08508509e+06 	 6.338641e-06 	 1.253145e+07 	
3.08558559e+06 	 6.330716e-06 	 1.252727e+07 	
3.08608609e+06 	 6.322798e-06 	 1.252310e+07 	
3.08658659e+06 	 6.314889e-06 	 1.251893e+07 	
3.08708709e+06 	 6.306987e-06 	 1.251476e+07 	
3.08758759e+06 	 6.299093e-06 	 1.251060e+07 	
3.08808809e+06 	 6.291208e-06 	 1.250643e+07 	
3.08858859e+06 	 6.283330e-06 	 1.250227e+07 	
3.08908909e+06 	 6.275460e-06 	 1.249811e+07 	
3.08958959e+06 	 6.267598e-06 	 1.249395e+07 	
3.09009009e+06 	 6.259744e-06 	 1.248979e+07 	
3.09059059e+06 	 6.251898e-06 	 1.248563e+07 	
3.09109109e+06 	 6.244060e-06 	 1.248148e+07 	
3.09159159e+06 	 6.236230e-06 	 1.247733e+07 	
3.09209209e+06 	 6.228407e-06 	 1.247318e+07 	
3.09259259e+06 	 6.220593e-06 	 1.246903e+07 	
3.09309309e+06 	 6.212786e-06 	 1.246488e+07 	
3.09359359e+06 	 6.204987e-06 	 1.246073e+07 	
3.09409409e+06 	 6.197196e-06 	 1.245659e+07 	
3.09459459e+06 	 6.189413e-06 	 1.245245e+07 	
3.09509510e+06 	 6.181637e-06 	 1.244831e+07 	
3.09559560e+06 	 6.173870e-06 	 1.244417e+07 	
3.09609610e+06 	 6.166110e-06 	 1.244003e+07 	
3.09659660e+06 	 6.158358e-06 	 1.243590e+07 	
3.09709710e+06 	 6.150613e-06 	 1.243176e+07 	
3.09759760e+06 	 6.142877e-06 	 1.242763e+07 	
3.09809810e+06 	 6.135148e-06 	 1.242350e+07 	
3.09859860e+06 	 6.127427e-06 	 1.241938e+07 	
3.09909910e+06 	 6.119713e-06 	 1.241525e+07 	
3.09959960e+06 	 6.112008e-06 	 1.241112e+07 	
3.10010010e+06 	 6.104310e-06 	 1.240700e+07 	
3.10060060e+06 	 6.096619e-06 	 1.240288e+07 	
3.10110110e+06 	 6.088937e-06 	 1.239876e+07 	
3.10160160e+06 	 6.081262e-06 	 1.239464e+07 	
3.10210210e+06 	 6.073595e-06 	 1.239053e+07 	
3.10260260e+06 	 6.065935e-06 	 1.238641e+07 	
3.10310310e+06 	 6.058283e-06 	 1.238230e+07 	
3.10360360e+06 	 6.050639e-06 	 1.237819e+07 	
3.10410410e+06 	 6.043002e-06 	 1.237408e+07 	
3.10460460e+06 	 6.035373e-06 	 1.236997e+07 	
3.10510511e+06 	 6.027751e-06 	 1.236587e+07 	
3.10560561e+06 	 6.020137e-06 	 1.236176e+07 	
3.10610611e+06 	 6.012531e-06 	 1.235766e+07 	
3.10660661e+06 	 6.004932e-06 	 1.235356e+07 	
3.10710711e+06 	 5.997341e-06 	 1.234946e+07 	
3.10760761e+06 	 5.989757e-06 	 1.234537e+07 	
3.10810811e+06 	 5.982181e-06 	 1.234127e+07 	
3.10860861e+06 	 5.974613e-06 	 1.233718e+07 	
3.10910911e+06 	 5.967052e-06 	 1.233308e+07 	
3.10960961e+06 	 5.959498e-06 	 1.232899e+07 	
3.11011011e+06 	 5.951952e-06 	 1.232491e+07 	
3.11061061e+06 	 5.944413e-06 	 1.232082e+07 	
3.11111111e+06 	 5.936882e-06 	 1.231673e+07 	
3.11161161e+06 	 5.929358e-06 	 1.231265e+07 	
3.11211211e+06 	 5.921842e-06 	 1.230857e+07 	
3.11261261e+06 	 5.914333e-06 	 1.230449e+07 	
3.11311311e+06 	 5.906832e-06 	 1.230041e+07 	
3.11361361e+06 	 5.899338e-06 	 1.229633e+07 	
3.11411411e+06 	 5.891852e-06 	 1.229226e+07 	
3.11461461e+06 	 5.884373e-06 	 1.228819e+07 	
3.11511512e+06 	 5.876901e-06 	 1.228412e+07 	
3.11561562e+06 	 5.869436e-06 	 1.228005e+07 	
3.11611612e+06 	 5.861979e-06 	 1.227598e+07 	
3.11661662e+06 	 5.854530e-06 	 1.227191e+07 	
3.11711712e+06 	 5.847088e-06 	 1.226785e+07 	
3.11761762e+06 	 5.839653e-06 	 1.226378e+07 	
3.11811812e+06 	 5.832225e-06 	 1.225972e+07 	
3.11861862e+06 	 5.824805e-06 	 1.225566e+07 	
3.11911912e+06 	 5.817392e-06 	 1.225161e+07 	
3.11961962e+06 	 5.809986e-06 	 1.224755e+07 	
3.12012012e+06 	 5.802588e-06 	 1.224350e+07 	
3.12062062e+06 	 5.795197e-06 	 1.223944e+07 	
3.12112112e+06 	 5.787813e-06 	 1.223539e+07 	
3.12162162e+06 	 5.780436e-06 	 1.223134e+07 	
3.12212212e+06 	 5.773067e-06 	 1.222730e+07 	
3.12262262e+06 	 5.765705e-06 	 1.222325e+07 	
3.12312312e+06 	 5.758350e-06 	 1.221921e+07 	
3.12362362e+06 	 5.751002e-06 	 1.221516e+07 	
3.12412412e+06 	 5.743662e-06 	 1.221112e+07 	
3.12462462e+06 	 5.736329e-06 	 1.220708e+07 	
3.12512513e+06 	 5.729003e-06 	 1.220305e+07 	
3.12562563e+06 	 5.721684e-06 	 1.219901e+07 	
3.12612613e+06 	 5.714372e-06 	 1.219498e+07 	
3.12662663e+06 	 5.707067e-06 	 1.219094e+07 	
3.12712713e+06 	 5.699770e-06 	 1.218691e+07 	
3.12762763e+06 	 5.692480e-06 	 1.218289e+07 	
3.12812813e+06 	 5.685197e-06 	 1.217886e+07 	
3.12862863e+06 	 5.677920e-06 	 1.217483e+07 	
3.12912913e+06 	 5.670652e-06 	 1.217081e+07 	
3.12962963e+06 	 5.663390e-06 	 1.216679e+07 	
3.13013013e+06 	 5.656135e-06 	 1.216277e+07 	
3.13063063e+06 	 5.648887e-06 	 1.215875e+07 	
3.13113113e+06 	 5.641646e-06 	 1.215473e+07 	
3.13163163e+06 	 5.634413e-06 	 1.215071e+07 	
3.13213213e+06 	 5.627186e-06 	 1.214670e+07 	
3.13263263e+06 	 5.619967e-06 	 1.214269e+07 	
3.13313313e+06 	 5.612754e-06 	 1.213868e+07 	
3.13363363e+06 	 5.605549e-06 	 1.213467e+07 	
3.13413413e+06 	 5.598350e-06 	 1.213066e+07 	
3.13463463e+06 	 5.591159e-06 	 1.212666e+07 	
3.13513514e+06 	 5.583974e-06 	 1.212265e+07 	
3.13563564e+06 	 5.576797e-06 	 1.211865e+07 	
3.13613614e+06 	 5.569626e-06 	 1.211465e+07 	
3.13663664e+06 	 5.562462e-06 	 1.211065e+07 	
3.13713714e+06 	 5.555305e-06 	 1.210666e+07 	
3.13763764e+06 	 5.548156e-06 	 1.210266e+07 	
3.13813814e+06 	 5.541013e-06 	 1.209867e+07 	
3.13863864e+06 	 5.533877e-06 	 1.209467e+07 	
3.13913914e+06 	 5.526748e-06 	 1.209068e+07 	
3.13963964e+06 	 5.519625e-06 	 1.208670e+07 	
3.14014014e+06 	 5.512510e-06 	 1.208271e+07 	
3.14064064e+06 	 5.505402e-06 	 1.207872e+07 	
3.14114114e+06 	 5.498300e-06 	 1.207474e+07 	
3.14164164e+06 	 5.491205e-06 	 1.207076e+07 	
3.14214214e+06 	 5.484117e-06 	 1.206678e+07 	
3.14264264e+06 	 5.477036e-06 	 1.206280e+07 	
3.14314314e+06 	 5.469963e-06 	 1.205882e+07 	
3.14364364e+06 	 5.462896e-06 	 1.205485e+07 	
3.14414414e+06 	 5.455836e-06 	 1.205087e+07 	
3.14464464e+06 	 5.448782e-06 	 1.204690e+07 	
3.14514515e+06 	 5.441736e-06 	 1.204293e+07 	
3.14564565e+06 	 5.434696e-06 	 1.203896e+07 	
3.14614615e+06 	 5.427663e-06 	 1.203499e+07 	
3.14664665e+06 	 5.420637e-06 	 1.203103e+07 	
3.14714715e+06 	 5.413617e-06 	 1.202707e+07 	
3.14764765e+06 	 5.406604e-06 	 1.202310e+07 	
3.14814815e+06 	 5.399598e-06 	 1.201914e+07 	
3.14864865e+06 	 5.392599e-06 	 1.201518e+07 	
3.14914915e+06 	 5.385606e-06 	 1.201123e+07 	
3.14964965e+06 	 5.378620e-06 	 1.200727e+07 	
3.15015015e+06 	 5.371641e-06 	 1.200332e+07 	
3.15065065e+06 	 5.364668e-06 	 1.199937e+07 	
3.15115115e+06 	 5.357702e-06 	 1.199542e+07 	
3.15165165e+06 	 5.350743e-06 	 1.199147e+07 	
3.15215215e+06 	 5.343790e-06 	 1.198752e+07 	
3.15265265e+06 	 5.336844e-06 	 1.198357e+07 	
3.15315315e+06 	 5.329905e-06 	 1.197963e+07 	
3.15365365e+06 	 5.322972e-06 	 1.197569e+07 	
3.15415415e+06 	 5.316046e-06 	 1.197175e+07 	
3.15465465e+06 	 5.309126e-06 	 1.196781e+07 	
3.15515516e+06 	 5.302213e-06 	 1.196387e+07 	
3.15565566e+06 	 5.295307e-06 	 1.195994e+07 	
3.15615616e+06 	 5.288407e-06 	 1.195600e+07 	
3.15665666e+06 	 5.281514e-06 	 1.195207e+07 	
3.15715716e+06 	 5.274628e-06 	 1.194814e+07 	
3.15765766e+06 	 5.267748e-06 	 1.194421e+07 	
3.15815816e+06 	 5.260874e-06 	 1.194028e+07 	
3.15865866e+06 	 5.254007e-06 	 1.193636e+07 	
3.15915916e+06 	 5.247147e-06 	 1.193243e+07 	
3.15965966e+06 	 5.240293e-06 	 1.192851e+07 	
3.16016016e+06 	 5.233446e-06 	 1.192459e+07 	
3.16066066e+06 	 5.226605e-06 	 1.192067e+07 	
3.16116116e+06 	 5.219771e-06 	 1.191675e+07 	
3.16166166e+06 	 5.212943e-06 	 1.191284e+07 	
3.16216216e+06 	 5.206121e-06 	 1.190892e+07 	
3.16266266e+06 	 5.199307e-06 	 1.190501e+07 	
3.16316316e+06 	 5.192498e-06 	 1.190110e+07 	
3.16366366e+06 	 5.185696e-06 	 1.189719e+07 	
3.16416416e+06 	 5.178901e-06 	 1.189328e+07 	
3.16466466e+06 	 5.172112e-06 	 1.188937e+07 	
3.16516517e+06 	 5.165329e-06 	 1.188547e+07 	
3.16566567e+06 	 5.158553e-06 	 1.188157e+07 	
3.16616617e+06 	 5.151783e-06 	 1.187766e+07 	
3.16666667e+06 	 5.145020e-06 	 1.187376e+07 	
3.16716717e+06 	 5.138263e-06 	 1.186987e+07 	
3.16766767e+06 	 5.131513e-06 	 1.186597e+07 	
3.16816817e+06 	 5.124769e-06 	 1.186208e+07 	
3.16866867e+06 	 5.118031e-06 	 1.185818e+07 	
3.16916917e+06 	 5.111300e-06 	 1.185429e+07 	
3.16966967e+06 	 5.104575e-06 	 1.185040e+07 	
3.17017017e+06 	 5.097856e-06 	 1.184651e+07 	
3.17067067e+06 	 5.091144e-06 	 1.184263e+07 	
3.17117117e+06 	 5.084438e-06 	 1.183874e+07 	
3.17167167e+06 	 5.077738e-06 	 1.183486e+07 	
3.17217217e+06 	 5.071045e-06 	 1.183098e+07 	
3.17267267e+06 	 5.064358e-06 	 1.182710e+07 	
3.17317317e+06 	 5.057677e-06 	 1.182322e+07 	
3.17367367e+06 	 5.051003e-06 	 1.181934e+07 	
3.17417417e+06 	 5.044335e-06 	 1.181546e+07 	
3.17467467e+06 	 5.037673e-06 	 1.181159e+07 	
3.17517518e+06 	 5.031017e-06 	 1.180772e+07 	
3.17567568e+06 	 5.024368e-06 	 1.180385e+07 	
3.17617618e+06 	 5.017725e-06 	 1.179998e+07 	
3.17667668e+06 	 5.011089e-06 	 1.179611e+07 	
3.17717718e+06 	 5.004458e-06 	 1.179225e+07 	
3.17767768e+06 	 4.997834e-06 	 1.178838e+07 	
3.17817818e+06 	 4.991216e-06 	 1.178452e+07 	
3.17867868e+06 	 4.984604e-06 	 1.178066e+07 	
3.17917918e+06 	 4.977998e-06 	 1.177680e+07 	
3.17967968e+06 	 4.971399e-06 	 1.177294e+07 	
3.18018018e+06 	 4.964806e-06 	 1.176909e+07 	
3.18068068e+06 	 4.958219e-06 	 1.176523e+07 	
3.18118118e+06 	 4.951638e-06 	 1.176138e+07 	
3.18168168e+06 	 4.945063e-06 	 1.175753e+07 	
3.18218218e+06 	 4.938494e-06 	 1.175368e+07 	
3.18268268e+06 	 4.931932e-06 	 1.174983e+07 	
3.18318318e+06 	 4.925376e-06 	 1.174598e+07 	
3.18368368e+06 	 4.918826e-06 	 1.174214e+07 	
3.18418418e+06 	 4.912282e-06 	 1.173830e+07 	
3.18468468e+06 	 4.905744e-06 	 1.173446e+07 	
3.18518519e+06 	 4.899212e-06 	 1.173062e+07 	
3.18568569e+06 	 4.892686e-06 	 1.172678e+07 	
3.18618619e+06 	 4.886167e-06 	 1.172294e+07 	
3.18668669e+06 	 4.879653e-06 	 1.171911e+07 	
3.18718719e+06 	 4.873146e-06 	 1.171527e+07 	
3.18768769e+06 	 4.866644e-06 	 1.171144e+07 	
3.18818819e+06 	 4.860149e-06 	 1.170761e+07 	
3.18868869e+06 	 4.853660e-06 	 1.170378e+07 	
3.18918919e+06 	 4.847177e-06 	 1.169995e+07 	
3.18968969e+06 	 4.840700e-06 	 1.169613e+07 	
3.19019019e+06 	 4.834228e-06 	 1.169231e+07 	
3.19069069e+06 	 4.827763e-06 	 1.168848e+07 	
3.19119119e+06 	 4.821304e-06 	 1.168466e+07 	
3.19169169e+06 	 4.814851e-06 	 1.168084e+07 	
3.19219219e+06 	 4.808404e-06 	 1.167703e+07 	
3.19269269e+06 	 4.801963e-06 	 1.167321e+07 	
3.19319319e+06 	 4.795528e-06 	 1.166940e+07 	
3.19369369e+06 	 4.789099e-06 	 1.166558e+07 	
3.19419419e+06 	 4.782675e-06 	 1.166177e+07 	
3.19469469e+06 	 4.776258e-06 	 1.165796e+07 	
3.19519520e+06 	 4.769847e-06 	 1.165416e+07 	
3.19569570e+06 	 4.763441e-06 	 1.165035e+07 	
3.19619620e+06 	 4.757042e-06 	 1.164655e+07 	
3.19669670e+06 	 4.750648e-06 	 1.164274e+07 	
3.19719720e+06 	 4.744261e-06 	 1.163894e+07 	
3.19769770e+06 	 4.737879e-06 	 1.163514e+07 	
3.19819820e+06 	 4.731503e-06 	 1.163134e+07 	
3.19869870e+06 	 4.725133e-06 	 1.162755e+07 	
3.19919920e+06 	 4.718769e-06 	 1.162375e+07 	
3.19969970e+06 	 4.712411e-06 	 1.161996e+07 	
3.20020020e+06 	 4.706059e-06 	 1.161617e+07 	
3.20070070e+06 	 4.699712e-06 	 1.161238e+07 	
3.20120120e+06 	 4.693371e-06 	 1.160859e+07 	
3.20170170e+06 	 4.687037e-06 	 1.160480e+07 	
3.20220220e+06 	 4.680708e-06 	 1.160101e+07 	
3.20270270e+06 	 4.674384e-06 	 1.159723e+07 	
3.20320320e+06 	 4.668067e-06 	 1.159345e+07 	
3.20370370e+06 	 4.661756e-06 	 1.158967e+07 	
3.20420420e+06 	 4.655450e-06 	 1.158589e+07 	
3.20470470e+06 	 4.649150e-06 	 1.158211e+07 	
3.20520521e+06 	 4.642856e-06 	 1.157833e+07 	
3.20570571e+06 	 4.636567e-06 	 1.157456e+07 	
3.20620621e+06 	 4.630285e-06 	 1.157079e+07 	
3.20670671e+06 	 4.624008e-06 	 1.156702e+07 	
3.20720721e+06 	 4.617737e-06 	 1.156325e+07 	
3.20770771e+06 	 4.611471e-06 	 1.155948e+07 	
3.20820821e+06 	 4.605211e-06 	 1.155571e+07 	
3.20870871e+06 	 4.598957e-06 	 1.155195e+07 	
3.20920921e+06 	 4.592709e-06 	 1.154818e+07 	
3.20970971e+06 	 4.586467e-06 	 1.154442e+07 	
3.21021021e+06 	 4.580230e-06 	 1.154066e+07 	
3.21071071e+06 	 4.573999e-06 	 1.153690e+07 	
3.21121121e+06 	 4.567773e-06 	 1.153315e+07 	
3.21171171e+06 	 4.561553e-06 	 1.152939e+07 	
3.21221221e+06 	 4.555339e-06 	 1.152564e+07 	
3.21271271e+06 	 4.549131e-06 	 1.152188e+07 	
3.21321321e+06 	 4.542928e-06 	 1.151813e+07 	
3.21371371e+06 	 4.536731e-06 	 1.151438e+07 	
3.21421421e+06 	 4.530539e-06 	 1.151064e+07 	
3.21471471e+06 	 4.524353e-06 	 1.150689e+07 	
3.21521522e+06 	 4.518173e-06 	 1.150315e+07 	
3.21571572e+06 	 4.511998e-06 	 1.149940e+07 	
3.21621622e+06 	 4.505829e-06 	 1.149566e+07 	
3.21671672e+06 	 4.499665e-06 	 1.149192e+07 	
3.21721722e+06 	 4.493507e-06 	 1.148818e+07 	
3.21771772e+06 	 4.487355e-06 	 1.148445e+07 	
3.21821822e+06 	 4.481208e-06 	 1.148071e+07 	
3.21871872e+06 	 4.475067e-06 	 1.147698e+07 	
3.21921922e+06 	 4.468931e-06 	 1.147325e+07 	
3.21971972e+06 	 4.462801e-06 	 1.146952e+07 	
3.22022022e+06 	 4.456676e-06 	 1.146579e+07 	
3.22072072e+06 	 4.450557e-06 	 1.146206e+07 	
3.22122122e+06 	 4.444443e-06 	 1.145834e+07 	
3.22172172e+06 	 4.438335e-06 	 1.145461e+07 	
3.22222222e+06 	 4.432233e-06 	 1.145089e+07 	
3.22272272e+06 	 4.426135e-06 	 1.144717e+07 	
3.22322322e+06 	 4.420044e-06 	 1.144345e+07 	
3.22372372e+06 	 4.413958e-06 	 1.143973e+07 	
3.22422422e+06 	 4.407877e-06 	 1.143602e+07 	
3.22472472e+06 	 4.401802e-06 	 1.143230e+07 	
3.22522523e+06 	 4.395732e-06 	 1.142859e+07 	
3.22572573e+06 	 4.389667e-06 	 1.142488e+07 	
3.22622623e+06 	 4.383608e-06 	 1.142117e+07 	
3.22672673e+06 	 4.377555e-06 	 1.141746e+07 	
3.22722723e+06 	 4.371507e-06 	 1.141375e+07 	
3.22772773e+06 	 4.365464e-06 	 1.141005e+07 	
3.22822823e+06 	 4.359427e-06 	 1.140634e+07 	
3.22872873e+06 	 4.353395e-06 	 1.140264e+07 	
3.22922923e+06 	 4.347368e-06 	 1.139894e+07 	
3.22972973e+06 	 4.341347e-06 	 1.139524e+07 	
3.23023023e+06 	 4.335331e-06 	 1.139154e+07 	
3.23073073e+06 	 4.329321e-06 	 1.138785e+07 	
3.23123123e+06 	 4.323316e-06 	 1.138415e+07 	
3.23173173e+06 	 4.317316e-06 	 1.138046e+07 	
3.23223223e+06 	 4.311322e-06 	 1.137677e+07 	
3.23273273e+06 	 4.305333e-06 	 1.137308e+07 	
3.23323323e+06 	 4.299349e-06 	 1.136939e+07 	
3.23373373e+06 	 4.293370e-06 	 1.136570e+07 	
3.23423423e+06 	 4.287397e-06 	 1.136202e+07 	
3.23473473e+06 	 4.281430e-06 	 1.135834e+07 	
3.23523524e+06 	 4.275467e-06 	 1.135465e+07 	
3.23573574e+06 	 4.269510e-06 	 1.135097e+07 	
3.23623624e+06 	 4.263558e-06 	 1.134730e+07 	
3.23673674e+06 	 4.257612e-06 	 1.134362e+07 	
3.23723724e+06 	 4.251670e-06 	 1.133994e+07 	
3.23773774e+06 	 4.245734e-06 	 1.133627e+07 	
3.23823824e+06 	 4.239803e-06 	 1.133260e+07 	
3.23873874e+06 	 4.233878e-06 	 1.132892e+07 	
3.23923924e+06 	 4.227957e-06 	 1.132526e+07 	
3.23973974e+06 	 4.222042e-06 	 1.132159e+07 	
3.24024024e+06 	 4.216132e-06 	 1.131792e+07 	
3.24074074e+06 	 4.210228e-06 	 1.131426e+07 	
3.24124124e+06 	 4.204328e-06 	 1.131059e+07 	
3.24174174e+06 	 4.198434e-06 	 1.130693e+07 	
3.24224224e+06 	 4.192545e-06 	 1.130327e+07 	
3.24274274e+06 	 4.186661e-06 	 1.129961e+07 	
3.24324324e+06 	 4.180782e-06 	 1.129596e+07 	
3.24374374e+06 	 4.174909e-06 	 1.129230e+07 	
3.24424424e+06 	 4.169040e-06 	 1.128865e+07 	
3.24474474e+06 	 4.163177e-06 	 1.128499e+07 	
3.24524525e+06 	 4.157319e-06 	 1.128134e+07 	
3.24574575e+06 	 4.151466e-06 	 1.127769e+07 	
3.24624625e+06 	 4.145618e-06 	 1.127405e+07 	
3.24674675e+06 	 4.139775e-06 	 1.127040e+07 	
3.24724725e+06 	 4.133938e-06 	 1.126675e+07 	
3.24774775e+06 	 4.128105e-06 	 1.126311e+07 	
3.24824825e+06 	 4.122278e-06 	 1.125947e+07 	
3.24874875e+06 	 4.116456e-06 	 1.125583e+07 	
3.24924925e+06 	 4.110639e-06 	 1.125219e+07 	
3.24974975e+06 	 4.104826e-06 	 1.124855e+07 	
3.25025025e+06 	 4.099019e-06 	 1.124492e+07 	
3.25075075e+06 	 4.093218e-06 	 1.124128e+07 	
3.25125125e+06 	 4.087421e-06 	 1.123765e+07 	
3.25175175e+06 	 4.081629e-06 	 1.123402e+07 	
3.25225225e+06 	 4.075842e-06 	 1.123039e+07 	
3.25275275e+06 	 4.070060e-06 	 1.122676e+07 	
3.25325325e+06 	 4.064284e-06 	 1.122314e+07 	
3.25375375e+06 	 4.058512e-06 	 1.121951e+07 	
3.25425425e+06 	 4.052746e-06 	 1.121589e+07 	
3.25475475e+06 	 4.046984e-06 	 1.121227e+07 	
3.25525526e+06 	 4.041431e-06 	 1.120862e+07 	
3.25575576e+06 	 4.035681e-06 	 1.120500e+07 	
3.25625626e+06 	 4.029936e-06 	 1.120139e+07 	
3.25675676e+06 	 4.024196e-06 	 1.119777e+07 	
3.25725726e+06 	 4.018461e-06 	 1.119416e+07 	
3.25775776e+06 	 4.012731e-06 	 1.119054e+07 	
3.25825826e+06 	 4.007006e-06 	 1.118693e+07 	
3.25875876e+06 	 4.001286e-06 	 1.118332e+07 	
3.25925926e+06 	 3.995571e-06 	 1.117971e+07 	
3.25975976e+06 	 3.989861e-06 	 1.117611e+07 	
3.26026026e+06 	 3.984155e-06 	 1.117250e+07 	
3.26076076e+06 	 3.978455e-06 	 1.116890e+07 	
3.26126126e+06 	 3.972760e-06 	 1.116530e+07 	
3.26176176e+06 	 3.967069e-06 	 1.116170e+07 	
3.26226226e+06 	 3.961384e-06 	 1.115810e+07 	
3.26276276e+06 	 3.955703e-06 	 1.115450e+07 	
3.26326326e+06 	 3.950028e-06 	 1.115091e+07 	
3.26376376e+06 	 3.944357e-06 	 1.114731e+07 	
3.26426426e+06 	 3.938691e-06 	 1.114372e+07 	
3.26476476e+06 	 3.933030e-06 	 1.114013e+07 	
3.26526527e+06 	 3.927374e-06 	 1.113654e+07 	
3.26576577e+06 	 3.921723e-06 	 1.113295e+07 	
3.26626627e+06 	 3.916076e-06 	 1.112936e+07 	
3.26676677e+06 	 3.910435e-06 	 1.112578e+07 	
3.26726727e+06 	 3.904798e-06 	 1.112219e+07 	
3.26776777e+06 	 3.899166e-06 	 1.111861e+07 	
3.26826827e+06 	 3.893539e-06 	 1.111503e+07 	
3.26876877e+06 	 3.887917e-06 	 1.111145e+07 	
3.26926927e+06 	 3.882300e-06 	 1.110788e+07 	
3.26976977e+06 	 3.876687e-06 	 1.110430e+07 	
3.27027027e+06 	 3.871079e-06 	 1.110073e+07 	
3.27077077e+06 	 3.865476e-06 	 1.109715e+07 	
3.27127127e+06 	 3.859878e-06 	 1.109358e+07 	
3.27177177e+06 	 3.854285e-06 	 1.109001e+07 	
3.27227227e+06 	 3.848697e-06 	 1.108644e+07 	
3.27277277e+06 	 3.843113e-06 	 1.108288e+07 	
3.27327327e+06 	 3.837534e-06 	 1.107931e+07 	
3.27377377e+06 	 3.831960e-06 	 1.107575e+07 	
3.27427427e+06 	 3.826390e-06 	 1.107218e+07 	
3.27477477e+06 	 3.820825e-06 	 1.106862e+07 	
3.27527528e+06 	 3.815265e-06 	 1.106506e+07 	
3.27577578e+06 	 3.809710e-06 	 1.106151e+07 	
3.27627628e+06 	 3.804160e-06 	 1.105795e+07 	
3.27677678e+06 	 3.798614e-06 	 1.105440e+07 	
3.27727728e+06 	 3.793073e-06 	 1.105084e+07 	
3.27777778e+06 	 3.787536e-06 	 1.104729e+07 	
3.27827828e+06 	 3.782005e-06 	 1.104374e+07 	
3.27877878e+06 	 3.776478e-06 	 1.104019e+07 	
3.27927928e+06 	 3.770955e-06 	 1.103665e+07 	
3.27977978e+06 	 3.765438e-06 	 1.103310e+07 	
3.28028028e+06 	 3.759925e-06 	 1.102956e+07 	
3.28078078e+06 	 3.754417e-06 	 1.102601e+07 	
3.28128128e+06 	 3.748913e-06 	 1.102247e+07 	
3.28178178e+06 	 3.743414e-06 	 1.101893e+07 	
3.28228228e+06 	 3.737920e-06 	 1.101540e+07 	
3.28278278e+06 	 3.732430e-06 	 1.101186e+07 	
3.28328328e+06 	 3.726945e-06 	 1.100833e+07 	
3.28378378e+06 	 3.721465e-06 	 1.100479e+07 	
3.28428428e+06 	 3.715989e-06 	 1.100126e+07 	
3.28478478e+06 	 3.710518e-06 	 1.099773e+07 	
3.28528529e+06 	 3.705051e-06 	 1.099420e+07 	
3.28578579e+06 	 3.699589e-06 	 1.099067e+07 	
3.28628629e+06 	 3.694132e-06 	 1.098715e+07 	
3.28678679e+06 	 3.688679e-06 	 1.098362e+07 	
3.28728729e+06 	 3.683231e-06 	 1.098010e+07 	
3.28778779e+06 	 3.677787e-06 	 1.097658e+07 	
3.28828829e+06 	 3.672348e-06 	 1.097306e+07 	
3.28878879e+06 	 3.666914e-06 	 1.096954e+07 	
3.28928929e+06 	 3.661484e-06 	 1.096603e+07 	
3.28978979e+06 	 3.656059e-06 	 1.096251e+07 	
3.29029029e+06 	 3.650638e-06 	 1.095900e+07 	
3.29079079e+06 	 3.645222e-06 	 1.095549e+07 	
3.29129129e+06 	 3.639810e-06 	 1.095197e+07 	
3.29179179e+06 	 3.634403e-06 	 1.094847e+07 	
3.29229229e+06 	 3.629000e-06 	 1.094496e+07 	
3.29279279e+06 	 3.623602e-06 	 1.094145e+07 	
3.29329329e+06 	 3.618208e-06 	 1.093795e+07 	
3.29379379e+06 	 3.612819e-06 	 1.093444e+07 	
3.29429429e+06 	 3.607434e-06 	 1.093094e+07 	
3.29479479e+06 	 3.602054e-06 	 1.092744e+07 	
3.29529530e+06 	 3.596678e-06 	 1.092394e+07 	
3.29579580e+06 	 3.591307e-06 	 1.092045e+07 	
3.29629630e+06 	 3.585760e-06 	 1.091698e+07 	
3.29679680e+06 	 3.580396e-06 	 1.091348e+07 	
3.29729730e+06 	 3.575037e-06 	 1.090999e+07 	
3.29779780e+06 	 3.569682e-06 	 1.090650e+07 	
3.29829830e+06 	 3.564332e-06 	 1.090301e+07 	
3.29879880e+06 	 3.558986e-06 	 1.089952e+07 	
3.29929930e+06 	 3.553644e-06 	 1.089604e+07 	
3.29979980e+06 	 3.548307e-06 	 1.089255e+07 	
3.30030030e+06 	 3.542975e-06 	 1.088907e+07 	
3.30080080e+06 	 3.537646e-06 	 1.088559e+07 	
3.30130130e+06 	 3.532323e-06 	 1.088211e+07 	
3.30180180e+06 	 3.527003e-06 	 1.087863e+07 	
3.30230230e+06 	 3.521688e-06 	 1.087515e+07 	
3.30280280e+06 	 3.516377e-06 	 1.087168e+07 	
3.30330330e+06 	 3.511071e-06 	 1.086820e+07 	
3.30380380e+06 	 3.505769e-06 	 1.086473e+07 	
3.30430430e+06 	 3.500471e-06 	 1.086126e+07 	
3.30480480e+06 	 3.495178e-06 	 1.085779e+07 	
3.30530531e+06 	 3.489889e-06 	 1.085432e+07 	
3.30580581e+06 	 3.484605e-06 	 1.085086e+07 	
3.30630631e+06 	 3.479324e-06 	 1.084739e+07 	
3.30680681e+06 	 3.474048e-06 	 1.084393e+07 	
3.30730731e+06 	 3.468777e-06 	 1.084047e+07 	
3.30780781e+06 	 3.463509e-06 	 1.083701e+07 	
3.30830831e+06 	 3.458246e-06 	 1.083355e+07 	
3.30880881e+06 	 3.452988e-06 	 1.083009e+07 	
3.30930931e+06 	 3.447733e-06 	 1.082663e+07 	
3.30980981e+06 	 3.442483e-06 	 1.082318e+07 	
3.31031031e+06 	 3.437237e-06 	 1.081973e+07 	
3.31081081e+06 	 3.431996e-06 	 1.081627e+07 	
3.31131131e+06 	 3.426758e-06 	 1.081282e+07 	
3.31181181e+06 	 3.421525e-06 	 1.080938e+07 	
3.31231231e+06 	 3.416296e-06 	 1.080593e+07 	
3.31281281e+06 	 3.411072e-06 	 1.080248e+07 	
3.31331331e+06 	 3.405851e-06 	 1.079904e+07 	
3.31381381e+06 	 3.400635e-06 	 1.079560e+07 	
3.31431431e+06 	 3.395424e-06 	 1.079216e+07 	
3.31481481e+06 	 3.390216e-06 	 1.078872e+07 	
3.31531532e+06 	 3.385012e-06 	 1.078528e+07 	
3.31581582e+06 	 3.379813e-06 	 1.078184e+07 	
3.31631632e+06 	 3.374618e-06 	 1.077841e+07 	
3.31681682e+06 	 3.369427e-06 	 1.077498e+07 	
3.31731732e+06 	 3.364241e-06 	 1.077154e+07 	
3.31781782e+06 	 3.359058e-06 	 1.076811e+07 	
3.31831832e+06 	 3.353880e-06 	 1.076469e+07 	
3.31881882e+06 	 3.348706e-06 	 1.076126e+07 	
3.31931932e+06 	 3.343536e-06 	 1.075783e+07 	
3.31981982e+06 	 3.338370e-06 	 1.075441e+07 	
3.32032032e+06 	 3.333209e-06 	 1.075099e+07 	
3.32082082e+06 	 3.328051e-06 	 1.074757e+07 	
3.32132132e+06 	 3.322898e-06 	 1.074415e+07 	
3.32182182e+06 	 3.317749e-06 	 1.074073e+07 	
3.32232232e+06 	 3.312604e-06 	 1.073731e+07 	
3.32282282e+06 	 3.307463e-06 	 1.073390e+07 	
3.32332332e+06 	 3.302326e-06 	 1.073048e+07 	
3.32382382e+06 	 3.297194e-06 	 1.072707e+07 	
3.32432432e+06 	 3.292065e-06 	 1.072366e+07 	
3.32482482e+06 	 3.286941e-06 	 1.072025e+07 	
3.32532533e+06 	 3.281820e-06 	 1.071684e+07 	
3.32582583e+06 	 3.276704e-06 	 1.071344e+07 	
3.32632633e+06 	 3.271592e-06 	 1.071003e+07 	
3.32682683e+06 	 3.266484e-06 	 1.070663e+07 	
3.32732733e+06 	 3.261380e-06 	 1.070323e+07 	
3.32782783e+06 	 3.256280e-06 	 1.069983e+07 	
3.32832833e+06 	 3.251184e-06 	 1.069643e+07 	
3.32882883e+06 	 3.246092e-06 	 1.069303e+07 	
3.32932933e+06 	 3.241004e-06 	 1.068964e+07 	
3.32982983e+06 	 3.235921e-06 	 1.068624e+07 	
3.33033033e+06 	 3.230841e-06 	 1.068285e+07 	
3.33083083e+06 	 3.225765e-06 	 1.067946e+07 	
3.33133133e+06 	 3.220694e-06 	 1.067607e+07 	
3.33183183e+06 	 3.215626e-06 	 1.067268e+07 	
3.33233233e+06 	 3.210562e-06 	 1.066930e+07 	
3.33283283e+06 	 3.205503e-06 	 1.066591e+07 	
3.33333333e+06 	 3.200447e-06 	 1.066253e+07 	
3.33383383e+06 	 3.195395e-06 	 1.065915e+07 	
3.33433433e+06 	 3.190348e-06 	 1.065577e+07 	
3.33483483e+06 	 3.185304e-06 	 1.065239e+07 	
3.33533534e+06 	 3.180264e-06 	 1.064901e+07 	
3.33583584e+06 	 3.175229e-06 	 1.064563e+07 	
3.33633634e+06 	 3.170197e-06 	 1.064226e+07 	
3.33683684e+06 	 3.165169e-06 	 1.063889e+07 	
3.33733734e+06 	 3.160304e-06 	 1.063549e+07 	
3.33783784e+06 	 3.155285e-06 	 1.063212e+07 	
3.33833834e+06 	 3.150271e-06 	 1.062875e+07 	
3.33883884e+06 	 3.145260e-06 	 1.062539e+07 	
3.33933934e+06 	 3.140253e-06 	 1.062202e+07 	
3.33983984e+06 	 3.135250e-06 	 1.061866e+07 	
3.34034034e+06 	 3.130251e-06 	 1.061529e+07 	
3.34084084e+06 	 3.125256e-06 	 1.061193e+07 	
3.34134134e+06 	 3.120264e-06 	 1.060857e+07 	
3.34184184e+06 	 3.115277e-06 	 1.060522e+07 	
3.34234234e+06 	 3.110294e-06 	 1.060186e+07 	
3.34284284e+06 	 3.105314e-06 	 1.059851e+07 	
3.34334334e+06 	 3.100338e-06 	 1.059515e+07 	
3.34384384e+06 	 3.095367e-06 	 1.059180e+07 	
3.34434434e+06 	 3.090399e-06 	 1.058845e+07 	
3.34484484e+06 	 3.085435e-06 	 1.058510e+07 	
3.34534535e+06 	 3.080475e-06 	 1.058175e+07 	
3.34584585e+06 	 3.075519e-06 	 1.057841e+07 	
3.34634635e+06 	 3.070566e-06 	 1.057506e+07 	
3.34684685e+06 	 3.065618e-06 	 1.057172e+07 	
3.34734735e+06 	 3.060673e-06 	 1.056838e+07 	
3.34784785e+06 	 3.055732e-06 	 1.056504e+07 	
3.34834835e+06 	 3.050795e-06 	 1.056170e+07 	
3.34884885e+06 	 3.045862e-06 	 1.055837e+07 	
3.34934935e+06 	 3.040933e-06 	 1.055503e+07 	
3.34984985e+06 	 3.036007e-06 	 1.055170e+07 	
3.35035035e+06 	 3.031086e-06 	 1.054836e+07 	
3.35085085e+06 	 3.026168e-06 	 1.054503e+07 	
3.35135135e+06 	 3.021254e-06 	 1.054170e+07 	
3.35185185e+06 	 3.016344e-06 	 1.053838e+07 	
3.35235235e+06 	 3.011437e-06 	 1.053505e+07 	
3.35285285e+06 	 3.006534e-06 	 1.053173e+07 	
3.35335335e+06 	 3.001636e-06 	 1.052840e+07 	
3.35385385e+06 	 2.996740e-06 	 1.052508e+07 	
3.35435435e+06 	 2.991849e-06 	 1.052176e+07 	
3.35485485e+06 	 2.986962e-06 	 1.051844e+07 	
3.35535536e+06 	 2.982078e-06 	 1.051513e+07 	
3.35585586e+06 	 2.977198e-06 	 1.051181e+07 	
3.35635636e+06 	 2.972321e-06 	 1.050850e+07 	
3.35685686e+06 	 2.967449e-06 	 1.050518e+07 	
3.35735736e+06 	 2.962580e-06 	 1.050187e+07 	
3.35785786e+06 	 2.957715e-06 	 1.049856e+07 	
3.35835836e+06 	 2.952854e-06 	 1.049526e+07 	
3.35885886e+06 	 2.947996e-06 	 1.049195e+07 	
3.35935936e+06 	 2.943142e-06 	 1.048864e+07 	
3.35985986e+06 	 2.938292e-06 	 1.048534e+07 	
3.36036036e+06 	 2.933446e-06 	 1.048204e+07 	
3.36086086e+06 	 2.928603e-06 	 1.047874e+07 	
3.36136136e+06 	 2.923764e-06 	 1.047544e+07 	
3.36186186e+06 	 2.918929e-06 	 1.047214e+07 	
3.36236236e+06 	 2.914097e-06 	 1.046885e+07 	
3.36286286e+06 	 2.909269e-06 	 1.046555e+07 	
3.36336336e+06 	 2.904445e-06 	 1.046226e+07 	
3.36386386e+06 	 2.899624e-06 	 1.045897e+07 	
3.36436436e+06 	 2.894807e-06 	 1.045568e+07 	
3.36486486e+06 	 2.889994e-06 	 1.045239e+07 	
3.36536537e+06 	 2.885184e-06 	 1.044910e+07 	
3.36586587e+06 	 2.880378e-06 	 1.044582e+07 	
3.36636637e+06 	 2.875576e-06 	 1.044254e+07 	
3.36686687e+06 	 2.870777e-06 	 1.043925e+07 	
3.36736737e+06 	 2.865982e-06 	 1.043597e+07 	
3.36786787e+06 	 2.861191e-06 	 1.043269e+07 	
3.36836837e+06 	 2.856403e-06 	 1.042942e+07 	
3.36886887e+06 	 2.851619e-06 	 1.042614e+07 	
3.36936937e+06 	 2.846839e-06 	 1.042287e+07 	
3.36986987e+06 	 2.842062e-06 	 1.041959e+07 	
3.37037037e+06 	 2.837288e-06 	 1.041632e+07 	
3.37087087e+06 	 2.832519e-06 	 1.041305e+07 	
3.37137137e+06 	 2.827753e-06 	 1.040978e+07 	
3.37187187e+06 	 2.822990e-06 	 1.040652e+07 	
3.37237237e+06 	 2.818231e-06 	 1.040325e+07 	
3.37287287e+06 	 2.813476e-06 	 1.039999e+07 	
3.37337337e+06 	 2.808724e-06 	 1.039673e+07 	
3.37387387e+06 	 2.803976e-06 	 1.039346e+07 	
3.37437437e+06 	 2.799232e-06 	 1.039021e+07 	
3.37487487e+06 	 2.794490e-06 	 1.038695e+07 	
3.37537538e+06 	 2.789753e-06 	 1.038369e+07 	
3.37587588e+06 	 2.785019e-06 	 1.038044e+07 	
3.37637638e+06 	 2.780289e-06 	 1.037718e+07 	
3.37687688e+06 	 2.775562e-06 	 1.037393e+07 	
3.37737738e+06 	 2.770839e-06 	 1.037068e+07 	
3.37787788e+06 	 2.766119e-06 	 1.036743e+07 	
3.37837838e+06 	 2.761403e-06 	 1.036419e+07 	
3.37887888e+06 	 2.756551e-06 	 1.036097e+07 	
3.37937938e+06 	 2.751841e-06 	 1.035772e+07 	
3.37987988e+06 	 2.747135e-06 	 1.035448e+07 	
3.38038038e+06 	 2.742432e-06 	 1.035124e+07 	
3.38088088e+06 	 2.737732e-06 	 1.034800e+07 	
3.38138138e+06 	 2.733036e-06 	 1.034476e+07 	
3.38188188e+06 	 2.728343e-06 	 1.034153e+07 	
3.38238238e+06 	 2.723654e-06 	 1.033829e+07 	
3.38288288e+06 	 2.718969e-06 	 1.033506e+07 	
3.38338338e+06 	 2.714287e-06 	 1.033183e+07 	
3.38388388e+06 	 2.709608e-06 	 1.032860e+07 	
3.38438438e+06 	 2.704933e-06 	 1.032537e+07 	
3.38488488e+06 	 2.700261e-06 	 1.032214e+07 	
3.38538539e+06 	 2.695593e-06 	 1.031892e+07 	
3.38588589e+06 	 2.690928e-06 	 1.031569e+07 	
3.38638639e+06 	 2.686267e-06 	 1.031247e+07 	
3.38688689e+06 	 2.681609e-06 	 1.030925e+07 	
3.38738739e+06 	 2.676954e-06 	 1.030603e+07 	
3.38788789e+06 	 2.672303e-06 	 1.030281e+07 	
3.38838839e+06 	 2.667655e-06 	 1.029960e+07 	
3.38888889e+06 	 2.663011e-06 	 1.029638e+07 	
3.38938939e+06 	 2.658371e-06 	 1.029317e+07 	
3.38988989e+06 	 2.653733e-06 	 1.028996e+07 	
3.39039039e+06 	 2.649099e-06 	 1.028675e+07 	
3.39089089e+06 	 2.644469e-06 	 1.028354e+07 	
3.39139139e+06 	 2.639842e-06 	 1.028033e+07 	
3.39189189e+06 	 2.635218e-06 	 1.027713e+07 	
3.39239239e+06 	 2.630598e-06 	 1.027392e+07 	
3.39289289e+06 	 2.625981e-06 	 1.027072e+07 	
3.39339339e+06 	 2.621367e-06 	 1.026752e+07 	
3.39389389e+06 	 2.616757e-06 	 1.026432e+07 	
3.39439439e+06 	 2.612150e-06 	 1.026112e+07 	
3.39489489e+06 	 2.607547e-06 	 1.025793e+07 	
3.39539540e+06 	 2.602947e-06 	 1.025473e+07 	
3.39589590e+06 	 2.598350e-06 	 1.025154e+07 	
3.39639640e+06 	 2.593757e-06 	 1.024835e+07 	
3.39689690e+06 	 2.589167e-06 	 1.024516e+07 	
3.39739740e+06 	 2.584580e-06 	 1.024197e+07 	
3.39789790e+06 	 2.579997e-06 	 1.023879e+07 	
3.39839840e+06 	 2.575417e-06 	 1.023560e+07 	
3.39889890e+06 	 2.570840e-06 	 1.023242e+07 	
3.39939940e+06 	 2.566267e-06 	 1.022923e+07 	
3.39989990e+06 	 2.561697e-06 	 1.022605e+07 	
3.40040040e+06 	 2.557130e-06 	 1.022287e+07 	
3.40090090e+06 	 2.552567e-06 	 1.021970e+07 	
3.40140140e+06 	 2.548007e-06 	 1.021652e+07 	
3.40190190e+06 	 2.543450e-06 	 1.021335e+07 	
3.40240240e+06 	 2.538897e-06 	 1.021017e+07 	
3.40290290e+06 	 2.534347e-06 	 1.020700e+07 	
3.40340340e+06 	 2.529800e-06 	 1.020383e+07 	
3.40390390e+06 	 2.525257e-06 	 1.020067e+07 	
3.40440440e+06 	 2.520717e-06 	 1.019750e+07 	
3.40490490e+06 	 2.516180e-06 	 1.019433e+07 	
3.40540541e+06 	 2.511646e-06 	 1.019117e+07 	
3.40590591e+06 	 2.507116e-06 	 1.018801e+07 	
3.40640641e+06 	 2.502589e-06 	 1.018485e+07 	
3.40690691e+06 	 2.498065e-06 	 1.018169e+07 	
3.40740741e+06 	 2.493545e-06 	 1.017853e+07 	
3.40790791e+06 	 2.489028e-06 	 1.017538e+07 	
3.40840841e+06 	 2.484514e-06 	 1.017222e+07 	
3.40890891e+06 	 2.480003e-06 	 1.016907e+07 	
3.40940941e+06 	 2.475495e-06 	 1.016592e+07 	
3.40990991e+06 	 2.470991e-06 	 1.016277e+07 	
3.41041041e+06 	 2.466490e-06 	 1.015962e+07 	
3.41091091e+06 	 2.461993e-06 	 1.015648e+07 	
3.41141141e+06 	 2.457498e-06 	 1.015333e+07 	
3.41191191e+06 	 2.453007e-06 	 1.015019e+07 	
3.41241241e+06 	 2.448519e-06 	 1.014705e+07 	
3.41291291e+06 	 2.444034e-06 	 1.014391e+07 	
3.41341341e+06 	 2.439552e-06 	 1.014077e+07 	
3.41391391e+06 	 2.435074e-06 	 1.013763e+07 	
3.41441441e+06 	 2.430599e-06 	 1.013450e+07 	
3.41491491e+06 	 2.426127e-06 	 1.013137e+07 	
3.41541542e+06 	 2.421658e-06 	 1.012823e+07 	
3.41591592e+06 	 2.417193e-06 	 1.012510e+07 	
3.41641642e+06 	 2.412730e-06 	 1.012197e+07 	
3.41691692e+06 	 2.408271e-06 	 1.011885e+07 	
3.41741742e+06 	 2.403815e-06 	 1.011572e+07 	
3.41791792e+06 	 2.399362e-06 	 1.011260e+07 	
3.41841842e+06 	 2.394913e-06 	 1.010947e+07 	
3.41891892e+06 	 2.390467e-06 	 1.010635e+07 	
3.41941942e+06 	 2.386023e-06 	 1.010323e+07 	
3.41991992e+06 	 2.381583e-06 	 1.010012e+07 	
3.42042042e+06 	 2.377265e-06 	 1.009698e+07 	
3.42092092e+06 	 2.372832e-06 	 1.009386e+07 	
3.42142142e+06 	 2.368403e-06 	 1.009075e+07 	
3.42192192e+06 	 2.363976e-06 	 1.008764e+07 	
3.42242242e+06 	 2.359553e-06 	 1.008453e+07 	
3.42292292e+06 	 2.355132e-06 	 1.008142e+07 	
3.42342342e+06 	 2.350715e-06 	 1.007831e+07 	
3.42392392e+06 	 2.346301e-06 	 1.007521e+07 	
3.42442442e+06 	 2.341890e-06 	 1.007210e+07 	
3.42492492e+06 	 2.337483e-06 	 1.006900e+07 	
3.42542543e+06 	 2.333078e-06 	 1.006590e+07 	
3.42592593e+06 	 2.328677e-06 	 1.006280e+07 	
3.42642643e+06 	 2.324278e-06 	 1.005970e+07 	
3.42692693e+06 	 2.319883e-06 	 1.005661e+07 	
3.42742743e+06 	 2.315491e-06 	 1.005352e+07 	
3.42792793e+06 	 2.311102e-06 	 1.005042e+07 	
3.42842843e+06 	 2.306716e-06 	 1.004733e+07 	
3.42892893e+06 	 2.302334e-06 	 1.004424e+07 	
3.42942943e+06 	 2.297954e-06 	 1.004115e+07 	
3.42992993e+06 	 2.293578e-06 	 1.003807e+07 	
3.43043043e+06 	 2.289204e-06 	 1.003498e+07 	
3.43093093e+06 	 2.284834e-06 	 1.003190e+07 	
3.43143143e+06 	 2.280467e-06 	 1.002882e+07 	
3.43193193e+06 	 2.276103e-06 	 1.002574e+07 	
3.43243243e+06 	 2.271742e-06 	 1.002266e+07 	
3.43293293e+06 	 2.267384e-06 	 1.001959e+07 	
3.43343343e+06 	 2.263029e-06 	 1.001651e+07 	
3.43393393e+06 	 2.258677e-06 	 1.001344e+07 	
3.43443443e+06 	 2.254329e-06 	 1.001037e+07 	
3.43493493e+06 	 2.249983e-06 	 1.000730e+07 	
3.43543544e+06 	 2.245641e-06 	 1.000423e+07 	
3.43593594e+06 	 2.241301e-06 	 1.000116e+07 	
3.43643644e+06 	 2.236965e-06 	 9.998096e+06 	
3.43693694e+06 	 2.232632e-06 	 9.995032e+06 	
3.43743744e+06 	 2.228302e-06 	 9.991971e+06 	
3.43793794e+06 	 2.223974e-06 	 9.988910e+06 	
3.43843844e+06 	 2.219650e-06 	 9.985852e+06 	
3.43893894e+06 	 2.215329e-06 	 9.982794e+06 	
3.43943944e+06 	 2.211011e-06 	 9.979739e+06 	
3.43993994e+06 	 2.206696e-06 	 9.976685e+06 	
3.44044044e+06 	 2.202385e-06 	 9.973633e+06 	
3.44094094e+06 	 2.198076e-06 	 9.970582e+06 	
3.44144144e+06 	 2.193770e-06 	 9.967533e+06 	
3.44194194e+06 	 2.189467e-06 	 9.964486e+06 	
3.44244244e+06 	 2.185168e-06 	 9.961440e+06 	
3.44294294e+06 	 2.180871e-06 	 9.958396e+06 	
3.44344344e+06 	 2.176577e-06 	 9.955354e+06 	
3.44394394e+06 	 2.172287e-06 	 9.952313e+06 	
3.44444444e+06 	 2.167999e-06 	 9.949274e+06 	
3.44494494e+06 	 2.163714e-06 	 9.946236e+06 	
3.44544545e+06 	 2.159433e-06 	 9.943201e+06 	
3.44594595e+06 	 2.155154e-06 	 9.940166e+06 	
3.44644645e+06 	 2.150879e-06 	 9.937134e+06 	
3.44694695e+06 	 2.146606e-06 	 9.934103e+06 	
3.44744745e+06 	 2.142337e-06 	 9.931073e+06 	
3.44794795e+06 	 2.138070e-06 	 9.928046e+06 	
3.44844845e+06 	 2.133807e-06 	 9.925020e+06 	
3.44894895e+06 	 2.129546e-06 	 9.921995e+06 	
3.44944945e+06 	 2.125289e-06 	 9.918972e+06 	
3.44994995e+06 	 2.121035e-06 	 9.915951e+06 	
3.45045045e+06 	 2.116783e-06 	 9.912932e+06 	
3.45095095e+06 	 2.112535e-06 	 9.909914e+06 	
3.45145145e+06 	 2.108289e-06 	 9.906898e+06 	
3.45195195e+06 	 2.104047e-06 	 9.903883e+06 	
3.45245245e+06 	 2.099807e-06 	 9.900870e+06 	
3.45295295e+06 	 2.095571e-06 	 9.897859e+06 	
3.45345345e+06 	 2.091337e-06 	 9.894849e+06 	
3.45395395e+06 	 2.087107e-06 	 9.891842e+06 	
3.45445445e+06 	 2.082879e-06 	 9.888835e+06 	
3.45495495e+06 	 2.078654e-06 	 9.885831e+06 	
3.45545546e+06 	 2.074433e-06 	 9.882828e+06 	
3.45595596e+06 	 2.070214e-06 	 9.879826e+06 	
3.45645646e+06 	 2.065998e-06 	 9.876827e+06 	
3.45695696e+06 	 2.061786e-06 	 9.873829e+06 	
3.45745746e+06 	 2.057576e-06 	 9.870833e+06 	
3.45795796e+06 	 2.053369e-06 	 9.867838e+06 	
3.45845846e+06 	 2.049165e-06 	 9.864845e+06 	
3.45895896e+06 	 2.044965e-06 	 9.861854e+06 	
3.45945946e+06 	 2.040767e-06 	 9.858864e+06 	
3.45995996e+06 	 2.036572e-06 	 9.855876e+06 	
3.46046046e+06 	 2.032380e-06 	 9.852890e+06 	
3.46096096e+06 	 2.028191e-06 	 9.849905e+06 	
3.46146146e+06 	 2.024005e-06 	 9.846923e+06 	
3.46196196e+06 	 2.019822e-06 	 9.843941e+06 	
3.46246246e+06 	 2.015540e-06 	 9.840985e+06 	
3.46296296e+06 	 2.011363e-06 	 9.838008e+06 	
3.46346346e+06 	 2.007188e-06 	 9.835032e+06 	
3.46396396e+06 	 2.003016e-06 	 9.832058e+06 	
3.46446446e+06 	 1.998847e-06 	 9.829085e+06 	
3.46496496e+06 	 1.994681e-06 	 9.826114e+06 	
3.46546547e+06 	 1.990517e-06 	 9.823145e+06 	
3.46596597e+06 	 1.986357e-06 	 9.820177e+06 	
3.46646647e+06 	 1.982200e-06 	 9.817211e+06 	
3.46696697e+06 	 1.978046e-06 	 9.814247e+06 	
3.46746747e+06 	 1.973894e-06 	 9.811285e+06 	
3.46796797e+06 	 1.969746e-06 	 9.808324e+06 	
3.46846847e+06 	 1.965600e-06 	 9.805365e+06 	
3.46896897e+06 	 1.961458e-06 	 9.802408e+06 	
3.46946947e+06 	 1.957318e-06 	 9.799452e+06 	
3.46996997e+06 	 1.953181e-06 	 9.796498e+06 	
3.47047047e+06 	 1.949047e-06 	 9.793546e+06 	
3.47097097e+06 	 1.944916e-06 	 9.790595e+06 	
3.47147147e+06 	 1.940788e-06 	 9.787646e+06 	
3.47197197e+06 	 1.936663e-06 	 9.784699e+06 	
3.47247247e+06 	 1.932541e-06 	 9.781754e+06 	
3.47297297e+06 	 1.928422e-06 	 9.778810e+06 	
3.47347347e+06 	 1.924305e-06 	 9.775868e+06 	
3.47397397e+06 	 1.920192e-06 	 9.772928e+06 	
3.47447447e+06 	 1.916081e-06 	 9.769989e+06 	
3.47497497e+06 	 1.911974e-06 	 9.767053e+06 	
3.47547548e+06 	 1.907869e-06 	 9.764117e+06 	
3.47597598e+06 	 1.903767e-06 	 9.761184e+06 	
3.47647648e+06 	 1.899668e-06 	 9.758252e+06 	
3.47697698e+06 	 1.895572e-06 	 9.755323e+06 	
3.47747748e+06 	 1.891479e-06 	 9.752394e+06 	
3.47797798e+06 	 1.887389e-06 	 9.749468e+06 	
3.47847848e+06 	 1.883302e-06 	 9.746543e+06 	
3.47897898e+06 	 1.879218e-06 	 9.743620e+06 	
3.47947948e+06 	 1.875136e-06 	 9.740699e+06 	
3.47997998e+06 	 1.871058e-06 	 9.737779e+06 	
3.48048048e+06 	 1.866982e-06 	 9.734862e+06 	
3.48098098e+06 	 1.862909e-06 	 9.731946e+06 	
3.48148148e+06 	 1.858839e-06 	 9.729031e+06 	
3.48198198e+06 	 1.854772e-06 	 9.726119e+06 	
3.48248248e+06 	 1.850708e-06 	 9.723208e+06 	
3.48298298e+06 	 1.846647e-06 	 9.720299e+06 	
3.48348348e+06 	 1.842589e-06 	 9.717392e+06 	
3.48398398e+06 	 1.838534e-06 	 9.714486e+06 	
3.48448448e+06 	 1.834481e-06 	 9.711582e+06 	
3.48498498e+06 	 1.830432e-06 	 9.708680e+06 	
3.48548549e+06 	 1.826385e-06 	 9.705780e+06 	
3.48598599e+06 	 1.822341e-06 	 9.702881e+06 	
3.48648649e+06 	 1.818301e-06 	 9.699985e+06 	
3.48698699e+06 	 1.814263e-06 	 9.697090e+06 	
3.48748749e+06 	 1.810228e-06 	 9.694196e+06 	
3.48798799e+06 	 1.806195e-06 	 9.691305e+06 	
3.48848849e+06 	 1.802166e-06 	 9.688415e+06 	
3.48898899e+06 	 1.798140e-06 	 9.685527e+06 	
3.48948949e+06 	 1.794116e-06 	 9.682641e+06 	
3.48998999e+06 	 1.790096e-06 	 9.679757e+06 	
3.49049049e+06 	 1.786078e-06 	 9.676874e+06 	
3.49099099e+06 	 1.782063e-06 	 9.673993e+06 	
3.49149149e+06 	 1.778052e-06 	 9.671114e+06 	
3.49199199e+06 	 1.774043e-06 	 9.668237e+06 	
3.49249249e+06 	 1.770037e-06 	 9.665362e+06 	
3.49299299e+06 	 1.766033e-06 	 9.662488e+06 	
3.49349349e+06 	 1.762033e-06 	 9.659616e+06 	
3.49399399e+06 	 1.758036e-06 	 9.656746e+06 	
3.49449449e+06 	 1.754041e-06 	 9.653877e+06 	
3.49499499e+06 	 1.750050e-06 	 9.651011e+06 	
3.49549550e+06 	 1.746061e-06 	 9.648146e+06 	
3.49599600e+06 	 1.742075e-06 	 9.645283e+06 	
3.49649650e+06 	 1.738093e-06 	 9.642422e+06 	
3.49699700e+06 	 1.734113e-06 	 9.639563e+06 	
3.49749750e+06 	 1.730135e-06 	 9.636705e+06 	
3.49799800e+06 	 1.726161e-06 	 9.633849e+06 	
3.49849850e+06 	 1.722190e-06 	 9.630996e+06 	
3.49899900e+06 	 1.718222e-06 	 9.628143e+06 	
3.49949950e+06 	 1.714256e-06 	 9.625293e+06 	
3.50000000e+06 	 1.710294e-06 	 9.622445e+06 	
3.51986847e+06 	 1.555252e-06 	 9.510888e+06 	
3.53984972e+06 	 1.404131e-06 	 9.401714e+06 	
3.55994440e+06 	 1.257065e-06 	 9.295194e+06 	
3.58015316e+06 	 1.114617e-06 	 9.191534e+06 	
3.60047663e+06 	 9.773659e-07 	 9.091016e+06 	
3.62091547e+06 	 8.459549e-07 	 8.994001e+06 	
3.64147034e+06 	 7.212989e-07 	 8.900843e+06 	
3.66214189e+06 	 6.045192e-07 	 8.811857e+06 	
3.68293079e+06 	 4.967363e-07 	 8.727404e+06 	
3.70383770e+06 	 3.990198e-07 	 8.647878e+06 	
3.72486329e+06 	 3.123748e-07 	 8.573599e+06 	
3.74600824e+06 	 2.375718e-07 	 8.504766e+06 	
3.76727322e+06 	 1.749194e-07 	 8.441582e+06 	
3.78865892e+06 	 1.242695e-07 	 8.384024e+06 	
3.81016602e+06 	 8.490907e-08 	 8.331934e+06 	
3.83179521e+06 	 5.561204e-08 	 8.285160e+06 	
3.85354718e+06 	 3.482081e-08 	 8.243194e+06 	
3.87542263e+06 	 2.078971e-08 	 8.205631e+06 	
3.89742226e+06 	 1.181392e-08 	 8.171686e+06 	
3.91954677e+06 	 6.379482e-09 	 8.140807e+06 	
3.94179688e+06 	 3.270322e-09 	 8.112436e+06 	
3.96417330e+06 	 1.590749e-09 	 8.085978e+06 	
4.43782247e+06 	 1.000000e-20 	 7.615940e+06 	
4.96806442e+06 	 1.000000e-20 	 7.178332e+06 	
5.56166097e+06 	 1.000000e-20 	 6.768021e+06 	
6.22618190e+06 	 1.000000e-20 	 6.382941e+06 	
6.97010143e+06 	 1.000000e-20 	 6.021243e+06 	
7.80290629e+06 	 1.000000e-20 	 5.681263e+06 	
8.73521673e+06 	 1.000000e-20 	 5.361497e+06 	
9.77892190e+06 	 1.000000e-20 	 5.060575e+06 	
1.09473315e+07 	 1.000000e-20 	 4.777249e+06 	
1.22553456e+07 	 1.000000e-20 	 4.510375e+06 	
1.37196445e+07 	 1.000000e-20 	 4.258904e+06 	
1.53589013e+07 	 1.000000e-20 	 4.021867e+06 	
1.71940206e+07 	 1.000000e-20 	 3.798369e+06 	
1.92484045e+07 	 1.000000e-20 	 3.587581e+06 	
2.15482512e+07 	 1.000000e-20 	 3.388734e+06 	
2.41228893e+07 	 1.000000e-20 	 3.201114e+06 	
2.70051514e+07 	 1.000000e-20 	 3.024053e+06 	
3.02317933e+07 	 1.000000e-20 	 2.856931e+06 	
3.38439623e+07 	 1.000000e-20 	 2.699166e+06 	
3.78877222e+07 	 1.000000e-20 	 2.550216e+06 	
4.24146404e+07 	 1.000000e-20 	 2.409572e+06 	
4.74824460e+07 	 1.000000e-20 	 2.276756e+06 	
5.31557654e+07 	 1.000000e-20 	 2.151323e+06 	
5.95069470e+07 	 1.000000e-20 	 2.032851e+06 	
6.66169834e+07 	 1.000000e-20 	 1.920947e+06 	
7.45765444e+07 	 1.000000e-20 	 1.815240e+06 	
8.34871333e+07 	 1.000000e-20 	 1.715381e+06 	
9.34623813e+07 	 1.000000e-20 	 1.621040e+06 	
1.04629497e+08 	 1.000000e-20 	 1.531911e+06 	
1.17130886e+08 	 1.000000e-20 	 1.447700e+06 	
1.31125972e+08 	 1.000000e-20 	 1.368134e+06 	
1.46793226e+08 	 1.000000e-20 	 1.292954e+06 	
1.64332442e+08 	 1.000000e-20 	 1.221917e+06 	
1.83967286e+08 	 1.000000e-20 	 1.154791e+06 	
2.05948150e+08 	 1.000000e-20 	 1.091362e+06 	
2.30555341e+08 	 1.000000e-20 	 1.031422e+06 	
2.58102661e+08 	 1.000000e-20 	 9.747809e+05 	
2.88941401e+08 	 1.000000e-20 	 9.212546e+05 	
3.23464830e+08 	 1.000000e-20 	 8.706715e+05 	
3.62113204e+08 	 1.000000e-20 	 8.228691e+05 	
4.05379380e+08 	 1.000000e-20 	 7.776941e+05 	
4.53815105e+08 	 1.000000e-20 	 7.350015e+05 	
5.08038050e+08 	 1.000000e-20 	 6.946547e+05 	
5.68739686e+08 	 1.000000e-20 	 6.565244e+05 	
6.36694102e+08 	 1.000000e-20 	 6.204885e+05 	
7.12767880e+08 	 1.000000e-20 	 5.864318e+05 	
7.97931139e+08 	 1.000000e-20 	 5.542454e+05 	
8.93269914e+08 	 1.000000e-20 	 5.238264e+05 	
1.00000000e+09 	 1.000000e-20 	 4.950777e+05 	
