r (cm)        	 rho (g/cm3) 	 T (K)       		 Linf = 1.735915e+38
1.20007074e+06 	 4.537942e+04 	 1.267428e+09 	
1.20032340e+06 	 4.006432e+04 	 1.228216e+09 	
1.20059932e+06 	 3.486555e+04 	 1.185934e+09 	
1.20087523e+06 	 3.024515e+04 	 1.144231e+09 	
1.20114732e+06 	 2.620464e+04 	 1.103693e+09 	
1.20141940e+06 	 2.262940e+04 	 1.063753e+09 	
1.20169148e+06 	 1.947587e+04 	 1.024432e+09 	
1.20191612e+06 	 1.716114e+04 	 9.924460e+08 	
1.20214076e+06 	 1.508473e+04 	 9.609052e+08 	
1.20236540e+06 	 1.322655e+04 	 9.298207e+08 	
1.20259004e+06 	 1.156773e+04 	 8.992040e+08 	
1.20281468e+06 	 1.009063e+04 	 8.690667e+08 	
1.20303830e+06 	 8.784339e+03 	 8.395534e+08 	
1.20326193e+06 	 7.626614e+03 	 8.105389e+08 	
1.20348555e+06 	 6.603349e+03 	 7.820350e+08 	
1.20366950e+06 	 5.853166e+03 	 7.589797e+08 	
1.20385344e+06 	 5.178295e+03 	 7.362848e+08 	
1.20403739e+06 	 4.572373e+03 	 7.139571e+08 	
1.20422134e+06 	 4.029452e+03 	 6.920033e+08 	
1.20440529e+06 	 3.543978e+03 	 6.704302e+08 	
1.20458923e+06 	 3.110781e+03 	 6.492444e+08 	
1.20477441e+06 	 2.722617e+03 	 6.283145e+08 	
1.20495959e+06 	 2.378011e+03 	 6.077904e+08 	
1.20514477e+06 	 2.072756e+03 	 5.876787e+08 	
1.20529803e+06 	 1.847104e+03 	 5.713504e+08 	
1.20545129e+06 	 1.643697e+03 	 5.553124e+08 	
1.20560454e+06 	 1.460630e+03 	 5.395680e+08 	
1.20575780e+06 	 1.296133e+03 	 5.241207e+08 	
1.20591106e+06 	 1.148557e+03 	 5.089735e+08 	
1.20606431e+06 	 1.016375e+03 	 4.941294e+08 	
1.20621757e+06 	 8.981725e+02 	 4.795913e+08 	
1.20637636e+06 	 7.890570e+02 	 4.648543e+08 	
1.20653514e+06 	 6.922063e+02 	 4.504514e+08 	
1.20666693e+06 	 6.202530e+02 	 4.387529e+08 	
1.20679872e+06 	 5.552517e+02 	 4.272874e+08 	
1.20693051e+06 	 4.966007e+02 	 4.160563e+08 	
1.20706229e+06 	 4.437423e+02 	 4.050604e+08 	
1.20719408e+06 	 3.961605e+02 	 3.943008e+08 	
1.20732587e+06 	 3.533786e+02 	 3.837780e+08 	
1.20745766e+06 	 3.149566e+02 	 3.734926e+08 	
1.20758945e+06 	 2.804895e+02 	 3.634450e+08 	
1.20772123e+06 	 2.496049e+02 	 3.536354e+08 	
1.20786068e+06 	 2.204484e+02 	 3.435152e+08 	
1.20797623e+06 	 1.987711e+02 	 3.353308e+08 	
1.20809177e+06 	 1.791371e+02 	 3.273289e+08 	
1.20820732e+06 	 1.613679e+02 	 3.195092e+08 	
1.20832287e+06 	 1.452987e+02 	 3.118711e+08 	
1.20843842e+06 	 1.307778e+02 	 3.044141e+08 	
1.20855397e+06 	 1.176655e+02 	 2.971374e+08 	
1.20866952e+06 	 1.058335e+02 	 2.900401e+08 	
1.20878507e+06 	 9.516397e+01 	 2.831213e+08 	
1.20890062e+06 	 8.554884e+01 	 2.763797e+08 	
1.20901617e+06 	 7.688926e+01 	 2.698142e+08 	
1.20913172e+06 	 6.909481e+01 	 2.634233e+08 	
1.20924727e+06 	 6.208290e+01 	 2.572055e+08 	
1.20936282e+06 	 5.577821e+01 	 2.511593e+08 	
1.20947836e+06 	 5.011211e+01 	 2.452827e+08 	
1.20959391e+06 	 4.502217e+01 	 2.395740e+08 	
1.20970946e+06 	 4.045161e+01 	 2.340311e+08 	
1.20982586e+06 	 3.632034e+01 	 2.286130e+08 	
1.20994226e+06 	 3.261610e+01 	 2.233586e+08 	
1.21005866e+06 	 2.929569e+01 	 2.182658e+08 	
1.21017506e+06 	 2.632002e+01 	 2.133318e+08 	
1.21029146e+06 	 2.365380e+01 	 2.085542e+08 	
1.21040786e+06 	 2.126519e+01 	 2.039302e+08 	
1.21052426e+06 	 1.912548e+01 	 1.994571e+08 	
1.21064066e+06 	 1.720883e+01 	 1.951318e+08 	
1.21075706e+06 	 1.549197e+01 	 1.909516e+08 	
1.21087346e+06 	 1.395401e+01 	 1.869133e+08 	
1.21098986e+06 	 1.257617e+01 	 1.830139e+08 	
1.21110626e+06 	 1.134160e+01 	 1.792502e+08 	
1.21122266e+06 	 1.023518e+01 	 1.756189e+08 	
1.21133906e+06 	 9.243372e+00 	 1.721170e+08 	
1.21145546e+06 	 8.354046e+00 	 1.687410e+08 	
1.21157186e+06 	 7.556345e+00 	 1.654876e+08 	
1.21168826e+06 	 6.840557e+00 	 1.623536e+08 	
1.21180466e+06 	 6.197995e+00 	 1.593356e+08 	
1.21194974e+06 	 5.487931e+00 	 1.557312e+08 	
1.21209482e+06 	 4.866376e+00 	 1.522953e+08 	
1.21223990e+06 	 4.321817e+00 	 1.490215e+08 	
1.21238499e+06 	 3.844261e+00 	 1.459034e+08 	
1.21253007e+06 	 3.425033e+00 	 1.429347e+08 	
1.21267515e+06 	 3.056605e+00 	 1.401091e+08 	
1.21282024e+06 	 2.732447e+00 	 1.374204e+08 	
1.21296532e+06 	 2.446893e+00 	 1.348628e+08 	
1.21311040e+06 	 2.195026e+00 	 1.324302e+08 	
1.21325548e+06 	 1.972578e+00 	 1.301169e+08 	
1.21340057e+06 	 1.775844e+00 	 1.279173e+08 	
1.21354565e+06 	 1.601609e+00 	 1.258261e+08 	
1.21369073e+06 	 1.447075e+00 	 1.238379e+08 	
1.21383581e+06 	 1.309815e+00 	 1.219477e+08 	
1.21398090e+06 	 1.187713e+00 	 1.201505e+08 	
1.21416540e+06 	 1.051463e+00 	 1.179921e+08 	
1.21434990e+06 	 9.335333e-01 	 1.159673e+08 	
1.21453440e+06 	 8.312031e-01 	 1.140674e+08 	
1.21471889e+06 	 7.421831e-01 	 1.122840e+08 	
1.21490339e+06 	 6.645441e-01 	 1.106095e+08 	
1.21508789e+06 	 5.966582e-01 	 1.090364e+08 	
1.21527239e+06 	 5.371486e-01 	 1.075579e+08 	
1.21550737e+06 	 4.716624e-01 	 1.058016e+08 	
1.21574235e+06 	 4.158835e-01 	 1.041760e+08 	
1.21597733e+06 	 3.681815e-01 	 1.026697e+08 	
1.21621231e+06 	 3.272250e-01 	 1.012725e+08 	
1.21644729e+06 	 2.919231e-01 	 9.997492e+07 	
1.21668227e+06 	 2.613794e-01 	 9.876841e+07 	
1.21696359e+06 	 2.300422e-01 	 9.743287e+07 	
1.21724491e+06 	 2.034377e-01 	 9.620469e+07 	
1.21752623e+06 	 1.807376e-01 	 9.507313e+07 	
1.21780755e+06 	 1.612749e-01 	 9.402863e+07 	
1.21808887e+06 	 1.445098e-01 	 9.306266e+07 	
1.21849201e+06 	 1.243299e-01 	 9.180038e+07 	
1.21889514e+06 	 1.077856e-01 	 9.066449e+07 	
1.21929827e+06 	 9.410846e-02 	 8.963847e+07 	
1.21970141e+06 	 8.271250e-02 	 8.870828e+07 	
1.22018374e+06 	 7.145091e-02 	 8.770460e+07 	
1.22066608e+06 	 6.222711e-02 	 8.680378e+07 	
1.22114841e+06 	 5.460226e-02 	 8.599141e+07 	
1.22163075e+06 	 4.824476e-02 	 8.525551e+07 	
1.22233344e+06 	 4.074277e-02 	 8.429986e+07 	
1.22303612e+06 	 3.482846e-02 	 8.346005e+07 	
1.22373881e+06 	 3.009952e-02 	 8.271614e+07 	
1.22468508e+06 	 2.511229e-02 	 8.183848e+07 	
1.22563135e+06 	 2.128043e-02 	 8.107645e+07 	
1.22657762e+06 	 1.828180e-02 	 8.040748e+07 	
1.22787566e+06 	 1.513412e-02 	 7.961043e+07 	
1.22917369e+06 	 1.277356e-02 	 7.892351e+07 	
1.23047172e+06 	 1.096203e-02 	 7.832286e+07 	
1.23236228e+06 	 8.997240e-03 	 7.756728e+07 	
1.23425284e+06 	 7.572372e-03 	 7.691970e+07 	
1.23614339e+06 	 6.507544e-03 	 7.635384e+07 	
1.23831692e+06 	 5.585858e-03 	 7.578059e+07 	
1.24049045e+06 	 4.887804e-03 	 7.527129e+07 	
1.24266398e+06 	 4.346423e-03 	 7.481189e+07 	
1.24592642e+06 	 3.736149e-03 	 7.419436e+07 	
1.24918886e+06 	 3.290373e-03 	 7.364252e+07 	
1.25245130e+06 	 2.954453e-03 	 7.314009e+07 	
1.25719245e+06 	 2.595836e-03 	 7.247563e+07 	
1.26012572e+06 	 2.427017e-03 	 7.209451e+07 	
1.26586857e+06 	 2.174494e-03 	 7.139799e+07 	
1.27065364e+06 	 2.018524e-03 	 7.085625e+07 	
1.27804315e+06 	 1.839578e-03 	 7.007001e+07 	
1.28411717e+06 	 1.729543e-03 	 6.945822e+07 	
1.29375270e+06 	 1.597428e-03 	 6.853447e+07 	
1.30120600e+06 	 1.518232e-03 	 6.785011e+07 	
1.31488859e+06 	 1.403750e-03 	 6.664535e+07 	
1.31981488e+06 	 1.369023e-03 	 6.622505e+07 	
1.33682741e+06 	 1.265343e-03 	 6.481859e+07 	
1.34724414e+06 	 1.210430e-03 	 6.398765e+07 	
1.37208066e+06 	 1.095807e-03 	 6.208640e+07 	
1.38906335e+06 	 1.026868e-03 	 6.084498e+07 	
1.42266494e+06 	 9.068841e-04 	 5.851485e+07 	
1.44000000e+06 	 8.520196e-04 	 5.737335e+07 	
1.46000000e+06 	 7.938014e-04 	 5.610397e+07 	
1.48000000e+06 	 7.404557e-04 	 5.488283e+07 	
1.50000000e+06 	 6.914873e-04 	 5.370725e+07 	
1.52000000e+06 	 6.464630e-04 	 5.257478e+07 	
1.54000000e+06 	 6.050056e-04 	 5.148313e+07 	
1.56000000e+06 	 5.667805e-04 	 5.043018e+07 	
1.58000000e+06 	 5.314902e-04 	 4.941396e+07 	
1.60000000e+06 	 4.988693e-04 	 4.843262e+07 	
1.62000000e+06 	 4.686790e-04 	 4.748444e+07 	
1.64000000e+06 	 4.407049e-04 	 4.656780e+07 	
1.66000000e+06 	 4.147563e-04 	 4.568119e+07 	
1.68000000e+06 	 3.906609e-04 	 4.482321e+07 	
1.70000000e+06 	 3.682614e-04 	 4.399250e+07 	
1.72000000e+06 	 3.474179e-04 	 4.318784e+07 	
1.74000000e+06 	 3.280027e-04 	 4.240803e+07 	
1.76000000e+06 	 3.099010e-04 	 4.165198e+07 	
1.78000000e+06 	 2.930080e-04 	 4.091864e+07 	
1.80000000e+06 	 2.772278e-04 	 4.020703e+07 	
1.82000000e+06 	 2.624752e-04 	 3.951623e+07 	
1.84000000e+06 	 2.486712e-04 	 3.884535e+07 	
1.86000000e+06 	 2.357436e-04 	 3.819357e+07 	
1.88000000e+06 	 2.236270e-04 	 3.756010e+07 	
1.90000000e+06 	 2.122619e-04 	 3.694421e+07 	
1.92000000e+06 	 2.015933e-04 	 3.634519e+07 	
1.94000000e+06 	 1.915705e-04 	 3.576237e+07 	
1.96000000e+06 	 1.821483e-04 	 3.519513e+07 	
1.98000000e+06 	 1.732846e-04 	 3.464287e+07 	
2.00000000e+06 	 1.649395e-04 	 3.410501e+07 	
2.02000000e+06 	 1.570779e-04 	 3.358101e+07 	
2.04000000e+06 	 1.496660e-04 	 3.307036e+07 	
2.06000000e+06 	 1.426747e-04 	 3.257257e+07 	
2.08000000e+06 	 1.360759e-04 	 3.208718e+07 	
2.10000000e+06 	 1.298430e-04 	 3.161373e+07 	
2.12000000e+06 	 1.239528e-04 	 3.115181e+07 	
2.14000000e+06 	 1.183825e-04 	 3.070101e+07 	
2.16000000e+06 	 1.131122e-04 	 3.026095e+07 	
2.18000000e+06 	 1.081232e-04 	 2.983125e+07 	
2.20000000e+06 	 1.033971e-04 	 2.941156e+07 	
2.22000000e+06 	 9.891848e-05 	 2.900156e+07 	
2.24000000e+06 	 9.467147e-05 	 2.860091e+07 	
2.26000000e+06 	 9.064245e-05 	 2.820931e+07 	
2.28000000e+06 	 8.681771e-05 	 2.782647e+07 	
2.30000000e+06 	 8.318569e-05 	 2.745210e+07 	
2.32000000e+06 	 7.973506e-05 	 2.708594e+07 	
2.34000000e+06 	 7.645479e-05 	 2.672771e+07 	
2.36000000e+06 	 7.333536e-05 	 2.637719e+07 	
2.38000000e+06 	 7.036702e-05 	 2.603412e+07 	
2.40000000e+06 	 6.754170e-05 	 2.569828e+07 	
2.42000000e+06 	 6.485136e-05 	 2.536946e+07 	
2.44000000e+06 	 6.228818e-05 	 2.504743e+07 	
2.46000000e+06 	 5.984508e-05 	 2.473200e+07 	
2.48000000e+06 	 5.751573e-05 	 2.442297e+07 	
2.50000000e+06 	 5.529360e-05 	 2.412016e+07 	
2.52000000e+06 	 5.317323e-05 	 2.382338e+07 	
2.54000000e+06 	 5.114906e-05 	 2.353247e+07 	
2.56000000e+06 	 4.921594e-05 	 2.324725e+07 	
2.58000000e+06 	 4.736914e-05 	 2.296757e+07 	
2.60000000e+06 	 4.560405e-05 	 2.269326e+07 	
2.62000000e+06 	 4.391659e-05 	 2.242419e+07 	
2.64000000e+06 	 4.230258e-05 	 2.216021e+07 	
2.66000000e+06 	 4.075852e-05 	 2.190118e+07 	
2.68000000e+06 	 3.928066e-05 	 2.164696e+07 	
2.70000000e+06 	 3.786569e-05 	 2.139743e+07 	
2.72000000e+06 	 3.651063e-05 	 2.115247e+07 	
2.74000000e+06 	 3.521232e-05 	 2.091194e+07 	
2.76000000e+06 	 3.396816e-05 	 2.067574e+07 	
2.78000000e+06 	 3.277545e-05 	 2.044376e+07 	
2.80000000e+06 	 3.163172e-05 	 2.021589e+07 	
2.82000000e+06 	 3.053459e-05 	 1.999202e+07 	
2.84000000e+06 	 2.948180e-05 	 1.977205e+07 	
2.86000000e+06 	 2.847126e-05 	 1.955588e+07 	
2.88000000e+06 	 2.750109e-05 	 1.934342e+07 	
2.90000000e+06 	 2.656930e-05 	 1.913458e+07 	
2.92000000e+06 	 2.567423e-05 	 1.892927e+07 	
2.94000000e+06 	 2.481409e-05 	 1.872741e+07 	
2.96000000e+06 	 2.398728e-05 	 1.852890e+07 	
2.98000000e+06 	 2.319238e-05 	 1.833367e+07 	
3.00000000e+06 	 2.242782e-05 	 1.814165e+07 	
3.02000000e+06 	 2.169237e-05 	 1.795275e+07 	
3.04000000e+06 	 2.098472e-05 	 1.776691e+07 	
3.06000000e+06 	 2.030361e-05 	 1.758405e+07 	
3.08000000e+06 	 1.964786e-05 	 1.740410e+07 	
3.10000000e+06 	 1.901636e-05 	 1.722700e+07 	
3.12000000e+06 	 1.840811e-05 	 1.705269e+07 	
3.14000000e+06 	 1.782206e-05 	 1.688109e+07 	
3.16000000e+06 	 1.725730e-05 	 1.671215e+07 	
3.18000000e+06 	 1.671292e-05 	 1.654582e+07 	
3.20000000e+06 	 1.618804e-05 	 1.638203e+07 	
3.22000000e+06 	 1.568187e-05 	 1.622072e+07 	
3.24000000e+06 	 1.519360e-05 	 1.606185e+07 	
3.26000000e+06 	 1.472252e-05 	 1.590535e+07 	
3.28000000e+06 	 1.426788e-05 	 1.575119e+07 	
3.30000000e+06 	 1.382903e-05 	 1.559931e+07 	
3.32000000e+06 	 1.340535e-05 	 1.544966e+07 	
3.34000000e+06 	 1.299617e-05 	 1.530219e+07 	
3.36000000e+06 	 1.260095e-05 	 1.515686e+07 	
3.38000000e+06 	 1.221913e-05 	 1.501363e+07 	
3.40000000e+06 	 1.185018e-05 	 1.487245e+07 	
3.42000000e+06 	 1.149356e-05 	 1.473328e+07 	
3.44000000e+06 	 1.114880e-05 	 1.459607e+07 	
3.46000000e+06 	 1.081544e-05 	 1.446080e+07 	
3.48000000e+06 	 1.049303e-05 	 1.432742e+07 	
3.50000000e+06 	 1.018116e-05 	 1.419589e+07 	
3.52000000e+06 	 9.879417e-06 	 1.406617e+07 	
3.54000000e+06 	 9.587407e-06 	 1.393824e+07 	
3.56000000e+06 	 9.304767e-06 	 1.381205e+07 	
3.58000000e+06 	 9.031132e-06 	 1.368757e+07 	
3.60000000e+06 	 8.766178e-06 	 1.356477e+07 	
3.62000000e+06 	 8.509564e-06 	 1.344362e+07 	
3.64000000e+06 	 8.260979e-06 	 1.332408e+07 	
3.66000000e+06 	 8.020138e-06 	 1.320613e+07 	
3.68000000e+06 	 7.786736e-06 	 1.308974e+07 	
3.70000000e+06 	 7.560516e-06 	 1.297486e+07 	
3.72000000e+06 	 7.341210e-06 	 1.286149e+07 	
3.74000000e+06 	 7.128560e-06 	 1.274959e+07 	
3.76000000e+06 	 6.922335e-06 	 1.263913e+07 	
3.78000000e+06 	 6.722293e-06 	 1.253009e+07 	
3.80000000e+06 	 6.528211e-06 	 1.242244e+07 	
3.82000000e+06 	 6.339885e-06 	 1.231615e+07 	
3.84000000e+06 	 6.157099e-06 	 1.221121e+07 	
3.86000000e+06 	 5.979663e-06 	 1.210759e+07 	
3.88000000e+06 	 5.807389e-06 	 1.200526e+07 	
3.90000000e+06 	 5.640089e-06 	 1.190421e+07 	
3.92000000e+06 	 5.477597e-06 	 1.180441e+07 	
3.94000000e+06 	 5.319736e-06 	 1.170583e+07 	
3.96000000e+06 	 5.166347e-06 	 1.160847e+07 	
4.00000000e+06 	 4.872377e-06 	 1.141729e+07 	
4.00050050e+06 	 4.868803e-06 	 1.141492e+07 	
4.00100100e+06 	 4.865232e-06 	 1.141256e+07 	
4.00150150e+06 	 4.861663e-06 	 1.141020e+07 	
4.00200200e+06 	 4.858097e-06 	 1.140784e+07 	
4.00250250e+06 	 4.854533e-06 	 1.140548e+07 	
4.00300300e+06 	 4.850971e-06 	 1.140312e+07 	
4.00350350e+06 	 4.847413e-06 	 1.140076e+07 	
4.00400400e+06 	 4.843856e-06 	 1.139840e+07 	
4.00450450e+06 	 4.840302e-06 	 1.139605e+07 	
4.00500501e+06 	 4.836751e-06 	 1.139369e+07 	
4.00550551e+06 	 4.833202e-06 	 1.139134e+07 	
4.00600601e+06 	 4.829656e-06 	 1.138898e+07 	
4.00650651e+06 	 4.826112e-06 	 1.138663e+07 	
4.00700701e+06 	 4.822571e-06 	 1.138427e+07 	
4.00750751e+06 	 4.819032e-06 	 1.138192e+07 	
4.00800801e+06 	 4.815495e-06 	 1.137957e+07 	
4.00850851e+06 	 4.811961e-06 	 1.137722e+07 	
4.00900901e+06 	 4.808430e-06 	 1.137487e+07 	
4.00950951e+06 	 4.804901e-06 	 1.137252e+07 	
4.01001001e+06 	 4.801375e-06 	 1.137017e+07 	
4.01051051e+06 	 4.797851e-06 	 1.136782e+07 	
4.01101101e+06 	 4.794329e-06 	 1.136547e+07 	
4.01151151e+06 	 4.790810e-06 	 1.136313e+07 	
4.01201201e+06 	 4.787293e-06 	 1.136078e+07 	
4.01251251e+06 	 4.783779e-06 	 1.135843e+07 	
4.01301301e+06 	 4.780268e-06 	 1.135609e+07 	
4.01351351e+06 	 4.776758e-06 	 1.135374e+07 	
4.01401401e+06 	 4.773252e-06 	 1.135140e+07 	
4.01451451e+06 	 4.769747e-06 	 1.134906e+07 	
4.01501502e+06 	 4.766246e-06 	 1.134672e+07 	
4.01551552e+06 	 4.762746e-06 	 1.134438e+07 	
4.01601602e+06 	 4.759249e-06 	 1.134203e+07 	
4.01651652e+06 	 4.755755e-06 	 1.133969e+07 	
4.01701702e+06 	 4.752263e-06 	 1.133736e+07 	
4.01751752e+06 	 4.748773e-06 	 1.133502e+07 	
4.01801802e+06 	 4.745286e-06 	 1.133268e+07 	
4.01851852e+06 	 4.741802e-06 	 1.133034e+07 	
4.01901902e+06 	 4.738319e-06 	 1.132801e+07 	
4.01951952e+06 	 4.734839e-06 	 1.132567e+07 	
4.02002002e+06 	 4.731362e-06 	 1.132334e+07 	
4.02052052e+06 	 4.727887e-06 	 1.132100e+07 	
4.02102102e+06 	 4.724415e-06 	 1.131867e+07 	
4.02152152e+06 	 4.720945e-06 	 1.131634e+07 	
4.02202202e+06 	 4.717477e-06 	 1.131400e+07 	
4.02252252e+06 	 4.714012e-06 	 1.131167e+07 	
4.02302302e+06 	 4.710549e-06 	 1.130934e+07 	
4.02352352e+06 	 4.707089e-06 	 1.130701e+07 	
4.02402402e+06 	 4.703631e-06 	 1.130468e+07 	
4.02452452e+06 	 4.700175e-06 	 1.130235e+07 	
4.02502503e+06 	 4.696722e-06 	 1.130003e+07 	
4.02552553e+06 	 4.693271e-06 	 1.129770e+07 	
4.02602603e+06 	 4.689823e-06 	 1.129537e+07 	
4.02652653e+06 	 4.686377e-06 	 1.129305e+07 	
4.02702703e+06 	 4.682934e-06 	 1.129072e+07 	
4.02752753e+06 	 4.679493e-06 	 1.128840e+07 	
4.02802803e+06 	 4.676054e-06 	 1.128607e+07 	
4.02852853e+06 	 4.672618e-06 	 1.128375e+07 	
4.02902903e+06 	 4.669184e-06 	 1.128143e+07 	
4.02952953e+06 	 4.665752e-06 	 1.127911e+07 	
4.03003003e+06 	 4.662323e-06 	 1.127679e+07 	
4.03053053e+06 	 4.658897e-06 	 1.127447e+07 	
4.03103103e+06 	 4.655472e-06 	 1.127215e+07 	
4.03153153e+06 	 4.652050e-06 	 1.126983e+07 	
4.03203203e+06 	 4.648631e-06 	 1.126751e+07 	
4.03253253e+06 	 4.645214e-06 	 1.126519e+07 	
4.03303303e+06 	 4.641799e-06 	 1.126288e+07 	
4.03353353e+06 	 4.638386e-06 	 1.126056e+07 	
4.03403403e+06 	 4.634976e-06 	 1.125825e+07 	
4.03453453e+06 	 4.631569e-06 	 1.125593e+07 	
4.03503504e+06 	 4.628164e-06 	 1.125362e+07 	
4.03553554e+06 	 4.624761e-06 	 1.125130e+07 	
4.03603604e+06 	 4.621360e-06 	 1.124899e+07 	
4.03653654e+06 	 4.617962e-06 	 1.124668e+07 	
4.03703704e+06 	 4.614566e-06 	 1.124437e+07 	
4.03753754e+06 	 4.611173e-06 	 1.124206e+07 	
4.03803804e+06 	 4.607782e-06 	 1.123975e+07 	
4.03853854e+06 	 4.604393e-06 	 1.123744e+07 	
4.03903904e+06 	 4.601007e-06 	 1.123513e+07 	
4.03953954e+06 	 4.597623e-06 	 1.123282e+07 	
4.04004004e+06 	 4.594241e-06 	 1.123052e+07 	
4.04054054e+06 	 4.590862e-06 	 1.122821e+07 	
4.04104104e+06 	 4.587485e-06 	 1.122591e+07 	
4.04154154e+06 	 4.584110e-06 	 1.122360e+07 	
4.04204204e+06 	 4.580738e-06 	 1.122130e+07 	
4.04254254e+06 	 4.577368e-06 	 1.121899e+07 	
4.04304304e+06 	 4.574001e-06 	 1.121669e+07 	
4.04354354e+06 	 4.570635e-06 	 1.121439e+07 	
4.04404404e+06 	 4.567272e-06 	 1.121209e+07 	
4.04454454e+06 	 4.563912e-06 	 1.120979e+07 	
4.04504505e+06 	 4.560554e-06 	 1.120749e+07 	
4.04554555e+06 	 4.557198e-06 	 1.120519e+07 	
4.04604605e+06 	 4.553844e-06 	 1.120289e+07 	
4.04654655e+06 	 4.550493e-06 	 1.120059e+07 	
4.04704705e+06 	 4.547144e-06 	 1.119830e+07 	
4.04754755e+06 	 4.543797e-06 	 1.119600e+07 	
4.04804805e+06 	 4.540453e-06 	 1.119370e+07 	
4.04854855e+06 	 4.537111e-06 	 1.119141e+07 	
4.04904905e+06 	 4.533772e-06 	 1.118911e+07 	
4.04954955e+06 	 4.530435e-06 	 1.118682e+07 	
4.05005005e+06 	 4.527100e-06 	 1.118453e+07 	
4.05055055e+06 	 4.523767e-06 	 1.118224e+07 	
4.05105105e+06 	 4.520437e-06 	 1.117994e+07 	
4.05155155e+06 	 4.517109e-06 	 1.117765e+07 	
4.05205205e+06 	 4.513783e-06 	 1.117536e+07 	
4.05255255e+06 	 4.510460e-06 	 1.117307e+07 	
4.05305305e+06 	 4.507139e-06 	 1.117078e+07 	
4.05355355e+06 	 4.503820e-06 	 1.116850e+07 	
4.05405405e+06 	 4.500504e-06 	 1.116621e+07 	
4.05455455e+06 	 4.497189e-06 	 1.116392e+07 	
4.05505506e+06 	 4.493877e-06 	 1.116164e+07 	
4.05555556e+06 	 4.490568e-06 	 1.115935e+07 	
4.05605606e+06 	 4.487260e-06 	 1.115707e+07 	
4.05655656e+06 	 4.483955e-06 	 1.115478e+07 	
4.05705706e+06 	 4.480652e-06 	 1.115250e+07 	
4.05755756e+06 	 4.477352e-06 	 1.115022e+07 	
4.05805806e+06 	 4.474054e-06 	 1.114794e+07 	
4.05855856e+06 	 4.470758e-06 	 1.114565e+07 	
4.05905906e+06 	 4.467464e-06 	 1.114337e+07 	
4.05955956e+06 	 4.464172e-06 	 1.114109e+07 	
4.06006006e+06 	 4.460883e-06 	 1.113881e+07 	
4.06056056e+06 	 4.457596e-06 	 1.113654e+07 	
4.06106106e+06 	 4.454312e-06 	 1.113426e+07 	
4.06156156e+06 	 4.451029e-06 	 1.113198e+07 	
4.06206206e+06 	 4.447749e-06 	 1.112970e+07 	
4.06256256e+06 	 4.444471e-06 	 1.112743e+07 	
4.06306306e+06 	 4.441196e-06 	 1.112515e+07 	
4.06356356e+06 	 4.437922e-06 	 1.112288e+07 	
4.06406406e+06 	 4.434651e-06 	 1.112061e+07 	
4.06456456e+06 	 4.431382e-06 	 1.111833e+07 	
4.06506507e+06 	 4.428116e-06 	 1.111606e+07 	
4.06556557e+06 	 4.424851e-06 	 1.111379e+07 	
4.06606607e+06 	 4.421589e-06 	 1.111152e+07 	
4.06656657e+06 	 4.418329e-06 	 1.110925e+07 	
4.06706707e+06 	 4.415072e-06 	 1.110698e+07 	
4.06756757e+06 	 4.411816e-06 	 1.110471e+07 	
4.06806807e+06 	 4.408563e-06 	 1.110244e+07 	
4.06856857e+06 	 4.405312e-06 	 1.110017e+07 	
4.06906907e+06 	 4.402063e-06 	 1.109791e+07 	
4.06956957e+06 	 4.398817e-06 	 1.109564e+07 	
4.07007007e+06 	 4.395573e-06 	 1.109337e+07 	
4.07057057e+06 	 4.392331e-06 	 1.109111e+07 	
4.07107107e+06 	 4.389091e-06 	 1.108885e+07 	
4.07157157e+06 	 4.385853e-06 	 1.108658e+07 	
4.07207207e+06 	 4.382618e-06 	 1.108432e+07 	
4.07257257e+06 	 4.379385e-06 	 1.108206e+07 	
4.07307307e+06 	 4.376154e-06 	 1.107980e+07 	
4.07357357e+06 	 4.372925e-06 	 1.107754e+07 	
4.07407407e+06 	 4.369699e-06 	 1.107527e+07 	
4.07457457e+06 	 4.366474e-06 	 1.107302e+07 	
4.07507508e+06 	 4.363252e-06 	 1.107076e+07 	
4.07557558e+06 	 4.360033e-06 	 1.106850e+07 	
4.07607608e+06 	 4.356815e-06 	 1.106624e+07 	
4.07657658e+06 	 4.353600e-06 	 1.106398e+07 	
4.07707708e+06 	 4.350386e-06 	 1.106173e+07 	
4.07757758e+06 	 4.347175e-06 	 1.105947e+07 	
4.07807808e+06 	 4.343967e-06 	 1.105722e+07 	
4.07857858e+06 	 4.340760e-06 	 1.105496e+07 	
4.07907908e+06 	 4.337556e-06 	 1.105271e+07 	
4.07957958e+06 	 4.334353e-06 	 1.105046e+07 	
4.08008008e+06 	 4.331153e-06 	 1.104821e+07 	
4.08058058e+06 	 4.327955e-06 	 1.104596e+07 	
4.08108108e+06 	 4.324760e-06 	 1.104370e+07 	
4.08158158e+06 	 4.321566e-06 	 1.104145e+07 	
4.08208208e+06 	 4.318375e-06 	 1.103921e+07 	
4.08258258e+06 	 4.315186e-06 	 1.103696e+07 	
4.08308308e+06 	 4.311999e-06 	 1.103471e+07 	
4.08358358e+06 	 4.308814e-06 	 1.103246e+07 	
4.08408408e+06 	 4.305632e-06 	 1.103022e+07 	
4.08458458e+06 	 4.302452e-06 	 1.102797e+07 	
4.08508509e+06 	 4.299273e-06 	 1.102572e+07 	
4.08558559e+06 	 4.296097e-06 	 1.102348e+07 	
4.08608609e+06 	 4.292924e-06 	 1.102124e+07 	
4.08658659e+06 	 4.289752e-06 	 1.101899e+07 	
4.08708709e+06 	 4.286582e-06 	 1.101675e+07 	
4.08758759e+06 	 4.283415e-06 	 1.101451e+07 	
4.08808809e+06 	 4.280250e-06 	 1.101227e+07 	
4.08858859e+06 	 4.277087e-06 	 1.101003e+07 	
4.08908909e+06 	 4.273926e-06 	 1.100779e+07 	
4.08958959e+06 	 4.270767e-06 	 1.100555e+07 	
4.09009009e+06 	 4.267611e-06 	 1.100331e+07 	
4.09059059e+06 	 4.264457e-06 	 1.100107e+07 	
4.09109109e+06 	 4.261304e-06 	 1.099883e+07 	
4.09159159e+06 	 4.258154e-06 	 1.099660e+07 	
4.09209209e+06 	 4.255006e-06 	 1.099436e+07 	
4.09259259e+06 	 4.251861e-06 	 1.099213e+07 	
4.09309309e+06 	 4.248717e-06 	 1.098989e+07 	
4.09359359e+06 	 4.245576e-06 	 1.098766e+07 	
4.09409409e+06 	 4.242436e-06 	 1.098542e+07 	
4.09459459e+06 	 4.239299e-06 	 1.098319e+07 	
4.09509510e+06 	 4.236164e-06 	 1.098096e+07 	
4.09559560e+06 	 4.233031e-06 	 1.097873e+07 	
4.09609610e+06 	 4.229900e-06 	 1.097650e+07 	
4.09659660e+06 	 4.226772e-06 	 1.097427e+07 	
4.09709710e+06 	 4.223645e-06 	 1.097204e+07 	
4.09759760e+06 	 4.220521e-06 	 1.096981e+07 	
4.09809810e+06 	 4.217399e-06 	 1.096758e+07 	
4.09859860e+06 	 4.214279e-06 	 1.096536e+07 	
4.09909910e+06 	 4.211161e-06 	 1.096313e+07 	
4.09959960e+06 	 4.208045e-06 	 1.096090e+07 	
4.10010010e+06 	 4.204931e-06 	 1.095868e+07 	
4.10060060e+06 	 4.201819e-06 	 1.095645e+07 	
4.10110110e+06 	 4.198710e-06 	 1.095423e+07 	
4.10160160e+06 	 4.195602e-06 	 1.095201e+07 	
4.10210210e+06 	 4.192497e-06 	 1.094978e+07 	
4.10260260e+06 	 4.189394e-06 	 1.094756e+07 	
4.10310310e+06 	 4.186293e-06 	 1.094534e+07 	
4.10360360e+06 	 4.183194e-06 	 1.094312e+07 	
4.10410410e+06 	 4.180097e-06 	 1.094090e+07 	
4.10460460e+06 	 4.177003e-06 	 1.093868e+07 	
4.10510511e+06 	 4.173910e-06 	 1.093646e+07 	
4.10560561e+06 	 4.170819e-06 	 1.093424e+07 	
4.10610611e+06 	 4.167731e-06 	 1.093203e+07 	
4.10660661e+06 	 4.164645e-06 	 1.092981e+07 	
4.10710711e+06 	 4.161560e-06 	 1.092759e+07 	
4.10760761e+06 	 4.158478e-06 	 1.092538e+07 	
4.10810811e+06 	 4.155398e-06 	 1.092316e+07 	
4.10860861e+06 	 4.152320e-06 	 1.092095e+07 	
4.10910911e+06 	 4.149244e-06 	 1.091874e+07 	
4.10960961e+06 	 4.146171e-06 	 1.091652e+07 	
4.11011011e+06 	 4.143099e-06 	 1.091431e+07 	
4.11061061e+06 	 4.140029e-06 	 1.091210e+07 	
4.11111111e+06 	 4.136962e-06 	 1.090989e+07 	
4.11161161e+06 	 4.133896e-06 	 1.090768e+07 	
4.11211211e+06 	 4.130833e-06 	 1.090547e+07 	
4.11261261e+06 	 4.127772e-06 	 1.090326e+07 	
4.11311311e+06 	 4.124713e-06 	 1.090105e+07 	
4.11361361e+06 	 4.121656e-06 	 1.089885e+07 	
4.11411411e+06 	 4.118600e-06 	 1.089664e+07 	
4.11461461e+06 	 4.115547e-06 	 1.089443e+07 	
4.11511512e+06 	 4.112497e-06 	 1.089223e+07 	
4.11561562e+06 	 4.109448e-06 	 1.089002e+07 	
4.11611612e+06 	 4.106401e-06 	 1.088782e+07 	
4.11661662e+06 	 4.103356e-06 	 1.088562e+07 	
4.11711712e+06 	 4.100313e-06 	 1.088341e+07 	
4.11761762e+06 	 4.097273e-06 	 1.088121e+07 	
4.11811812e+06 	 4.094234e-06 	 1.087901e+07 	
4.11861862e+06 	 4.091198e-06 	 1.087681e+07 	
4.11911912e+06 	 4.088163e-06 	 1.087461e+07 	
4.11961962e+06 	 4.085131e-06 	 1.087241e+07 	
4.12012012e+06 	 4.082101e-06 	 1.087021e+07 	
4.12062062e+06 	 4.079072e-06 	 1.086801e+07 	
4.12112112e+06 	 4.076046e-06 	 1.086582e+07 	
4.12162162e+06 	 4.073022e-06 	 1.086362e+07 	
4.12212212e+06 	 4.070000e-06 	 1.086142e+07 	
4.12262262e+06 	 4.066980e-06 	 1.085923e+07 	
4.12312312e+06 	 4.063961e-06 	 1.085703e+07 	
4.12362362e+06 	 4.060945e-06 	 1.085484e+07 	
4.12412412e+06 	 4.057931e-06 	 1.085264e+07 	
4.12462462e+06 	 4.054919e-06 	 1.085045e+07 	
4.12512513e+06 	 4.051909e-06 	 1.084826e+07 	
4.12562563e+06 	 4.048901e-06 	 1.084607e+07 	
4.12612613e+06 	 4.045896e-06 	 1.084388e+07 	
4.12662663e+06 	 4.042892e-06 	 1.084169e+07 	
4.12712713e+06 	 4.039890e-06 	 1.083950e+07 	
4.12762763e+06 	 4.036890e-06 	 1.083731e+07 	
4.12812813e+06 	 4.033892e-06 	 1.083512e+07 	
4.12862863e+06 	 4.030896e-06 	 1.083293e+07 	
4.12912913e+06 	 4.027903e-06 	 1.083074e+07 	
4.12962963e+06 	 4.024911e-06 	 1.082856e+07 	
4.13013013e+06 	 4.021921e-06 	 1.082637e+07 	
4.13063063e+06 	 4.018933e-06 	 1.082419e+07 	
4.13113113e+06 	 4.015948e-06 	 1.082200e+07 	
4.13163163e+06 	 4.012964e-06 	 1.081982e+07 	
4.13213213e+06 	 4.009982e-06 	 1.081763e+07 	
4.13263263e+06 	 4.007003e-06 	 1.081545e+07 	
4.13313313e+06 	 4.004025e-06 	 1.081327e+07 	
4.13363363e+06 	 4.001049e-06 	 1.081109e+07 	
4.13413413e+06 	 3.998075e-06 	 1.080891e+07 	
4.13463463e+06 	 3.995104e-06 	 1.080673e+07 	
4.13513514e+06 	 3.992134e-06 	 1.080455e+07 	
4.13563564e+06 	 3.989166e-06 	 1.080237e+07 	
4.13613614e+06 	 3.986201e-06 	 1.080019e+07 	
4.13663664e+06 	 3.983237e-06 	 1.079801e+07 	
4.13713714e+06 	 3.980275e-06 	 1.079584e+07 	
4.13763764e+06 	 3.977315e-06 	 1.079366e+07 	
4.13813814e+06 	 3.974358e-06 	 1.079149e+07 	
4.13863864e+06 	 3.971402e-06 	 1.078931e+07 	
4.13913914e+06 	 3.968448e-06 	 1.078714e+07 	
4.13963964e+06 	 3.965496e-06 	 1.078496e+07 	
4.14014014e+06 	 3.962546e-06 	 1.078279e+07 	
4.14064064e+06 	 3.959598e-06 	 1.078062e+07 	
4.14114114e+06 	 3.956652e-06 	 1.077845e+07 	
4.14164164e+06 	 3.953709e-06 	 1.077627e+07 	
4.14214214e+06 	 3.950767e-06 	 1.077410e+07 	
4.14264264e+06 	 3.947827e-06 	 1.077193e+07 	
4.14314314e+06 	 3.944889e-06 	 1.076977e+07 	
4.14364364e+06 	 3.941952e-06 	 1.076760e+07 	
4.14414414e+06 	 3.939018e-06 	 1.076543e+07 	
4.14464464e+06 	 3.936086e-06 	 1.076326e+07 	
4.14514515e+06 	 3.933156e-06 	 1.076110e+07 	
4.14564565e+06 	 3.930228e-06 	 1.075893e+07 	
4.14614615e+06 	 3.927302e-06 	 1.075676e+07 	
4.14664665e+06 	 3.924377e-06 	 1.075460e+07 	
4.14714715e+06 	 3.921455e-06 	 1.075244e+07 	
4.14764765e+06 	 3.918534e-06 	 1.075027e+07 	
4.14814815e+06 	 3.915616e-06 	 1.074811e+07 	
4.14864865e+06 	 3.912700e-06 	 1.074595e+07 	
4.14914915e+06 	 3.909785e-06 	 1.074379e+07 	
4.14964965e+06 	 3.906873e-06 	 1.074163e+07 	
4.15015015e+06 	 3.903962e-06 	 1.073947e+07 	
4.15065065e+06 	 3.901054e-06 	 1.073731e+07 	
4.15115115e+06 	 3.898147e-06 	 1.073515e+07 	
4.15165165e+06 	 3.895242e-06 	 1.073299e+07 	
4.15215215e+06 	 3.892339e-06 	 1.073083e+07 	
4.15265265e+06 	 3.889438e-06 	 1.072867e+07 	
4.15315315e+06 	 3.886539e-06 	 1.072652e+07 	
4.15365365e+06 	 3.883642e-06 	 1.072436e+07 	
4.15415415e+06 	 3.880747e-06 	 1.072221e+07 	
4.15465465e+06 	 3.877854e-06 	 1.072005e+07 	
4.15515516e+06 	 3.874963e-06 	 1.071790e+07 	
4.15565566e+06 	 3.872074e-06 	 1.071575e+07 	
4.15615616e+06 	 3.869186e-06 	 1.071359e+07 	
4.15665666e+06 	 3.866301e-06 	 1.071144e+07 	
4.15715716e+06 	 3.863417e-06 	 1.070929e+07 	
4.15765766e+06 	 3.860535e-06 	 1.070714e+07 	
4.15815816e+06 	 3.857656e-06 	 1.070499e+07 	
4.15865866e+06 	 3.854778e-06 	 1.070284e+07 	
4.15915916e+06 	 3.851902e-06 	 1.070069e+07 	
4.15965966e+06 	 3.849028e-06 	 1.069854e+07 	
4.16016016e+06 	 3.846156e-06 	 1.069640e+07 	
4.16066066e+06 	 3.843285e-06 	 1.069425e+07 	
4.16116116e+06 	 3.840417e-06 	 1.069210e+07 	
4.16166166e+06 	 3.837551e-06 	 1.068996e+07 	
4.16216216e+06 	 3.834686e-06 	 1.068781e+07 	
4.16266266e+06 	 3.831824e-06 	 1.068567e+07 	
4.16316316e+06 	 3.828963e-06 	 1.068353e+07 	
4.16366366e+06 	 3.826104e-06 	 1.068138e+07 	
4.16416416e+06 	 3.823247e-06 	 1.067924e+07 	
4.16466466e+06 	 3.820392e-06 	 1.067710e+07 	
4.16516517e+06 	 3.817539e-06 	 1.067496e+07 	
4.16566567e+06 	 3.814688e-06 	 1.067282e+07 	
4.16616617e+06 	 3.811838e-06 	 1.067068e+07 	
4.16666667e+06 	 3.808991e-06 	 1.066854e+07 	
4.16716717e+06 	 3.806145e-06 	 1.066640e+07 	
4.16766767e+06 	 3.803302e-06 	 1.066426e+07 	
4.16816817e+06 	 3.800460e-06 	 1.066212e+07 	
4.16866867e+06 	 3.797620e-06 	 1.065999e+07 	
4.16916917e+06 	 3.794782e-06 	 1.065785e+07 	
4.16966967e+06 	 3.791946e-06 	 1.065572e+07 	
4.17017017e+06 	 3.789112e-06 	 1.065358e+07 	
4.17067067e+06 	 3.786279e-06 	 1.065145e+07 	
4.17117117e+06 	 3.783449e-06 	 1.064931e+07 	
4.17167167e+06 	 3.780620e-06 	 1.064718e+07 	
4.17217217e+06 	 3.777793e-06 	 1.064505e+07 	
4.17267267e+06 	 3.774968e-06 	 1.064292e+07 	
4.17317317e+06 	 3.772145e-06 	 1.064079e+07 	
4.17367367e+06 	 3.769324e-06 	 1.063866e+07 	
4.17417417e+06 	 3.766505e-06 	 1.063653e+07 	
4.17467467e+06 	 3.763687e-06 	 1.063440e+07 	
4.17517518e+06 	 3.760872e-06 	 1.063227e+07 	
4.17567568e+06 	 3.758058e-06 	 1.063014e+07 	
4.17617618e+06 	 3.755246e-06 	 1.062801e+07 	
4.17667668e+06 	 3.752436e-06 	 1.062589e+07 	
4.17717718e+06 	 3.749628e-06 	 1.062376e+07 	
4.17767768e+06 	 3.746822e-06 	 1.062164e+07 	
4.17817818e+06 	 3.744017e-06 	 1.061951e+07 	
4.17867868e+06 	 3.741214e-06 	 1.061739e+07 	
4.17917918e+06 	 3.738414e-06 	 1.061526e+07 	
4.17967968e+06 	 3.735615e-06 	 1.061314e+07 	
4.18018018e+06 	 3.732818e-06 	 1.061102e+07 	
4.18068068e+06 	 3.730023e-06 	 1.060890e+07 	
4.18118118e+06 	 3.727229e-06 	 1.060678e+07 	
4.18168168e+06 	 3.724438e-06 	 1.060465e+07 	
4.18218218e+06 	 3.721648e-06 	 1.060253e+07 	
4.18268268e+06 	 3.718860e-06 	 1.060042e+07 	
4.18318318e+06 	 3.716074e-06 	 1.059830e+07 	
4.18368368e+06 	 3.713290e-06 	 1.059618e+07 	
4.18418418e+06 	 3.710508e-06 	 1.059406e+07 	
4.18468468e+06 	 3.707727e-06 	 1.059195e+07 	
4.18518519e+06 	 3.704949e-06 	 1.058983e+07 	
4.18568569e+06 	 3.702172e-06 	 1.058771e+07 	
4.18618619e+06 	 3.699397e-06 	 1.058560e+07 	
4.18668669e+06 	 3.696624e-06 	 1.058349e+07 	
4.18718719e+06 	 3.693852e-06 	 1.058137e+07 	
4.18768769e+06 	 3.691083e-06 	 1.057926e+07 	
4.18818819e+06 	 3.688315e-06 	 1.057715e+07 	
4.18868869e+06 	 3.685549e-06 	 1.057503e+07 	
4.18918919e+06 	 3.682785e-06 	 1.057292e+07 	
4.18968969e+06 	 3.680023e-06 	 1.057081e+07 	
4.19019019e+06 	 3.677262e-06 	 1.056870e+07 	
4.19069069e+06 	 3.674504e-06 	 1.056659e+07 	
4.19119119e+06 	 3.671747e-06 	 1.056449e+07 	
4.19169169e+06 	 3.668992e-06 	 1.056238e+07 	
4.19219219e+06 	 3.666239e-06 	 1.056027e+07 	
4.19269269e+06 	 3.663487e-06 	 1.055816e+07 	
4.19319319e+06 	 3.660738e-06 	 1.055606e+07 	
4.19369369e+06 	 3.657990e-06 	 1.055395e+07 	
4.19419419e+06 	 3.655244e-06 	 1.055185e+07 	
4.19469469e+06 	 3.652500e-06 	 1.054974e+07 	
4.19519520e+06 	 3.649758e-06 	 1.054764e+07 	
4.19569570e+06 	 3.647017e-06 	 1.054554e+07 	
4.19619620e+06 	 3.644278e-06 	 1.054343e+07 	
4.19669670e+06 	 3.641541e-06 	 1.054133e+07 	
4.19719720e+06 	 3.638806e-06 	 1.053923e+07 	
4.19769770e+06 	 3.636073e-06 	 1.053713e+07 	
4.19819820e+06 	 3.633341e-06 	 1.053503e+07 	
4.19869870e+06 	 3.630612e-06 	 1.053293e+07 	
4.19919920e+06 	 3.627884e-06 	 1.053083e+07 	
4.19969970e+06 	 3.625158e-06 	 1.052873e+07 	
4.20020020e+06 	 3.622433e-06 	 1.052664e+07 	
4.20070070e+06 	 3.619710e-06 	 1.052454e+07 	
4.20120120e+06 	 3.616990e-06 	 1.052244e+07 	
4.20170170e+06 	 3.614271e-06 	 1.052035e+07 	
4.20220220e+06 	 3.611553e-06 	 1.051825e+07 	
4.20270270e+06 	 3.608838e-06 	 1.051616e+07 	
4.20320320e+06 	 3.606124e-06 	 1.051406e+07 	
4.20370370e+06 	 3.603412e-06 	 1.051197e+07 	
4.20420420e+06 	 3.600702e-06 	 1.050988e+07 	
4.20470470e+06 	 3.597994e-06 	 1.050779e+07 	
4.20520521e+06 	 3.595287e-06 	 1.050570e+07 	
4.20570571e+06 	 3.592582e-06 	 1.050360e+07 	
4.20620621e+06 	 3.589879e-06 	 1.050151e+07 	
4.20670671e+06 	 3.587178e-06 	 1.049942e+07 	
4.20720721e+06 	 3.584478e-06 	 1.049734e+07 	
4.20770771e+06 	 3.581781e-06 	 1.049525e+07 	
4.20820821e+06 	 3.579085e-06 	 1.049316e+07 	
4.20870871e+06 	 3.576390e-06 	 1.049107e+07 	
4.20920921e+06 	 3.573698e-06 	 1.048899e+07 	
4.20970971e+06 	 3.571007e-06 	 1.048690e+07 	
4.21021021e+06 	 3.568318e-06 	 1.048482e+07 	
4.21071071e+06 	 3.565631e-06 	 1.048273e+07 	
4.21121121e+06 	 3.562945e-06 	 1.048065e+07 	
4.21171171e+06 	 3.560262e-06 	 1.047856e+07 	
4.21221221e+06 	 3.557580e-06 	 1.047648e+07 	
4.21271271e+06 	 3.554899e-06 	 1.047440e+07 	
4.21321321e+06 	 3.552221e-06 	 1.047232e+07 	
4.21371371e+06 	 3.549544e-06 	 1.047024e+07 	
4.21421421e+06 	 3.546869e-06 	 1.046816e+07 	
4.21471471e+06 	 3.544196e-06 	 1.046608e+07 	
4.21521522e+06 	 3.541525e-06 	 1.046400e+07 	
4.21571572e+06 	 3.538855e-06 	 1.046192e+07 	
4.21621622e+06 	 3.536187e-06 	 1.045984e+07 	
4.21671672e+06 	 3.533521e-06 	 1.045776e+07 	
4.21721722e+06 	 3.530856e-06 	 1.045569e+07 	
4.21771772e+06 	 3.528193e-06 	 1.045361e+07 	
4.21821822e+06 	 3.525532e-06 	 1.045153e+07 	
4.21871872e+06 	 3.522873e-06 	 1.044946e+07 	
4.21921922e+06 	 3.520215e-06 	 1.044739e+07 	
4.21971972e+06 	 3.517559e-06 	 1.044531e+07 	
4.22022022e+06 	 3.514905e-06 	 1.044324e+07 	
4.22072072e+06 	 3.512253e-06 	 1.044117e+07 	
4.22122122e+06 	 3.509602e-06 	 1.043909e+07 	
4.22172172e+06 	 3.506953e-06 	 1.043702e+07 	
4.22222222e+06 	 3.504306e-06 	 1.043495e+07 	
4.22272272e+06 	 3.501660e-06 	 1.043288e+07 	
4.22322322e+06 	 3.499016e-06 	 1.043081e+07 	
4.22372372e+06 	 3.496374e-06 	 1.042874e+07 	
4.22422422e+06 	 3.493734e-06 	 1.042668e+07 	
4.22472472e+06 	 3.491095e-06 	 1.042461e+07 	
4.22522523e+06 	 3.488458e-06 	 1.042254e+07 	
4.22572573e+06 	 3.485823e-06 	 1.042047e+07 	
4.22622623e+06 	 3.483189e-06 	 1.041841e+07 	
4.22672673e+06 	 3.480557e-06 	 1.041634e+07 	
4.22722723e+06 	 3.477927e-06 	 1.041428e+07 	
4.22772773e+06 	 3.475299e-06 	 1.041221e+07 	
4.22822823e+06 	 3.472672e-06 	 1.041015e+07 	
4.22872873e+06 	 3.470047e-06 	 1.040809e+07 	
4.22922923e+06 	 3.467424e-06 	 1.040603e+07 	
4.22972973e+06 	 3.464802e-06 	 1.040396e+07 	
4.23023023e+06 	 3.462182e-06 	 1.040190e+07 	
4.23073073e+06 	 3.459564e-06 	 1.039984e+07 	
4.23123123e+06 	 3.456947e-06 	 1.039778e+07 	
4.23173173e+06 	 3.454332e-06 	 1.039572e+07 	
4.23223223e+06 	 3.451719e-06 	 1.039367e+07 	
4.23273273e+06 	 3.449108e-06 	 1.039161e+07 	
4.23323323e+06 	 3.446498e-06 	 1.038955e+07 	
4.23373373e+06 	 3.443890e-06 	 1.038749e+07 	
4.23423423e+06 	 3.441283e-06 	 1.038544e+07 	
4.23473473e+06 	 3.438679e-06 	 1.038338e+07 	
4.23523524e+06 	 3.436076e-06 	 1.038133e+07 	
4.23573574e+06 	 3.433474e-06 	 1.037927e+07 	
4.23623624e+06 	 3.430875e-06 	 1.037722e+07 	
4.23673674e+06 	 3.428277e-06 	 1.037517e+07 	
4.23723724e+06 	 3.425680e-06 	 1.037311e+07 	
4.23773774e+06 	 3.423085e-06 	 1.037106e+07 	
4.23823824e+06 	 3.420492e-06 	 1.036901e+07 	
4.23873874e+06 	 3.417901e-06 	 1.036696e+07 	
4.23923924e+06 	 3.415311e-06 	 1.036491e+07 	
4.23973974e+06 	 3.412723e-06 	 1.036286e+07 	
4.24024024e+06 	 3.410137e-06 	 1.036081e+07 	
4.24074074e+06 	 3.407552e-06 	 1.035876e+07 	
4.24124124e+06 	 3.404969e-06 	 1.035671e+07 	
4.24174174e+06 	 3.402388e-06 	 1.035467e+07 	
4.24224224e+06 	 3.399808e-06 	 1.035262e+07 	
4.24274274e+06 	 3.397230e-06 	 1.035057e+07 	
4.24324324e+06 	 3.394654e-06 	 1.034853e+07 	
4.24374374e+06 	 3.392079e-06 	 1.034648e+07 	
4.24424424e+06 	 3.389506e-06 	 1.034444e+07 	
4.24474474e+06 	 3.386935e-06 	 1.034240e+07 	
4.24524525e+06 	 3.384365e-06 	 1.034035e+07 	
4.24574575e+06 	 3.381797e-06 	 1.033831e+07 	
4.24624625e+06 	 3.379231e-06 	 1.033627e+07 	
4.24674675e+06 	 3.376666e-06 	 1.033423e+07 	
4.24724725e+06 	 3.374103e-06 	 1.033219e+07 	
4.24774775e+06 	 3.371541e-06 	 1.033015e+07 	
4.24824825e+06 	 3.368981e-06 	 1.032811e+07 	
4.24874875e+06 	 3.366423e-06 	 1.032607e+07 	
4.24924925e+06 	 3.363867e-06 	 1.032403e+07 	
4.24974975e+06 	 3.361312e-06 	 1.032199e+07 	
4.25025025e+06 	 3.358759e-06 	 1.031995e+07 	
4.25075075e+06 	 3.356207e-06 	 1.031792e+07 	
4.25125125e+06 	 3.353657e-06 	 1.031588e+07 	
4.25175175e+06 	 3.351109e-06 	 1.031385e+07 	
4.25225225e+06 	 3.348562e-06 	 1.031181e+07 	
4.25275275e+06 	 3.346017e-06 	 1.030978e+07 	
4.25325325e+06 	 3.343474e-06 	 1.030774e+07 	
4.25375375e+06 	 3.340932e-06 	 1.030571e+07 	
4.25425425e+06 	 3.338392e-06 	 1.030368e+07 	
4.25475475e+06 	 3.335853e-06 	 1.030165e+07 	
4.25525526e+06 	 3.333316e-06 	 1.029962e+07 	
4.25575576e+06 	 3.330781e-06 	 1.029758e+07 	
4.25625626e+06 	 3.328247e-06 	 1.029555e+07 	
4.25675676e+06 	 3.325715e-06 	 1.029353e+07 	
4.25725726e+06 	 3.323184e-06 	 1.029150e+07 	
4.25775776e+06 	 3.320656e-06 	 1.028947e+07 	
4.25825826e+06 	 3.318128e-06 	 1.028744e+07 	
4.25875876e+06 	 3.315603e-06 	 1.028541e+07 	
4.25925926e+06 	 3.313079e-06 	 1.028339e+07 	
4.25975976e+06 	 3.310556e-06 	 1.028136e+07 	
4.26026026e+06 	 3.308035e-06 	 1.027934e+07 	
4.26076076e+06 	 3.305516e-06 	 1.027731e+07 	
4.26126126e+06 	 3.302999e-06 	 1.027529e+07 	
4.26176176e+06 	 3.300483e-06 	 1.027326e+07 	
4.26226226e+06 	 3.297968e-06 	 1.027124e+07 	
4.26276276e+06 	 3.295456e-06 	 1.026922e+07 	
4.26326326e+06 	 3.292944e-06 	 1.026720e+07 	
4.26376376e+06 	 3.290435e-06 	 1.026518e+07 	
4.26426426e+06 	 3.287927e-06 	 1.026315e+07 	
4.26476476e+06 	 3.285420e-06 	 1.026113e+07 	
4.26526527e+06 	 3.282916e-06 	 1.025911e+07 	
4.26576577e+06 	 3.280412e-06 	 1.025710e+07 	
4.26626627e+06 	 3.277911e-06 	 1.025508e+07 	
4.26676677e+06 	 3.275411e-06 	 1.025306e+07 	
4.26726727e+06 	 3.272912e-06 	 1.025104e+07 	
4.26776777e+06 	 3.270416e-06 	 1.024903e+07 	
4.26826827e+06 	 3.267920e-06 	 1.024701e+07 	
4.26876877e+06 	 3.265427e-06 	 1.024500e+07 	
4.26926927e+06 	 3.262935e-06 	 1.024298e+07 	
4.26976977e+06 	 3.260444e-06 	 1.024097e+07 	
4.27027027e+06 	 3.257955e-06 	 1.023895e+07 	
4.27077077e+06 	 3.255468e-06 	 1.023694e+07 	
4.27127127e+06 	 3.252982e-06 	 1.023493e+07 	
4.27177177e+06 	 3.250498e-06 	 1.023292e+07 	
4.27227227e+06 	 3.248015e-06 	 1.023090e+07 	
4.27277277e+06 	 3.245534e-06 	 1.022889e+07 	
4.27327327e+06 	 3.243055e-06 	 1.022688e+07 	
4.27377377e+06 	 3.240577e-06 	 1.022487e+07 	
4.27427427e+06 	 3.238101e-06 	 1.022286e+07 	
4.27477477e+06 	 3.235626e-06 	 1.022086e+07 	
4.27527528e+06 	 3.233153e-06 	 1.021885e+07 	
4.27577578e+06 	 3.230681e-06 	 1.021684e+07 	
4.27627628e+06 	 3.228211e-06 	 1.021483e+07 	
4.27677678e+06 	 3.225743e-06 	 1.021283e+07 	
4.27727728e+06 	 3.223276e-06 	 1.021082e+07 	
4.27777778e+06 	 3.220811e-06 	 1.020882e+07 	
4.27827828e+06 	 3.218347e-06 	 1.020681e+07 	
4.27877878e+06 	 3.215885e-06 	 1.020481e+07 	
4.27927928e+06 	 3.213424e-06 	 1.020281e+07 	
4.27977978e+06 	 3.210965e-06 	 1.020080e+07 	
4.28028028e+06 	 3.208508e-06 	 1.019880e+07 	
4.28078078e+06 	 3.206052e-06 	 1.019680e+07 	
4.28128128e+06 	 3.203597e-06 	 1.019480e+07 	
4.28178178e+06 	 3.201144e-06 	 1.019280e+07 	
4.28228228e+06 	 3.198693e-06 	 1.019080e+07 	
4.28278278e+06 	 3.196243e-06 	 1.018880e+07 	
4.28328328e+06 	 3.193795e-06 	 1.018680e+07 	
4.28378378e+06 	 3.191348e-06 	 1.018481e+07 	
4.28428428e+06 	 3.188903e-06 	 1.018281e+07 	
4.28478478e+06 	 3.186460e-06 	 1.018081e+07 	
4.28528529e+06 	 3.184018e-06 	 1.017882e+07 	
4.28578579e+06 	 3.181577e-06 	 1.017682e+07 	
4.28628629e+06 	 3.179138e-06 	 1.017482e+07 	
4.28678679e+06 	 3.176701e-06 	 1.017283e+07 	
4.28728729e+06 	 3.174265e-06 	 1.017084e+07 	
4.28778779e+06 	 3.171831e-06 	 1.016884e+07 	
4.28828829e+06 	 3.169398e-06 	 1.016685e+07 	
4.28878879e+06 	 3.166967e-06 	 1.016486e+07 	
4.28928929e+06 	 3.164537e-06 	 1.016287e+07 	
4.28978979e+06 	 3.162109e-06 	 1.016088e+07 	
4.29029029e+06 	 3.159683e-06 	 1.015889e+07 	
4.29079079e+06 	 3.157257e-06 	 1.015690e+07 	
4.29129129e+06 	 3.154834e-06 	 1.015491e+07 	
4.29179179e+06 	 3.152412e-06 	 1.015292e+07 	
4.29229229e+06 	 3.149991e-06 	 1.015093e+07 	
4.29279279e+06 	 3.147572e-06 	 1.014894e+07 	
4.29329329e+06 	 3.145155e-06 	 1.014696e+07 	
4.29379379e+06 	 3.142739e-06 	 1.014497e+07 	
4.29429429e+06 	 3.140325e-06 	 1.014298e+07 	
4.29479479e+06 	 3.137912e-06 	 1.014100e+07 	
4.29529530e+06 	 3.135500e-06 	 1.013901e+07 	
4.29579580e+06 	 3.133090e-06 	 1.013703e+07 	
4.29629630e+06 	 3.130682e-06 	 1.013505e+07 	
4.29679680e+06 	 3.128275e-06 	 1.013306e+07 	
4.29729730e+06 	 3.125870e-06 	 1.013108e+07 	
4.29779780e+06 	 3.123466e-06 	 1.012910e+07 	
4.29829830e+06 	 3.121064e-06 	 1.012712e+07 	
4.29879880e+06 	 3.118663e-06 	 1.012514e+07 	
4.29929930e+06 	 3.116264e-06 	 1.012316e+07 	
4.29979980e+06 	 3.113866e-06 	 1.012118e+07 	
4.30030030e+06 	 3.111470e-06 	 1.011920e+07 	
4.30080080e+06 	 3.109075e-06 	 1.011722e+07 	
4.30130130e+06 	 3.106682e-06 	 1.011524e+07 	
4.30180180e+06 	 3.104290e-06 	 1.011327e+07 	
4.30230230e+06 	 3.101900e-06 	 1.011129e+07 	
4.30280280e+06 	 3.099511e-06 	 1.010931e+07 	
4.30330330e+06 	 3.097124e-06 	 1.010734e+07 	
4.30380380e+06 	 3.094738e-06 	 1.010536e+07 	
4.30430430e+06 	 3.092354e-06 	 1.010339e+07 	
4.30480480e+06 	 3.089971e-06 	 1.010141e+07 	
4.30530531e+06 	 3.087590e-06 	 1.009944e+07 	
4.30580581e+06 	 3.085210e-06 	 1.009747e+07 	
4.30630631e+06 	 3.082832e-06 	 1.009550e+07 	
4.30680681e+06 	 3.080455e-06 	 1.009352e+07 	
4.30730731e+06 	 3.078080e-06 	 1.009155e+07 	
4.30780781e+06 	 3.075706e-06 	 1.008958e+07 	
4.30830831e+06 	 3.073334e-06 	 1.008761e+07 	
4.30880881e+06 	 3.070963e-06 	 1.008564e+07 	
4.30930931e+06 	 3.068594e-06 	 1.008368e+07 	
4.30980981e+06 	 3.066226e-06 	 1.008171e+07 	
4.31031031e+06 	 3.063860e-06 	 1.007974e+07 	
4.31081081e+06 	 3.061495e-06 	 1.007777e+07 	
4.31131131e+06 	 3.059132e-06 	 1.007581e+07 	
4.31181181e+06 	 3.056770e-06 	 1.007384e+07 	
4.31231231e+06 	 3.054409e-06 	 1.007188e+07 	
4.31281281e+06 	 3.052050e-06 	 1.006991e+07 	
4.31331331e+06 	 3.049693e-06 	 1.006795e+07 	
4.31381381e+06 	 3.047337e-06 	 1.006598e+07 	
4.31431431e+06 	 3.044982e-06 	 1.006402e+07 	
4.31481481e+06 	 3.042629e-06 	 1.006206e+07 	
4.31531532e+06 	 3.040277e-06 	 1.006010e+07 	
4.31581582e+06 	 3.037927e-06 	 1.005814e+07 	
4.31631632e+06 	 3.035579e-06 	 1.005617e+07 	
4.31681682e+06 	 3.033231e-06 	 1.005421e+07 	
4.31731732e+06 	 3.030886e-06 	 1.005226e+07 	
4.31781782e+06 	 3.028541e-06 	 1.005030e+07 	
4.31831832e+06 	 3.026199e-06 	 1.004834e+07 	
4.31881882e+06 	 3.023857e-06 	 1.004638e+07 	
4.31931932e+06 	 3.021517e-06 	 1.004442e+07 	
4.31981982e+06 	 3.019179e-06 	 1.004247e+07 	
4.32032032e+06 	 3.016842e-06 	 1.004051e+07 	
4.32082082e+06 	 3.014506e-06 	 1.003855e+07 	
4.32132132e+06 	 3.012172e-06 	 1.003660e+07 	
4.32182182e+06 	 3.009840e-06 	 1.003464e+07 	
4.32232232e+06 	 3.007508e-06 	 1.003269e+07 	
4.32282282e+06 	 3.005179e-06 	 1.003074e+07 	
4.32332332e+06 	 3.002850e-06 	 1.002878e+07 	
4.32382382e+06 	 3.000524e-06 	 1.002683e+07 	
4.32432432e+06 	 2.998198e-06 	 1.002488e+07 	
4.32482482e+06 	 2.995874e-06 	 1.002293e+07 	
4.32532533e+06 	 2.993552e-06 	 1.002098e+07 	
4.32582583e+06 	 2.991231e-06 	 1.001903e+07 	
4.32632633e+06 	 2.988911e-06 	 1.001708e+07 	
4.32682683e+06 	 2.986593e-06 	 1.001513e+07 	
4.32732733e+06 	 2.984276e-06 	 1.001318e+07 	
4.32782783e+06 	 2.981961e-06 	 1.001124e+07 	
4.32832833e+06 	 2.979647e-06 	 1.000929e+07 	
4.32882883e+06 	 2.977335e-06 	 1.000734e+07 	
4.32932933e+06 	 2.975024e-06 	 1.000540e+07 	
4.32982983e+06 	 2.972714e-06 	 1.000345e+07 	
4.33033033e+06 	 2.970406e-06 	 1.000151e+07 	
4.33083083e+06 	 2.968099e-06 	 9.999561e+06 	
4.33133133e+06 	 2.965794e-06 	 9.997617e+06 	
4.33183183e+06 	 2.963490e-06 	 9.995674e+06 	
4.33233233e+06 	 2.961188e-06 	 9.993731e+06 	
4.33283283e+06 	 2.958887e-06 	 9.991789e+06 	
4.33333333e+06 	 2.956587e-06 	 9.989847e+06 	
4.33383383e+06 	 2.954289e-06 	 9.987907e+06 	
4.33433433e+06 	 2.951992e-06 	 9.985966e+06 	
4.33483483e+06 	 2.949697e-06 	 9.984026e+06 	
4.33533534e+06 	 2.947403e-06 	 9.982087e+06 	
4.33583584e+06 	 2.945111e-06 	 9.980148e+06 	
4.33633634e+06 	 2.942820e-06 	 9.978210e+06 	
4.33683684e+06 	 2.940530e-06 	 9.976272e+06 	
4.33733734e+06 	 2.938242e-06 	 9.974335e+06 	
4.33783784e+06 	 2.935955e-06 	 9.972399e+06 	
4.33833834e+06 	 2.933669e-06 	 9.970463e+06 	
4.33883884e+06 	 2.931385e-06 	 9.968528e+06 	
4.33933934e+06 	 2.929103e-06 	 9.966593e+06 	
4.33983984e+06 	 2.926822e-06 	 9.964658e+06 	
4.34034034e+06 	 2.924542e-06 	 9.962725e+06 	
4.34084084e+06 	 2.922264e-06 	 9.960792e+06 	
4.34134134e+06 	 2.919987e-06 	 9.958859e+06 	
4.34184184e+06 	 2.917711e-06 	 9.956927e+06 	
4.34234234e+06 	 2.915437e-06 	 9.954995e+06 	
4.34284284e+06 	 2.913164e-06 	 9.953065e+06 	
4.34334334e+06 	 2.910893e-06 	 9.951134e+06 	
4.34384384e+06 	 2.908623e-06 	 9.949204e+06 	
4.34434434e+06 	 2.906354e-06 	 9.947275e+06 	
4.34484484e+06 	 2.904087e-06 	 9.945346e+06 	
4.34534535e+06 	 2.901821e-06 	 9.943418e+06 	
4.34584585e+06 	 2.899557e-06 	 9.941491e+06 	
4.34634635e+06 	 2.897294e-06 	 9.939564e+06 	
4.34684685e+06 	 2.895032e-06 	 9.937637e+06 	
4.34734735e+06 	 2.892772e-06 	 9.935711e+06 	
4.34784785e+06 	 2.890513e-06 	 9.933786e+06 	
4.34834835e+06 	 2.888256e-06 	 9.931861e+06 	
4.34884885e+06 	 2.886000e-06 	 9.929937e+06 	
4.34934935e+06 	 2.883745e-06 	 9.928013e+06 	
4.34984985e+06 	 2.881492e-06 	 9.926090e+06 	
4.35035035e+06 	 2.879240e-06 	 9.924167e+06 	
4.35085085e+06 	 2.876990e-06 	 9.922245e+06 	
4.35135135e+06 	 2.874741e-06 	 9.920324e+06 	
4.35185185e+06 	 2.872493e-06 	 9.918403e+06 	
4.35235235e+06 	 2.870247e-06 	 9.916483e+06 	
4.35285285e+06 	 2.868002e-06 	 9.914563e+06 	
4.35335335e+06 	 2.865758e-06 	 9.912643e+06 	
4.35385385e+06 	 2.863516e-06 	 9.910725e+06 	
4.35435435e+06 	 2.861275e-06 	 9.908807e+06 	
4.35485485e+06 	 2.859036e-06 	 9.906889e+06 	
4.35535536e+06 	 2.856798e-06 	 9.904972e+06 	
4.35585586e+06 	 2.854561e-06 	 9.903055e+06 	
4.35635636e+06 	 2.852326e-06 	 9.901139e+06 	
4.35685686e+06 	 2.850092e-06 	 9.899224e+06 	
4.35735736e+06 	 2.847859e-06 	 9.897309e+06 	
4.35785786e+06 	 2.845628e-06 	 9.895395e+06 	
4.35835836e+06 	 2.843398e-06 	 9.893481e+06 	
4.35885886e+06 	 2.841169e-06 	 9.891568e+06 	
4.35935936e+06 	 2.838942e-06 	 9.889655e+06 	
4.35985986e+06 	 2.836716e-06 	 9.887743e+06 	
4.36036036e+06 	 2.834492e-06 	 9.885832e+06 	
4.36086086e+06 	 2.832269e-06 	 9.883921e+06 	
4.36136136e+06 	 2.830047e-06 	 9.882010e+06 	
4.36186186e+06 	 2.827826e-06 	 9.880100e+06 	
4.36236236e+06 	 2.825607e-06 	 9.878191e+06 	
4.36286286e+06 	 2.823390e-06 	 9.876282e+06 	
4.36336336e+06 	 2.821173e-06 	 9.874374e+06 	
4.36386386e+06 	 2.818958e-06 	 9.872466e+06 	
4.36436436e+06 	 2.816745e-06 	 9.870559e+06 	
4.36486486e+06 	 2.814532e-06 	 9.868652e+06 	
4.36536537e+06 	 2.812321e-06 	 9.866746e+06 	
4.36586587e+06 	 2.810112e-06 	 9.864841e+06 	
4.36636637e+06 	 2.807903e-06 	 9.862936e+06 	
4.36686687e+06 	 2.805697e-06 	 9.861031e+06 	
4.36736737e+06 	 2.803491e-06 	 9.859127e+06 	
4.36786787e+06 	 2.801287e-06 	 9.857224e+06 	
4.36836837e+06 	 2.799084e-06 	 9.855321e+06 	
4.36886887e+06 	 2.796882e-06 	 9.853419e+06 	
4.36936937e+06 	 2.794682e-06 	 9.851517e+06 	
4.36986987e+06 	 2.792483e-06 	 9.849616e+06 	
4.37037037e+06 	 2.790286e-06 	 9.847716e+06 	
4.37087087e+06 	 2.788089e-06 	 9.845815e+06 	
4.37137137e+06 	 2.785894e-06 	 9.843916e+06 	
4.37187187e+06 	 2.783701e-06 	 9.842017e+06 	
4.37237237e+06 	 2.781509e-06 	 9.840119e+06 	
4.37287287e+06 	 2.779318e-06 	 9.838221e+06 	
4.37337337e+06 	 2.777128e-06 	 9.836323e+06 	
4.37387387e+06 	 2.774940e-06 	 9.834427e+06 	
4.37437437e+06 	 2.772753e-06 	 9.832530e+06 	
4.37487487e+06 	 2.770567e-06 	 9.830635e+06 	
4.37537538e+06 	 2.768383e-06 	 9.828740e+06 	
4.37587588e+06 	 2.766200e-06 	 9.826845e+06 	
4.37637638e+06 	 2.764019e-06 	 9.824951e+06 	
4.37687688e+06 	 2.761838e-06 	 9.823057e+06 	
4.37737738e+06 	 2.759659e-06 	 9.821164e+06 	
4.37787788e+06 	 2.757482e-06 	 9.819272e+06 	
4.37837838e+06 	 2.755305e-06 	 9.817380e+06 	
4.37887888e+06 	 2.753130e-06 	 9.815489e+06 	
4.37937938e+06 	 2.750957e-06 	 9.813598e+06 	
4.37987988e+06 	 2.748784e-06 	 9.811708e+06 	
4.38038038e+06 	 2.746613e-06 	 9.809818e+06 	
4.38088088e+06 	 2.744444e-06 	 9.807929e+06 	
4.38138138e+06 	 2.742275e-06 	 9.806040e+06 	
4.38188188e+06 	 2.740108e-06 	 9.804152e+06 	
4.38238238e+06 	 2.737942e-06 	 9.802265e+06 	
4.38288288e+06 	 2.735778e-06 	 9.800378e+06 	
4.38338338e+06 	 2.733615e-06 	 9.798491e+06 	
4.38388388e+06 	 2.731453e-06 	 9.796605e+06 	
4.38438438e+06 	 2.729292e-06 	 9.794720e+06 	
4.38488488e+06 	 2.727133e-06 	 9.792835e+06 	
4.38538539e+06 	 2.724975e-06 	 9.790951e+06 	
4.38588589e+06 	 2.722818e-06 	 9.789067e+06 	
4.38638639e+06 	 2.720663e-06 	 9.787184e+06 	
4.38688689e+06 	 2.718509e-06 	 9.785301e+06 	
4.38738739e+06 	 2.716356e-06 	 9.783419e+06 	
4.38788789e+06 	 2.714204e-06 	 9.781538e+06 	
4.38838839e+06 	 2.712054e-06 	 9.779657e+06 	
4.38888889e+06 	 2.709905e-06 	 9.777776e+06 	
4.38938939e+06 	 2.707758e-06 	 9.775896e+06 	
4.38988989e+06 	 2.705612e-06 	 9.774017e+06 	
4.39039039e+06 	 2.703467e-06 	 9.772138e+06 	
4.39089089e+06 	 2.701323e-06 	 9.770260e+06 	
4.39139139e+06 	 2.699180e-06 	 9.768382e+06 	
4.39189189e+06 	 2.697039e-06 	 9.766505e+06 	
4.39239239e+06 	 2.694899e-06 	 9.764628e+06 	
4.39289289e+06 	 2.692761e-06 	 9.762752e+06 	
4.39339339e+06 	 2.690624e-06 	 9.760876e+06 	
4.39389389e+06 	 2.688488e-06 	 9.759001e+06 	
4.39439439e+06 	 2.686353e-06 	 9.757127e+06 	
4.39489489e+06 	 2.684220e-06 	 9.755253e+06 	
4.39539540e+06 	 2.682088e-06 	 9.753379e+06 	
4.39589590e+06 	 2.679957e-06 	 9.751506e+06 	
4.39639640e+06 	 2.677827e-06 	 9.749634e+06 	
4.39689690e+06 	 2.675699e-06 	 9.747762e+06 	
4.39739740e+06 	 2.673572e-06 	 9.745891e+06 	
4.39789790e+06 	 2.671446e-06 	 9.744020e+06 	
4.39839840e+06 	 2.669322e-06 	 9.742150e+06 	
4.39889890e+06 	 2.667199e-06 	 9.740280e+06 	
4.39939940e+06 	 2.665077e-06 	 9.738411e+06 	
4.39989990e+06 	 2.662956e-06 	 9.736542e+06 	
4.40040040e+06 	 2.660837e-06 	 9.734674e+06 	
4.40090090e+06 	 2.658719e-06 	 9.732807e+06 	
4.40140140e+06 	 2.656602e-06 	 9.730940e+06 	
4.40190190e+06 	 2.654486e-06 	 9.729073e+06 	
4.40240240e+06 	 2.652372e-06 	 9.727207e+06 	
4.40290290e+06 	 2.650259e-06 	 9.725342e+06 	
4.40340340e+06 	 2.648147e-06 	 9.723477e+06 	
4.40390390e+06 	 2.646037e-06 	 9.721613e+06 	
4.40440440e+06 	 2.643927e-06 	 9.719749e+06 	
4.40490490e+06 	 2.641820e-06 	 9.717886e+06 	
4.40540541e+06 	 2.639713e-06 	 9.716023e+06 	
4.40590591e+06 	 2.637607e-06 	 9.714161e+06 	
4.40640641e+06 	 2.635503e-06 	 9.712299e+06 	
4.40690691e+06 	 2.633400e-06 	 9.710438e+06 	
4.40740741e+06 	 2.631299e-06 	 9.708577e+06 	
4.40790791e+06 	 2.629198e-06 	 9.706717e+06 	
4.40840841e+06 	 2.627099e-06 	 9.704858e+06 	
4.40890891e+06 	 2.625001e-06 	 9.702999e+06 	
4.40940941e+06 	 2.622905e-06 	 9.701140e+06 	
4.40990991e+06 	 2.620809e-06 	 9.699282e+06 	
4.41041041e+06 	 2.618715e-06 	 9.697425e+06 	
4.41091091e+06 	 2.616622e-06 	 9.695568e+06 	
4.41141141e+06 	 2.614531e-06 	 9.693712e+06 	
4.41191191e+06 	 2.612440e-06 	 9.691856e+06 	
4.41241241e+06 	 2.610351e-06 	 9.690001e+06 	
4.41291291e+06 	 2.608263e-06 	 9.688146e+06 	
4.41341341e+06 	 2.606176e-06 	 9.686292e+06 	
4.41391391e+06 	 2.604091e-06 	 9.684438e+06 	
4.41441441e+06 	 2.602007e-06 	 9.682585e+06 	
4.41491491e+06 	 2.599924e-06 	 9.680733e+06 	
4.41541542e+06 	 2.597842e-06 	 9.678881e+06 	
4.41591592e+06 	 2.595762e-06 	 9.677029e+06 	
4.41641642e+06 	 2.593683e-06 	 9.675178e+06 	
4.41691692e+06 	 2.591605e-06 	 9.673328e+06 	
4.41741742e+06 	 2.589528e-06 	 9.671478e+06 	
4.41791792e+06 	 2.587452e-06 	 9.669628e+06 	
4.41841842e+06 	 2.585378e-06 	 9.667780e+06 	
4.41891892e+06 	 2.583305e-06 	 9.665931e+06 	
4.41941942e+06 	 2.581233e-06 	 9.664084e+06 	
4.41991992e+06 	 2.579163e-06 	 9.662236e+06 	
4.42042042e+06 	 2.577093e-06 	 9.660390e+06 	
4.42092092e+06 	 2.575025e-06 	 9.658543e+06 	
4.42142142e+06 	 2.572958e-06 	 9.656698e+06 	
4.42192192e+06 	 2.570893e-06 	 9.654853e+06 	
4.42242242e+06 	 2.568828e-06 	 9.653008e+06 	
4.42292292e+06 	 2.566765e-06 	 9.651164e+06 	
4.42342342e+06 	 2.564703e-06 	 9.649320e+06 	
4.42392392e+06 	 2.562642e-06 	 9.647477e+06 	
4.42442442e+06 	 2.560583e-06 	 9.645635e+06 	
4.42492492e+06 	 2.558524e-06 	 9.643793e+06 	
4.42542543e+06 	 2.556467e-06 	 9.641952e+06 	
4.42592593e+06 	 2.554411e-06 	 9.640111e+06 	
4.42642643e+06 	 2.552357e-06 	 9.638270e+06 	
4.42692693e+06 	 2.550303e-06 	 9.636430e+06 	
4.42742743e+06 	 2.548251e-06 	 9.634591e+06 	
4.42792793e+06 	 2.546200e-06 	 9.632752e+06 	
4.42842843e+06 	 2.544150e-06 	 9.630914e+06 	
4.42892893e+06 	 2.542101e-06 	 9.629076e+06 	
4.42942943e+06 	 2.540054e-06 	 9.627239e+06 	
4.42992993e+06 	 2.538008e-06 	 9.625403e+06 	
4.43043043e+06 	 2.535963e-06 	 9.623566e+06 	
4.43093093e+06 	 2.533919e-06 	 9.621731e+06 	
4.43143143e+06 	 2.531877e-06 	 9.619896e+06 	
4.43193193e+06 	 2.529835e-06 	 9.618061e+06 	
4.43243243e+06 	 2.527795e-06 	 9.616227e+06 	
4.43293293e+06 	 2.525756e-06 	 9.614394e+06 	
4.43343343e+06 	 2.523718e-06 	 9.612561e+06 	
4.43393393e+06 	 2.521682e-06 	 9.610728e+06 	
4.43443443e+06 	 2.519646e-06 	 9.608896e+06 	
4.43493493e+06 	 2.517612e-06 	 9.607065e+06 	
4.43543544e+06 	 2.515579e-06 	 9.605234e+06 	
4.43593594e+06 	 2.513547e-06 	 9.603404e+06 	
4.43643644e+06 	 2.511517e-06 	 9.601574e+06 	
4.43693694e+06 	 2.509487e-06 	 9.599745e+06 	
4.43743744e+06 	 2.507459e-06 	 9.597916e+06 	
4.43793794e+06 	 2.505432e-06 	 9.596088e+06 	
4.43843844e+06 	 2.503406e-06 	 9.594260e+06 	
4.43893894e+06 	 2.501382e-06 	 9.592433e+06 	
4.43943944e+06 	 2.499358e-06 	 9.590606e+06 	
4.43993994e+06 	 2.497336e-06 	 9.588780e+06 	
4.44044044e+06 	 2.495315e-06 	 9.586954e+06 	
4.44094094e+06 	 2.493295e-06 	 9.585129e+06 	
4.44144144e+06 	 2.491277e-06 	 9.583305e+06 	
4.44194194e+06 	 2.489259e-06 	 9.581481e+06 	
4.44244244e+06 	 2.487243e-06 	 9.579657e+06 	
4.44294294e+06 	 2.485228e-06 	 9.577834e+06 	
4.44344344e+06 	 2.483214e-06 	 9.576012e+06 	
4.44394394e+06 	 2.481201e-06 	 9.574190e+06 	
4.44444444e+06 	 2.479314e-06 	 9.572346e+06 	
4.44494494e+06 	 2.477304e-06 	 9.570525e+06 	
4.44544545e+06 	 2.475295e-06 	 9.568704e+06 	
4.44594595e+06 	 2.473287e-06 	 9.566884e+06 	
4.44644645e+06 	 2.471281e-06 	 9.565065e+06 	
4.44694695e+06 	 2.469276e-06 	 9.563246e+06 	
4.44744745e+06 	 2.467272e-06 	 9.561428e+06 	
4.44794795e+06 	 2.465269e-06 	 9.559610e+06 	
4.44844845e+06 	 2.463267e-06 	 9.557792e+06 	
4.44894895e+06 	 2.461267e-06 	 9.555976e+06 	
4.44944945e+06 	 2.459267e-06 	 9.554159e+06 	
4.44994995e+06 	 2.457269e-06 	 9.552343e+06 	
4.45045045e+06 	 2.455272e-06 	 9.550528e+06 	
4.45095095e+06 	 2.453276e-06 	 9.548713e+06 	
4.45145145e+06 	 2.451282e-06 	 9.546899e+06 	
4.45195195e+06 	 2.449288e-06 	 9.545086e+06 	
4.45245245e+06 	 2.447296e-06 	 9.543272e+06 	
4.45295295e+06 	 2.445304e-06 	 9.541460e+06 	
4.45345345e+06 	 2.443314e-06 	 9.539648e+06 	
4.45395395e+06 	 2.441326e-06 	 9.537836e+06 	
4.45445445e+06 	 2.439338e-06 	 9.536025e+06 	
4.45495495e+06 	 2.437351e-06 	 9.534214e+06 	
4.45545546e+06 	 2.435366e-06 	 9.532404e+06 	
4.45595596e+06 	 2.433382e-06 	 9.530595e+06 	
4.45645646e+06 	 2.431399e-06 	 9.528786e+06 	
4.45695696e+06 	 2.429417e-06 	 9.526977e+06 	
4.45745746e+06 	 2.427436e-06 	 9.525169e+06 	
4.45795796e+06 	 2.425456e-06 	 9.523362e+06 	
4.45845846e+06 	 2.423478e-06 	 9.521555e+06 	
4.45895896e+06 	 2.421501e-06 	 9.519748e+06 	
4.45945946e+06 	 2.419525e-06 	 9.517943e+06 	
4.45995996e+06 	 2.417550e-06 	 9.516137e+06 	
4.46046046e+06 	 2.415576e-06 	 9.514332e+06 	
4.46096096e+06 	 2.413603e-06 	 9.512528e+06 	
4.46146146e+06 	 2.411632e-06 	 9.510724e+06 	
4.46196196e+06 	 2.409661e-06 	 9.508921e+06 	
4.46246246e+06 	 2.407692e-06 	 9.507118e+06 	
4.46296296e+06 	 2.405724e-06 	 9.505316e+06 	
4.46346346e+06 	 2.403757e-06 	 9.503514e+06 	
4.46396396e+06 	 2.401791e-06 	 9.501713e+06 	
4.46446446e+06 	 2.399826e-06 	 9.499912e+06 	
4.46496496e+06 	 2.397863e-06 	 9.498112e+06 	
4.46546547e+06 	 2.395901e-06 	 9.496312e+06 	
4.46596597e+06 	 2.393939e-06 	 9.494513e+06 	
4.46646647e+06 	 2.391979e-06 	 9.492715e+06 	
4.46696697e+06 	 2.390020e-06 	 9.490916e+06 	
4.46746747e+06 	 2.388062e-06 	 9.489119e+06 	
4.46796797e+06 	 2.386106e-06 	 9.487322e+06 	
4.46846847e+06 	 2.384150e-06 	 9.485525e+06 	
4.46896897e+06 	 2.382196e-06 	 9.483729e+06 	
4.46946947e+06 	 2.380242e-06 	 9.481934e+06 	
4.46996997e+06 	 2.378290e-06 	 9.480139e+06 	
4.47047047e+06 	 2.376339e-06 	 9.478344e+06 	
4.47097097e+06 	 2.374389e-06 	 9.476550e+06 	
4.47147147e+06 	 2.372440e-06 	 9.474757e+06 	
4.47197197e+06 	 2.370493e-06 	 9.472964e+06 	
4.47247247e+06 	 2.368546e-06 	 9.471171e+06 	
4.47297297e+06 	 2.366601e-06 	 9.469379e+06 	
4.47347347e+06 	 2.364657e-06 	 9.467588e+06 	
4.47397397e+06 	 2.362714e-06 	 9.465797e+06 	
4.47447447e+06 	 2.360771e-06 	 9.464007e+06 	
4.47497497e+06 	 2.358831e-06 	 9.462217e+06 	
4.47547548e+06 	 2.356891e-06 	 9.460427e+06 	
4.47597598e+06 	 2.354952e-06 	 9.458638e+06 	
4.47647648e+06 	 2.353015e-06 	 9.456850e+06 	
4.47697698e+06 	 2.351078e-06 	 9.455062e+06 	
4.47747748e+06 	 2.349143e-06 	 9.453275e+06 	
4.47797798e+06 	 2.347209e-06 	 9.451488e+06 	
4.47847848e+06 	 2.345276e-06 	 9.449702e+06 	
4.47897898e+06 	 2.343344e-06 	 9.447916e+06 	
4.47947948e+06 	 2.341413e-06 	 9.446131e+06 	
4.47997998e+06 	 2.339483e-06 	 9.444346e+06 	
4.48048048e+06 	 2.337555e-06 	 9.442562e+06 	
4.48098098e+06 	 2.335627e-06 	 9.440778e+06 	
4.48148148e+06 	 2.333701e-06 	 9.438995e+06 	
4.48198198e+06 	 2.331775e-06 	 9.437212e+06 	
4.48248248e+06 	 2.329851e-06 	 9.435430e+06 	
4.48298298e+06 	 2.327928e-06 	 9.433649e+06 	
4.48348348e+06 	 2.326006e-06 	 9.431868e+06 	
4.48398398e+06 	 2.324085e-06 	 9.430087e+06 	
4.48448448e+06 	 2.322166e-06 	 9.428307e+06 	
4.48498498e+06 	 2.320247e-06 	 9.426527e+06 	
4.48548549e+06 	 2.318329e-06 	 9.424748e+06 	
4.48598599e+06 	 2.316413e-06 	 9.422970e+06 	
4.48648649e+06 	 2.314498e-06 	 9.421191e+06 	
4.48698699e+06 	 2.312583e-06 	 9.419414e+06 	
4.48748749e+06 	 2.310670e-06 	 9.417637e+06 	
4.48798799e+06 	 2.308758e-06 	 9.415860e+06 	
4.48848849e+06 	 2.306847e-06 	 9.414084e+06 	
4.48898899e+06 	 2.304937e-06 	 9.412309e+06 	
4.48948949e+06 	 2.303029e-06 	 9.410534e+06 	
4.48998999e+06 	 2.301121e-06 	 9.408759e+06 	
4.49049049e+06 	 2.299214e-06 	 9.406985e+06 	
4.49099099e+06 	 2.297309e-06 	 9.405212e+06 	
4.49149149e+06 	 2.295404e-06 	 9.403439e+06 	
4.49199199e+06 	 2.293501e-06 	 9.401667e+06 	
4.49249249e+06 	 2.291599e-06 	 9.399895e+06 	
4.49299299e+06 	 2.289698e-06 	 9.398123e+06 	
4.49349349e+06 	 2.287798e-06 	 9.396352e+06 	
4.49399399e+06 	 2.285899e-06 	 9.394582e+06 	
4.49449449e+06 	 2.284001e-06 	 9.392812e+06 	
4.49499499e+06 	 2.282104e-06 	 9.391043e+06 	
4.49549550e+06 	 2.280209e-06 	 9.389274e+06 	
4.49599600e+06 	 2.278314e-06 	 9.387505e+06 	
4.49649650e+06 	 2.276420e-06 	 9.385738e+06 	
4.49699700e+06 	 2.274528e-06 	 9.383970e+06 	
4.49749750e+06 	 2.272637e-06 	 9.382203e+06 	
4.49799800e+06 	 2.270746e-06 	 9.380437e+06 	
4.49849850e+06 	 2.268857e-06 	 9.378671e+06 	
4.49899900e+06 	 2.266969e-06 	 9.376906e+06 	
4.49949950e+06 	 2.265082e-06 	 9.375141e+06 	
4.50000000e+06 	 2.263196e-06 	 9.373377e+06 	
4.52440684e+06 	 2.172397e-06 	 9.287980e+06 	
4.54894606e+06 	 2.083675e-06 	 9.203307e+06 	
4.57361837e+06 	 1.996869e-06 	 9.119382e+06 	
4.59842450e+06 	 1.912020e-06 	 9.036187e+06 	
4.62336517e+06 	 1.828885e-06 	 8.953771e+06 	
4.64844111e+06 	 1.747491e-06 	 8.872123e+06 	
4.67365306e+06 	 1.667693e-06 	 8.791278e+06 	
4.69900175e+06 	 1.589603e-06 	 8.711206e+06 	
4.72448793e+06 	 1.513094e-06 	 8.631941e+06 	
4.75011233e+06 	 1.438200e-06 	 8.553476e+06 	
4.77587572e+06 	 1.364737e-06 	 8.475871e+06 	
4.80177884e+06 	 1.292733e-06 	 8.399131e+06 	
4.82782245e+06 	 1.222222e-06 	 8.323257e+06 	
4.85400732e+06 	 1.153059e-06 	 8.248319e+06 	
4.88033420e+06 	 1.085282e-06 	 8.174331e+06 	
4.90680388e+06 	 1.018825e-06 	 8.101354e+06 	
4.93341712e+06 	 9.537908e-07 	 8.029389e+06 	
4.96017470e+06 	 8.901447e-07 	 7.958501e+06 	
4.98707741e+06 	 8.279581e-07 	 7.888719e+06 	
5.01412604e+06 	 7.671862e-07 	 7.820143e+06 	
5.04132136e+06 	 7.079249e-07 	 7.752816e+06 	
5.06866419e+06 	 6.502110e-07 	 7.686833e+06 	
5.09615532e+06 	 5.942057e-07 	 7.622228e+06 	
5.12379556e+06 	 5.399894e-07 	 7.559100e+06 	
5.15158570e+06 	 4.876649e-07 	 7.497561e+06 	
5.17952658e+06 	 4.374348e-07 	 7.437658e+06 	
5.20761900e+06 	 3.894392e-07 	 7.379505e+06 	
5.23586378e+06 	 3.438332e-07 	 7.323223e+06 	
5.26426176e+06 	 3.008385e-07 	 7.268860e+06 	
5.29281376e+06 	 2.606293e-07 	 7.216506e+06 	
5.32152062e+06 	 2.233488e-07 	 7.166285e+06 	
5.35038317e+06 	 1.891545e-07 	 7.118251e+06 	
5.37940228e+06 	 1.581495e-07 	 7.072495e+06 	
5.40857877e+06 	 1.304181e-07 	 7.029012e+06 	
5.43791351e+06 	 1.059702e-07 	 6.987820e+06 	
5.46740735e+06 	 8.474716e-08 	 6.948960e+06 	
5.49706116e+06 	 6.664113e-08 	 6.912385e+06 	
5.52687580e+06 	 5.147912e-08 	 6.878016e+06 	
5.55685215e+06 	 3.902757e-08 	 6.845804e+06 	
5.58699109e+06 	 2.901405e-08 	 6.815627e+06 	
5.61729349e+06 	 2.113623e-08 	 6.787314e+06 	
5.64776024e+06 	 1.507720e-08 	 6.760756e+06 	
5.67839224e+06 	 1.052606e-08 	 6.735718e+06 	
5.70919038e+06 	 7.189095e-09 	 6.711951e+06 	
5.74015556e+06 	 4.800980e-09 	 6.689703e+06 	
5.77128868e+06 	 3.134961e-09 	 6.668219e+06 	
5.80259067e+06 	 2.001165e-09 	 6.647647e+06 	
5.83406242e+06 	 1.248755e-09 	 6.627873e+06 	
5.86570488e+06 	 7.618511e-10 	 6.608186e+06 	
5.89751895e+06 	 4.544353e-10 	 6.589506e+06 	
6.54886275e+06 	 1.000000e-20 	 6.240231e+06 	
7.27214338e+06 	 1.000000e-20 	 5.911842e+06 	
8.07530579e+06 	 1.000000e-20 	 5.601724e+06 	
8.96717243e+06 	 1.000000e-20 	 5.308708e+06 	
9.95754012e+06 	 1.000000e-20 	 5.031724e+06 	
1.10572877e+07 	 1.000000e-20 	 4.769788e+06 	
1.22784954e+07 	 1.000000e-20 	 4.521991e+06 	
1.36345779e+07 	 1.000000e-20 	 4.287495e+06 	
1.51404311e+07 	 1.000000e-20 	 4.065521e+06 	
1.68125963e+07 	 1.000000e-20 	 3.855347e+06 	
1.86694416e+07 	 1.000000e-20 	 3.656299e+06 	
2.07313638e+07 	 1.000000e-20 	 3.467750e+06 	
2.30210123e+07 	 1.000000e-20 	 3.289113e+06 	
2.55635380e+07 	 1.000000e-20 	 3.119838e+06 	
2.83868697e+07 	 1.000000e-20 	 2.959412e+06 	
3.15220206e+07 	 1.000000e-20 	 2.807351e+06 	
3.50034292e+07 	 1.000000e-20 	 2.663203e+06 	
3.88693373e+07 	 1.000000e-20 	 2.526540e+06 	
4.31622107e+07 	 1.000000e-20 	 2.396963e+06 	
4.79292049e+07 	 1.000000e-20 	 2.274092e+06 	
5.32226836e+07 	 1.000000e-20 	 2.157572e+06 	
5.91007936e+07 	 1.000000e-20 	 2.047067e+06 	
6.56281038e+07 	 1.000000e-20 	 1.942260e+06 	
7.28763143e+07 	 1.000000e-20 	 1.842851e+06 	
8.09250440e+07 	 1.000000e-20 	 1.748558e+06 	
8.98627052e+07 	 1.000000e-20 	 1.659113e+06 	
9.97874748e+07 	 1.000000e-20 	 1.574264e+06 	
1.10808373e+08 	 1.000000e-20 	 1.493771e+06 	
1.23046459e+08 	 1.000000e-20 	 1.417409e+06 	
1.36636165e+08 	 1.000000e-20 	 1.344963e+06 	
1.51726769e+08 	 1.000000e-20 	 1.276230e+06 	
1.68484034e+08 	 1.000000e-20 	 1.211019e+06 	
1.87092034e+08 	 1.000000e-20 	 1.149148e+06 	
2.07755170e+08 	 1.000000e-20 	 1.090445e+06 	
2.30700420e+08 	 1.000000e-20 	 1.034746e+06 	
2.56179827e+08 	 1.000000e-20 	 9.818973e+05 	
2.84473275e+08 	 1.000000e-20 	 9.317518e+05 	
3.15891555e+08 	 1.000000e-20 	 8.841708e+05 	
3.50779787e+08 	 1.000000e-20 	 8.390226e+05 	
3.89521204e+08 	 1.000000e-20 	 7.961824e+05 	
4.32541367e+08 	 1.000000e-20 	 7.555319e+05 	
4.80312835e+08 	 1.000000e-20 	 7.169587e+05 	
5.33360361e+08 	 1.000000e-20 	 6.803564e+05 	
5.92266652e+08 	 1.000000e-20 	 6.456242e+05 	
6.57678772e+08 	 1.000000e-20 	 6.126662e+05 	
7.30315248e+08 	 1.000000e-20 	 5.813917e+05 	
8.10973965e+08 	 1.000000e-20 	 5.517145e+05 	
9.00540929e+08 	 1.000000e-20 	 5.235529e+05 	
1.00000000e+09 	 1.000000e-20 	 4.968295e+05 	
