r (cm)        	 rho (g/cm3) 	 T (K)       		 Linf = 1.749193e+38
1.19991178e+06 	 4.509675e+04 	 1.269558e+09 	
1.20018468e+06 	 3.944108e+04 	 1.227410e+09 	
1.20047991e+06 	 3.400448e+04 	 1.182434e+09 	
1.20077514e+06 	 2.921222e+04 	 1.138126e+09 	
1.20101780e+06 	 2.571219e+04 	 1.102224e+09 	
1.20126045e+06 	 2.257337e+04 	 1.066801e+09 	
1.20150310e+06 	 1.976546e+04 	 1.031870e+09 	
1.20174575e+06 	 1.726001e+04 	 9.974430e+08 	
1.20198840e+06 	 1.503035e+04 	 9.635349e+08 	
1.20222924e+06 	 1.306544e+04 	 9.304066e+08 	
1.20247008e+06 	 1.132488e+04 	 8.978168e+08 	
1.20271092e+06 	 9.787448e+03 	 8.657797e+08 	
1.20290790e+06 	 8.667179e+03 	 8.399972e+08 	
1.20310489e+06 	 7.659518e+03 	 8.146020e+08 	
1.20330187e+06 	 6.755021e+03 	 7.896022e+08 	
1.20349885e+06 	 5.944844e+03 	 7.650057e+08 	
1.20369584e+06 	 5.220718e+03 	 7.408206e+08 	
1.20389282e+06 	 4.574934e+03 	 7.170552e+08 	
1.20409051e+06 	 3.998372e+03 	 6.936345e+08 	
1.20428820e+06 	 3.486746e+03 	 6.706527e+08 	
1.20448589e+06 	 3.033812e+03 	 6.481178e+08 	
1.20464840e+06 	 2.701348e+03 	 6.299332e+08 	
1.20481091e+06 	 2.401660e+03 	 6.120602e+08 	
1.20497343e+06 	 2.131966e+03 	 5.945032e+08 	
1.20513594e+06 	 1.889673e+03 	 5.772663e+08 	
1.20529845e+06 	 1.672366e+03 	 5.603536e+08 	
1.20546096e+06 	 1.477803e+03 	 5.437689e+08 	
1.20562347e+06 	 1.303905e+03 	 5.275160e+08 	
1.20579150e+06 	 1.143790e+03 	 5.110645e+08 	
1.20595952e+06 	 1.001748e+03 	 4.949752e+08 	
1.20609781e+06 	 8.971281e+02 	 4.820084e+08 	
1.20623609e+06 	 8.025953e+02 	 4.692911e+08 	
1.20637437e+06 	 7.172853e+02 	 4.568252e+08 	
1.20651265e+06 	 6.403959e+02 	 4.446121e+08 	
1.20665093e+06 	 5.711836e+02 	 4.326532e+08 	
1.20678921e+06 	 5.089602e+02 	 4.209498e+08 	
1.20692749e+06 	 4.530899e+02 	 4.095031e+08 	
1.20706578e+06 	 4.029861e+02 	 3.983137e+08 	
1.20720406e+06 	 3.581088e+02 	 3.873826e+08 	
1.20735024e+06 	 3.158007e+02 	 3.761082e+08 	
1.20747152e+06 	 2.843254e+02 	 3.669740e+08 	
1.20759280e+06 	 2.558364e+02 	 3.580390e+08 	
1.20771408e+06 	 2.300731e+02 	 3.493033e+08 	
1.20783536e+06 	 2.067949e+02 	 3.407665e+08 	
1.20795665e+06 	 1.857798e+02 	 3.324285e+08 	
1.20807793e+06 	 1.668234e+02 	 3.242887e+08 	
1.20819921e+06 	 1.497377e+02 	 3.163464e+08 	
1.20832049e+06 	 1.343500e+02 	 3.086009e+08 	
1.20844177e+06 	 1.205018e+02 	 3.010513e+08 	
1.20856305e+06 	 1.080481e+02 	 2.936965e+08 	
1.20868433e+06 	 9.685611e+01 	 2.865353e+08 	
1.20880561e+06 	 8.680456e+01 	 2.795663e+08 	
1.20892690e+06 	 7.778283e+01 	 2.727880e+08 	
1.20904347e+06 	 6.998785e+01 	 2.664508e+08 	
1.20916005e+06 	 6.296953e+01 	 2.602866e+08 	
1.20927663e+06 	 5.665343e+01 	 2.542937e+08 	
1.20939320e+06 	 5.097174e+01 	 2.484703e+08 	
1.20950978e+06 	 4.586271e+01 	 2.428143e+08 	
1.20962636e+06 	 4.127025e+01 	 2.373236e+08 	
1.20974293e+06 	 3.714341e+01 	 2.319960e+08 	
1.20985951e+06 	 3.343597e+01 	 2.268293e+08 	
1.20997609e+06 	 3.010606e+01 	 2.218210e+08 	
1.21009266e+06 	 2.711579e+01 	 2.169685e+08 	
1.21020924e+06 	 2.443087e+01 	 2.122692e+08 	
1.21032582e+06 	 2.202036e+01 	 2.077204e+08 	
1.21044239e+06 	 1.985631e+01 	 2.033194e+08 	
1.21055897e+06 	 1.791353e+01 	 1.990632e+08 	
1.21067555e+06 	 1.616931e+01 	 1.949488e+08 	
1.21079212e+06 	 1.460322e+01 	 1.909734e+08 	
1.21090870e+06 	 1.319688e+01 	 1.871337e+08 	
1.21102528e+06 	 1.193376e+01 	 1.834267e+08 	
1.21114185e+06 	 1.079901e+01 	 1.798492e+08 	
1.21127829e+06 	 9.616237e+00 	 1.758225e+08 	
1.21141472e+06 	 8.572103e+00 	 1.719636e+08 	
1.21155115e+06 	 7.649894e+00 	 1.682673e+08 	
1.21168758e+06 	 6.834904e+00 	 1.647283e+08 	
1.21182402e+06 	 6.114206e+00 	 1.613414e+08 	
1.21196045e+06 	 5.476440e+00 	 1.581012e+08 	
1.21209688e+06 	 4.911633e+00 	 1.550027e+08 	
1.21223331e+06 	 4.411024e+00 	 1.520405e+08 	
1.21236975e+06 	 3.966927e+00 	 1.492096e+08 	
1.21250618e+06 	 3.572595e+00 	 1.465049e+08 	
1.21264261e+06 	 3.222107e+00 	 1.439214e+08 	
1.21277904e+06 	 2.910268e+00 	 1.414542e+08 	
1.21291548e+06 	 2.632518e+00 	 1.390984e+08 	
1.21305191e+06 	 2.384857e+00 	 1.368494e+08 	
1.21318834e+06 	 2.163771e+00 	 1.347025e+08 	
1.21332477e+06 	 1.966176e+00 	 1.326533e+08 	
1.21349648e+06 	 1.746726e+00 	 1.302064e+08 	
1.21366819e+06 	 1.555543e+00 	 1.278989e+08 	
1.21383990e+06 	 1.388652e+00 	 1.257229e+08 	
1.21401161e+06 	 1.242668e+00 	 1.236706e+08 	
1.21418332e+06 	 1.114707e+00 	 1.217347e+08 	
1.21435503e+06 	 1.002308e+00 	 1.199082e+08 	
1.21452673e+06 	 9.033697e-01 	 1.181845e+08 	
1.21469844e+06 	 8.160955e-01 	 1.165573e+08 	
1.21491561e+06 	 7.200438e-01 	 1.146282e+08 	
1.21513279e+06 	 6.375851e-01 	 1.128326e+08 	
1.21534996e+06 	 5.665561e-01 	 1.111603e+08 	
1.21556713e+06 	 5.051673e-01 	 1.096013e+08 	
1.21578430e+06 	 4.519342e-01 	 1.081469e+08 	
1.21600147e+06 	 4.056223e-01 	 1.067889e+08 	
1.21621865e+06 	 3.652019e-01 	 1.055195e+08 	
1.21649889e+06 	 3.203702e-01 	 1.040014e+08 	
1.21677913e+06 	 2.824111e-01 	 1.026060e+08 	
1.21705938e+06 	 2.501103e-01 	 1.013210e+08 	
1.21733962e+06 	 2.224912e-01 	 1.001358e+08 	
1.21761987e+06 	 1.987644e-01 	 9.904043e+07 	
1.21798047e+06 	 1.729415e-01 	 9.774952e+07 	
1.21834108e+06 	 1.514268e-01 	 9.657709e+07 	
1.21870169e+06 	 1.333787e-01 	 9.550910e+07 	
1.21906229e+06 	 1.181397e-01 	 9.453341e+07 	
1.21948890e+06 	 1.030378e-01 	 9.348398e+07 	
1.21991550e+06 	 9.048303e-02 	 9.253408e+07 	
1.22034210e+06 	 7.996518e-02 	 9.167100e+07 	
1.22076871e+06 	 7.108996e-02 	 9.088393e+07 	
1.22136984e+06 	 6.079213e-02 	 8.988637e+07 	
1.22197097e+06 	 5.250619e-02 	 8.900018e+07 	
1.22257210e+06 	 4.576211e-02 	 8.820798e+07 	
1.22336702e+06 	 3.863731e-02 	 8.728103e+07 	
1.22416194e+06 	 3.304292e-02 	 8.646794e+07 	
1.22495686e+06 	 2.858370e-02 	 8.574846e+07 	
1.22603521e+06 	 2.386355e-02 	 8.489415e+07 	
1.22711357e+06 	 2.025142e-02 	 8.415281e+07 	
1.22819192e+06 	 1.743311e-02 	 8.350180e+07 	
1.22974168e+06 	 1.436191e-02 	 8.269094e+07 	
1.23129143e+06 	 1.209180e-02 	 8.199474e+07 	
1.23284118e+06 	 1.036974e-02 	 8.138702e+07 	
1.23462423e+06 	 8.859371e-03 	 8.077303e+07 	
1.23640727e+06 	 7.703460e-03 	 8.023056e+07 	
1.23819031e+06 	 6.799620e-03 	 7.974458e+07 	
1.24083548e+06 	 5.783075e-03 	 7.910463e+07 	
1.24348064e+06 	 5.032919e-03 	 7.853916e+07 	
1.24686158e+06 	 4.329203e-03 	 7.789723e+07 	
1.25024252e+06 	 3.815346e-03 	 7.732324e+07 	
1.25362346e+06 	 3.428210e-03 	 7.680033e+07 	
1.25854235e+06 	 3.014599e-03 	 7.610760e+07 	
1.26158409e+06 	 2.820053e-03 	 7.571025e+07 	
1.26755577e+06 	 2.528409e-03 	 7.498178e+07 	
1.27252826e+06 	 2.348520e-03 	 7.441534e+07 	
1.28022411e+06 	 2.141807e-03 	 7.359122e+07 	
1.28654335e+06 	 2.014881e-03 	 7.295050e+07 	
1.29659382e+06 	 1.862100e-03 	 7.198055e+07 	
1.30436934e+06 	 1.770479e-03 	 7.126195e+07 	
1.31860761e+06 	 1.638199e-03 	 7.000045e+07 	
1.32412592e+06 	 1.595068e-03 	 6.952715e+07 	
1.34197034e+06 	 1.474629e-03 	 6.804582e+07 	
1.35320860e+06 	 1.409002e-03 	 6.714679e+07 	
1.37500000e+06 	 1.296214e-03 	 6.546880e+07 	
1.40000000e+06 	 1.183223e-03 	 6.363897e+07 	
1.42500000e+06 	 1.083452e-03 	 6.190154e+07 	
1.45000000e+06 	 9.944340e-04 	 6.024902e+07 	
1.47500000e+06 	 9.145491e-04 	 5.867512e+07 	
1.50000000e+06 	 8.426102e-04 	 5.717435e+07 	
1.52500000e+06 	 7.776832e-04 	 5.574184e+07 	
1.55000000e+06 	 7.189329e-04 	 5.437309e+07 	
1.57500000e+06 	 6.656598e-04 	 5.306402e+07 	
1.60000000e+06 	 6.172556e-04 	 5.181087e+07 	
1.62500000e+06 	 5.732005e-04 	 5.061024e+07 	
1.65000000e+06 	 5.330224e-04 	 4.945893e+07 	
1.67500000e+06 	 4.963231e-04 	 4.835405e+07 	
1.70000000e+06 	 4.627390e-04 	 4.729288e+07 	
1.72500000e+06 	 4.319596e-04 	 4.627296e+07 	
1.75000000e+06 	 4.037067e-04 	 4.529196e+07 	
1.77500000e+06 	 3.777333e-04 	 4.434776e+07 	
1.80000000e+06 	 3.538243e-04 	 4.343837e+07 	
1.82500000e+06 	 3.317806e-04 	 4.256192e+07 	
1.85000000e+06 	 3.114294e-04 	 4.171671e+07 	
1.87500000e+06 	 2.926196e-04 	 4.090114e+07 	
1.90000000e+06 	 2.752092e-04 	 4.011370e+07 	
1.92500000e+06 	 2.590778e-04 	 3.935301e+07 	
1.95000000e+06 	 2.441106e-04 	 3.861774e+07 	
1.97500000e+06 	 2.302108e-04 	 3.790668e+07 	
2.00000000e+06 	 2.172860e-04 	 3.721867e+07 	
2.02500000e+06 	 2.052549e-04 	 3.655263e+07 	
2.05000000e+06 	 1.940453e-04 	 3.590757e+07 	
2.07500000e+06 	 1.835898e-04 	 3.528252e+07 	
2.10000000e+06 	 1.738285e-04 	 3.467659e+07 	
2.12500000e+06 	 1.647061e-04 	 3.408894e+07 	
2.15000000e+06 	 1.561730e-04 	 3.351877e+07 	
2.17500000e+06 	 1.481841e-04 	 3.296532e+07 	
2.20000000e+06 	 1.406985e-04 	 3.242790e+07 	
2.22500000e+06 	 1.336779e-04 	 3.190583e+07 	
2.25000000e+06 	 1.270883e-04 	 3.139848e+07 	
2.27500000e+06 	 1.208991e-04 	 3.090526e+07 	
2.30000000e+06 	 1.150802e-04 	 3.042559e+07 	
2.32500000e+06 	 1.096056e-04 	 2.995894e+07 	
2.35000000e+06 	 1.044508e-04 	 2.950479e+07 	
2.37500000e+06 	 9.959443e-05 	 2.906267e+07 	
2.40000000e+06 	 9.501528e-05 	 2.863211e+07 	
2.42500000e+06 	 9.069471e-05 	 2.821268e+07 	
2.45000000e+06 	 8.661525e-05 	 2.780395e+07 	
2.47500000e+06 	 8.276132e-05 	 2.740555e+07 	
2.50000000e+06 	 7.911786e-05 	 2.701709e+07 	
2.52500000e+06 	 7.567104e-05 	 2.663821e+07 	
2.55000000e+06 	 7.240841e-05 	 2.626857e+07 	
2.57500000e+06 	 6.931822e-05 	 2.590785e+07 	
2.60000000e+06 	 6.638979e-05 	 2.555573e+07 	
2.62500000e+06 	 6.361295e-05 	 2.521193e+07 	
2.65000000e+06 	 6.097846e-05 	 2.487615e+07 	
2.67500000e+06 	 5.847756e-05 	 2.454812e+07 	
2.70000000e+06 	 5.610209e-05 	 2.422759e+07 	
2.72500000e+06 	 5.384474e-05 	 2.391431e+07 	
2.75000000e+06 	 5.169846e-05 	 2.360805e+07 	
2.77500000e+06 	 4.965685e-05 	 2.330856e+07 	
2.80000000e+06 	 4.771380e-05 	 2.301565e+07 	
2.82500000e+06 	 4.586355e-05 	 2.272910e+07 	
2.85000000e+06 	 4.410105e-05 	 2.244871e+07 	
2.87500000e+06 	 4.242115e-05 	 2.217429e+07 	
2.90000000e+06 	 4.081935e-05 	 2.190565e+07 	
2.92500000e+06 	 3.929129e-05 	 2.164262e+07 	
2.95000000e+06 	 3.783300e-05 	 2.138504e+07 	
2.97500000e+06 	 3.644061e-05 	 2.113273e+07 	
3.00000000e+06 	 3.511071e-05 	 2.088554e+07 	
3.02500000e+06 	 3.383983e-05 	 2.064333e+07 	
3.05000000e+06 	 3.262493e-05 	 2.040594e+07 	
3.07500000e+06 	 3.146304e-05 	 2.017324e+07 	
3.10000000e+06 	 3.035148e-05 	 1.994510e+07 	
3.12500000e+06 	 2.928761e-05 	 1.972138e+07 	
3.15000000e+06 	 2.826898e-05 	 1.950196e+07 	
3.17500000e+06 	 2.729334e-05 	 1.928672e+07 	
3.20000000e+06 	 2.635849e-05 	 1.907555e+07 	
3.22500000e+06 	 2.546248e-05 	 1.886834e+07 	
3.25000000e+06 	 2.460332e-05 	 1.866497e+07 	
3.27500000e+06 	 2.377925e-05 	 1.846536e+07 	
3.30000000e+06 	 2.298854e-05 	 1.826938e+07 	
3.32500000e+06 	 2.222962e-05 	 1.807696e+07 	
3.35000000e+06 	 2.150093e-05 	 1.788799e+07 	
3.37500000e+06 	 2.080107e-05 	 1.770239e+07 	
3.40000000e+06 	 2.012865e-05 	 1.752007e+07 	
3.42500000e+06 	 1.948244e-05 	 1.734095e+07 	
3.45000000e+06 	 1.886118e-05 	 1.716495e+07 	
3.47500000e+06 	 1.826375e-05 	 1.699198e+07 	
3.50000000e+06 	 1.768905e-05 	 1.682197e+07 	
3.52500000e+06 	 1.713606e-05 	 1.665485e+07 	
3.55000000e+06 	 1.660380e-05 	 1.649055e+07 	
3.57500000e+06 	 1.609135e-05 	 1.632900e+07 	
3.60000000e+06 	 1.559783e-05 	 1.617013e+07 	
3.62500000e+06 	 1.512241e-05 	 1.601388e+07 	
3.65000000e+06 	 1.466428e-05 	 1.586018e+07 	
3.67500000e+06 	 1.422272e-05 	 1.570898e+07 	
3.70000000e+06 	 1.379702e-05 	 1.556022e+07 	
3.72500000e+06 	 1.338648e-05 	 1.541384e+07 	
3.75000000e+06 	 1.299046e-05 	 1.526978e+07 	
3.77500000e+06 	 1.260836e-05 	 1.512800e+07 	
3.80000000e+06 	 1.223958e-05 	 1.498843e+07 	
3.82500000e+06 	 1.188358e-05 	 1.485104e+07 	
3.85000000e+06 	 1.153984e-05 	 1.471577e+07 	
3.87500000e+06 	 1.120784e-05 	 1.458257e+07 	
3.90000000e+06 	 1.088711e-05 	 1.445140e+07 	
3.92500000e+06 	 1.057719e-05 	 1.432222e+07 	
3.95000000e+06 	 1.027765e-05 	 1.419497e+07 	
3.97500000e+06 	 9.988073e-06 	 1.406963e+07 	
4.00000000e+06 	 9.708066e-06 	 1.394614e+07 	
4.02500000e+06 	 9.437247e-06 	 1.382447e+07 	
4.05000000e+06 	 9.175262e-06 	 1.370458e+07 	
4.07500000e+06 	 8.921759e-06 	 1.358643e+07 	
4.10000000e+06 	 8.676416e-06 	 1.346998e+07 	
4.12500000e+06 	 8.438920e-06 	 1.335521e+07 	
4.15000000e+06 	 8.208969e-06 	 1.324207e+07 	
4.17500000e+06 	 7.986272e-06 	 1.313054e+07 	
4.20000000e+06 	 7.770562e-06 	 1.302057e+07 	
4.22500000e+06 	 7.561571e-06 	 1.291214e+07 	
4.25000000e+06 	 7.359055e-06 	 1.280522e+07 	
4.27500000e+06 	 7.162767e-06 	 1.269977e+07 	
4.30000000e+06 	 6.972482e-06 	 1.259577e+07 	
4.32500000e+06 	 6.787975e-06 	 1.249319e+07 	
4.35000000e+06 	 6.609041e-06 	 1.239200e+07 	
4.37500000e+06 	 6.435477e-06 	 1.229218e+07 	
4.40000000e+06 	 6.267088e-06 	 1.219369e+07 	
4.42500000e+06 	 6.103686e-06 	 1.209651e+07 	
4.45000000e+06 	 5.945099e-06 	 1.200062e+07 	
4.47500000e+06 	 5.791152e-06 	 1.190599e+07 	
4.50000000e+06 	 5.641685e-06 	 1.181260e+07 	
4.52500000e+06 	 5.496537e-06 	 1.172043e+07 	
4.55000000e+06 	 5.355560e-06 	 1.162944e+07 	
4.57500000e+06 	 5.218611e-06 	 1.153963e+07 	
4.60000000e+06 	 5.085549e-06 	 1.145097e+07 	
4.62500000e+06 	 4.956239e-06 	 1.136343e+07 	
4.65000000e+06 	 4.830557e-06 	 1.127700e+07 	
4.67500000e+06 	 4.708376e-06 	 1.119166e+07 	
4.70000000e+06 	 4.589580e-06 	 1.110739e+07 	
4.72500000e+06 	 4.474056e-06 	 1.102417e+07 	
4.75000000e+06 	 4.361693e-06 	 1.094197e+07 	
4.77500000e+06 	 4.252387e-06 	 1.086079e+07 	
4.80000000e+06 	 4.146035e-06 	 1.078060e+07 	
4.82500000e+06 	 4.042543e-06 	 1.070139e+07 	
4.85000000e+06 	 3.941813e-06 	 1.062314e+07 	
4.87500000e+06 	 3.843759e-06 	 1.054584e+07 	
4.90000000e+06 	 3.748293e-06 	 1.046946e+07 	
4.92500000e+06 	 3.655330e-06 	 1.039399e+07 	
4.95000000e+06 	 3.564791e-06 	 1.031942e+07 	
5.00000000e+06 	 3.390675e-06 	 1.017291e+07 	
5.00050050e+06 	 3.388977e-06 	 1.017146e+07 	
5.00100100e+06 	 3.387281e-06 	 1.017001e+07 	
5.00150150e+06 	 3.385585e-06 	 1.016856e+07 	
5.00200200e+06 	 3.383890e-06 	 1.016711e+07 	
5.00250250e+06 	 3.382196e-06 	 1.016567e+07 	
5.00300300e+06 	 3.380503e-06 	 1.016422e+07 	
5.00350350e+06 	 3.378811e-06 	 1.016277e+07 	
5.00400400e+06 	 3.377120e-06 	 1.016133e+07 	
5.00450450e+06 	 3.375429e-06 	 1.015988e+07 	
5.00500501e+06 	 3.373740e-06 	 1.015843e+07 	
5.00550551e+06 	 3.372051e-06 	 1.015699e+07 	
5.00600601e+06 	 3.370363e-06 	 1.015554e+07 	
5.00650651e+06 	 3.368676e-06 	 1.015410e+07 	
5.00700701e+06 	 3.366990e-06 	 1.015265e+07 	
5.00750751e+06 	 3.365305e-06 	 1.015121e+07 	
5.00800801e+06 	 3.363621e-06 	 1.014976e+07 	
5.00850851e+06 	 3.361937e-06 	 1.014832e+07 	
5.00900901e+06 	 3.360255e-06 	 1.014688e+07 	
5.00950951e+06 	 3.358573e-06 	 1.014543e+07 	
5.01001001e+06 	 3.356892e-06 	 1.014399e+07 	
5.01051051e+06 	 3.355212e-06 	 1.014255e+07 	
5.01101101e+06 	 3.353533e-06 	 1.014111e+07 	
5.01151151e+06 	 3.351855e-06 	 1.013967e+07 	
5.01201201e+06 	 3.350178e-06 	 1.013822e+07 	
5.01251251e+06 	 3.348501e-06 	 1.013678e+07 	
5.01301301e+06 	 3.346825e-06 	 1.013534e+07 	
5.01351351e+06 	 3.345151e-06 	 1.013390e+07 	
5.01401401e+06 	 3.343477e-06 	 1.013246e+07 	
5.01451451e+06 	 3.341804e-06 	 1.013102e+07 	
5.01501502e+06 	 3.340132e-06 	 1.012958e+07 	
5.01551552e+06 	 3.338460e-06 	 1.012814e+07 	
5.01601602e+06 	 3.336790e-06 	 1.012671e+07 	
5.01651652e+06 	 3.335120e-06 	 1.012527e+07 	
5.01701702e+06 	 3.333452e-06 	 1.012383e+07 	
5.01751752e+06 	 3.331784e-06 	 1.012239e+07 	
5.01801802e+06 	 3.330117e-06 	 1.012095e+07 	
5.01851852e+06 	 3.328451e-06 	 1.011952e+07 	
5.01901902e+06 	 3.326785e-06 	 1.011808e+07 	
5.01951952e+06 	 3.325121e-06 	 1.011664e+07 	
5.02002002e+06 	 3.323458e-06 	 1.011521e+07 	
5.02052052e+06 	 3.321795e-06 	 1.011377e+07 	
5.02102102e+06 	 3.320133e-06 	 1.011234e+07 	
5.02152152e+06 	 3.318472e-06 	 1.011090e+07 	
5.02202202e+06 	 3.316812e-06 	 1.010947e+07 	
5.02252252e+06 	 3.315153e-06 	 1.010803e+07 	
5.02302302e+06 	 3.313494e-06 	 1.010660e+07 	
5.02352352e+06 	 3.311837e-06 	 1.010517e+07 	
5.02402402e+06 	 3.310180e-06 	 1.010373e+07 	
5.02452452e+06 	 3.308524e-06 	 1.010230e+07 	
5.02502503e+06 	 3.306869e-06 	 1.010087e+07 	
5.02552553e+06 	 3.305215e-06 	 1.009944e+07 	
5.02602603e+06 	 3.303562e-06 	 1.009800e+07 	
5.02652653e+06 	 3.301910e-06 	 1.009657e+07 	
5.02702703e+06 	 3.300258e-06 	 1.009514e+07 	
5.02752753e+06 	 3.298607e-06 	 1.009371e+07 	
5.02802803e+06 	 3.296957e-06 	 1.009228e+07 	
5.02852853e+06 	 3.295308e-06 	 1.009085e+07 	
5.02902903e+06 	 3.293660e-06 	 1.008942e+07 	
5.02952953e+06 	 3.292013e-06 	 1.008799e+07 	
5.03003003e+06 	 3.290366e-06 	 1.008656e+07 	
5.03053053e+06 	 3.288721e-06 	 1.008513e+07 	
5.03103103e+06 	 3.287076e-06 	 1.008370e+07 	
5.03153153e+06 	 3.285432e-06 	 1.008228e+07 	
5.03203203e+06 	 3.283789e-06 	 1.008085e+07 	
5.03253253e+06 	 3.282147e-06 	 1.007942e+07 	
5.03303303e+06 	 3.280505e-06 	 1.007799e+07 	
5.03353353e+06 	 3.278865e-06 	 1.007657e+07 	
5.03403403e+06 	 3.277225e-06 	 1.007514e+07 	
5.03453453e+06 	 3.275586e-06 	 1.007371e+07 	
5.03503504e+06 	 3.273948e-06 	 1.007229e+07 	
5.03553554e+06 	 3.272311e-06 	 1.007086e+07 	
5.03603604e+06 	 3.270675e-06 	 1.006944e+07 	
5.03653654e+06 	 3.269039e-06 	 1.006801e+07 	
5.03703704e+06 	 3.267405e-06 	 1.006659e+07 	
5.03753754e+06 	 3.265771e-06 	 1.006516e+07 	
5.03803804e+06 	 3.264138e-06 	 1.006374e+07 	
5.03853854e+06 	 3.262506e-06 	 1.006232e+07 	
5.03903904e+06 	 3.260875e-06 	 1.006089e+07 	
5.03953954e+06 	 3.259244e-06 	 1.005947e+07 	
5.04004004e+06 	 3.257615e-06 	 1.005805e+07 	
5.04054054e+06 	 3.255986e-06 	 1.005663e+07 	
5.04104104e+06 	 3.254358e-06 	 1.005520e+07 	
5.04154154e+06 	 3.252731e-06 	 1.005378e+07 	
5.04204204e+06 	 3.251105e-06 	 1.005236e+07 	
5.04254254e+06 	 3.249479e-06 	 1.005094e+07 	
5.04304304e+06 	 3.247855e-06 	 1.004952e+07 	
5.04354354e+06 	 3.246231e-06 	 1.004810e+07 	
5.04404404e+06 	 3.244608e-06 	 1.004668e+07 	
5.04454454e+06 	 3.242986e-06 	 1.004526e+07 	
5.04504505e+06 	 3.241365e-06 	 1.004384e+07 	
5.04554555e+06 	 3.239744e-06 	 1.004242e+07 	
5.04604605e+06 	 3.238125e-06 	 1.004100e+07 	
5.04654655e+06 	 3.236506e-06 	 1.003959e+07 	
5.04704705e+06 	 3.234888e-06 	 1.003817e+07 	
5.04754755e+06 	 3.233271e-06 	 1.003675e+07 	
5.04804805e+06 	 3.231655e-06 	 1.003533e+07 	
5.04854855e+06 	 3.230039e-06 	 1.003392e+07 	
5.04904905e+06 	 3.228425e-06 	 1.003250e+07 	
5.04954955e+06 	 3.226811e-06 	 1.003108e+07 	
5.05005005e+06 	 3.225198e-06 	 1.002967e+07 	
5.05055055e+06 	 3.223586e-06 	 1.002825e+07 	
5.05105105e+06 	 3.221974e-06 	 1.002684e+07 	
5.05155155e+06 	 3.220364e-06 	 1.002542e+07 	
5.05205205e+06 	 3.218754e-06 	 1.002401e+07 	
5.05255255e+06 	 3.217145e-06 	 1.002259e+07 	
5.05305305e+06 	 3.215537e-06 	 1.002118e+07 	
5.05355355e+06 	 3.213930e-06 	 1.001977e+07 	
5.05405405e+06 	 3.212324e-06 	 1.001835e+07 	
5.05455455e+06 	 3.210719e-06 	 1.001694e+07 	
5.05505506e+06 	 3.209114e-06 	 1.001553e+07 	
5.05555556e+06 	 3.207510e-06 	 1.001412e+07 	
5.05605606e+06 	 3.205907e-06 	 1.001270e+07 	
5.05655656e+06 	 3.204305e-06 	 1.001129e+07 	
5.05705706e+06 	 3.202703e-06 	 1.000988e+07 	
5.05755756e+06 	 3.201103e-06 	 1.000847e+07 	
5.05805806e+06 	 3.199503e-06 	 1.000706e+07 	
5.05855856e+06 	 3.197904e-06 	 1.000565e+07 	
5.05905906e+06 	 3.196306e-06 	 1.000424e+07 	
5.05955956e+06 	 3.194709e-06 	 1.000283e+07 	
5.06006006e+06 	 3.193112e-06 	 1.000142e+07 	
5.06056056e+06 	 3.191516e-06 	 1.000001e+07 	
5.06106106e+06 	 3.189921e-06 	 9.998603e+06 	
5.06156156e+06 	 3.188327e-06 	 9.997194e+06 	
5.06206206e+06 	 3.186734e-06 	 9.995786e+06 	
5.06256256e+06 	 3.185142e-06 	 9.994379e+06 	
5.06306306e+06 	 3.183550e-06 	 9.992972e+06 	
5.06356356e+06 	 3.181959e-06 	 9.991565e+06 	
5.06406406e+06 	 3.180369e-06 	 9.990158e+06 	
5.06456456e+06 	 3.178780e-06 	 9.988752e+06 	
5.06506507e+06 	 3.177192e-06 	 9.987346e+06 	
5.06556557e+06 	 3.175604e-06 	 9.985940e+06 	
5.06606607e+06 	 3.174017e-06 	 9.984535e+06 	
5.06656657e+06 	 3.172431e-06 	 9.983130e+06 	
5.06706707e+06 	 3.170846e-06 	 9.981725e+06 	
5.06756757e+06 	 3.169262e-06 	 9.980321e+06 	
5.06806807e+06 	 3.167678e-06 	 9.978917e+06 	
5.06856857e+06 	 3.166096e-06 	 9.977513e+06 	
5.06906907e+06 	 3.164514e-06 	 9.976109e+06 	
5.06956957e+06 	 3.162933e-06 	 9.974706e+06 	
5.07007007e+06 	 3.161352e-06 	 9.973304e+06 	
5.07057057e+06 	 3.159773e-06 	 9.971901e+06 	
5.07107107e+06 	 3.158194e-06 	 9.970499e+06 	
5.07157157e+06 	 3.156616e-06 	 9.969098e+06 	
5.07207207e+06 	 3.155039e-06 	 9.967696e+06 	
5.07257257e+06 	 3.153463e-06 	 9.966295e+06 	
5.07307307e+06 	 3.151888e-06 	 9.964894e+06 	
5.07357357e+06 	 3.150313e-06 	 9.963494e+06 	
5.07407407e+06 	 3.148739e-06 	 9.962094e+06 	
5.07457457e+06 	 3.147166e-06 	 9.960694e+06 	
5.07507508e+06 	 3.145594e-06 	 9.959294e+06 	
5.07557558e+06 	 3.144022e-06 	 9.957895e+06 	
5.07607608e+06 	 3.142451e-06 	 9.956497e+06 	
5.07657658e+06 	 3.140882e-06 	 9.955098e+06 	
5.07707708e+06 	 3.139313e-06 	 9.953700e+06 	
5.07757758e+06 	 3.137744e-06 	 9.952302e+06 	
5.07807808e+06 	 3.136177e-06 	 9.950905e+06 	
5.07857858e+06 	 3.134610e-06 	 9.949507e+06 	
5.07907908e+06 	 3.133044e-06 	 9.948110e+06 	
5.07957958e+06 	 3.131479e-06 	 9.946714e+06 	
5.08008008e+06 	 3.129915e-06 	 9.945318e+06 	
5.08058058e+06 	 3.128351e-06 	 9.943922e+06 	
5.08108108e+06 	 3.126789e-06 	 9.942526e+06 	
5.08158158e+06 	 3.125227e-06 	 9.941131e+06 	
5.08208208e+06 	 3.123666e-06 	 9.939736e+06 	
5.08258258e+06 	 3.122105e-06 	 9.938342e+06 	
5.08308308e+06 	 3.120546e-06 	 9.936947e+06 	
5.08358358e+06 	 3.118987e-06 	 9.935553e+06 	
5.08408408e+06 	 3.117429e-06 	 9.934160e+06 	
5.08458458e+06 	 3.115872e-06 	 9.932766e+06 	
5.08508509e+06 	 3.114316e-06 	 9.931373e+06 	
5.08558559e+06 	 3.112760e-06 	 9.929981e+06 	
5.08608609e+06 	 3.111205e-06 	 9.928588e+06 	
5.08658659e+06 	 3.109651e-06 	 9.927196e+06 	
5.08708709e+06 	 3.108098e-06 	 9.925805e+06 	
5.08758759e+06 	 3.106546e-06 	 9.924413e+06 	
5.08808809e+06 	 3.104994e-06 	 9.923022e+06 	
5.08858859e+06 	 3.103443e-06 	 9.921632e+06 	
5.08908909e+06 	 3.101893e-06 	 9.920241e+06 	
5.08958959e+06 	 3.100344e-06 	 9.918851e+06 	
5.09009009e+06 	 3.098795e-06 	 9.917461e+06 	
5.09059059e+06 	 3.097248e-06 	 9.916072e+06 	
5.09109109e+06 	 3.095701e-06 	 9.914683e+06 	
5.09159159e+06 	 3.094155e-06 	 9.913294e+06 	
5.09209209e+06 	 3.092609e-06 	 9.911906e+06 	
5.09259259e+06 	 3.091065e-06 	 9.910518e+06 	
5.09309309e+06 	 3.089521e-06 	 9.909130e+06 	
5.09359359e+06 	 3.087978e-06 	 9.907742e+06 	
5.09409409e+06 	 3.086436e-06 	 9.906355e+06 	
5.09459459e+06 	 3.084895e-06 	 9.904968e+06 	
5.09509510e+06 	 3.083354e-06 	 9.903582e+06 	
5.09559560e+06 	 3.081814e-06 	 9.902195e+06 	
5.09609610e+06 	 3.080275e-06 	 9.900810e+06 	
5.09659660e+06 	 3.078737e-06 	 9.899424e+06 	
5.09709710e+06 	 3.077199e-06 	 9.898039e+06 	
5.09759760e+06 	 3.075662e-06 	 9.896654e+06 	
5.09809810e+06 	 3.074126e-06 	 9.895269e+06 	
5.09859860e+06 	 3.072591e-06 	 9.893885e+06 	
5.09909910e+06 	 3.071057e-06 	 9.892501e+06 	
5.09959960e+06 	 3.069523e-06 	 9.891117e+06 	
5.10010010e+06 	 3.067990e-06 	 9.889734e+06 	
5.10060060e+06 	 3.066458e-06 	 9.888351e+06 	
5.10110110e+06 	 3.064927e-06 	 9.886968e+06 	
5.10160160e+06 	 3.063397e-06 	 9.885586e+06 	
5.10210210e+06 	 3.061867e-06 	 9.884204e+06 	
5.10260260e+06 	 3.060338e-06 	 9.882822e+06 	
5.10310310e+06 	 3.058810e-06 	 9.881441e+06 	
5.10360360e+06 	 3.057282e-06 	 9.880060e+06 	
5.10410410e+06 	 3.055756e-06 	 9.878679e+06 	
5.10460460e+06 	 3.054230e-06 	 9.877298e+06 	
5.10510511e+06 	 3.052705e-06 	 9.875918e+06 	
5.10560561e+06 	 3.051180e-06 	 9.874539e+06 	
5.10610611e+06 	 3.049657e-06 	 9.873159e+06 	
5.10660661e+06 	 3.048134e-06 	 9.871780e+06 	
5.10710711e+06 	 3.046612e-06 	 9.870401e+06 	
5.10760761e+06 	 3.045091e-06 	 9.869023e+06 	
5.10810811e+06 	 3.043570e-06 	 9.867644e+06 	
5.10860861e+06 	 3.042050e-06 	 9.866266e+06 	
5.10910911e+06 	 3.040531e-06 	 9.864889e+06 	
5.10960961e+06 	 3.039013e-06 	 9.863512e+06 	
5.11011011e+06 	 3.037496e-06 	 9.862135e+06 	
5.11061061e+06 	 3.035979e-06 	 9.860758e+06 	
5.11111111e+06 	 3.034463e-06 	 9.859382e+06 	
5.11161161e+06 	 3.032948e-06 	 9.858006e+06 	
5.11211211e+06 	 3.031434e-06 	 9.856630e+06 	
5.11261261e+06 	 3.029920e-06 	 9.855255e+06 	
5.11311311e+06 	 3.028407e-06 	 9.853880e+06 	
5.11361361e+06 	 3.026895e-06 	 9.852505e+06 	
5.11411411e+06 	 3.025384e-06 	 9.851131e+06 	
5.11461461e+06 	 3.023873e-06 	 9.849756e+06 	
5.11511512e+06 	 3.022364e-06 	 9.848383e+06 	
5.11561562e+06 	 3.020855e-06 	 9.847009e+06 	
5.11611612e+06 	 3.019346e-06 	 9.845636e+06 	
5.11661662e+06 	 3.017839e-06 	 9.844263e+06 	
5.11711712e+06 	 3.016332e-06 	 9.842891e+06 	
5.11761762e+06 	 3.014826e-06 	 9.841519e+06 	
5.11811812e+06 	 3.013321e-06 	 9.840147e+06 	
5.11861862e+06 	 3.011817e-06 	 9.838775e+06 	
5.11911912e+06 	 3.010313e-06 	 9.837404e+06 	
5.11961962e+06 	 3.008810e-06 	 9.836033e+06 	
5.12012012e+06 	 3.007308e-06 	 9.834662e+06 	
5.12062062e+06 	 3.005806e-06 	 9.833292e+06 	
5.12112112e+06 	 3.004306e-06 	 9.831922e+06 	
5.12162162e+06 	 3.002806e-06 	 9.830553e+06 	
5.12212212e+06 	 3.001307e-06 	 9.829183e+06 	
5.12262262e+06 	 2.999808e-06 	 9.827814e+06 	
5.12312312e+06 	 2.998311e-06 	 9.826446e+06 	
5.12362362e+06 	 2.996814e-06 	 9.825077e+06 	
5.12412412e+06 	 2.995318e-06 	 9.823709e+06 	
5.12462462e+06 	 2.993822e-06 	 9.822341e+06 	
5.12512513e+06 	 2.992328e-06 	 9.820974e+06 	
5.12562563e+06 	 2.990834e-06 	 9.819607e+06 	
5.12612613e+06 	 2.989341e-06 	 9.818240e+06 	
5.12662663e+06 	 2.987848e-06 	 9.816873e+06 	
5.12712713e+06 	 2.986357e-06 	 9.815507e+06 	
5.12762763e+06 	 2.984866e-06 	 9.814141e+06 	
5.12812813e+06 	 2.983376e-06 	 9.812776e+06 	
5.12862863e+06 	 2.981886e-06 	 9.811411e+06 	
5.12912913e+06 	 2.980398e-06 	 9.810046e+06 	
5.12962963e+06 	 2.978910e-06 	 9.808681e+06 	
5.13013013e+06 	 2.977423e-06 	 9.807317e+06 	
5.13063063e+06 	 2.975936e-06 	 9.805953e+06 	
5.13113113e+06 	 2.974451e-06 	 9.804589e+06 	
5.13163163e+06 	 2.972966e-06 	 9.803226e+06 	
5.13213213e+06 	 2.971481e-06 	 9.801863e+06 	
5.13263263e+06 	 2.969998e-06 	 9.800500e+06 	
5.13313313e+06 	 2.968515e-06 	 9.799138e+06 	
5.13363363e+06 	 2.967034e-06 	 9.797776e+06 	
5.13413413e+06 	 2.965552e-06 	 9.796414e+06 	
5.13463463e+06 	 2.964072e-06 	 9.795052e+06 	
5.13513514e+06 	 2.962592e-06 	 9.793691e+06 	
5.13563564e+06 	 2.961113e-06 	 9.792330e+06 	
5.13613614e+06 	 2.959635e-06 	 9.790970e+06 	
5.13663664e+06 	 2.958158e-06 	 9.789609e+06 	
5.13713714e+06 	 2.956681e-06 	 9.788250e+06 	
5.13763764e+06 	 2.955205e-06 	 9.786890e+06 	
5.13813814e+06 	 2.953730e-06 	 9.785531e+06 	
5.13863864e+06 	 2.952255e-06 	 9.784172e+06 	
5.13913914e+06 	 2.950781e-06 	 9.782813e+06 	
5.13963964e+06 	 2.949308e-06 	 9.781455e+06 	
5.14014014e+06 	 2.947836e-06 	 9.780097e+06 	
5.14064064e+06 	 2.946365e-06 	 9.778739e+06 	
5.14114114e+06 	 2.944894e-06 	 9.777382e+06 	
5.14164164e+06 	 2.943424e-06 	 9.776024e+06 	
5.14214214e+06 	 2.941954e-06 	 9.774668e+06 	
5.14264264e+06 	 2.940486e-06 	 9.773311e+06 	
5.14314314e+06 	 2.939018e-06 	 9.771955e+06 	
5.14364364e+06 	 2.937551e-06 	 9.770599e+06 	
5.14414414e+06 	 2.936084e-06 	 9.769244e+06 	
5.14464464e+06 	 2.934619e-06 	 9.767888e+06 	
5.14514515e+06 	 2.933154e-06 	 9.766534e+06 	
5.14564565e+06 	 2.931690e-06 	 9.765179e+06 	
5.14614615e+06 	 2.930226e-06 	 9.763825e+06 	
5.14664665e+06 	 2.928763e-06 	 9.762471e+06 	
5.14714715e+06 	 2.927301e-06 	 9.761117e+06 	
5.14764765e+06 	 2.925840e-06 	 9.759764e+06 	
5.14814815e+06 	 2.924380e-06 	 9.758411e+06 	
5.14864865e+06 	 2.922920e-06 	 9.757058e+06 	
5.14914915e+06 	 2.921461e-06 	 9.755705e+06 	
5.14964965e+06 	 2.920002e-06 	 9.754353e+06 	
5.15015015e+06 	 2.918545e-06 	 9.753001e+06 	
5.15065065e+06 	 2.917088e-06 	 9.751650e+06 	
5.15115115e+06 	 2.915632e-06 	 9.750299e+06 	
5.15165165e+06 	 2.914176e-06 	 9.748948e+06 	
5.15215215e+06 	 2.912722e-06 	 9.747597e+06 	
5.15265265e+06 	 2.911268e-06 	 9.746247e+06 	
5.15315315e+06 	 2.909814e-06 	 9.744897e+06 	
5.15365365e+06 	 2.908362e-06 	 9.743547e+06 	
5.15415415e+06 	 2.906910e-06 	 9.742198e+06 	
5.15465465e+06 	 2.905459e-06 	 9.740849e+06 	
5.15515516e+06 	 2.904009e-06 	 9.739500e+06 	
5.15565566e+06 	 2.902559e-06 	 9.738152e+06 	
5.15615616e+06 	 2.901110e-06 	 9.736804e+06 	
5.15665666e+06 	 2.899662e-06 	 9.735456e+06 	
5.15715716e+06 	 2.898215e-06 	 9.734109e+06 	
5.15765766e+06 	 2.896768e-06 	 9.732761e+06 	
5.15815816e+06 	 2.895322e-06 	 9.731415e+06 	
5.15865866e+06 	 2.893877e-06 	 9.730068e+06 	
5.15915916e+06 	 2.892432e-06 	 9.728722e+06 	
5.15965966e+06 	 2.890988e-06 	 9.727376e+06 	
5.16016016e+06 	 2.889545e-06 	 9.726030e+06 	
5.16066066e+06 	 2.888103e-06 	 9.724685e+06 	
5.16116116e+06 	 2.886661e-06 	 9.723340e+06 	
5.16166166e+06 	 2.885220e-06 	 9.721995e+06 	
5.16216216e+06 	 2.883780e-06 	 9.720651e+06 	
5.16266266e+06 	 2.882340e-06 	 9.719307e+06 	
5.16316316e+06 	 2.880901e-06 	 9.717963e+06 	
5.16366366e+06 	 2.879463e-06 	 9.716619e+06 	
5.16416416e+06 	 2.878026e-06 	 9.715276e+06 	
5.16466466e+06 	 2.876589e-06 	 9.713933e+06 	
5.16516517e+06 	 2.875153e-06 	 9.712591e+06 	
5.16566567e+06 	 2.873718e-06 	 9.711249e+06 	
5.16616617e+06 	 2.872283e-06 	 9.709907e+06 	
5.16666667e+06 	 2.870850e-06 	 9.708565e+06 	
5.16716717e+06 	 2.869416e-06 	 9.707224e+06 	
5.16766767e+06 	 2.867984e-06 	 9.705883e+06 	
5.16816817e+06 	 2.866552e-06 	 9.704542e+06 	
5.16866867e+06 	 2.865121e-06 	 9.703201e+06 	
5.16916917e+06 	 2.863691e-06 	 9.701861e+06 	
5.16966967e+06 	 2.862262e-06 	 9.700522e+06 	
5.17017017e+06 	 2.860833e-06 	 9.699182e+06 	
5.17067067e+06 	 2.859405e-06 	 9.697843e+06 	
5.17117117e+06 	 2.857977e-06 	 9.696504e+06 	
5.17167167e+06 	 2.856551e-06 	 9.695165e+06 	
5.17217217e+06 	 2.855124e-06 	 9.693827e+06 	
5.17267267e+06 	 2.853699e-06 	 9.692489e+06 	
5.17317317e+06 	 2.852275e-06 	 9.691152e+06 	
5.17367367e+06 	 2.850851e-06 	 9.689814e+06 	
5.17417417e+06 	 2.849428e-06 	 9.688477e+06 	
5.17467467e+06 	 2.848005e-06 	 9.687140e+06 	
5.17517518e+06 	 2.846583e-06 	 9.685804e+06 	
5.17567568e+06 	 2.845162e-06 	 9.684468e+06 	
5.17617618e+06 	 2.843742e-06 	 9.683132e+06 	
5.17667668e+06 	 2.842322e-06 	 9.681797e+06 	
5.17717718e+06 	 2.840903e-06 	 9.680461e+06 	
5.17767768e+06 	 2.839485e-06 	 9.679126e+06 	
5.17817818e+06 	 2.838068e-06 	 9.677792e+06 	
5.17867868e+06 	 2.836651e-06 	 9.676457e+06 	
5.17917918e+06 	 2.835235e-06 	 9.675123e+06 	
5.17967968e+06 	 2.833819e-06 	 9.673790e+06 	
5.18018018e+06 	 2.832404e-06 	 9.672456e+06 	
5.18068068e+06 	 2.830990e-06 	 9.671123e+06 	
5.18118118e+06 	 2.829577e-06 	 9.669791e+06 	
5.18168168e+06 	 2.828164e-06 	 9.668458e+06 	
5.18218218e+06 	 2.826753e-06 	 9.667126e+06 	
5.18268268e+06 	 2.825341e-06 	 9.665794e+06 	
5.18318318e+06 	 2.823931e-06 	 9.664462e+06 	
5.18368368e+06 	 2.822521e-06 	 9.663131e+06 	
5.18418418e+06 	 2.821112e-06 	 9.661800e+06 	
5.18468468e+06 	 2.819703e-06 	 9.660470e+06 	
5.18518519e+06 	 2.818296e-06 	 9.659139e+06 	
5.18568569e+06 	 2.816889e-06 	 9.657809e+06 	
5.18618619e+06 	 2.815482e-06 	 9.656479e+06 	
5.18668669e+06 	 2.814077e-06 	 9.655150e+06 	
5.18718719e+06 	 2.812672e-06 	 9.653821e+06 	
5.18768769e+06 	 2.811267e-06 	 9.652492e+06 	
5.18818819e+06 	 2.809864e-06 	 9.651164e+06 	
5.18868869e+06 	 2.808461e-06 	 9.649835e+06 	
5.18918919e+06 	 2.807059e-06 	 9.648507e+06 	
5.18968969e+06 	 2.805657e-06 	 9.647180e+06 	
5.19019019e+06 	 2.804257e-06 	 9.645852e+06 	
5.19069069e+06 	 2.802857e-06 	 9.644525e+06 	
5.19119119e+06 	 2.801457e-06 	 9.643199e+06 	
5.19169169e+06 	 2.800058e-06 	 9.641872e+06 	
5.19219219e+06 	 2.798660e-06 	 9.640546e+06 	
5.19269269e+06 	 2.797263e-06 	 9.639220e+06 	
5.19319319e+06 	 2.795867e-06 	 9.637895e+06 	
5.19369369e+06 	 2.794471e-06 	 9.636570e+06 	
5.19419419e+06 	 2.793075e-06 	 9.635245e+06 	
5.19469469e+06 	 2.791681e-06 	 9.633920e+06 	
5.19519520e+06 	 2.790287e-06 	 9.632596e+06 	
5.19569570e+06 	 2.788894e-06 	 9.631272e+06 	
5.19619620e+06 	 2.787501e-06 	 9.629948e+06 	
5.19669670e+06 	 2.786109e-06 	 9.628625e+06 	
5.19719720e+06 	 2.784718e-06 	 9.627302e+06 	
5.19769770e+06 	 2.783328e-06 	 9.625979e+06 	
5.19819820e+06 	 2.781938e-06 	 9.624656e+06 	
5.19869870e+06 	 2.780549e-06 	 9.623334e+06 	
5.19919920e+06 	 2.779161e-06 	 9.622012e+06 	
5.19969970e+06 	 2.777773e-06 	 9.620691e+06 	
5.20020020e+06 	 2.776386e-06 	 9.619369e+06 	
5.20070070e+06 	 2.775000e-06 	 9.618048e+06 	
5.20120120e+06 	 2.773614e-06 	 9.616728e+06 	
5.20170170e+06 	 2.772229e-06 	 9.615407e+06 	
5.20220220e+06 	 2.770845e-06 	 9.614087e+06 	
5.20270270e+06 	 2.769461e-06 	 9.612767e+06 	
5.20320320e+06 	 2.768078e-06 	 9.611448e+06 	
5.20370370e+06 	 2.766696e-06 	 9.610129e+06 	
5.20420420e+06 	 2.765315e-06 	 9.608810e+06 	
5.20470470e+06 	 2.763934e-06 	 9.607491e+06 	
5.20520521e+06 	 2.762554e-06 	 9.606173e+06 	
5.20570571e+06 	 2.761174e-06 	 9.604855e+06 	
5.20620621e+06 	 2.759795e-06 	 9.603537e+06 	
5.20670671e+06 	 2.758417e-06 	 9.602220e+06 	
5.20720721e+06 	 2.757040e-06 	 9.600903e+06 	
5.20770771e+06 	 2.755663e-06 	 9.599586e+06 	
5.20820821e+06 	 2.754287e-06 	 9.598269e+06 	
5.20870871e+06 	 2.752912e-06 	 9.596953e+06 	
5.20920921e+06 	 2.751537e-06 	 9.595637e+06 	
5.20970971e+06 	 2.750163e-06 	 9.594322e+06 	
5.21021021e+06 	 2.748789e-06 	 9.593006e+06 	
5.21071071e+06 	 2.747417e-06 	 9.591691e+06 	
5.21121121e+06 	 2.746045e-06 	 9.590377e+06 	
5.21171171e+06 	 2.744673e-06 	 9.589062e+06 	
5.21221221e+06 	 2.743303e-06 	 9.587748e+06 	
5.21271271e+06 	 2.741933e-06 	 9.586434e+06 	
5.21321321e+06 	 2.740563e-06 	 9.585121e+06 	
5.21371371e+06 	 2.739195e-06 	 9.583808e+06 	
5.21421421e+06 	 2.737827e-06 	 9.582495e+06 	
5.21471471e+06 	 2.736459e-06 	 9.581182e+06 	
5.21521522e+06 	 2.735093e-06 	 9.579870e+06 	
5.21571572e+06 	 2.733727e-06 	 9.578558e+06 	
5.21621622e+06 	 2.732361e-06 	 9.577246e+06 	
5.21671672e+06 	 2.730997e-06 	 9.575935e+06 	
5.21721722e+06 	 2.729633e-06 	 9.574623e+06 	
5.21771772e+06 	 2.728270e-06 	 9.573313e+06 	
5.21821822e+06 	 2.726907e-06 	 9.572002e+06 	
5.21871872e+06 	 2.725545e-06 	 9.570692e+06 	
5.21921922e+06 	 2.724184e-06 	 9.569382e+06 	
5.21971972e+06 	 2.722823e-06 	 9.568072e+06 	
5.22022022e+06 	 2.721463e-06 	 9.566763e+06 	
5.22072072e+06 	 2.720104e-06 	 9.565454e+06 	
5.22122122e+06 	 2.718745e-06 	 9.564145e+06 	
5.22172172e+06 	 2.717387e-06 	 9.562837e+06 	
5.22222222e+06 	 2.716030e-06 	 9.561529e+06 	
5.22272272e+06 	 2.714674e-06 	 9.560221e+06 	
5.22322322e+06 	 2.713318e-06 	 9.558913e+06 	
5.22372372e+06 	 2.711962e-06 	 9.557606e+06 	
5.22422422e+06 	 2.710608e-06 	 9.556299e+06 	
5.22472472e+06 	 2.709254e-06 	 9.554992e+06 	
5.22522523e+06 	 2.707901e-06 	 9.553686e+06 	
5.22572573e+06 	 2.706548e-06 	 9.552380e+06 	
5.22622623e+06 	 2.705196e-06 	 9.551074e+06 	
5.22672673e+06 	 2.703845e-06 	 9.549768e+06 	
5.22722723e+06 	 2.702494e-06 	 9.548463e+06 	
5.22772773e+06 	 2.701144e-06 	 9.547158e+06 	
5.22822823e+06 	 2.699795e-06 	 9.545854e+06 	
5.22872873e+06 	 2.698446e-06 	 9.544549e+06 	
5.22922923e+06 	 2.697098e-06 	 9.543245e+06 	
5.22972973e+06 	 2.695751e-06 	 9.541942e+06 	
5.23023023e+06 	 2.694404e-06 	 9.540638e+06 	
5.23073073e+06 	 2.693058e-06 	 9.539335e+06 	
5.23123123e+06 	 2.691713e-06 	 9.538032e+06 	
5.23173173e+06 	 2.690368e-06 	 9.536730e+06 	
5.23223223e+06 	 2.689024e-06 	 9.535427e+06 	
5.23273273e+06 	 2.687681e-06 	 9.534125e+06 	
5.23323323e+06 	 2.686338e-06 	 9.532824e+06 	
5.23373373e+06 	 2.684996e-06 	 9.531522e+06 	
5.23423423e+06 	 2.683655e-06 	 9.530221e+06 	
5.23473473e+06 	 2.682314e-06 	 9.528921e+06 	
5.23523524e+06 	 2.680974e-06 	 9.527620e+06 	
5.23573574e+06 	 2.679635e-06 	 9.526320e+06 	
5.23623624e+06 	 2.678296e-06 	 9.525020e+06 	
5.23673674e+06 	 2.676958e-06 	 9.523720e+06 	
5.23723724e+06 	 2.675620e-06 	 9.522421e+06 	
5.23773774e+06 	 2.674283e-06 	 9.521122e+06 	
5.23823824e+06 	 2.672947e-06 	 9.519823e+06 	
5.23873874e+06 	 2.671612e-06 	 9.518525e+06 	
5.23923924e+06 	 2.670277e-06 	 9.517227e+06 	
5.23973974e+06 	 2.668943e-06 	 9.515929e+06 	
5.24024024e+06 	 2.667609e-06 	 9.514631e+06 	
5.24074074e+06 	 2.666276e-06 	 9.513334e+06 	
5.24124124e+06 	 2.664944e-06 	 9.512037e+06 	
5.24174174e+06 	 2.663612e-06 	 9.510740e+06 	
5.24224224e+06 	 2.662281e-06 	 9.509444e+06 	
5.24274274e+06 	 2.660951e-06 	 9.508148e+06 	
5.24324324e+06 	 2.659622e-06 	 9.506852e+06 	
5.24374374e+06 	 2.658293e-06 	 9.505557e+06 	
5.24424424e+06 	 2.656964e-06 	 9.504261e+06 	
5.24474474e+06 	 2.655636e-06 	 9.502967e+06 	
5.24524525e+06 	 2.654309e-06 	 9.501672e+06 	
5.24574575e+06 	 2.652983e-06 	 9.500378e+06 	
5.24624625e+06 	 2.651657e-06 	 9.499084e+06 	
5.24674675e+06 	 2.650332e-06 	 9.497790e+06 	
5.24724725e+06 	 2.649008e-06 	 9.496496e+06 	
5.24774775e+06 	 2.647684e-06 	 9.495203e+06 	
5.24824825e+06 	 2.646361e-06 	 9.493910e+06 	
5.24874875e+06 	 2.645038e-06 	 9.492618e+06 	
5.24924925e+06 	 2.643716e-06 	 9.491325e+06 	
5.24974975e+06 	 2.642395e-06 	 9.490033e+06 	
5.25025025e+06 	 2.641074e-06 	 9.488742e+06 	
5.25075075e+06 	 2.639754e-06 	 9.487450e+06 	
5.25125125e+06 	 2.638435e-06 	 9.486159e+06 	
5.25175175e+06 	 2.637116e-06 	 9.484868e+06 	
5.25225225e+06 	 2.635798e-06 	 9.483578e+06 	
5.25275275e+06 	 2.634481e-06 	 9.482288e+06 	
5.25325325e+06 	 2.633164e-06 	 9.480998e+06 	
5.25375375e+06 	 2.631848e-06 	 9.479708e+06 	
5.25425425e+06 	 2.630533e-06 	 9.478419e+06 	
5.25475475e+06 	 2.629218e-06 	 9.477129e+06 	
5.25525526e+06 	 2.627904e-06 	 9.475841e+06 	
5.25575576e+06 	 2.626590e-06 	 9.474552e+06 	
5.25625626e+06 	 2.625277e-06 	 9.473264e+06 	
5.25675676e+06 	 2.623965e-06 	 9.471976e+06 	
5.25725726e+06 	 2.622654e-06 	 9.470688e+06 	
5.25775776e+06 	 2.621343e-06 	 9.469401e+06 	
5.25825826e+06 	 2.620032e-06 	 9.468114e+06 	
5.25875876e+06 	 2.618723e-06 	 9.466827e+06 	
5.25925926e+06 	 2.617413e-06 	 9.465541e+06 	
5.25975976e+06 	 2.616105e-06 	 9.464255e+06 	
5.26026026e+06 	 2.614797e-06 	 9.462969e+06 	
5.26076076e+06 	 2.613490e-06 	 9.461683e+06 	
5.26126126e+06 	 2.612184e-06 	 9.460398e+06 	
5.26176176e+06 	 2.610878e-06 	 9.459113e+06 	
5.26226226e+06 	 2.609572e-06 	 9.457828e+06 	
5.26276276e+06 	 2.608268e-06 	 9.456543e+06 	
5.26326326e+06 	 2.606964e-06 	 9.455259e+06 	
5.26376376e+06 	 2.605660e-06 	 9.453975e+06 	
5.26426426e+06 	 2.604358e-06 	 9.452692e+06 	
5.26476476e+06 	 2.603056e-06 	 9.451409e+06 	
5.26526527e+06 	 2.601754e-06 	 9.450126e+06 	
5.26576577e+06 	 2.600453e-06 	 9.448843e+06 	
5.26626627e+06 	 2.599153e-06 	 9.447560e+06 	
5.26676677e+06 	 2.597853e-06 	 9.446278e+06 	
5.26726727e+06 	 2.596554e-06 	 9.444996e+06 	
5.26776777e+06 	 2.595256e-06 	 9.443715e+06 	
5.26826827e+06 	 2.593958e-06 	 9.442434e+06 	
5.26876877e+06 	 2.592661e-06 	 9.441153e+06 	
5.26926927e+06 	 2.591365e-06 	 9.439872e+06 	
5.26976977e+06 	 2.590069e-06 	 9.438591e+06 	
5.27027027e+06 	 2.588774e-06 	 9.437311e+06 	
5.27077077e+06 	 2.587479e-06 	 9.436031e+06 	
5.27127127e+06 	 2.586185e-06 	 9.434752e+06 	
5.27177177e+06 	 2.584892e-06 	 9.433473e+06 	
5.27227227e+06 	 2.583600e-06 	 9.432194e+06 	
5.27277277e+06 	 2.582307e-06 	 9.430915e+06 	
5.27327327e+06 	 2.581016e-06 	 9.429637e+06 	
5.27377377e+06 	 2.579725e-06 	 9.428358e+06 	
5.27427427e+06 	 2.578435e-06 	 9.427081e+06 	
5.27477477e+06 	 2.577146e-06 	 9.425803e+06 	
5.27527528e+06 	 2.575857e-06 	 9.424526e+06 	
5.27577578e+06 	 2.574568e-06 	 9.423249e+06 	
5.27627628e+06 	 2.573281e-06 	 9.421972e+06 	
5.27677678e+06 	 2.571994e-06 	 9.420696e+06 	
5.27727728e+06 	 2.570707e-06 	 9.419420e+06 	
5.27777778e+06 	 2.569421e-06 	 9.418144e+06 	
5.27827828e+06 	 2.568136e-06 	 9.416868e+06 	
5.27877878e+06 	 2.566852e-06 	 9.415593e+06 	
5.27927928e+06 	 2.565568e-06 	 9.414318e+06 	
5.27977978e+06 	 2.564284e-06 	 9.413043e+06 	
5.28028028e+06 	 2.563002e-06 	 9.411769e+06 	
5.28078078e+06 	 2.561719e-06 	 9.410495e+06 	
5.28128128e+06 	 2.560438e-06 	 9.409221e+06 	
5.28178178e+06 	 2.559157e-06 	 9.407947e+06 	
5.28228228e+06 	 2.557877e-06 	 9.406674e+06 	
5.28278278e+06 	 2.556597e-06 	 9.405401e+06 	
5.28328328e+06 	 2.555318e-06 	 9.404129e+06 	
5.28378378e+06 	 2.554040e-06 	 9.402856e+06 	
5.28428428e+06 	 2.552762e-06 	 9.401584e+06 	
5.28478478e+06 	 2.551485e-06 	 9.400312e+06 	
5.28528529e+06 	 2.550208e-06 	 9.399041e+06 	
5.28578579e+06 	 2.548933e-06 	 9.397769e+06 	
5.28628629e+06 	 2.547657e-06 	 9.396499e+06 	
5.28678679e+06 	 2.546383e-06 	 9.395228e+06 	
5.28728729e+06 	 2.545108e-06 	 9.393957e+06 	
5.28778779e+06 	 2.543835e-06 	 9.392687e+06 	
5.28828829e+06 	 2.542562e-06 	 9.391417e+06 	
5.28878879e+06 	 2.541290e-06 	 9.390148e+06 	
5.28928929e+06 	 2.540018e-06 	 9.388879e+06 	
5.28978979e+06 	 2.538747e-06 	 9.387610e+06 	
5.29029029e+06 	 2.537477e-06 	 9.386341e+06 	
5.29079079e+06 	 2.536207e-06 	 9.385073e+06 	
5.29129129e+06 	 2.534938e-06 	 9.383804e+06 	
5.29179179e+06 	 2.533670e-06 	 9.382537e+06 	
5.29229229e+06 	 2.532402e-06 	 9.381269e+06 	
5.29279279e+06 	 2.531134e-06 	 9.380002e+06 	
5.29329329e+06 	 2.529868e-06 	 9.378735e+06 	
5.29379379e+06 	 2.528601e-06 	 9.377468e+06 	
5.29429429e+06 	 2.527336e-06 	 9.376202e+06 	
5.29479479e+06 	 2.526071e-06 	 9.374936e+06 	
5.29529530e+06 	 2.524807e-06 	 9.373670e+06 	
5.29579580e+06 	 2.523543e-06 	 9.372404e+06 	
5.29629630e+06 	 2.522280e-06 	 9.371139e+06 	
5.29679680e+06 	 2.521018e-06 	 9.369874e+06 	
5.29729730e+06 	 2.519756e-06 	 9.368609e+06 	
5.29779780e+06 	 2.518495e-06 	 9.367345e+06 	
5.29829830e+06 	 2.517234e-06 	 9.366081e+06 	
5.29879880e+06 	 2.515974e-06 	 9.364817e+06 	
5.29929930e+06 	 2.514714e-06 	 9.363553e+06 	
5.29979980e+06 	 2.513456e-06 	 9.362290e+06 	
5.30030030e+06 	 2.512197e-06 	 9.361027e+06 	
5.30080080e+06 	 2.510940e-06 	 9.359764e+06 	
5.30130130e+06 	 2.509683e-06 	 9.358502e+06 	
5.30180180e+06 	 2.508426e-06 	 9.357239e+06 	
5.30230230e+06 	 2.507171e-06 	 9.355977e+06 	
5.30280280e+06 	 2.505916e-06 	 9.354716e+06 	
5.30330330e+06 	 2.504661e-06 	 9.353455e+06 	
5.30380380e+06 	 2.503407e-06 	 9.352193e+06 	
5.30430430e+06 	 2.502154e-06 	 9.350933e+06 	
5.30480480e+06 	 2.500901e-06 	 9.349672e+06 	
5.30530531e+06 	 2.499649e-06 	 9.348412e+06 	
5.30580581e+06 	 2.498397e-06 	 9.347152e+06 	
5.30630631e+06 	 2.497146e-06 	 9.345892e+06 	
5.30680681e+06 	 2.495896e-06 	 9.344633e+06 	
5.30730731e+06 	 2.494646e-06 	 9.343374e+06 	
5.30780781e+06 	 2.493397e-06 	 9.342115e+06 	
5.30830831e+06 	 2.492148e-06 	 9.340857e+06 	
5.30880881e+06 	 2.490900e-06 	 9.339598e+06 	
5.30930931e+06 	 2.489653e-06 	 9.338341e+06 	
5.30980981e+06 	 2.488406e-06 	 9.337083e+06 	
5.31031031e+06 	 2.487160e-06 	 9.335825e+06 	
5.31081081e+06 	 2.485914e-06 	 9.334568e+06 	
5.31131131e+06 	 2.484669e-06 	 9.333312e+06 	
5.31181181e+06 	 2.483425e-06 	 9.332055e+06 	
5.31231231e+06 	 2.482181e-06 	 9.330799e+06 	
5.31281281e+06 	 2.480938e-06 	 9.329543e+06 	
5.31331331e+06 	 2.479696e-06 	 9.328287e+06 	
5.31381381e+06 	 2.478454e-06 	 9.327032e+06 	
5.31431431e+06 	 2.477212e-06 	 9.325776e+06 	
5.31481481e+06 	 2.475971e-06 	 9.324522e+06 	
5.31531532e+06 	 2.474731e-06 	 9.323267e+06 	
5.31581582e+06 	 2.473492e-06 	 9.322013e+06 	
5.31631632e+06 	 2.472253e-06 	 9.320759e+06 	
5.31681682e+06 	 2.471014e-06 	 9.319505e+06 	
5.31731732e+06 	 2.469776e-06 	 9.318251e+06 	
5.31781782e+06 	 2.468539e-06 	 9.316998e+06 	
5.31831832e+06 	 2.467302e-06 	 9.315745e+06 	
5.31881882e+06 	 2.466066e-06 	 9.314493e+06 	
5.31931932e+06 	 2.464831e-06 	 9.313240e+06 	
5.31981982e+06 	 2.463596e-06 	 9.311988e+06 	
5.32032032e+06 	 2.462362e-06 	 9.310737e+06 	
5.32082082e+06 	 2.461128e-06 	 9.309485e+06 	
5.32132132e+06 	 2.459895e-06 	 9.308234e+06 	
5.32182182e+06 	 2.458662e-06 	 9.306983e+06 	
5.32232232e+06 	 2.457431e-06 	 9.305732e+06 	
5.32282282e+06 	 2.456199e-06 	 9.304482e+06 	
5.32332332e+06 	 2.454968e-06 	 9.303232e+06 	
5.32382382e+06 	 2.453738e-06 	 9.301982e+06 	
5.32432432e+06 	 2.452509e-06 	 9.300732e+06 	
5.32482482e+06 	 2.451280e-06 	 9.299483e+06 	
5.32532533e+06 	 2.450051e-06 	 9.298234e+06 	
5.32582583e+06 	 2.448824e-06 	 9.296985e+06 	
5.32632633e+06 	 2.447596e-06 	 9.295737e+06 	
5.32682683e+06 	 2.446370e-06 	 9.294489e+06 	
5.32732733e+06 	 2.445144e-06 	 9.293241e+06 	
5.32782783e+06 	 2.443918e-06 	 9.291993e+06 	
5.32832833e+06 	 2.442693e-06 	 9.290746e+06 	
5.32882883e+06 	 2.441469e-06 	 9.289499e+06 	
5.32932933e+06 	 2.440245e-06 	 9.288252e+06 	
5.32982983e+06 	 2.439022e-06 	 9.287006e+06 	
5.33033033e+06 	 2.437800e-06 	 9.285759e+06 	
5.33083083e+06 	 2.436578e-06 	 9.284513e+06 	
5.33133133e+06 	 2.435356e-06 	 9.283268e+06 	
5.33183183e+06 	 2.434136e-06 	 9.282022e+06 	
5.33233233e+06 	 2.432915e-06 	 9.280777e+06 	
5.33283283e+06 	 2.431696e-06 	 9.279532e+06 	
5.33333333e+06 	 2.430477e-06 	 9.278288e+06 	
5.33383383e+06 	 2.429258e-06 	 9.277044e+06 	
5.33433433e+06 	 2.428040e-06 	 9.275800e+06 	
5.33483483e+06 	 2.426823e-06 	 9.274556e+06 	
5.33533534e+06 	 2.425606e-06 	 9.273312e+06 	
5.33583584e+06 	 2.424390e-06 	 9.272069e+06 	
5.33633634e+06 	 2.423175e-06 	 9.270826e+06 	
5.33683684e+06 	 2.421960e-06 	 9.269584e+06 	
5.33733734e+06 	 2.420745e-06 	 9.268341e+06 	
5.33783784e+06 	 2.419531e-06 	 9.267099e+06 	
5.33833834e+06 	 2.418318e-06 	 9.265857e+06 	
5.33883884e+06 	 2.417106e-06 	 9.264616e+06 	
5.33933934e+06 	 2.415893e-06 	 9.263375e+06 	
5.33983984e+06 	 2.414682e-06 	 9.262134e+06 	
5.34034034e+06 	 2.413471e-06 	 9.260893e+06 	
5.34084084e+06 	 2.412261e-06 	 9.259653e+06 	
5.34134134e+06 	 2.411051e-06 	 9.258412e+06 	
5.34184184e+06 	 2.409842e-06 	 9.257173e+06 	
5.34234234e+06 	 2.408633e-06 	 9.255933e+06 	
5.34284284e+06 	 2.407425e-06 	 9.254694e+06 	
5.34334334e+06 	 2.406217e-06 	 9.253455e+06 	
5.34384384e+06 	 2.405011e-06 	 9.252216e+06 	
5.34434434e+06 	 2.403804e-06 	 9.250977e+06 	
5.34484484e+06 	 2.402598e-06 	 9.249739e+06 	
5.34534535e+06 	 2.401393e-06 	 9.248501e+06 	
5.34584585e+06 	 2.400189e-06 	 9.247264e+06 	
5.34634635e+06 	 2.398985e-06 	 9.246026e+06 	
5.34684685e+06 	 2.397781e-06 	 9.244789e+06 	
5.34734735e+06 	 2.396578e-06 	 9.243552e+06 	
5.34784785e+06 	 2.395376e-06 	 9.242316e+06 	
5.34834835e+06 	 2.394174e-06 	 9.241079e+06 	
5.34884885e+06 	 2.392973e-06 	 9.239843e+06 	
5.34934935e+06 	 2.391772e-06 	 9.238608e+06 	
5.34984985e+06 	 2.390572e-06 	 9.237372e+06 	
5.35035035e+06 	 2.389373e-06 	 9.236137e+06 	
5.35085085e+06 	 2.388174e-06 	 9.234902e+06 	
5.35135135e+06 	 2.386976e-06 	 9.233668e+06 	
5.35185185e+06 	 2.385778e-06 	 9.232433e+06 	
5.35235235e+06 	 2.384581e-06 	 9.231199e+06 	
5.35285285e+06 	 2.383384e-06 	 9.229965e+06 	
5.35335335e+06 	 2.382188e-06 	 9.228732e+06 	
5.35385385e+06 	 2.380992e-06 	 9.227498e+06 	
5.35435435e+06 	 2.379797e-06 	 9.226265e+06 	
5.35485485e+06 	 2.378603e-06 	 9.225033e+06 	
5.35535536e+06 	 2.377409e-06 	 9.223800e+06 	
5.35585586e+06 	 2.376216e-06 	 9.222568e+06 	
5.35635636e+06 	 2.375023e-06 	 9.221336e+06 	
5.35685686e+06 	 2.373831e-06 	 9.220105e+06 	
5.35735736e+06 	 2.372640e-06 	 9.218873e+06 	
5.35785786e+06 	 2.371449e-06 	 9.217642e+06 	
5.35835836e+06 	 2.370258e-06 	 9.216411e+06 	
5.35885886e+06 	 2.369068e-06 	 9.215181e+06 	
5.35935936e+06 	 2.367879e-06 	 9.213951e+06 	
5.35985986e+06 	 2.366690e-06 	 9.212721e+06 	
5.36036036e+06 	 2.365502e-06 	 9.211491e+06 	
5.36086086e+06 	 2.364315e-06 	 9.210261e+06 	
5.36136136e+06 	 2.363128e-06 	 9.209032e+06 	
5.36186186e+06 	 2.361941e-06 	 9.207803e+06 	
5.36236236e+06 	 2.360755e-06 	 9.206575e+06 	
5.36286286e+06 	 2.359570e-06 	 9.205346e+06 	
5.36336336e+06 	 2.358385e-06 	 9.204118e+06 	
5.36386386e+06 	 2.357201e-06 	 9.202890e+06 	
5.36436436e+06 	 2.356017e-06 	 9.201663e+06 	
5.36486486e+06 	 2.354834e-06 	 9.200436e+06 	
5.36536537e+06 	 2.353652e-06 	 9.199209e+06 	
5.36586587e+06 	 2.352470e-06 	 9.197982e+06 	
5.36636637e+06 	 2.351288e-06 	 9.196755e+06 	
5.36686687e+06 	 2.350107e-06 	 9.195529e+06 	
5.36736737e+06 	 2.348927e-06 	 9.194303e+06 	
5.36786787e+06 	 2.347747e-06 	 9.193078e+06 	
5.36836837e+06 	 2.346568e-06 	 9.191852e+06 	
5.36886887e+06 	 2.345389e-06 	 9.190627e+06 	
5.36936937e+06 	 2.344211e-06 	 9.189402e+06 	
5.36986987e+06 	 2.343034e-06 	 9.188178e+06 	
5.37037037e+06 	 2.341857e-06 	 9.186954e+06 	
5.37087087e+06 	 2.340680e-06 	 9.185729e+06 	
5.37137137e+06 	 2.339504e-06 	 9.184506e+06 	
5.37187187e+06 	 2.338329e-06 	 9.183282e+06 	
5.37237237e+06 	 2.337154e-06 	 9.182059e+06 	
5.37287287e+06 	 2.335980e-06 	 9.180836e+06 	
5.37337337e+06 	 2.334806e-06 	 9.179613e+06 	
5.37387387e+06 	 2.333633e-06 	 9.178391e+06 	
5.37437437e+06 	 2.332461e-06 	 9.177169e+06 	
5.37487487e+06 	 2.331289e-06 	 9.175947e+06 	
5.37537538e+06 	 2.330117e-06 	 9.174726e+06 	
5.37587588e+06 	 2.328946e-06 	 9.173504e+06 	
5.37637638e+06 	 2.327776e-06 	 9.172283e+06 	
5.37687688e+06 	 2.326606e-06 	 9.171062e+06 	
5.37737738e+06 	 2.325437e-06 	 9.169842e+06 	
5.37787788e+06 	 2.324268e-06 	 9.168622e+06 	
5.37837838e+06 	 2.323100e-06 	 9.167402e+06 	
5.37887888e+06 	 2.321932e-06 	 9.166182e+06 	
5.37937938e+06 	 2.320765e-06 	 9.164963e+06 	
5.37987988e+06 	 2.319599e-06 	 9.163743e+06 	
5.38038038e+06 	 2.318433e-06 	 9.162525e+06 	
5.38088088e+06 	 2.317267e-06 	 9.161306e+06 	
5.38138138e+06 	 2.316103e-06 	 9.160088e+06 	
5.38188188e+06 	 2.314938e-06 	 9.158870e+06 	
5.38238238e+06 	 2.313774e-06 	 9.157652e+06 	
5.38288288e+06 	 2.312611e-06 	 9.156434e+06 	
5.38338338e+06 	 2.311449e-06 	 9.155217e+06 	
5.38388388e+06 	 2.310286e-06 	 9.154000e+06 	
5.38438438e+06 	 2.309125e-06 	 9.152783e+06 	
5.38488488e+06 	 2.307964e-06 	 9.151567e+06 	
5.38538539e+06 	 2.306803e-06 	 9.150351e+06 	
5.38588589e+06 	 2.305643e-06 	 9.149135e+06 	
5.38638639e+06 	 2.304484e-06 	 9.147919e+06 	
5.38688689e+06 	 2.303325e-06 	 9.146704e+06 	
5.38738739e+06 	 2.302167e-06 	 9.145488e+06 	
5.38788789e+06 	 2.301009e-06 	 9.144274e+06 	
5.38838839e+06 	 2.299852e-06 	 9.143059e+06 	
5.38888889e+06 	 2.298695e-06 	 9.141845e+06 	
5.38938939e+06 	 2.297539e-06 	 9.140631e+06 	
5.38988989e+06 	 2.296384e-06 	 9.139417e+06 	
5.39039039e+06 	 2.295229e-06 	 9.138203e+06 	
5.39089089e+06 	 2.294074e-06 	 9.136990e+06 	
5.39139139e+06 	 2.292920e-06 	 9.135777e+06 	
5.39189189e+06 	 2.291767e-06 	 9.134564e+06 	
5.39239239e+06 	 2.290614e-06 	 9.133352e+06 	
5.39289289e+06 	 2.289461e-06 	 9.132140e+06 	
5.39339339e+06 	 2.288310e-06 	 9.130928e+06 	
5.39389389e+06 	 2.287158e-06 	 9.129716e+06 	
5.39439439e+06 	 2.286008e-06 	 9.128505e+06 	
5.39489489e+06 	 2.284858e-06 	 9.127294e+06 	
5.39539540e+06 	 2.283708e-06 	 9.126083e+06 	
5.39589590e+06 	 2.282559e-06 	 9.124872e+06 	
5.39639640e+06 	 2.281410e-06 	 9.123662e+06 	
5.39689690e+06 	 2.280262e-06 	 9.122452e+06 	
5.39739740e+06 	 2.279115e-06 	 9.121242e+06 	
5.39789790e+06 	 2.277968e-06 	 9.120033e+06 	
5.39839840e+06 	 2.276821e-06 	 9.118823e+06 	
5.39889890e+06 	 2.275676e-06 	 9.117615e+06 	
5.39939940e+06 	 2.274530e-06 	 9.116406e+06 	
5.39989990e+06 	 2.273385e-06 	 9.115197e+06 	
5.40040040e+06 	 2.272241e-06 	 9.113989e+06 	
5.40090090e+06 	 2.271097e-06 	 9.112781e+06 	
5.40140140e+06 	 2.269954e-06 	 9.111574e+06 	
5.40190190e+06 	 2.268812e-06 	 9.110366e+06 	
5.40240240e+06 	 2.267669e-06 	 9.109159e+06 	
5.40290290e+06 	 2.266528e-06 	 9.107952e+06 	
5.40340340e+06 	 2.265387e-06 	 9.106746e+06 	
5.40390390e+06 	 2.264246e-06 	 9.105539e+06 	
5.40440440e+06 	 2.263106e-06 	 9.104333e+06 	
5.40490490e+06 	 2.261967e-06 	 9.103128e+06 	
5.40540541e+06 	 2.260828e-06 	 9.101922e+06 	
5.40590591e+06 	 2.259690e-06 	 9.100717e+06 	
5.40640641e+06 	 2.258552e-06 	 9.099512e+06 	
5.40690691e+06 	 2.257414e-06 	 9.098307e+06 	
5.40740741e+06 	 2.256278e-06 	 9.097103e+06 	
5.40790791e+06 	 2.255141e-06 	 9.095899e+06 	
5.40840841e+06 	 2.254006e-06 	 9.094695e+06 	
5.40890891e+06 	 2.252871e-06 	 9.093491e+06 	
5.40940941e+06 	 2.251736e-06 	 9.092288e+06 	
5.40990991e+06 	 2.250602e-06 	 9.091084e+06 	
5.41041041e+06 	 2.249468e-06 	 9.089882e+06 	
5.41091091e+06 	 2.248335e-06 	 9.088679e+06 	
5.41141141e+06 	 2.247203e-06 	 9.087477e+06 	
5.41191191e+06 	 2.246071e-06 	 9.086275e+06 	
5.41241241e+06 	 2.244939e-06 	 9.085073e+06 	
5.41291291e+06 	 2.243808e-06 	 9.083871e+06 	
5.41341341e+06 	 2.242678e-06 	 9.082670e+06 	
5.41391391e+06 	 2.241548e-06 	 9.081469e+06 	
5.41441441e+06 	 2.240418e-06 	 9.080268e+06 	
5.41491491e+06 	 2.239290e-06 	 9.079068e+06 	
5.41541542e+06 	 2.238161e-06 	 9.077868e+06 	
5.41591592e+06 	 2.237033e-06 	 9.076668e+06 	
5.41641642e+06 	 2.235906e-06 	 9.075468e+06 	
5.41691692e+06 	 2.234779e-06 	 9.074268e+06 	
5.41741742e+06 	 2.233653e-06 	 9.073069e+06 	
5.41791792e+06 	 2.232528e-06 	 9.071870e+06 	
5.41841842e+06 	 2.231402e-06 	 9.070672e+06 	
5.41891892e+06 	 2.230278e-06 	 9.069473e+06 	
5.41941942e+06 	 2.229154e-06 	 9.068275e+06 	
5.41991992e+06 	 2.228030e-06 	 9.067077e+06 	
5.42042042e+06 	 2.226907e-06 	 9.065880e+06 	
5.42092092e+06 	 2.225784e-06 	 9.064683e+06 	
5.42142142e+06 	 2.224662e-06 	 9.063486e+06 	
5.42192192e+06 	 2.223541e-06 	 9.062289e+06 	
5.42242242e+06 	 2.222420e-06 	 9.061092e+06 	
5.42292292e+06 	 2.221300e-06 	 9.059896e+06 	
5.42342342e+06 	 2.220180e-06 	 9.058700e+06 	
5.42392392e+06 	 2.219060e-06 	 9.057504e+06 	
5.42442442e+06 	 2.217941e-06 	 9.056309e+06 	
5.42492492e+06 	 2.216823e-06 	 9.055113e+06 	
5.42542543e+06 	 2.215705e-06 	 9.053919e+06 	
5.42592593e+06 	 2.214588e-06 	 9.052724e+06 	
5.42642643e+06 	 2.213471e-06 	 9.051529e+06 	
5.42692693e+06 	 2.212355e-06 	 9.050335e+06 	
5.42742743e+06 	 2.211239e-06 	 9.049141e+06 	
5.42792793e+06 	 2.210124e-06 	 9.047948e+06 	
5.42842843e+06 	 2.209009e-06 	 9.046754e+06 	
5.42892893e+06 	 2.207895e-06 	 9.045561e+06 	
5.42942943e+06 	 2.206781e-06 	 9.044368e+06 	
5.42992993e+06 	 2.205668e-06 	 9.043176e+06 	
5.43043043e+06 	 2.204555e-06 	 9.041983e+06 	
5.43093093e+06 	 2.203443e-06 	 9.040791e+06 	
5.43143143e+06 	 2.202331e-06 	 9.039600e+06 	
5.43193193e+06 	 2.201220e-06 	 9.038408e+06 	
5.43243243e+06 	 2.200110e-06 	 9.037217e+06 	
5.43293293e+06 	 2.199000e-06 	 9.036026e+06 	
5.43343343e+06 	 2.197890e-06 	 9.034835e+06 	
5.43393393e+06 	 2.196781e-06 	 9.033644e+06 	
5.43443443e+06 	 2.195672e-06 	 9.032454e+06 	
5.43493493e+06 	 2.194564e-06 	 9.031264e+06 	
5.43543544e+06 	 2.193457e-06 	 9.030075e+06 	
5.43593594e+06 	 2.192350e-06 	 9.028885e+06 	
5.43643644e+06 	 2.191243e-06 	 9.027696e+06 	
5.43693694e+06 	 2.190137e-06 	 9.026507e+06 	
5.43743744e+06 	 2.189032e-06 	 9.025318e+06 	
5.43793794e+06 	 2.187927e-06 	 9.024130e+06 	
5.43843844e+06 	 2.186823e-06 	 9.022942e+06 	
5.43893894e+06 	 2.185719e-06 	 9.021754e+06 	
5.43943944e+06 	 2.184615e-06 	 9.020566e+06 	
5.43993994e+06 	 2.183512e-06 	 9.019379e+06 	
5.44044044e+06 	 2.182410e-06 	 9.018192e+06 	
5.44094094e+06 	 2.181308e-06 	 9.017005e+06 	
5.44144144e+06 	 2.180207e-06 	 9.015818e+06 	
5.44194194e+06 	 2.179106e-06 	 9.014632e+06 	
5.44244244e+06 	 2.178006e-06 	 9.013446e+06 	
5.44294294e+06 	 2.176906e-06 	 9.012260e+06 	
5.44344344e+06 	 2.175806e-06 	 9.011074e+06 	
5.44394394e+06 	 2.174708e-06 	 9.009889e+06 	
5.44444444e+06 	 2.173609e-06 	 9.008704e+06 	
5.44494494e+06 	 2.172512e-06 	 9.007519e+06 	
5.44544545e+06 	 2.171414e-06 	 9.006335e+06 	
5.44594595e+06 	 2.170317e-06 	 9.005151e+06 	
5.44644645e+06 	 2.169221e-06 	 9.003967e+06 	
5.44694695e+06 	 2.168125e-06 	 9.002783e+06 	
5.44744745e+06 	 2.167030e-06 	 9.001599e+06 	
5.44794795e+06 	 2.165935e-06 	 9.000416e+06 	
5.44844845e+06 	 2.164841e-06 	 8.999233e+06 	
5.44894895e+06 	 2.163747e-06 	 8.998051e+06 	
5.44944945e+06 	 2.162654e-06 	 8.996868e+06 	
5.44994995e+06 	 2.161561e-06 	 8.995686e+06 	
5.45045045e+06 	 2.160469e-06 	 8.994504e+06 	
5.45095095e+06 	 2.159377e-06 	 8.993322e+06 	
5.45145145e+06 	 2.158286e-06 	 8.992141e+06 	
5.45195195e+06 	 2.157195e-06 	 8.990960e+06 	
5.45245245e+06 	 2.156105e-06 	 8.989779e+06 	
5.45295295e+06 	 2.155016e-06 	 8.988598e+06 	
5.45345345e+06 	 2.153926e-06 	 8.987418e+06 	
5.45395395e+06 	 2.152838e-06 	 8.986238e+06 	
5.45445445e+06 	 2.151749e-06 	 8.985058e+06 	
5.45495495e+06 	 2.150662e-06 	 8.983878e+06 	
5.45545546e+06 	 2.149575e-06 	 8.982699e+06 	
5.45595596e+06 	 2.148488e-06 	 8.981520e+06 	
5.45645646e+06 	 2.147402e-06 	 8.980341e+06 	
5.45695696e+06 	 2.146316e-06 	 8.979162e+06 	
5.45745746e+06 	 2.145231e-06 	 8.977984e+06 	
5.45795796e+06 	 2.144146e-06 	 8.976806e+06 	
5.45845846e+06 	 2.143062e-06 	 8.975628e+06 	
5.45895896e+06 	 2.141978e-06 	 8.974451e+06 	
5.45945946e+06 	 2.140895e-06 	 8.973274e+06 	
5.45995996e+06 	 2.139812e-06 	 8.972097e+06 	
5.46046046e+06 	 2.138730e-06 	 8.970920e+06 	
5.46096096e+06 	 2.137648e-06 	 8.969743e+06 	
5.46146146e+06 	 2.136567e-06 	 8.968567e+06 	
5.46196196e+06 	 2.135486e-06 	 8.967391e+06 	
5.46246246e+06 	 2.134406e-06 	 8.966215e+06 	
5.46296296e+06 	 2.133327e-06 	 8.965040e+06 	
5.46346346e+06 	 2.132247e-06 	 8.963865e+06 	
5.46396396e+06 	 2.131169e-06 	 8.962690e+06 	
5.46446446e+06 	 2.130090e-06 	 8.961515e+06 	
5.46496496e+06 	 2.129013e-06 	 8.960340e+06 	
5.46546547e+06 	 2.127935e-06 	 8.959166e+06 	
5.46596597e+06 	 2.126859e-06 	 8.957992e+06 	
5.46646647e+06 	 2.125782e-06 	 8.956819e+06 	
5.46696697e+06 	 2.124707e-06 	 8.955645e+06 	
5.46746747e+06 	 2.123631e-06 	 8.954472e+06 	
5.46796797e+06 	 2.122557e-06 	 8.953299e+06 	
5.46846847e+06 	 2.121482e-06 	 8.952126e+06 	
5.46896897e+06 	 2.120409e-06 	 8.950954e+06 	
5.46946947e+06 	 2.119335e-06 	 8.949782e+06 	
5.46996997e+06 	 2.118263e-06 	 8.948610e+06 	
5.47047047e+06 	 2.117190e-06 	 8.947438e+06 	
5.47097097e+06 	 2.116118e-06 	 8.946267e+06 	
5.47147147e+06 	 2.115047e-06 	 8.945096e+06 	
5.47197197e+06 	 2.113976e-06 	 8.943925e+06 	
5.47247247e+06 	 2.112906e-06 	 8.942754e+06 	
5.47297297e+06 	 2.111836e-06 	 8.941584e+06 	
5.47347347e+06 	 2.110767e-06 	 8.940414e+06 	
5.47397397e+06 	 2.109698e-06 	 8.939244e+06 	
5.47447447e+06 	 2.108630e-06 	 8.938074e+06 	
5.47497497e+06 	 2.107562e-06 	 8.936905e+06 	
5.47547548e+06 	 2.106494e-06 	 8.935736e+06 	
5.47597598e+06 	 2.105427e-06 	 8.934567e+06 	
5.47647648e+06 	 2.104361e-06 	 8.933399e+06 	
5.47697698e+06 	 2.103295e-06 	 8.932230e+06 	
5.47747748e+06 	 2.102230e-06 	 8.931062e+06 	
5.47797798e+06 	 2.101165e-06 	 8.929894e+06 	
5.47847848e+06 	 2.100100e-06 	 8.928727e+06 	
5.47897898e+06 	 2.099036e-06 	 8.927560e+06 	
5.47947948e+06 	 2.097973e-06 	 8.926393e+06 	
5.47997998e+06 	 2.096910e-06 	 8.925226e+06 	
5.48048048e+06 	 2.095847e-06 	 8.924059e+06 	
5.48098098e+06 	 2.094785e-06 	 8.922893e+06 	
5.48148148e+06 	 2.093724e-06 	 8.921727e+06 	
5.48198198e+06 	 2.092663e-06 	 8.920561e+06 	
5.48248248e+06 	 2.091602e-06 	 8.919396e+06 	
5.48298298e+06 	 2.090542e-06 	 8.918230e+06 	
5.48348348e+06 	 2.089482e-06 	 8.917065e+06 	
5.48398398e+06 	 2.088423e-06 	 8.915901e+06 	
5.48448448e+06 	 2.087365e-06 	 8.914736e+06 	
5.48498498e+06 	 2.086306e-06 	 8.913572e+06 	
5.48548549e+06 	 2.085249e-06 	 8.912408e+06 	
5.48598599e+06 	 2.084192e-06 	 8.911244e+06 	
5.48648649e+06 	 2.083135e-06 	 8.910081e+06 	
5.48698699e+06 	 2.082079e-06 	 8.908917e+06 	
5.48748749e+06 	 2.081023e-06 	 8.907754e+06 	
5.48798799e+06 	 2.079968e-06 	 8.906592e+06 	
5.48848849e+06 	 2.078913e-06 	 8.905429e+06 	
5.48898899e+06 	 2.077859e-06 	 8.904267e+06 	
5.48948949e+06 	 2.076805e-06 	 8.903105e+06 	
5.48998999e+06 	 2.075752e-06 	 8.901943e+06 	
5.49049049e+06 	 2.074699e-06 	 8.900782e+06 	
5.49099099e+06 	 2.073646e-06 	 8.899621e+06 	
5.49149149e+06 	 2.072595e-06 	 8.898460e+06 	
5.49199199e+06 	 2.071543e-06 	 8.897299e+06 	
5.49249249e+06 	 2.070492e-06 	 8.896139e+06 	
5.49299299e+06 	 2.069442e-06 	 8.894978e+06 	
5.49349349e+06 	 2.068392e-06 	 8.893818e+06 	
5.49399399e+06 	 2.067342e-06 	 8.892659e+06 	
5.49449449e+06 	 2.066293e-06 	 8.891499e+06 	
5.49499499e+06 	 2.065245e-06 	 8.890340e+06 	
5.49549550e+06 	 2.064197e-06 	 8.889181e+06 	
5.49599600e+06 	 2.063149e-06 	 8.888022e+06 	
5.49649650e+06 	 2.062102e-06 	 8.886864e+06 	
5.49699700e+06 	 2.061056e-06 	 8.885706e+06 	
5.49749750e+06 	 2.060010e-06 	 8.884548e+06 	
5.49799800e+06 	 2.058964e-06 	 8.883390e+06 	
5.49849850e+06 	 2.057919e-06 	 8.882233e+06 	
5.49899900e+06 	 2.056874e-06 	 8.881076e+06 	
5.49949950e+06 	 2.055830e-06 	 8.879919e+06 	
5.50000000e+06 	 2.054786e-06 	 8.878762e+06 	
5.52871991e+06 	 1.995682e-06 	 8.812809e+06 	
5.55758979e+06 	 1.937794e-06 	 8.747333e+06 	
5.58661042e+06 	 1.881093e-06 	 8.682333e+06 	
5.61578259e+06 	 1.825550e-06 	 8.617807e+06 	
5.64510710e+06 	 1.771138e-06 	 8.553753e+06 	
5.67458473e+06 	 1.717827e-06 	 8.490170e+06 	
5.70421628e+06 	 1.665687e-06 	 8.427032e+06 	
5.73400257e+06 	 1.614516e-06 	 8.364383e+06 	
5.76394439e+06 	 1.564368e-06 	 8.302202e+06 	
5.79404257e+06 	 1.515221e-06 	 8.240487e+06 	
5.82429791e+06 	 1.466961e-06 	 8.179263e+06 	
5.85471124e+06 	 1.419725e-06 	 8.118485e+06 	
5.88528338e+06 	 1.373414e-06 	 8.058174e+06 	
5.91601516e+06 	 1.328075e-06 	 7.998309e+06 	
5.94690742e+06 	 1.283556e-06 	 7.938930e+06 	
5.97796099e+06 	 1.239897e-06 	 7.880020e+06 	
6.00917672e+06 	 1.197075e-06 	 7.821581e+06 	
6.04055545e+06 	 1.155131e-06 	 7.763593e+06 	
6.07209803e+06 	 1.113932e-06 	 7.706096e+06 	
6.10380532e+06 	 1.073512e-06 	 7.649077e+06 	
6.13567819e+06 	 1.033852e-06 	 7.592538e+06 	
6.16771748e+06 	 9.949884e-07 	 7.536461e+06 	
6.19992408e+06 	 9.568040e-07 	 7.480890e+06 	
6.23229885e+06 	 9.193299e-07 	 7.425812e+06 	
6.26484268e+06 	 8.825511e-07 	 7.371233e+06 	
6.29755645e+06 	 8.464056e-07 	 7.317180e+06 	
6.33044104e+06 	 8.109697e-07 	 7.263622e+06 	
6.36349735e+06 	 7.761898e-07 	 7.210584e+06 	
6.39672627e+06 	 7.420558e-07 	 7.158076e+06 	
6.43012870e+06 	 7.085169e-07 	 7.106131e+06 	
6.46370556e+06 	 6.756435e-07 	 7.054718e+06 	
6.49745775e+06 	 6.433936e-07 	 7.003869e+06 	
6.53138619e+06 	 6.117948e-07 	 6.953578e+06 	
6.56549179e+06 	 5.807878e-07 	 6.903895e+06 	
6.59977549e+06 	 5.504008e-07 	 6.854819e+06 	
6.63423821e+06 	 5.206372e-07 	 6.806369e+06 	
6.66888088e+06 	 4.915289e-07 	 6.758541e+06 	
6.70370446e+06 	 4.630364e-07 	 6.711393e+06 	
6.73870987e+06 	 4.351944e-07 	 6.664930e+06 	
6.77389808e+06 	 4.080178e-07 	 6.619175e+06 	
6.80927003e+06 	 3.815458e-07 	 6.574129e+06 	
6.84482669e+06 	 3.557601e-07 	 6.529857e+06 	
6.88056902e+06 	 3.307039e-07 	 6.486368e+06 	
6.91649798e+06 	 3.064045e-07 	 6.443690e+06 	
6.95261457e+06 	 2.828755e-07 	 6.401874e+06 	
6.98891974e+06 	 2.601807e-07 	 6.360907e+06 	
7.02541449e+06 	 2.383398e-07 	 6.320839e+06 	
7.06209982e+06 	 2.173996e-07 	 6.281677e+06 	
7.09897670e+06 	 1.973747e-07 	 6.243488e+06 	
7.13604615e+06 	 1.783110e-07 	 6.206284e+06 	
7.17330917e+06 	 1.602423e-07 	 6.170090e+06 	
7.21076677e+06 	 1.432083e-07 	 6.134905e+06 	
7.24841996e+06 	 1.272200e-07 	 6.100795e+06 	
7.28626977e+06 	 1.123067e-07 	 6.067759e+06 	
7.32431723e+06 	 9.848861e-08 	 6.035784e+06 	
7.36256336e+06 	 8.576226e-08 	 6.004923e+06 	
7.40100921e+06 	 7.413058e-08 	 5.975161e+06 	
7.43965581e+06 	 6.357816e-08 	 5.946524e+06 	
7.47850422e+06 	 5.408982e-08 	 5.918952e+06 	
7.51755548e+06 	 4.562997e-08 	 5.892451e+06 	
7.55681067e+06 	 3.815381e-08 	 5.867042e+06 	
7.59627083e+06 	 3.161458e-08 	 5.842627e+06 	
7.63593705e+06 	 2.594885e-08 	 5.819253e+06 	
7.67581040e+06 	 2.109366e-08 	 5.796807e+06 	
7.71589196e+06 	 1.697873e-08 	 5.775167e+06 	
7.75618282e+06 	 1.352706e-08 	 5.754445e+06 	
7.79668407e+06 	 1.066609e-08 	 5.734473e+06 	
7.83739681e+06 	 8.321916e-09 	 5.715222e+06 	
7.87832214e+06 	 6.423395e-09 	 5.696794e+06 	
7.91946118e+06 	 4.904815e-09 	 5.678990e+06 	
7.96081503e+06 	 3.705158e-09 	 5.661414e+06 	
8.00238483e+06 	 2.768389e-09 	 5.644432e+06 	
8.04417170e+06 	 2.045909e-09 	 5.627985e+06 	
8.08617677e+06 	 1.495565e-09 	 5.611866e+06 	
8.12840118e+06 	 1.081432e-09 	 5.595971e+06 	
8.17084608e+06 	 7.735067e-10 	 5.580780e+06 	
8.21351262e+06 	 5.473904e-10 	 5.564971e+06 	
8.25640195e+06 	 3.832559e-10 	 5.549370e+06 	
9.10553149e+06 	 1.000000e-20 	 5.277292e+06 	
1.00419897e+07 	 1.000000e-20 	 5.019616e+06 	
1.10747580e+07 	 1.000000e-20 	 4.775038e+06 	
1.22137414e+07 	 1.000000e-20 	 4.542819e+06 	
1.34698634e+07 	 1.000000e-20 	 4.322271e+06 	
1.48551713e+07 	 1.000000e-20 	 4.112754e+06 	
1.63829512e+07 	 1.000000e-20 	 3.913671e+06 	
1.80678556e+07 	 1.000000e-20 	 3.724464e+06 	
1.99260440e+07 	 1.000000e-20 	 3.544609e+06 	
2.19753377e+07 	 1.000000e-20 	 3.373615e+06 	
2.42353909e+07 	 1.000000e-20 	 3.211022e+06 	
2.67278794e+07 	 1.000000e-20 	 3.056395e+06 	
2.94767077e+07 	 1.000000e-20 	 2.909326e+06 	
3.25082393e+07 	 1.000000e-20 	 2.769430e+06 	
3.58515487e+07 	 1.000000e-20 	 2.636344e+06 	
3.95387008e+07 	 1.000000e-20 	 2.509725e+06 	
4.36050579e+07 	 1.000000e-20 	 2.389248e+06 	
4.80896194e+07 	 1.000000e-20 	 2.274608e+06 	
5.30353956e+07 	 1.000000e-20 	 2.165515e+06 	
5.84898201e+07 	 1.000000e-20 	 2.061693e+06 	
6.45052049e+07 	 1.000000e-20 	 1.962882e+06 	
7.11392417e+07 	 1.000000e-20 	 1.868837e+06 	
7.84555560e+07 	 1.000000e-20 	 1.779322e+06 	
8.65243165e+07 	 1.000000e-20 	 1.694117e+06 	
9.54229086e+07 	 1.000000e-20 	 1.613011e+06 	
1.05236676e+08 	 1.000000e-20 	 1.535804e+06 	
1.16059741e+08 	 1.000000e-20 	 1.462306e+06 	
1.27995903e+08 	 1.000000e-20 	 1.392338e+06 	
1.41159640e+08 	 1.000000e-20 	 1.325728e+06 	
1.55677201e+08 	 1.000000e-20 	 1.262314e+06 	
1.71687821e+08 	 1.000000e-20 	 1.201941e+06 	
1.89345052e+08 	 1.000000e-20 	 1.144462e+06 	
2.08818241e+08 	 1.000000e-20 	 1.089737e+06 	
2.30294150e+08 	 1.000000e-20 	 1.037634e+06 	
2.53978749e+08 	 1.000000e-20 	 9.880268e+05 	
2.80099190e+08 	 1.000000e-20 	 9.407947e+05 	
3.08905987e+08 	 1.000000e-20 	 8.958238e+05 	
3.40675418e+08 	 1.000000e-20 	 8.530053e+05 	
3.75712177e+08 	 1.000000e-20 	 8.122358e+05 	
4.14352290e+08 	 1.000000e-20 	 7.734169e+05 	
4.56966346e+08 	 1.000000e-20 	 7.364551e+05 	
5.03963043e+08 	 1.000000e-20 	 7.012612e+05 	
5.55793115e+08 	 1.000000e-20 	 6.677505e+05 	
6.12953650e+08 	 1.000000e-20 	 6.358422e+05 	
6.75992859e+08 	 1.000000e-20 	 6.054597e+05 	
7.45515335e+08 	 1.000000e-20 	 5.765299e+05 	
8.22187849e+08 	 1.000000e-20 	 5.489830e+05 	
9.06745747e+08 	 1.000000e-20 	 5.227530e+05 	
1.00000000e+09 	 1.000000e-20 	 4.977768e+05 	
