r (cm)        	 rho (g/cm3) 	 T (K)       		 Linf = 3.519944e+38
1.00000692e+06 	 1.642976e+05 	 1.410041e+09 	
1.00002232e+06 	 1.595932e+05 	 1.399832e+09 	
1.00010031e+06 	 1.374632e+05 	 1.348573e+09 	
1.00017831e+06 	 1.179680e+05 	 1.298069e+09 	
1.00024217e+06 	 1.037889e+05 	 1.257295e+09 	
1.00030604e+06 	 9.107623e+04 	 1.217063e+09 	
1.00036990e+06 	 7.970725e+04 	 1.177387e+09 	
1.00043377e+06 	 6.956657e+04 	 1.138285e+09 	
1.00049764e+06 	 6.054591e+04 	 1.099774e+09 	
1.00056091e+06 	 5.261373e+04 	 1.062219e+09 	
1.00062418e+06 	 4.558937e+04 	 1.025278e+09 	
1.00068746e+06 	 3.938698e+04 	 9.889688e+08 	
1.00073910e+06 	 3.487848e+04 	 9.598166e+08 	
1.00079074e+06 	 3.082366e+04 	 9.311071e+08 	
1.00084238e+06 	 2.718449e+04 	 9.028501e+08 	
1.00089402e+06 	 2.392532e+04 	 8.750558e+08 	
1.00094565e+06 	 2.101282e+04 	 8.477342e+08 	
1.00099729e+06 	 1.841590e+04 	 8.208954e+08 	
1.00104909e+06 	 1.609910e+04 	 7.944717e+08 	
1.00110088e+06 	 1.404349e+04 	 7.685539e+08 	
1.00115268e+06 	 1.222390e+04 	 7.431520e+08 	
1.00119526e+06 	 1.088820e+04 	 7.226599e+08 	
1.00123784e+06 	 9.684287e+03 	 7.025287e+08 	
1.00128043e+06 	 8.600957e+03 	 6.827636e+08 	
1.00132301e+06 	 7.627752e+03 	 6.633697e+08 	
1.00136560e+06 	 6.754941e+03 	 6.443521e+08 	
1.00140818e+06 	 5.973488e+03 	 6.257155e+08 	
1.00145077e+06 	 5.275013e+03 	 6.074647e+08 	
1.00149482e+06 	 4.631598e+03 	 5.889972e+08 	
1.00153886e+06 	 4.060760e+03 	 5.709517e+08 	
1.00157525e+06 	 3.638791e+03 	 5.563672e+08 	
1.00161163e+06 	 3.257586e+03 	 5.420756e+08 	
1.00164802e+06 	 2.913630e+03 	 5.280792e+08 	
1.00168440e+06 	 2.603661e+03 	 5.143797e+08 	
1.00172078e+06 	 2.324658e+03 	 5.009789e+08 	
1.00175717e+06 	 2.073827e+03 	 4.878781e+08 	
1.00179355e+06 	 1.848588e+03 	 4.750786e+08 	
1.00182994e+06 	 1.646566e+03 	 4.625813e+08 	
1.00186632e+06 	 1.465572e+03 	 4.503870e+08 	
1.00190481e+06 	 1.294791e+03 	 4.378190e+08 	
1.00193677e+06 	 1.167541e+03 	 4.276372e+08 	
1.00196874e+06 	 1.052329e+03 	 4.176897e+08 	
1.00200071e+06 	 9.480983e+02 	 4.079763e+08 	
1.00203268e+06 	 8.538752e+02 	 3.984965e+08 	
1.00206465e+06 	 7.687616e+02 	 3.892498e+08 	
1.00209662e+06 	 6.919315e+02 	 3.802352e+08 	
1.00212859e+06 	 6.226258e+02 	 3.714519e+08 	
1.00216055e+06 	 5.601482e+02 	 3.628986e+08 	
1.00219252e+06 	 5.038605e+02 	 3.545739e+08 	
1.00222449e+06 	 4.531789e+02 	 3.464764e+08 	
1.00225646e+06 	 4.075695e+02 	 3.386042e+08 	
1.00228843e+06 	 3.665454e+02 	 3.309553e+08 	
1.00232040e+06 	 3.296625e+02 	 3.235276e+08 	
1.00235236e+06 	 2.965165e+02 	 3.163188e+08 	
1.00238433e+06 	 2.667399e+02 	 3.093262e+08 	
1.00241635e+06 	 2.399581e+02 	 3.025366e+08 	
1.00244837e+06 	 2.159176e+02 	 2.959583e+08 	
1.00248039e+06 	 1.943427e+02 	 2.895883e+08 	
1.00251241e+06 	 1.749841e+02 	 2.834234e+08 	
1.00254443e+06 	 1.576165e+02 	 2.774602e+08 	
1.00257645e+06 	 1.420364e+02 	 2.716950e+08 	
1.00260847e+06 	 1.280603e+02 	 2.661243e+08 	
1.00264049e+06 	 1.155227e+02 	 2.607442e+08 	
1.00267251e+06 	 1.042748e+02 	 2.555507e+08 	
1.00270453e+06 	 9.418274e+01 	 2.505399e+08 	
1.00273655e+06 	 8.512609e+01 	 2.457074e+08 	
1.00276857e+06 	 7.699682e+01 	 2.410492e+08 	
1.00280059e+06 	 6.969796e+01 	 2.365608e+08 	
1.00283261e+06 	 6.314255e+01 	 2.322380e+08 	
1.00286463e+06 	 5.725266e+01 	 2.280762e+08 	
1.00289665e+06 	 5.195849e+01 	 2.240710e+08 	
1.00292867e+06 	 4.719758e+01 	 2.202180e+08 	
1.00296069e+06 	 4.291401e+01 	 2.165125e+08 	
1.00299271e+06 	 3.905778e+01 	 2.129502e+08 	
1.00302473e+06 	 3.558419e+01 	 2.095264e+08 	
1.00306507e+06 	 3.169143e+01 	 2.054034e+08 	
1.00310541e+06 	 2.827242e+01 	 2.014844e+08 	
1.00314575e+06 	 2.526605e+01 	 1.977605e+08 	
1.00318609e+06 	 2.261930e+01 	 1.942231e+08 	
1.00322643e+06 	 2.028616e+01 	 1.908637e+08 	
1.00326677e+06 	 1.822673e+01 	 1.876739e+08 	
1.00330710e+06 	 1.640637e+01 	 1.846458e+08 	
1.00334744e+06 	 1.479503e+01 	 1.817715e+08 	
1.00338778e+06 	 1.336661e+01 	 1.790432e+08 	
1.00342812e+06 	 1.209843e+01 	 1.764536e+08 	
1.00346846e+06 	 1.097078e+01 	 1.739957e+08 	
1.00350880e+06 	 9.966521e+00 	 1.716625e+08 	
1.00354914e+06 	 9.070737e+00 	 1.694475e+08 	
1.00358948e+06 	 8.270431e+00 	 1.673444e+08 	
1.00362982e+06 	 7.554273e+00 	 1.653472e+08 	
1.00367015e+06 	 6.912376e+00 	 1.634502e+08 	
1.00371049e+06 	 6.336107e+00 	 1.616478e+08 	
1.00375083e+06 	 5.817914e+00 	 1.599349e+08 	
1.00379117e+06 	 5.351188e+00 	 1.583064e+08 	
1.00384302e+06 	 4.817648e+00 	 1.563300e+08 	
1.00389487e+06 	 4.349025e+00 	 1.544761e+08 	
1.00394672e+06 	 3.936338e+00 	 1.527361e+08 	
1.00399857e+06 	 3.571963e+00 	 1.511017e+08 	
1.00405042e+06 	 3.249419e+00 	 1.495656e+08 	
1.00410226e+06 	 2.963182e+00 	 1.481206e+08 	
1.00415411e+06 	 2.708533e+00 	 1.467604e+08 	
1.00420596e+06 	 2.481435e+00 	 1.454790e+08 	
1.00425781e+06 	 2.278423e+00 	 1.442708e+08 	
1.00432287e+06 	 2.053239e+00 	 1.428506e+08 	
1.00438792e+06 	 1.856329e+00 	 1.415283e+08 	
1.00445298e+06 	 1.683541e+00 	 1.402957e+08 	
1.00451803e+06 	 1.531407e+00 	 1.391449e+08 	
1.00458309e+06 	 1.397020e+00 	 1.380693e+08 	
1.00464814e+06 	 1.277932e+00 	 1.370626e+08 	
1.00471320e+06 	 1.172079e+00 	 1.361190e+08 	
1.00477825e+06 	 1.077710e+00 	 1.352336e+08 	
1.00486345e+06 	 9.690422e-01 	 1.341541e+08 	
1.00494865e+06 	 8.747582e-01 	 1.331570e+08 	
1.00503384e+06 	 7.925859e-01 	 1.322341e+08 	
1.00511904e+06 	 7.206616e-01 	 1.313780e+08 	
1.00520424e+06 	 6.574492e-01 	 1.305822e+08 	
1.00528943e+06 	 6.016764e-01 	 1.298412e+08 	
1.00539836e+06 	 5.395405e-01 	 1.289655e+08 	
1.00550728e+06 	 4.860379e-01 	 1.281616e+08 	
1.00561620e+06 	 4.397180e-01 	 1.274216e+08 	
1.00572513e+06 	 3.994104e-01 	 1.267385e+08 	
1.00583405e+06 	 3.641648e-01 	 1.261063e+08 	
1.00596655e+06 	 3.270034e-01 	 1.253982e+08 	
1.00609905e+06 	 2.950627e-01 	 1.247495e+08 	
1.00623155e+06 	 2.674460e-01 	 1.241531e+08 	
1.00636404e+06 	 2.434352e-01 	 1.236031e+08 	
1.00649654e+06 	 2.224509e-01 	 1.230944e+08 	
1.00668895e+06 	 1.964225e-01 	 1.224201e+08 	
1.00688135e+06 	 1.746639e-01 	 1.218121e+08 	
1.00707376e+06 	 1.563155e-01 	 1.212610e+08 	
1.00726617e+06 	 1.407188e-01 	 1.207589e+08 	
1.00749712e+06 	 1.249198e-01 	 1.202121e+08 	
1.00772808e+06 	 1.116782e-01 	 1.197176e+08 	
1.00795904e+06 	 1.004816e-01 	 1.192679e+08 	
1.00819000e+06 	 9.093731e-02 	 1.188569e+08 	
1.00852643e+06 	 7.937966e-02 	 1.183170e+08 	
1.00886286e+06 	 6.999121e-02 	 1.178358e+08 	
1.00919930e+06 	 6.226796e-02 	 1.174034e+08 	
1.00966646e+06 	 5.363488e-02 	 1.168694e+08 	
1.01013361e+06 	 4.682029e-02 	 1.163983e+08 	
1.01060077e+06 	 4.135045e-02 	 1.159782e+08 	
1.01113977e+06 	 3.628412e-02 	 1.155448e+08 	
1.01167876e+06 	 3.221741e-02 	 1.151563e+08 	
1.01221776e+06 	 2.890411e-02 	 1.148044e+08 	
1.01301626e+06 	 2.501952e-02 	 1.143376e+08 	
1.01381476e+06 	 2.202380e-02 	 1.139224e+08 	
1.01487406e+06 	 1.900176e-02 	 1.134331e+08 	
1.01593337e+06 	 1.673258e-02 	 1.129977e+08 	
1.01719454e+06 	 1.469741e-02 	 1.125325e+08 	
1.01845570e+06 	 1.316121e-02 	 1.121114e+08 	
1.01971687e+06 	 1.197278e-02 	 1.117244e+08 	
1.02168507e+06 	 1.059210e-02 	 1.111717e+08 	
1.02286442e+06 	 9.960109e-03 	 1.108638e+08 	
1.02539508e+06 	 8.933871e-03 	 1.102468e+08 	
1.02746719e+06 	 8.324894e-03 	 1.097753e+08 	
1.03095617e+06 	 7.593192e-03 	 1.090299e+08 	
1.03289899e+06 	 7.292537e-03 	 1.086344e+08 	
1.03740048e+06 	 6.777472e-03 	 1.077562e+08 	
1.04092591e+06 	 6.488319e-03 	 1.070961e+08 	
1.04711248e+06 	 6.116925e-03 	 1.059784e+08 	
1.05329904e+06 	 5.842008e-03 	 1.048987e+08 	
1.06306462e+06 	 5.502382e-03 	 1.032508e+08 	
1.06848120e+06 	 5.340469e-03 	 1.023614e+08 	
1.07083333e+06 	 5.273784e-03 	 1.019800e+08 	
1.08750000e+06 	 4.844901e-03 	 9.935663e+07 	
1.10416667e+06 	 4.467141e-03 	 9.685954e+07 	
1.11666667e+06 	 4.209543e-03 	 9.506338e+07 	
1.13333333e+06 	 3.894988e-03 	 9.276396e+07 	
1.15000000e+06 	 3.610082e-03 	 9.056706e+07 	
1.16666667e+06 	 3.351115e-03 	 8.846598e+07 	
1.18333333e+06 	 3.115588e-03 	 8.645478e+07 	
1.20000000e+06 	 2.900860e-03 	 8.452785e+07 	
1.21666667e+06 	 2.704855e-03 	 8.268015e+07 	
1.23333333e+06 	 2.525403e-03 	 8.090688e+07 	
1.25000000e+06 	 2.360736e-03 	 7.920365e+07 	
1.26666667e+06 	 2.209746e-03 	 7.756663e+07 	
1.29166667e+06 	 2.005570e-03 	 7.522695e+07 	
1.30833333e+06 	 1.882688e-03 	 7.373949e+07 	
1.32500000e+06 	 1.769312e-03 	 7.230631e+07 	
1.34166667e+06 	 1.664518e-03 	 7.092451e+07 	
1.35833333e+06 	 1.567583e-03 	 6.959145e+07 	
1.37500000e+06 	 1.477666e-03 	 6.830458e+07 	
1.40000000e+06 	 1.354849e-03 	 6.645596e+07 	
1.41666667e+06 	 1.280148e-03 	 6.527485e+07 	
1.43333333e+06 	 1.210635e-03 	 6.413250e+07 	
1.45000000e+06 	 1.145897e-03 	 6.302706e+07 	
1.46666667e+06 	 1.085488e-03 	 6.195678e+07 	
1.49166667e+06 	 1.002276e-03 	 6.041377e+07 	
1.50833333e+06 	 9.513066e-04 	 5.942454e+07 	
1.53333333e+06 	 8.809034e-04 	 5.799637e+07 	
1.55000000e+06 	 8.376602e-04 	 5.707952e+07 	
1.56666667e+06 	 7.970728e-04 	 5.618941e+07 	
1.59166667e+06 	 7.407645e-04 	 5.490197e+07 	
1.60833333e+06 	 7.060474e-04 	 5.407398e+07 	
1.63333333e+06 	 6.577650e-04 	 5.287495e+07 	
1.65000000e+06 	 6.278905e-04 	 5.210289e+07 	
1.67500000e+06 	 5.862587e-04 	 5.098361e+07 	
1.69166667e+06 	 5.604400e-04 	 5.026210e+07 	
1.71666667e+06 	 5.244067e-04 	 4.921505e+07 	
1.73333333e+06 	 5.020003e-04 	 4.853940e+07 	
1.75833333e+06 	 4.706481e-04 	 4.755791e+07 	
1.78333333e+06 	 4.417459e-04 	 4.661288e+07 	
1.80000000e+06 	 4.237143e-04 	 4.600213e+07 	
1.82500000e+06 	 3.984194e-04 	 4.511365e+07 	
1.85000000e+06 	 3.750139e-04 	 4.425671e+07 	
1.86666667e+06 	 3.603670e-04 	 4.370213e+07 	
1.89166667e+06 	 3.397616e-04 	 4.289427e+07 	
1.91666667e+06 	 3.206244e-04 	 4.211386e+07 	
1.93333333e+06 	 3.086207e-04 	 4.160818e+07 	
1.95833333e+06 	 2.916820e-04 	 4.087063e+07 	
1.98333333e+06 	 2.759113e-04 	 4.015715e+07 	
2.00833333e+06 	 2.612129e-04 	 3.946661e+07 	
2.02500000e+06 	 2.519751e-04 	 3.901848e+07 	
2.05000000e+06 	 2.388644e-04 	 3.836381e+07 	
2.07500000e+06 	 2.266159e-04 	 3.772938e+07 	
2.10000000e+06 	 2.151591e-04 	 3.711429e+07 	
2.12500000e+06 	 2.044310e-04 	 3.651768e+07 	
2.15000000e+06 	 1.943758e-04 	 3.593874e+07 	
2.17500000e+06 	 1.849468e-04 	 3.537674e+07 	
2.20000000e+06 	 1.760884e-04 	 3.483093e+07 	
2.22500000e+06 	 1.677670e-04 	 3.430065e+07 	
2.25000000e+06 	 1.599375e-04 	 3.378525e+07 	
2.27500000e+06 	 1.525699e-04 	 3.328414e+07 	
2.30000000e+06 	 1.456290e-04 	 3.279675e+07 	
2.32500000e+06 	 1.390843e-04 	 3.232251e+07 	
2.35000000e+06 	 1.329110e-04 	 3.186094e+07 	
2.37500000e+06 	 1.270824e-04 	 3.141153e+07 	
2.40000000e+06 	 1.215756e-04 	 3.097382e+07 	
2.42500000e+06 	 1.163690e-04 	 3.054737e+07 	
2.45000000e+06 	 1.114428e-04 	 3.013175e+07 	
2.47500000e+06 	 1.067791e-04 	 2.972658e+07 	
2.50000000e+06 	 1.023608e-04 	 2.933147e+07 	
2.52500000e+06 	 9.817312e-05 	 2.894606e+07 	
2.55000000e+06 	 9.420079e-05 	 2.857001e+07 	
2.57500000e+06 	 9.043082e-05 	 2.820298e+07 	
2.60000000e+06 	 8.685044e-05 	 2.784466e+07 	
2.62500000e+06 	 8.344881e-05 	 2.749476e+07 	
2.65000000e+06 	 8.021450e-05 	 2.715298e+07 	
2.67500000e+06 	 7.713825e-05 	 2.681905e+07 	
2.70000000e+06 	 7.421010e-05 	 2.649271e+07 	
2.72500000e+06 	 7.142205e-05 	 2.617372e+07 	
2.75000000e+06 	 6.876554e-05 	 2.586183e+07 	
2.77500000e+06 	 6.623336e-05 	 2.555681e+07 	
2.80000000e+06 	 6.381816e-05 	 2.525844e+07 	
2.82500000e+06 	 6.151380e-05 	 2.496651e+07 	
2.85000000e+06 	 5.931418e-05 	 2.468083e+07 	
2.87500000e+06 	 5.721330e-05 	 2.440119e+07 	
2.90000000e+06 	 5.520580e-05 	 2.412741e+07 	
2.92500000e+06 	 5.328684e-05 	 2.385932e+07 	
2.95000000e+06 	 5.145163e-05 	 2.359674e+07 	
2.97500000e+06 	 4.969579e-05 	 2.333951e+07 	
3.00000000e+06 	 4.801514e-05 	 2.308747e+07 	
3.02500000e+06 	 4.640582e-05 	 2.284046e+07 	
3.05000000e+06 	 4.486420e-05 	 2.259835e+07 	
3.07500000e+06 	 4.338667e-05 	 2.236099e+07 	
3.10000000e+06 	 4.197019e-05 	 2.212824e+07 	
3.12500000e+06 	 4.061176e-05 	 2.189998e+07 	
3.15000000e+06 	 3.930828e-05 	 2.167608e+07 	
3.17500000e+06 	 3.805724e-05 	 2.145642e+07 	
3.20000000e+06 	 3.685610e-05 	 2.124089e+07 	
3.22500000e+06 	 3.570234e-05 	 2.102936e+07 	
3.25000000e+06 	 3.459379e-05 	 2.082174e+07 	
3.27500000e+06 	 3.352819e-05 	 2.061791e+07 	
3.30000000e+06 	 3.250364e-05 	 2.041779e+07 	
3.32500000e+06 	 3.151824e-05 	 2.022126e+07 	
3.35000000e+06 	 3.057009e-05 	 2.002823e+07 	
3.37500000e+06 	 2.965756e-05 	 1.983863e+07 	
3.40000000e+06 	 2.877896e-05 	 1.965235e+07 	
3.42500000e+06 	 2.793282e-05 	 1.946931e+07 	
3.45000000e+06 	 2.711769e-05 	 1.928943e+07 	
3.47500000e+06 	 2.633214e-05 	 1.911263e+07 	
3.50000000e+06 	 2.557494e-05 	 1.893884e+07 	
3.52500000e+06 	 2.484478e-05 	 1.876798e+07 	
3.55000000e+06 	 2.414055e-05 	 1.859998e+07 	
3.57500000e+06 	 2.346107e-05 	 1.843476e+07 	
3.60000000e+06 	 2.280535e-05 	 1.827227e+07 	
3.62500000e+06 	 2.217235e-05 	 1.811243e+07 	
3.65000000e+06 	 2.156112e-05 	 1.795519e+07 	
3.67500000e+06 	 2.097076e-05 	 1.780049e+07 	
3.70000000e+06 	 2.040039e-05 	 1.764825e+07 	
3.72500000e+06 	 1.984919e-05 	 1.749843e+07 	
3.75000000e+06 	 1.931639e-05 	 1.735097e+07 	
3.77500000e+06 	 1.880122e-05 	 1.720582e+07 	
3.80000000e+06 	 1.830300e-05 	 1.706292e+07 	
3.82500000e+06 	 1.782105e-05 	 1.692222e+07 	
3.85000000e+06 	 1.735471e-05 	 1.678368e+07 	
3.87500000e+06 	 1.690338e-05 	 1.664725e+07 	
3.90000000e+06 	 1.646645e-05 	 1.651287e+07 	
3.92500000e+06 	 1.604338e-05 	 1.638051e+07 	
3.95000000e+06 	 1.563364e-05 	 1.625011e+07 	
3.97500000e+06 	 1.523671e-05 	 1.612165e+07 	
4.00000000e+06 	 1.485210e-05 	 1.599507e+07 	
4.02500000e+06 	 1.447935e-05 	 1.587034e+07 	
4.05000000e+06 	 1.411802e-05 	 1.574741e+07 	
4.07500000e+06 	 1.376766e-05 	 1.562625e+07 	
4.10000000e+06 	 1.342789e-05 	 1.550683e+07 	
4.12500000e+06 	 1.309832e-05 	 1.538910e+07 	
4.15000000e+06 	 1.277856e-05 	 1.527303e+07 	
4.17500000e+06 	 1.246826e-05 	 1.515859e+07 	
4.20000000e+06 	 1.216709e-05 	 1.504574e+07 	
4.22500000e+06 	 1.187471e-05 	 1.493446e+07 	
4.25000000e+06 	 1.159081e-05 	 1.482470e+07 	
4.27500000e+06 	 1.131510e-05 	 1.471645e+07 	
4.30000000e+06 	 1.104727e-05 	 1.460966e+07 	
4.32500000e+06 	 1.078706e-05 	 1.450431e+07 	
4.35000000e+06 	 1.053421e-05 	 1.440038e+07 	
4.37500000e+06 	 1.028845e-05 	 1.429783e+07 	
4.40000000e+06 	 1.004955e-05 	 1.419664e+07 	
4.42500000e+06 	 9.817275e-06 	 1.409679e+07 	
4.45000000e+06 	 9.591395e-06 	 1.399823e+07 	
4.47500000e+06 	 9.371696e-06 	 1.390097e+07 	
4.50000000e+06 	 9.157973e-06 	 1.380495e+07 	
4.52500000e+06 	 8.950024e-06 	 1.371018e+07 	
4.55000000e+06 	 8.747663e-06 	 1.361661e+07 	
4.57500000e+06 	 8.550701e-06 	 1.352423e+07 	
4.60000000e+06 	 8.358963e-06 	 1.343302e+07 	
4.62500000e+06 	 8.172281e-06 	 1.334295e+07 	
4.65000000e+06 	 7.990487e-06 	 1.325401e+07 	
4.67500000e+06 	 7.813429e-06 	 1.316617e+07 	
4.70000000e+06 	 7.640955e-06 	 1.307942e+07 	
4.72500000e+06 	 7.472918e-06 	 1.299373e+07 	
4.75000000e+06 	 7.309176e-06 	 1.290909e+07 	
4.77500000e+06 	 7.149597e-06 	 1.282547e+07 	
4.80000000e+06 	 6.994050e-06 	 1.274286e+07 	
4.82500000e+06 	 6.842410e-06 	 1.266125e+07 	
4.85000000e+06 	 6.694554e-06 	 1.258060e+07 	
4.87500000e+06 	 6.550368e-06 	 1.250092e+07 	
4.90000000e+06 	 6.409741e-06 	 1.242217e+07 	
4.92500000e+06 	 6.272563e-06 	 1.234436e+07 	
4.95000000e+06 	 6.138730e-06 	 1.226744e+07 	
5.00000000e+06 	 5.880698e-06 	 1.211629e+07 	
5.00050050e+06 	 5.878178e-06 	 1.211479e+07 	
5.00100100e+06 	 5.875660e-06 	 1.211330e+07 	
5.00150150e+06 	 5.873142e-06 	 1.211180e+07 	
5.00200200e+06 	 5.870626e-06 	 1.211031e+07 	
5.00250250e+06 	 5.868111e-06 	 1.210882e+07 	
5.00300300e+06 	 5.865597e-06 	 1.210732e+07 	
5.00350350e+06 	 5.863084e-06 	 1.210583e+07 	
5.00400400e+06 	 5.860573e-06 	 1.210434e+07 	
5.00450450e+06 	 5.858063e-06 	 1.210284e+07 	
5.00500501e+06 	 5.855554e-06 	 1.210135e+07 	
5.00550551e+06 	 5.853046e-06 	 1.209986e+07 	
5.00600601e+06 	 5.850540e-06 	 1.209837e+07 	
5.00650651e+06 	 5.848034e-06 	 1.209688e+07 	
5.00700701e+06 	 5.845530e-06 	 1.209539e+07 	
5.00750751e+06 	 5.843028e-06 	 1.209389e+07 	
5.00800801e+06 	 5.840526e-06 	 1.209240e+07 	
5.00850851e+06 	 5.838025e-06 	 1.209091e+07 	
5.00900901e+06 	 5.835526e-06 	 1.208943e+07 	
5.00950951e+06 	 5.833028e-06 	 1.208794e+07 	
5.01001001e+06 	 5.830531e-06 	 1.208645e+07 	
5.01051051e+06 	 5.828036e-06 	 1.208496e+07 	
5.01101101e+06 	 5.825541e-06 	 1.208347e+07 	
5.01151151e+06 	 5.823048e-06 	 1.208198e+07 	
5.01201201e+06 	 5.820556e-06 	 1.208050e+07 	
5.01251251e+06 	 5.818066e-06 	 1.207901e+07 	
5.01301301e+06 	 5.815576e-06 	 1.207752e+07 	
5.01351351e+06 	 5.813088e-06 	 1.207603e+07 	
5.01401401e+06 	 5.810600e-06 	 1.207455e+07 	
5.01451451e+06 	 5.808114e-06 	 1.207306e+07 	
5.01501502e+06 	 5.805630e-06 	 1.207158e+07 	
5.01551552e+06 	 5.803146e-06 	 1.207009e+07 	
5.01601602e+06 	 5.800664e-06 	 1.206861e+07 	
5.01651652e+06 	 5.798183e-06 	 1.206712e+07 	
5.01701702e+06 	 5.795703e-06 	 1.206564e+07 	
5.01751752e+06 	 5.793224e-06 	 1.206416e+07 	
5.01801802e+06 	 5.790746e-06 	 1.206267e+07 	
5.01851852e+06 	 5.788270e-06 	 1.206119e+07 	
5.01901902e+06 	 5.785795e-06 	 1.205971e+07 	
5.01951952e+06 	 5.783321e-06 	 1.205822e+07 	
5.02002002e+06 	 5.780848e-06 	 1.205674e+07 	
5.02052052e+06 	 5.778377e-06 	 1.205526e+07 	
5.02102102e+06 	 5.775906e-06 	 1.205378e+07 	
5.02152152e+06 	 5.773437e-06 	 1.205230e+07 	
5.02202202e+06 	 5.770969e-06 	 1.205082e+07 	
5.02252252e+06 	 5.768502e-06 	 1.204934e+07 	
5.02302302e+06 	 5.766037e-06 	 1.204786e+07 	
5.02352352e+06 	 5.763572e-06 	 1.204638e+07 	
5.02402402e+06 	 5.761109e-06 	 1.204490e+07 	
5.02452452e+06 	 5.758647e-06 	 1.204342e+07 	
5.02502503e+06 	 5.756186e-06 	 1.204194e+07 	
5.02552553e+06 	 5.753726e-06 	 1.204046e+07 	
5.02602603e+06 	 5.751268e-06 	 1.203898e+07 	
5.02652653e+06 	 5.748811e-06 	 1.203751e+07 	
5.02702703e+06 	 5.746355e-06 	 1.203603e+07 	
5.02752753e+06 	 5.743900e-06 	 1.203455e+07 	
5.02802803e+06 	 5.741446e-06 	 1.203308e+07 	
5.02852853e+06 	 5.738993e-06 	 1.203160e+07 	
5.02902903e+06 	 5.736542e-06 	 1.203012e+07 	
5.02952953e+06 	 5.734092e-06 	 1.202865e+07 	
5.03003003e+06 	 5.731643e-06 	 1.202717e+07 	
5.03053053e+06 	 5.729195e-06 	 1.202570e+07 	
5.03103103e+06 	 5.726748e-06 	 1.202422e+07 	
5.03153153e+06 	 5.724303e-06 	 1.202275e+07 	
5.03203203e+06 	 5.721858e-06 	 1.202128e+07 	
5.03253253e+06 	 5.719415e-06 	 1.201980e+07 	
5.03303303e+06 	 5.716973e-06 	 1.201833e+07 	
5.03353353e+06 	 5.714533e-06 	 1.201686e+07 	
5.03403403e+06 	 5.712093e-06 	 1.201538e+07 	
5.03453453e+06 	 5.709655e-06 	 1.201391e+07 	
5.03503504e+06 	 5.707217e-06 	 1.201244e+07 	
5.03553554e+06 	 5.704781e-06 	 1.201097e+07 	
5.03603604e+06 	 5.702346e-06 	 1.200950e+07 	
5.03653654e+06 	 5.699913e-06 	 1.200803e+07 	
5.03703704e+06 	 5.697480e-06 	 1.200656e+07 	
5.03753754e+06 	 5.695049e-06 	 1.200509e+07 	
5.03803804e+06 	 5.692619e-06 	 1.200362e+07 	
5.03853854e+06 	 5.690190e-06 	 1.200215e+07 	
5.03903904e+06 	 5.687762e-06 	 1.200068e+07 	
5.03953954e+06 	 5.685335e-06 	 1.199921e+07 	
5.04004004e+06 	 5.682909e-06 	 1.199774e+07 	
5.04054054e+06 	 5.680485e-06 	 1.199627e+07 	
5.04104104e+06 	 5.678062e-06 	 1.199481e+07 	
5.04154154e+06 	 5.675640e-06 	 1.199334e+07 	
5.04204204e+06 	 5.673219e-06 	 1.199187e+07 	
5.04254254e+06 	 5.670799e-06 	 1.199040e+07 	
5.04304304e+06 	 5.668381e-06 	 1.198894e+07 	
5.04354354e+06 	 5.665963e-06 	 1.198747e+07 	
5.04404404e+06 	 5.663547e-06 	 1.198601e+07 	
5.04454454e+06 	 5.661132e-06 	 1.198454e+07 	
5.04504505e+06 	 5.658718e-06 	 1.198308e+07 	
5.04554555e+06 	 5.656305e-06 	 1.198161e+07 	
5.04604605e+06 	 5.653894e-06 	 1.198015e+07 	
5.04654655e+06 	 5.651483e-06 	 1.197868e+07 	
5.04704705e+06 	 5.649074e-06 	 1.197722e+07 	
5.04754755e+06 	 5.646666e-06 	 1.197576e+07 	
5.04804805e+06 	 5.644259e-06 	 1.197429e+07 	
5.04854855e+06 	 5.641853e-06 	 1.197283e+07 	
5.04904905e+06 	 5.639449e-06 	 1.197137e+07 	
5.04954955e+06 	 5.637045e-06 	 1.196991e+07 	
5.05005005e+06 	 5.634643e-06 	 1.196844e+07 	
5.05055055e+06 	 5.632242e-06 	 1.196698e+07 	
5.05105105e+06 	 5.629842e-06 	 1.196552e+07 	
5.05155155e+06 	 5.627443e-06 	 1.196406e+07 	
5.05205205e+06 	 5.625045e-06 	 1.196260e+07 	
5.05255255e+06 	 5.622648e-06 	 1.196114e+07 	
5.05305305e+06 	 5.620253e-06 	 1.195968e+07 	
5.05355355e+06 	 5.617859e-06 	 1.195822e+07 	
5.05405405e+06 	 5.615466e-06 	 1.195676e+07 	
5.05455455e+06 	 5.613074e-06 	 1.195530e+07 	
5.05505506e+06 	 5.610683e-06 	 1.195385e+07 	
5.05555556e+06 	 5.608293e-06 	 1.195239e+07 	
5.05605606e+06 	 5.605905e-06 	 1.195093e+07 	
5.05655656e+06 	 5.603517e-06 	 1.194947e+07 	
5.05705706e+06 	 5.601131e-06 	 1.194802e+07 	
5.05755756e+06 	 5.598746e-06 	 1.194656e+07 	
5.05805806e+06 	 5.596362e-06 	 1.194510e+07 	
5.05855856e+06 	 5.593979e-06 	 1.194365e+07 	
5.05905906e+06 	 5.591597e-06 	 1.194219e+07 	
5.05955956e+06 	 5.589217e-06 	 1.194073e+07 	
5.06006006e+06 	 5.586837e-06 	 1.193928e+07 	
5.06056056e+06 	 5.584459e-06 	 1.193783e+07 	
5.06106106e+06 	 5.582082e-06 	 1.193637e+07 	
5.06156156e+06 	 5.579706e-06 	 1.193492e+07 	
5.06206206e+06 	 5.577331e-06 	 1.193346e+07 	
5.06256256e+06 	 5.574957e-06 	 1.193201e+07 	
5.06306306e+06 	 5.572585e-06 	 1.193056e+07 	
5.06356356e+06 	 5.570213e-06 	 1.192910e+07 	
5.06406406e+06 	 5.567843e-06 	 1.192765e+07 	
5.06456456e+06 	 5.565474e-06 	 1.192620e+07 	
5.06506507e+06 	 5.563106e-06 	 1.192475e+07 	
5.06556557e+06 	 5.560739e-06 	 1.192330e+07 	
5.06606607e+06 	 5.558373e-06 	 1.192185e+07 	
5.06656657e+06 	 5.556008e-06 	 1.192039e+07 	
5.06706707e+06 	 5.553645e-06 	 1.191894e+07 	
5.06756757e+06 	 5.551283e-06 	 1.191749e+07 	
5.06806807e+06 	 5.548921e-06 	 1.191604e+07 	
5.06856857e+06 	 5.546561e-06 	 1.191460e+07 	
5.06906907e+06 	 5.544202e-06 	 1.191315e+07 	
5.06956957e+06 	 5.541844e-06 	 1.191170e+07 	
5.07007007e+06 	 5.539487e-06 	 1.191025e+07 	
5.07057057e+06 	 5.537132e-06 	 1.190880e+07 	
5.07107107e+06 	 5.534777e-06 	 1.190735e+07 	
5.07157157e+06 	 5.532424e-06 	 1.190591e+07 	
5.07207207e+06 	 5.530071e-06 	 1.190446e+07 	
5.07257257e+06 	 5.527720e-06 	 1.190301e+07 	
5.07307307e+06 	 5.525370e-06 	 1.190157e+07 	
5.07357357e+06 	 5.523021e-06 	 1.190012e+07 	
5.07407407e+06 	 5.520674e-06 	 1.189867e+07 	
5.07457457e+06 	 5.518327e-06 	 1.189723e+07 	
5.07507508e+06 	 5.515981e-06 	 1.189578e+07 	
5.07557558e+06 	 5.513637e-06 	 1.189434e+07 	
5.07607608e+06 	 5.511293e-06 	 1.189289e+07 	
5.07657658e+06 	 5.508951e-06 	 1.189145e+07 	
5.07707708e+06 	 5.506610e-06 	 1.189001e+07 	
5.07757758e+06 	 5.504270e-06 	 1.188856e+07 	
5.07807808e+06 	 5.501931e-06 	 1.188712e+07 	
5.07857858e+06 	 5.499594e-06 	 1.188568e+07 	
5.07907908e+06 	 5.497257e-06 	 1.188423e+07 	
5.07957958e+06 	 5.494921e-06 	 1.188279e+07 	
5.08008008e+06 	 5.492587e-06 	 1.188135e+07 	
5.08058058e+06 	 5.490254e-06 	 1.187991e+07 	
5.08108108e+06 	 5.487921e-06 	 1.187847e+07 	
5.08158158e+06 	 5.485590e-06 	 1.187703e+07 	
5.08208208e+06 	 5.483260e-06 	 1.187559e+07 	
5.08258258e+06 	 5.480932e-06 	 1.187415e+07 	
5.08308308e+06 	 5.478604e-06 	 1.187271e+07 	
5.08358358e+06 	 5.476277e-06 	 1.187127e+07 	
5.08408408e+06 	 5.473952e-06 	 1.186983e+07 	
5.08458458e+06 	 5.471627e-06 	 1.186839e+07 	
5.08508509e+06 	 5.469304e-06 	 1.186695e+07 	
5.08558559e+06 	 5.466982e-06 	 1.186551e+07 	
5.08608609e+06 	 5.464661e-06 	 1.186407e+07 	
5.08658659e+06 	 5.462341e-06 	 1.186264e+07 	
5.08708709e+06 	 5.460022e-06 	 1.186120e+07 	
5.08758759e+06 	 5.457704e-06 	 1.185976e+07 	
5.08808809e+06 	 5.455387e-06 	 1.185833e+07 	
5.08858859e+06 	 5.453072e-06 	 1.185689e+07 	
5.08908909e+06 	 5.450757e-06 	 1.185545e+07 	
5.08958959e+06 	 5.448444e-06 	 1.185402e+07 	
5.09009009e+06 	 5.446131e-06 	 1.185258e+07 	
5.09059059e+06 	 5.443820e-06 	 1.185115e+07 	
5.09109109e+06 	 5.441510e-06 	 1.184971e+07 	
5.09159159e+06 	 5.439201e-06 	 1.184828e+07 	
5.09209209e+06 	 5.436893e-06 	 1.184685e+07 	
5.09259259e+06 	 5.434586e-06 	 1.184541e+07 	
5.09309309e+06 	 5.432281e-06 	 1.184398e+07 	
5.09359359e+06 	 5.429976e-06 	 1.184255e+07 	
5.09409409e+06 	 5.427672e-06 	 1.184111e+07 	
5.09459459e+06 	 5.425370e-06 	 1.183968e+07 	
5.09509510e+06 	 5.423069e-06 	 1.183825e+07 	
5.09559560e+06 	 5.420768e-06 	 1.183682e+07 	
5.09609610e+06 	 5.418469e-06 	 1.183539e+07 	
5.09659660e+06 	 5.416171e-06 	 1.183395e+07 	
5.09709710e+06 	 5.413874e-06 	 1.183252e+07 	
5.09759760e+06 	 5.411578e-06 	 1.183109e+07 	
5.09809810e+06 	 5.409284e-06 	 1.182966e+07 	
5.09859860e+06 	 5.406990e-06 	 1.182823e+07 	
5.09909910e+06 	 5.404697e-06 	 1.182680e+07 	
5.09959960e+06 	 5.402406e-06 	 1.182537e+07 	
5.10010010e+06 	 5.400115e-06 	 1.182395e+07 	
5.10060060e+06 	 5.397826e-06 	 1.182252e+07 	
5.10110110e+06 	 5.395538e-06 	 1.182109e+07 	
5.10160160e+06 	 5.393250e-06 	 1.181966e+07 	
5.10210210e+06 	 5.390964e-06 	 1.181823e+07 	
5.10260260e+06 	 5.388679e-06 	 1.181681e+07 	
5.10310310e+06 	 5.386395e-06 	 1.181538e+07 	
5.10360360e+06 	 5.384113e-06 	 1.181395e+07 	
5.10410410e+06 	 5.381831e-06 	 1.181253e+07 	
5.10460460e+06 	 5.379550e-06 	 1.181110e+07 	
5.10510511e+06 	 5.377271e-06 	 1.180968e+07 	
5.10560561e+06 	 5.374992e-06 	 1.180825e+07 	
5.10610611e+06 	 5.372715e-06 	 1.180683e+07 	
5.10660661e+06 	 5.370438e-06 	 1.180540e+07 	
5.10710711e+06 	 5.368163e-06 	 1.180398e+07 	
5.10760761e+06 	 5.365889e-06 	 1.180255e+07 	
5.10810811e+06 	 5.363616e-06 	 1.180113e+07 	
5.10860861e+06 	 5.361343e-06 	 1.179971e+07 	
5.10910911e+06 	 5.359073e-06 	 1.179828e+07 	
5.10960961e+06 	 5.356803e-06 	 1.179686e+07 	
5.11011011e+06 	 5.354534e-06 	 1.179544e+07 	
5.11061061e+06 	 5.352266e-06 	 1.179402e+07 	
5.11111111e+06 	 5.349999e-06 	 1.179259e+07 	
5.11161161e+06 	 5.347734e-06 	 1.179117e+07 	
5.11211211e+06 	 5.345469e-06 	 1.178975e+07 	
5.11261261e+06 	 5.343206e-06 	 1.178833e+07 	
5.11311311e+06 	 5.340943e-06 	 1.178691e+07 	
5.11361361e+06 	 5.338682e-06 	 1.178549e+07 	
5.11411411e+06 	 5.336422e-06 	 1.178407e+07 	
5.11461461e+06 	 5.334163e-06 	 1.178265e+07 	
5.11511512e+06 	 5.331904e-06 	 1.178123e+07 	
5.11561562e+06 	 5.329647e-06 	 1.177981e+07 	
5.11611612e+06 	 5.327391e-06 	 1.177840e+07 	
5.11661662e+06 	 5.325136e-06 	 1.177698e+07 	
5.11711712e+06 	 5.322883e-06 	 1.177556e+07 	
5.11761762e+06 	 5.320630e-06 	 1.177414e+07 	
5.11811812e+06 	 5.318378e-06 	 1.177273e+07 	
5.11861862e+06 	 5.316127e-06 	 1.177131e+07 	
5.11911912e+06 	 5.313878e-06 	 1.176989e+07 	
5.11961962e+06 	 5.311629e-06 	 1.176848e+07 	
5.12012012e+06 	 5.309382e-06 	 1.176706e+07 	
5.12062062e+06 	 5.307135e-06 	 1.176564e+07 	
5.12112112e+06 	 5.304890e-06 	 1.176423e+07 	
5.12162162e+06 	 5.302646e-06 	 1.176281e+07 	
5.12212212e+06 	 5.300403e-06 	 1.176140e+07 	
5.12262262e+06 	 5.298160e-06 	 1.175999e+07 	
5.12312312e+06 	 5.295919e-06 	 1.175857e+07 	
5.12362362e+06 	 5.293679e-06 	 1.175716e+07 	
5.12412412e+06 	 5.291440e-06 	 1.175574e+07 	
5.12462462e+06 	 5.289202e-06 	 1.175433e+07 	
5.12512513e+06 	 5.286965e-06 	 1.175292e+07 	
5.12562563e+06 	 5.284729e-06 	 1.175151e+07 	
5.12612613e+06 	 5.282495e-06 	 1.175009e+07 	
5.12662663e+06 	 5.280261e-06 	 1.174868e+07 	
5.12712713e+06 	 5.278028e-06 	 1.174727e+07 	
5.12762763e+06 	 5.275797e-06 	 1.174586e+07 	
5.12812813e+06 	 5.273566e-06 	 1.174445e+07 	
5.12862863e+06 	 5.271337e-06 	 1.174304e+07 	
5.12912913e+06 	 5.269108e-06 	 1.174163e+07 	
5.12962963e+06 	 5.266881e-06 	 1.174022e+07 	
5.13013013e+06 	 5.264654e-06 	 1.173881e+07 	
5.13063063e+06 	 5.262429e-06 	 1.173740e+07 	
5.13113113e+06 	 5.260205e-06 	 1.173599e+07 	
5.13163163e+06 	 5.257981e-06 	 1.173458e+07 	
5.13213213e+06 	 5.255759e-06 	 1.173317e+07 	
5.13263263e+06 	 5.253538e-06 	 1.173177e+07 	
5.13313313e+06 	 5.251318e-06 	 1.173036e+07 	
5.13363363e+06 	 5.249099e-06 	 1.172895e+07 	
5.13413413e+06 	 5.246881e-06 	 1.172754e+07 	
5.13463463e+06 	 5.244664e-06 	 1.172614e+07 	
5.13513514e+06 	 5.242448e-06 	 1.172473e+07 	
5.13563564e+06 	 5.240233e-06 	 1.172333e+07 	
5.13613614e+06 	 5.238019e-06 	 1.172192e+07 	
5.13663664e+06 	 5.235807e-06 	 1.172051e+07 	
5.13713714e+06 	 5.233595e-06 	 1.171911e+07 	
5.13763764e+06 	 5.231384e-06 	 1.171770e+07 	
5.13813814e+06 	 5.229175e-06 	 1.171630e+07 	
5.13863864e+06 	 5.226966e-06 	 1.171490e+07 	
5.13913914e+06 	 5.224758e-06 	 1.171349e+07 	
5.13963964e+06 	 5.222552e-06 	 1.171209e+07 	
5.14014014e+06 	 5.220346e-06 	 1.171069e+07 	
5.14064064e+06 	 5.218142e-06 	 1.170928e+07 	
5.14114114e+06 	 5.215938e-06 	 1.170788e+07 	
5.14164164e+06 	 5.213736e-06 	 1.170648e+07 	
5.14214214e+06 	 5.211534e-06 	 1.170508e+07 	
5.14264264e+06 	 5.209334e-06 	 1.170367e+07 	
5.14314314e+06 	 5.207135e-06 	 1.170227e+07 	
5.14364364e+06 	 5.204937e-06 	 1.170087e+07 	
5.14414414e+06 	 5.202739e-06 	 1.169947e+07 	
5.14464464e+06 	 5.200543e-06 	 1.169807e+07 	
5.14514515e+06 	 5.198348e-06 	 1.169667e+07 	
5.14564565e+06 	 5.196154e-06 	 1.169527e+07 	
5.14614615e+06 	 5.193961e-06 	 1.169387e+07 	
5.14664665e+06 	 5.191768e-06 	 1.169247e+07 	
5.14714715e+06 	 5.189577e-06 	 1.169107e+07 	
5.14764765e+06 	 5.187387e-06 	 1.168968e+07 	
5.14814815e+06 	 5.185198e-06 	 1.168828e+07 	
5.14864865e+06 	 5.183010e-06 	 1.168688e+07 	
5.14914915e+06 	 5.180823e-06 	 1.168548e+07 	
5.14964965e+06 	 5.178637e-06 	 1.168408e+07 	
5.15015015e+06 	 5.176452e-06 	 1.168269e+07 	
5.15065065e+06 	 5.174269e-06 	 1.168129e+07 	
5.15115115e+06 	 5.172086e-06 	 1.167989e+07 	
5.15165165e+06 	 5.169904e-06 	 1.167850e+07 	
5.15215215e+06 	 5.167723e-06 	 1.167710e+07 	
5.15265265e+06 	 5.165543e-06 	 1.167571e+07 	
5.15315315e+06 	 5.163364e-06 	 1.167431e+07 	
5.15365365e+06 	 5.161187e-06 	 1.167292e+07 	
5.15415415e+06 	 5.159010e-06 	 1.167152e+07 	
5.15465465e+06 	 5.156834e-06 	 1.167013e+07 	
5.15515516e+06 	 5.154659e-06 	 1.166874e+07 	
5.15565566e+06 	 5.152486e-06 	 1.166734e+07 	
5.15615616e+06 	 5.150313e-06 	 1.166595e+07 	
5.15665666e+06 	 5.148141e-06 	 1.166456e+07 	
5.15715716e+06 	 5.145971e-06 	 1.166316e+07 	
5.15765766e+06 	 5.143801e-06 	 1.166177e+07 	
5.15815816e+06 	 5.141633e-06 	 1.166038e+07 	
5.15865866e+06 	 5.139465e-06 	 1.165899e+07 	
5.15915916e+06 	 5.137298e-06 	 1.165760e+07 	
5.15965966e+06 	 5.135133e-06 	 1.165621e+07 	
5.16016016e+06 	 5.132968e-06 	 1.165482e+07 	
5.16066066e+06 	 5.130805e-06 	 1.165342e+07 	
5.16116116e+06 	 5.128642e-06 	 1.165203e+07 	
5.16166166e+06 	 5.126481e-06 	 1.165065e+07 	
5.16216216e+06 	 5.124320e-06 	 1.164926e+07 	
5.16266266e+06 	 5.122161e-06 	 1.164787e+07 	
5.16316316e+06 	 5.120002e-06 	 1.164648e+07 	
5.16366366e+06 	 5.117845e-06 	 1.164509e+07 	
5.16416416e+06 	 5.115688e-06 	 1.164370e+07 	
5.16466466e+06 	 5.113533e-06 	 1.164231e+07 	
5.16516517e+06 	 5.111378e-06 	 1.164093e+07 	
5.16566567e+06 	 5.109225e-06 	 1.163954e+07 	
5.16616617e+06 	 5.107072e-06 	 1.163815e+07 	
5.16666667e+06 	 5.104921e-06 	 1.163677e+07 	
5.16716717e+06 	 5.102771e-06 	 1.163538e+07 	
5.16766767e+06 	 5.100621e-06 	 1.163399e+07 	
5.16816817e+06 	 5.098473e-06 	 1.163261e+07 	
5.16866867e+06 	 5.096325e-06 	 1.163122e+07 	
5.16916917e+06 	 5.094179e-06 	 1.162984e+07 	
5.16966967e+06 	 5.092033e-06 	 1.162845e+07 	
5.17017017e+06 	 5.089889e-06 	 1.162707e+07 	
5.17067067e+06 	 5.087745e-06 	 1.162568e+07 	
5.17117117e+06 	 5.085603e-06 	 1.162430e+07 	
5.17167167e+06 	 5.083462e-06 	 1.162292e+07 	
5.17217217e+06 	 5.081321e-06 	 1.162153e+07 	
5.17267267e+06 	 5.079182e-06 	 1.162015e+07 	
5.17317317e+06 	 5.077043e-06 	 1.161877e+07 	
5.17367367e+06 	 5.074906e-06 	 1.161739e+07 	
5.17417417e+06 	 5.072769e-06 	 1.161600e+07 	
5.17467467e+06 	 5.070634e-06 	 1.161462e+07 	
5.17517518e+06 	 5.068499e-06 	 1.161324e+07 	
5.17567568e+06 	 5.066366e-06 	 1.161186e+07 	
5.17617618e+06 	 5.064233e-06 	 1.161048e+07 	
5.17667668e+06 	 5.062102e-06 	 1.160910e+07 	
5.17717718e+06 	 5.059971e-06 	 1.160772e+07 	
5.17767768e+06 	 5.057842e-06 	 1.160634e+07 	
5.17817818e+06 	 5.055713e-06 	 1.160496e+07 	
5.17867868e+06 	 5.053586e-06 	 1.160358e+07 	
5.17917918e+06 	 5.051459e-06 	 1.160220e+07 	
5.17967968e+06 	 5.049334e-06 	 1.160082e+07 	
5.18018018e+06 	 5.047209e-06 	 1.159944e+07 	
5.18068068e+06 	 5.045086e-06 	 1.159807e+07 	
5.18118118e+06 	 5.042963e-06 	 1.159669e+07 	
5.18168168e+06 	 5.040841e-06 	 1.159531e+07 	
5.18218218e+06 	 5.038721e-06 	 1.159393e+07 	
5.18268268e+06 	 5.036601e-06 	 1.159256e+07 	
5.18318318e+06 	 5.034483e-06 	 1.159118e+07 	
5.18368368e+06 	 5.032365e-06 	 1.158980e+07 	
5.18418418e+06 	 5.030248e-06 	 1.158843e+07 	
5.18468468e+06 	 5.028133e-06 	 1.158705e+07 	
5.18518519e+06 	 5.026018e-06 	 1.158568e+07 	
5.18568569e+06 	 5.023904e-06 	 1.158430e+07 	
5.18618619e+06 	 5.021791e-06 	 1.158293e+07 	
5.18668669e+06 	 5.019680e-06 	 1.158155e+07 	
5.18718719e+06 	 5.017569e-06 	 1.158018e+07 	
5.18768769e+06 	 5.015459e-06 	 1.157881e+07 	
5.18818819e+06 	 5.013350e-06 	 1.157743e+07 	
5.18868869e+06 	 5.011242e-06 	 1.157606e+07 	
5.18918919e+06 	 5.009136e-06 	 1.157469e+07 	
5.18968969e+06 	 5.007030e-06 	 1.157331e+07 	
5.19019019e+06 	 5.004925e-06 	 1.157194e+07 	
5.19069069e+06 	 5.002821e-06 	 1.157057e+07 	
5.19119119e+06 	 5.000718e-06 	 1.156920e+07 	
5.19169169e+06 	 4.998616e-06 	 1.156783e+07 	
5.19219219e+06 	 4.996515e-06 	 1.156646e+07 	
5.19269269e+06 	 4.994415e-06 	 1.156509e+07 	
5.19319319e+06 	 4.992316e-06 	 1.156372e+07 	
5.19369369e+06 	 4.990218e-06 	 1.156235e+07 	
5.19419419e+06 	 4.988121e-06 	 1.156098e+07 	
5.19469469e+06 	 4.986025e-06 	 1.155961e+07 	
5.19519520e+06 	 4.983930e-06 	 1.155824e+07 	
5.19569570e+06 	 4.981835e-06 	 1.155687e+07 	
5.19619620e+06 	 4.979742e-06 	 1.155550e+07 	
5.19669670e+06 	 4.977650e-06 	 1.155413e+07 	
5.19719720e+06 	 4.975559e-06 	 1.155276e+07 	
5.19769770e+06 	 4.973468e-06 	 1.155140e+07 	
5.19819820e+06 	 4.971379e-06 	 1.155003e+07 	
5.19869870e+06 	 4.969291e-06 	 1.154866e+07 	
5.19919920e+06 	 4.967203e-06 	 1.154730e+07 	
5.19969970e+06 	 4.965117e-06 	 1.154593e+07 	
5.20020020e+06 	 4.963031e-06 	 1.154456e+07 	
5.20070070e+06 	 4.960947e-06 	 1.154320e+07 	
5.20120120e+06 	 4.958863e-06 	 1.154183e+07 	
5.20170170e+06 	 4.956781e-06 	 1.154047e+07 	
5.20220220e+06 	 4.954699e-06 	 1.153910e+07 	
5.20270270e+06 	 4.952619e-06 	 1.153774e+07 	
5.20320320e+06 	 4.950539e-06 	 1.153637e+07 	
5.20370370e+06 	 4.948460e-06 	 1.153501e+07 	
5.20420420e+06 	 4.946383e-06 	 1.153365e+07 	
5.20470470e+06 	 4.944306e-06 	 1.153228e+07 	
5.20520521e+06 	 4.942230e-06 	 1.153092e+07 	
5.20570571e+06 	 4.940155e-06 	 1.152956e+07 	
5.20620621e+06 	 4.938081e-06 	 1.152819e+07 	
5.20670671e+06 	 4.936008e-06 	 1.152683e+07 	
5.20720721e+06 	 4.933936e-06 	 1.152547e+07 	
5.20770771e+06 	 4.931865e-06 	 1.152411e+07 	
5.20820821e+06 	 4.929795e-06 	 1.152275e+07 	
5.20870871e+06 	 4.927726e-06 	 1.152139e+07 	
5.20920921e+06 	 4.925658e-06 	 1.152003e+07 	
5.20970971e+06 	 4.923591e-06 	 1.151867e+07 	
5.21021021e+06 	 4.921525e-06 	 1.151731e+07 	
5.21071071e+06 	 4.919459e-06 	 1.151595e+07 	
5.21121121e+06 	 4.917395e-06 	 1.151459e+07 	
5.21171171e+06 	 4.915332e-06 	 1.151323e+07 	
5.21221221e+06 	 4.913269e-06 	 1.151187e+07 	
5.21271271e+06 	 4.911208e-06 	 1.151051e+07 	
5.21321321e+06 	 4.909147e-06 	 1.150915e+07 	
5.21371371e+06 	 4.907088e-06 	 1.150779e+07 	
5.21421421e+06 	 4.905029e-06 	 1.150644e+07 	
5.21471471e+06 	 4.902971e-06 	 1.150508e+07 	
5.21521522e+06 	 4.900915e-06 	 1.150372e+07 	
5.21571572e+06 	 4.898859e-06 	 1.150237e+07 	
5.21621622e+06 	 4.896804e-06 	 1.150101e+07 	
5.21671672e+06 	 4.894750e-06 	 1.149965e+07 	
5.21721722e+06 	 4.892698e-06 	 1.149830e+07 	
5.21771772e+06 	 4.890646e-06 	 1.149694e+07 	
5.21821822e+06 	 4.888595e-06 	 1.149559e+07 	
5.21871872e+06 	 4.886544e-06 	 1.149423e+07 	
5.21921922e+06 	 4.884495e-06 	 1.149288e+07 	
5.21971972e+06 	 4.882447e-06 	 1.149152e+07 	
5.22022022e+06 	 4.880400e-06 	 1.149017e+07 	
5.22072072e+06 	 4.878354e-06 	 1.148882e+07 	
5.22122122e+06 	 4.876308e-06 	 1.148746e+07 	
5.22172172e+06 	 4.874264e-06 	 1.148611e+07 	
5.22222222e+06 	 4.872221e-06 	 1.148476e+07 	
5.22272272e+06 	 4.870178e-06 	 1.148340e+07 	
5.22322322e+06 	 4.868136e-06 	 1.148205e+07 	
5.22372372e+06 	 4.866096e-06 	 1.148070e+07 	
5.22422422e+06 	 4.864056e-06 	 1.147935e+07 	
5.22472472e+06 	 4.862017e-06 	 1.147800e+07 	
5.22522523e+06 	 4.859980e-06 	 1.147665e+07 	
5.22572573e+06 	 4.857943e-06 	 1.147529e+07 	
5.22622623e+06 	 4.855907e-06 	 1.147394e+07 	
5.22672673e+06 	 4.853872e-06 	 1.147259e+07 	
5.22722723e+06 	 4.851838e-06 	 1.147124e+07 	
5.22772773e+06 	 4.849805e-06 	 1.146990e+07 	
5.22822823e+06 	 4.847772e-06 	 1.146855e+07 	
5.22872873e+06 	 4.845741e-06 	 1.146720e+07 	
5.22922923e+06 	 4.843711e-06 	 1.146585e+07 	
5.22972973e+06 	 4.841682e-06 	 1.146450e+07 	
5.23023023e+06 	 4.839653e-06 	 1.146315e+07 	
5.23073073e+06 	 4.837626e-06 	 1.146180e+07 	
5.23123123e+06 	 4.835599e-06 	 1.146046e+07 	
5.23173173e+06 	 4.833573e-06 	 1.145911e+07 	
5.23223223e+06 	 4.831549e-06 	 1.145776e+07 	
5.23273273e+06 	 4.829525e-06 	 1.145642e+07 	
5.23323323e+06 	 4.827502e-06 	 1.145507e+07 	
5.23373373e+06 	 4.825480e-06 	 1.145372e+07 	
5.23423423e+06 	 4.823459e-06 	 1.145238e+07 	
5.23473473e+06 	 4.821439e-06 	 1.145103e+07 	
5.23523524e+06 	 4.819420e-06 	 1.144969e+07 	
5.23573574e+06 	 4.817402e-06 	 1.144834e+07 	
5.23623624e+06 	 4.815384e-06 	 1.144700e+07 	
5.23673674e+06 	 4.813368e-06 	 1.144565e+07 	
5.23723724e+06 	 4.811353e-06 	 1.144431e+07 	
5.23773774e+06 	 4.809338e-06 	 1.144297e+07 	
5.23823824e+06 	 4.807325e-06 	 1.144162e+07 	
5.23873874e+06 	 4.805312e-06 	 1.144028e+07 	
5.23923924e+06 	 4.803300e-06 	 1.143894e+07 	
5.23973974e+06 	 4.801289e-06 	 1.143760e+07 	
5.24024024e+06 	 4.799280e-06 	 1.143625e+07 	
5.24074074e+06 	 4.797271e-06 	 1.143491e+07 	
5.24124124e+06 	 4.795263e-06 	 1.143357e+07 	
5.24174174e+06 	 4.793255e-06 	 1.143223e+07 	
5.24224224e+06 	 4.791249e-06 	 1.143089e+07 	
5.24274274e+06 	 4.789244e-06 	 1.142955e+07 	
5.24324324e+06 	 4.787240e-06 	 1.142821e+07 	
5.24374374e+06 	 4.785236e-06 	 1.142687e+07 	
5.24424424e+06 	 4.783234e-06 	 1.142553e+07 	
5.24474474e+06 	 4.781232e-06 	 1.142419e+07 	
5.24524525e+06 	 4.779231e-06 	 1.142285e+07 	
5.24574575e+06 	 4.777232e-06 	 1.142151e+07 	
5.24624625e+06 	 4.775233e-06 	 1.142017e+07 	
5.24674675e+06 	 4.773235e-06 	 1.141883e+07 	
5.24724725e+06 	 4.771238e-06 	 1.141750e+07 	
5.24774775e+06 	 4.769242e-06 	 1.141616e+07 	
5.24824825e+06 	 4.767246e-06 	 1.141482e+07 	
5.24874875e+06 	 4.765252e-06 	 1.141348e+07 	
5.24924925e+06 	 4.763259e-06 	 1.141215e+07 	
5.24974975e+06 	 4.761266e-06 	 1.141081e+07 	
5.25025025e+06 	 4.759275e-06 	 1.140947e+07 	
5.25075075e+06 	 4.757284e-06 	 1.140814e+07 	
5.25125125e+06 	 4.755295e-06 	 1.140680e+07 	
5.25175175e+06 	 4.753306e-06 	 1.140547e+07 	
5.25225225e+06 	 4.751318e-06 	 1.140413e+07 	
5.25275275e+06 	 4.749331e-06 	 1.140280e+07 	
5.25325325e+06 	 4.747345e-06 	 1.140146e+07 	
5.25375375e+06 	 4.745360e-06 	 1.140013e+07 	
5.25425425e+06 	 4.743375e-06 	 1.139880e+07 	
5.25475475e+06 	 4.741392e-06 	 1.139746e+07 	
5.25525526e+06 	 4.739410e-06 	 1.139613e+07 	
5.25575576e+06 	 4.737428e-06 	 1.139480e+07 	
5.25625626e+06 	 4.735447e-06 	 1.139346e+07 	
5.25675676e+06 	 4.733468e-06 	 1.139213e+07 	
5.25725726e+06 	 4.731489e-06 	 1.139080e+07 	
5.25775776e+06 	 4.729511e-06 	 1.138947e+07 	
5.25825826e+06 	 4.727534e-06 	 1.138814e+07 	
5.25875876e+06 	 4.725558e-06 	 1.138680e+07 	
5.25925926e+06 	 4.723583e-06 	 1.138547e+07 	
5.25975976e+06 	 4.721608e-06 	 1.138414e+07 	
5.26026026e+06 	 4.719635e-06 	 1.138281e+07 	
5.26076076e+06 	 4.717663e-06 	 1.138148e+07 	
5.26126126e+06 	 4.715691e-06 	 1.138015e+07 	
5.26176176e+06 	 4.713720e-06 	 1.137882e+07 	
5.26226226e+06 	 4.711750e-06 	 1.137749e+07 	
5.26276276e+06 	 4.709782e-06 	 1.137616e+07 	
5.26326326e+06 	 4.707814e-06 	 1.137484e+07 	
5.26376376e+06 	 4.705846e-06 	 1.137351e+07 	
5.26426426e+06 	 4.703880e-06 	 1.137218e+07 	
5.26476476e+06 	 4.701915e-06 	 1.137085e+07 	
5.26526527e+06 	 4.699951e-06 	 1.136952e+07 	
5.26576577e+06 	 4.697987e-06 	 1.136820e+07 	
5.26626627e+06 	 4.696024e-06 	 1.136687e+07 	
5.26676677e+06 	 4.694063e-06 	 1.136554e+07 	
5.26726727e+06 	 4.692102e-06 	 1.136422e+07 	
5.26776777e+06 	 4.690142e-06 	 1.136289e+07 	
5.26826827e+06 	 4.688183e-06 	 1.136157e+07 	
5.26876877e+06 	 4.686225e-06 	 1.136024e+07 	
5.26926927e+06 	 4.684267e-06 	 1.135892e+07 	
5.26976977e+06 	 4.682311e-06 	 1.135759e+07 	
5.27027027e+06 	 4.680356e-06 	 1.135627e+07 	
5.27077077e+06 	 4.678401e-06 	 1.135494e+07 	
5.27127127e+06 	 4.676447e-06 	 1.135362e+07 	
5.27177177e+06 	 4.674494e-06 	 1.135229e+07 	
5.27227227e+06 	 4.672543e-06 	 1.135097e+07 	
5.27277277e+06 	 4.670591e-06 	 1.134965e+07 	
5.27327327e+06 	 4.668641e-06 	 1.134833e+07 	
5.27377377e+06 	 4.666692e-06 	 1.134700e+07 	
5.27427427e+06 	 4.664744e-06 	 1.134568e+07 	
5.27477477e+06 	 4.662796e-06 	 1.134436e+07 	
5.27527528e+06 	 4.660850e-06 	 1.134304e+07 	
5.27577578e+06 	 4.658904e-06 	 1.134172e+07 	
5.27627628e+06 	 4.656959e-06 	 1.134040e+07 	
5.27677678e+06 	 4.655015e-06 	 1.133907e+07 	
5.27727728e+06 	 4.653072e-06 	 1.133775e+07 	
5.27777778e+06 	 4.651130e-06 	 1.133643e+07 	
5.27827828e+06 	 4.649189e-06 	 1.133511e+07 	
5.27877878e+06 	 4.647248e-06 	 1.133379e+07 	
5.27927928e+06 	 4.645309e-06 	 1.133248e+07 	
5.27977978e+06 	 4.643370e-06 	 1.133116e+07 	
5.28028028e+06 	 4.641432e-06 	 1.132984e+07 	
5.28078078e+06 	 4.639495e-06 	 1.132852e+07 	
5.28128128e+06 	 4.637559e-06 	 1.132720e+07 	
5.28178178e+06 	 4.635624e-06 	 1.132588e+07 	
5.28228228e+06 	 4.633690e-06 	 1.132457e+07 	
5.28278278e+06 	 4.631757e-06 	 1.132325e+07 	
5.28328328e+06 	 4.629824e-06 	 1.132193e+07 	
5.28378378e+06 	 4.627893e-06 	 1.132061e+07 	
5.28428428e+06 	 4.625962e-06 	 1.131930e+07 	
5.28478478e+06 	 4.624032e-06 	 1.131798e+07 	
5.28528529e+06 	 4.622103e-06 	 1.131667e+07 	
5.28578579e+06 	 4.620175e-06 	 1.131535e+07 	
5.28628629e+06 	 4.618248e-06 	 1.131404e+07 	
5.28678679e+06 	 4.616321e-06 	 1.131272e+07 	
5.28728729e+06 	 4.614396e-06 	 1.131141e+07 	
5.28778779e+06 	 4.612471e-06 	 1.131009e+07 	
5.28828829e+06 	 4.610547e-06 	 1.130878e+07 	
5.28878879e+06 	 4.608625e-06 	 1.130746e+07 	
5.28928929e+06 	 4.606703e-06 	 1.130615e+07 	
5.28978979e+06 	 4.604782e-06 	 1.130484e+07 	
5.29029029e+06 	 4.602861e-06 	 1.130352e+07 	
5.29079079e+06 	 4.600942e-06 	 1.130221e+07 	
5.29129129e+06 	 4.599023e-06 	 1.130090e+07 	
5.29179179e+06 	 4.597106e-06 	 1.129959e+07 	
5.29229229e+06 	 4.595189e-06 	 1.129827e+07 	
5.29279279e+06 	 4.593273e-06 	 1.129696e+07 	
5.29329329e+06 	 4.591358e-06 	 1.129565e+07 	
5.29379379e+06 	 4.589444e-06 	 1.129434e+07 	
5.29429429e+06 	 4.587531e-06 	 1.129303e+07 	
5.29479479e+06 	 4.585618e-06 	 1.129172e+07 	
5.29529530e+06 	 4.583707e-06 	 1.129041e+07 	
5.29579580e+06 	 4.581796e-06 	 1.128910e+07 	
5.29629630e+06 	 4.579886e-06 	 1.128779e+07 	
5.29679680e+06 	 4.577977e-06 	 1.128648e+07 	
5.29729730e+06 	 4.576069e-06 	 1.128517e+07 	
5.29779780e+06 	 4.574162e-06 	 1.128386e+07 	
5.29829830e+06 	 4.572256e-06 	 1.128255e+07 	
5.29879880e+06 	 4.570350e-06 	 1.128125e+07 	
5.29929930e+06 	 4.568445e-06 	 1.127994e+07 	
5.29979980e+06 	 4.566542e-06 	 1.127863e+07 	
5.30030030e+06 	 4.564639e-06 	 1.127732e+07 	
5.30080080e+06 	 4.562737e-06 	 1.127602e+07 	
5.30130130e+06 	 4.560836e-06 	 1.127471e+07 	
5.30180180e+06 	 4.558935e-06 	 1.127340e+07 	
5.30230230e+06 	 4.557036e-06 	 1.127210e+07 	
5.30280280e+06 	 4.555137e-06 	 1.127079e+07 	
5.30330330e+06 	 4.553239e-06 	 1.126949e+07 	
5.30380380e+06 	 4.551342e-06 	 1.126818e+07 	
5.30430430e+06 	 4.549446e-06 	 1.126688e+07 	
5.30480480e+06 	 4.547551e-06 	 1.126557e+07 	
5.30530531e+06 	 4.545657e-06 	 1.126427e+07 	
5.30580581e+06 	 4.543764e-06 	 1.126296e+07 	
5.30630631e+06 	 4.541871e-06 	 1.126166e+07 	
5.30680681e+06 	 4.539979e-06 	 1.126036e+07 	
5.30730731e+06 	 4.538088e-06 	 1.125905e+07 	
5.30780781e+06 	 4.536198e-06 	 1.125775e+07 	
5.30830831e+06 	 4.534309e-06 	 1.125645e+07 	
5.30880881e+06 	 4.532421e-06 	 1.125514e+07 	
5.30930931e+06 	 4.530533e-06 	 1.125384e+07 	
5.30980981e+06 	 4.528647e-06 	 1.125254e+07 	
5.31031031e+06 	 4.526761e-06 	 1.125124e+07 	
5.31081081e+06 	 4.524876e-06 	 1.124994e+07 	
5.31131131e+06 	 4.522992e-06 	 1.124864e+07 	
5.31181181e+06 	 4.521109e-06 	 1.124733e+07 	
5.31231231e+06 	 4.519226e-06 	 1.124603e+07 	
5.31281281e+06 	 4.517345e-06 	 1.124473e+07 	
5.31331331e+06 	 4.515464e-06 	 1.124343e+07 	
5.31381381e+06 	 4.513584e-06 	 1.124213e+07 	
5.31431431e+06 	 4.511705e-06 	 1.124084e+07 	
5.31481481e+06 	 4.509827e-06 	 1.123954e+07 	
5.31531532e+06 	 4.507950e-06 	 1.123824e+07 	
5.31581582e+06 	 4.506074e-06 	 1.123694e+07 	
5.31631632e+06 	 4.504198e-06 	 1.123564e+07 	
5.31681682e+06 	 4.502323e-06 	 1.123434e+07 	
5.31731732e+06 	 4.500449e-06 	 1.123305e+07 	
5.31781782e+06 	 4.498576e-06 	 1.123175e+07 	
5.31831832e+06 	 4.496704e-06 	 1.123045e+07 	
5.31881882e+06 	 4.494833e-06 	 1.122915e+07 	
5.31931932e+06 	 4.492962e-06 	 1.122786e+07 	
5.31981982e+06 	 4.491093e-06 	 1.122656e+07 	
5.32032032e+06 	 4.489224e-06 	 1.122527e+07 	
5.32082082e+06 	 4.487356e-06 	 1.122397e+07 	
5.32132132e+06 	 4.485489e-06 	 1.122267e+07 	
5.32182182e+06 	 4.483622e-06 	 1.122138e+07 	
5.32232232e+06 	 4.481757e-06 	 1.122008e+07 	
5.32282282e+06 	 4.479892e-06 	 1.121879e+07 	
5.32332332e+06 	 4.478028e-06 	 1.121750e+07 	
5.32382382e+06 	 4.476165e-06 	 1.121620e+07 	
5.32432432e+06 	 4.474303e-06 	 1.121491e+07 	
5.32482482e+06 	 4.472442e-06 	 1.121361e+07 	
5.32532533e+06 	 4.470582e-06 	 1.121232e+07 	
5.32582583e+06 	 4.468722e-06 	 1.121103e+07 	
5.32632633e+06 	 4.466863e-06 	 1.120974e+07 	
5.32682683e+06 	 4.465005e-06 	 1.120844e+07 	
5.32732733e+06 	 4.463148e-06 	 1.120715e+07 	
5.32782783e+06 	 4.461292e-06 	 1.120586e+07 	
5.32832833e+06 	 4.459437e-06 	 1.120457e+07 	
5.32882883e+06 	 4.457582e-06 	 1.120328e+07 	
5.32932933e+06 	 4.455728e-06 	 1.120199e+07 	
5.32982983e+06 	 4.453876e-06 	 1.120070e+07 	
5.33033033e+06 	 4.452023e-06 	 1.119941e+07 	
5.33083083e+06 	 4.450172e-06 	 1.119812e+07 	
5.33133133e+06 	 4.448322e-06 	 1.119683e+07 	
5.33183183e+06 	 4.446472e-06 	 1.119554e+07 	
5.33233233e+06 	 4.444623e-06 	 1.119425e+07 	
5.33283283e+06 	 4.442776e-06 	 1.119296e+07 	
5.33333333e+06 	 4.440928e-06 	 1.119167e+07 	
5.33383383e+06 	 4.439082e-06 	 1.119038e+07 	
5.33433433e+06 	 4.437237e-06 	 1.118909e+07 	
5.33483483e+06 	 4.435392e-06 	 1.118781e+07 	
5.33533534e+06 	 4.433548e-06 	 1.118652e+07 	
5.33583584e+06 	 4.431705e-06 	 1.118523e+07 	
5.33633634e+06 	 4.429863e-06 	 1.118394e+07 	
5.33683684e+06 	 4.428022e-06 	 1.118266e+07 	
5.33733734e+06 	 4.426182e-06 	 1.118137e+07 	
5.33783784e+06 	 4.424342e-06 	 1.118008e+07 	
5.33833834e+06 	 4.422503e-06 	 1.117880e+07 	
5.33883884e+06 	 4.420665e-06 	 1.117751e+07 	
5.33933934e+06 	 4.418828e-06 	 1.117623e+07 	
5.33983984e+06 	 4.416992e-06 	 1.117494e+07 	
5.34034034e+06 	 4.415156e-06 	 1.117366e+07 	
5.34084084e+06 	 4.413321e-06 	 1.117237e+07 	
5.34134134e+06 	 4.411488e-06 	 1.117109e+07 	
5.34184184e+06 	 4.409655e-06 	 1.116980e+07 	
5.34234234e+06 	 4.407822e-06 	 1.116852e+07 	
5.34284284e+06 	 4.405991e-06 	 1.116724e+07 	
5.34334334e+06 	 4.404160e-06 	 1.116595e+07 	
5.34384384e+06 	 4.402331e-06 	 1.116467e+07 	
5.34434434e+06 	 4.400502e-06 	 1.116339e+07 	
5.34484484e+06 	 4.398674e-06 	 1.116211e+07 	
5.34534535e+06 	 4.396846e-06 	 1.116082e+07 	
5.34584585e+06 	 4.395020e-06 	 1.115954e+07 	
5.34634635e+06 	 4.393194e-06 	 1.115826e+07 	
5.34684685e+06 	 4.391369e-06 	 1.115698e+07 	
5.34734735e+06 	 4.389545e-06 	 1.115570e+07 	
5.34784785e+06 	 4.387722e-06 	 1.115442e+07 	
5.34834835e+06 	 4.385900e-06 	 1.115314e+07 	
5.34884885e+06 	 4.384078e-06 	 1.115186e+07 	
5.34934935e+06 	 4.382257e-06 	 1.115058e+07 	
5.34984985e+06 	 4.380437e-06 	 1.114930e+07 	
5.35035035e+06 	 4.378618e-06 	 1.114802e+07 	
5.35085085e+06 	 4.376800e-06 	 1.114674e+07 	
5.35135135e+06 	 4.374982e-06 	 1.114546e+07 	
5.35185185e+06 	 4.373166e-06 	 1.114418e+07 	
5.35235235e+06 	 4.371350e-06 	 1.114291e+07 	
5.35285285e+06 	 4.369535e-06 	 1.114163e+07 	
5.35335335e+06 	 4.367720e-06 	 1.114035e+07 	
5.35385385e+06 	 4.365907e-06 	 1.113907e+07 	
5.35435435e+06 	 4.364094e-06 	 1.113780e+07 	
5.35485485e+06 	 4.362282e-06 	 1.113652e+07 	
5.35535536e+06 	 4.360471e-06 	 1.113524e+07 	
5.35585586e+06 	 4.358661e-06 	 1.113397e+07 	
5.35635636e+06 	 4.356852e-06 	 1.113269e+07 	
5.35685686e+06 	 4.355043e-06 	 1.113142e+07 	
5.35735736e+06 	 4.353235e-06 	 1.113014e+07 	
5.35785786e+06 	 4.351428e-06 	 1.112886e+07 	
5.35835836e+06 	 4.349622e-06 	 1.112759e+07 	
5.35885886e+06 	 4.347817e-06 	 1.112632e+07 	
5.35935936e+06 	 4.346012e-06 	 1.112504e+07 	
5.35985986e+06 	 4.344208e-06 	 1.112377e+07 	
5.36036036e+06 	 4.342406e-06 	 1.112249e+07 	
5.36086086e+06 	 4.340603e-06 	 1.112122e+07 	
5.36136136e+06 	 4.338802e-06 	 1.111995e+07 	
5.36186186e+06 	 4.337001e-06 	 1.111867e+07 	
5.36236236e+06 	 4.335202e-06 	 1.111740e+07 	
5.36286286e+06 	 4.333403e-06 	 1.111613e+07 	
5.36336336e+06 	 4.331605e-06 	 1.111486e+07 	
5.36386386e+06 	 4.329807e-06 	 1.111358e+07 	
5.36436436e+06 	 4.328011e-06 	 1.111231e+07 	
5.36486486e+06 	 4.326215e-06 	 1.111104e+07 	
5.36536537e+06 	 4.324420e-06 	 1.110977e+07 	
5.36586587e+06 	 4.322626e-06 	 1.110850e+07 	
5.36636637e+06 	 4.320833e-06 	 1.110723e+07 	
5.36686687e+06 	 4.319040e-06 	 1.110596e+07 	
5.36736737e+06 	 4.317248e-06 	 1.110469e+07 	
5.36786787e+06 	 4.315457e-06 	 1.110342e+07 	
5.36836837e+06 	 4.313667e-06 	 1.110215e+07 	
5.36886887e+06 	 4.311878e-06 	 1.110088e+07 	
5.36936937e+06 	 4.310089e-06 	 1.109961e+07 	
5.36986987e+06 	 4.308301e-06 	 1.109834e+07 	
5.37037037e+06 	 4.306514e-06 	 1.109708e+07 	
5.37087087e+06 	 4.304728e-06 	 1.109581e+07 	
5.37137137e+06 	 4.302943e-06 	 1.109454e+07 	
5.37187187e+06 	 4.301158e-06 	 1.109327e+07 	
5.37237237e+06 	 4.299375e-06 	 1.109201e+07 	
5.37287287e+06 	 4.297592e-06 	 1.109074e+07 	
5.37337337e+06 	 4.295809e-06 	 1.108947e+07 	
5.37387387e+06 	 4.294028e-06 	 1.108821e+07 	
5.37437437e+06 	 4.292247e-06 	 1.108694e+07 	
5.37487487e+06 	 4.290467e-06 	 1.108567e+07 	
5.37537538e+06 	 4.288688e-06 	 1.108441e+07 	
5.37587588e+06 	 4.286910e-06 	 1.108314e+07 	
5.37637638e+06 	 4.285133e-06 	 1.108188e+07 	
5.37687688e+06 	 4.283356e-06 	 1.108061e+07 	
5.37737738e+06 	 4.281580e-06 	 1.107935e+07 	
5.37787788e+06 	 4.279805e-06 	 1.107808e+07 	
5.37837838e+06 	 4.278031e-06 	 1.107682e+07 	
5.37887888e+06 	 4.276257e-06 	 1.107556e+07 	
5.37937938e+06 	 4.274485e-06 	 1.107429e+07 	
5.37987988e+06 	 4.272713e-06 	 1.107303e+07 	
5.38038038e+06 	 4.270941e-06 	 1.107177e+07 	
5.38088088e+06 	 4.269171e-06 	 1.107051e+07 	
5.38138138e+06 	 4.267402e-06 	 1.106924e+07 	
5.38188188e+06 	 4.265633e-06 	 1.106798e+07 	
5.38238238e+06 	 4.263865e-06 	 1.106672e+07 	
5.38288288e+06 	 4.262097e-06 	 1.106546e+07 	
5.38338338e+06 	 4.260331e-06 	 1.106420e+07 	
5.38388388e+06 	 4.258565e-06 	 1.106294e+07 	
5.38438438e+06 	 4.256800e-06 	 1.106168e+07 	
5.38488488e+06 	 4.255036e-06 	 1.106041e+07 	
5.38538539e+06 	 4.253273e-06 	 1.105915e+07 	
5.38588589e+06 	 4.251511e-06 	 1.105789e+07 	
5.38638639e+06 	 4.249749e-06 	 1.105664e+07 	
5.38688689e+06 	 4.247988e-06 	 1.105538e+07 	
5.38738739e+06 	 4.246228e-06 	 1.105412e+07 	
5.38788789e+06 	 4.244468e-06 	 1.105286e+07 	
5.38838839e+06 	 4.242710e-06 	 1.105160e+07 	
5.38888889e+06 	 4.240952e-06 	 1.105034e+07 	
5.38938939e+06 	 4.239195e-06 	 1.104908e+07 	
5.38988989e+06 	 4.237438e-06 	 1.104783e+07 	
5.39039039e+06 	 4.235683e-06 	 1.104657e+07 	
5.39089089e+06 	 4.233928e-06 	 1.104531e+07 	
5.39139139e+06 	 4.232174e-06 	 1.104405e+07 	
5.39189189e+06 	 4.230421e-06 	 1.104280e+07 	
5.39239239e+06 	 4.228669e-06 	 1.104154e+07 	
5.39289289e+06 	 4.226917e-06 	 1.104028e+07 	
5.39339339e+06 	 4.225166e-06 	 1.103903e+07 	
5.39389389e+06 	 4.223416e-06 	 1.103777e+07 	
5.39439439e+06 	 4.221667e-06 	 1.103652e+07 	
5.39489489e+06 	 4.219918e-06 	 1.103526e+07 	
5.39539540e+06 	 4.218171e-06 	 1.103401e+07 	
5.39589590e+06 	 4.216424e-06 	 1.103275e+07 	
5.39639640e+06 	 4.214677e-06 	 1.103150e+07 	
5.39689690e+06 	 4.212932e-06 	 1.103025e+07 	
5.39739740e+06 	 4.211187e-06 	 1.102899e+07 	
5.39789790e+06 	 4.209443e-06 	 1.102774e+07 	
5.39839840e+06 	 4.207700e-06 	 1.102649e+07 	
5.39889890e+06 	 4.205958e-06 	 1.102523e+07 	
5.39939940e+06 	 4.204216e-06 	 1.102398e+07 	
5.39989990e+06 	 4.202476e-06 	 1.102273e+07 	
5.40040040e+06 	 4.200736e-06 	 1.102148e+07 	
5.40090090e+06 	 4.198996e-06 	 1.102022e+07 	
5.40140140e+06 	 4.197258e-06 	 1.101897e+07 	
5.40190190e+06 	 4.195520e-06 	 1.101772e+07 	
5.40240240e+06 	 4.193783e-06 	 1.101647e+07 	
5.40290290e+06 	 4.192047e-06 	 1.101522e+07 	
5.40340340e+06 	 4.190312e-06 	 1.101397e+07 	
5.40390390e+06 	 4.188577e-06 	 1.101272e+07 	
5.40440440e+06 	 4.186843e-06 	 1.101147e+07 	
5.40490490e+06 	 4.185110e-06 	 1.101022e+07 	
5.40540541e+06 	 4.183378e-06 	 1.100897e+07 	
5.40590591e+06 	 4.181646e-06 	 1.100772e+07 	
5.40640641e+06 	 4.179915e-06 	 1.100647e+07 	
5.40690691e+06 	 4.178185e-06 	 1.100522e+07 	
5.40740741e+06 	 4.176456e-06 	 1.100397e+07 	
5.40790791e+06 	 4.174727e-06 	 1.100273e+07 	
5.40840841e+06 	 4.173000e-06 	 1.100148e+07 	
5.40890891e+06 	 4.171273e-06 	 1.100023e+07 	
5.40940941e+06 	 4.169546e-06 	 1.099898e+07 	
5.40990991e+06 	 4.167821e-06 	 1.099774e+07 	
5.41041041e+06 	 4.166096e-06 	 1.099649e+07 	
5.41091091e+06 	 4.164372e-06 	 1.099524e+07 	
5.41141141e+06 	 4.162649e-06 	 1.099400e+07 	
5.41191191e+06 	 4.160926e-06 	 1.099275e+07 	
5.41241241e+06 	 4.159205e-06 	 1.099151e+07 	
5.41291291e+06 	 4.157484e-06 	 1.099026e+07 	
5.41341341e+06 	 4.155764e-06 	 1.098902e+07 	
5.41391391e+06 	 4.154044e-06 	 1.098777e+07 	
5.41441441e+06 	 4.152326e-06 	 1.098653e+07 	
5.41491491e+06 	 4.150608e-06 	 1.098528e+07 	
5.41541542e+06 	 4.148891e-06 	 1.098404e+07 	
5.41591592e+06 	 4.147174e-06 	 1.098279e+07 	
5.41641642e+06 	 4.145459e-06 	 1.098155e+07 	
5.41691692e+06 	 4.143744e-06 	 1.098031e+07 	
5.41741742e+06 	 4.142030e-06 	 1.097906e+07 	
5.41791792e+06 	 4.140316e-06 	 1.097782e+07 	
5.41841842e+06 	 4.138604e-06 	 1.097658e+07 	
5.41891892e+06 	 4.136892e-06 	 1.097534e+07 	
5.41941942e+06 	 4.135181e-06 	 1.097409e+07 	
5.41991992e+06 	 4.133470e-06 	 1.097285e+07 	
5.42042042e+06 	 4.131761e-06 	 1.097161e+07 	
5.42092092e+06 	 4.130052e-06 	 1.097037e+07 	
5.42142142e+06 	 4.128344e-06 	 1.096913e+07 	
5.42192192e+06 	 4.126637e-06 	 1.096789e+07 	
5.42242242e+06 	 4.124930e-06 	 1.096665e+07 	
5.42292292e+06 	 4.123224e-06 	 1.096541e+07 	
5.42342342e+06 	 4.121519e-06 	 1.096417e+07 	
5.42392392e+06 	 4.119815e-06 	 1.096293e+07 	
5.42442442e+06 	 4.118111e-06 	 1.096169e+07 	
5.42492492e+06 	 4.116408e-06 	 1.096045e+07 	
5.42542543e+06 	 4.114706e-06 	 1.095921e+07 	
5.42592593e+06 	 4.113005e-06 	 1.095797e+07 	
5.42642643e+06 	 4.111304e-06 	 1.095674e+07 	
5.42692693e+06 	 4.109605e-06 	 1.095550e+07 	
5.42742743e+06 	 4.107905e-06 	 1.095426e+07 	
5.42792793e+06 	 4.106207e-06 	 1.095302e+07 	
5.42842843e+06 	 4.104510e-06 	 1.095178e+07 	
5.42892893e+06 	 4.102813e-06 	 1.095055e+07 	
5.42942943e+06 	 4.101117e-06 	 1.094931e+07 	
5.42992993e+06 	 4.099421e-06 	 1.094807e+07 	
5.43043043e+06 	 4.097727e-06 	 1.094684e+07 	
5.43093093e+06 	 4.096033e-06 	 1.094560e+07 	
5.43143143e+06 	 4.094340e-06 	 1.094437e+07 	
5.43193193e+06 	 4.092647e-06 	 1.094313e+07 	
5.43243243e+06 	 4.090956e-06 	 1.094190e+07 	
5.43293293e+06 	 4.089265e-06 	 1.094066e+07 	
5.43343343e+06 	 4.087574e-06 	 1.093943e+07 	
5.43393393e+06 	 4.085885e-06 	 1.093819e+07 	
5.43443443e+06 	 4.084196e-06 	 1.093696e+07 	
5.43493493e+06 	 4.082508e-06 	 1.093572e+07 	
5.43543544e+06 	 4.080821e-06 	 1.093449e+07 	
5.43593594e+06 	 4.079135e-06 	 1.093326e+07 	
5.43643644e+06 	 4.077449e-06 	 1.093202e+07 	
5.43693694e+06 	 4.075764e-06 	 1.093079e+07 	
5.43743744e+06 	 4.074080e-06 	 1.092956e+07 	
5.43793794e+06 	 4.072396e-06 	 1.092833e+07 	
5.43843844e+06 	 4.070714e-06 	 1.092710e+07 	
5.43893894e+06 	 4.069032e-06 	 1.092586e+07 	
5.43943944e+06 	 4.067350e-06 	 1.092463e+07 	
5.43993994e+06 	 4.065670e-06 	 1.092340e+07 	
5.44044044e+06 	 4.063990e-06 	 1.092217e+07 	
5.44094094e+06 	 4.062311e-06 	 1.092094e+07 	
5.44144144e+06 	 4.060632e-06 	 1.091971e+07 	
5.44194194e+06 	 4.058955e-06 	 1.091848e+07 	
5.44244244e+06 	 4.057278e-06 	 1.091725e+07 	
5.44294294e+06 	 4.055602e-06 	 1.091602e+07 	
5.44344344e+06 	 4.053926e-06 	 1.091479e+07 	
5.44394394e+06 	 4.052252e-06 	 1.091356e+07 	
5.44444444e+06 	 4.050578e-06 	 1.091233e+07 	
5.44494494e+06 	 4.048905e-06 	 1.091110e+07 	
5.44544545e+06 	 4.047232e-06 	 1.090988e+07 	
5.44594595e+06 	 4.045560e-06 	 1.090865e+07 	
5.44644645e+06 	 4.043889e-06 	 1.090742e+07 	
5.44694695e+06 	 4.042219e-06 	 1.090619e+07 	
5.44744745e+06 	 4.040549e-06 	 1.090496e+07 	
5.44794795e+06 	 4.038881e-06 	 1.090374e+07 	
5.44844845e+06 	 4.037212e-06 	 1.090251e+07 	
5.44894895e+06 	 4.035545e-06 	 1.090128e+07 	
5.44944945e+06 	 4.033878e-06 	 1.090006e+07 	
5.44994995e+06 	 4.032213e-06 	 1.089883e+07 	
5.45045045e+06 	 4.030547e-06 	 1.089761e+07 	
5.45095095e+06 	 4.028883e-06 	 1.089638e+07 	
5.45145145e+06 	 4.027219e-06 	 1.089516e+07 	
5.45195195e+06 	 4.025556e-06 	 1.089393e+07 	
5.45245245e+06 	 4.023894e-06 	 1.089271e+07 	
5.45295295e+06 	 4.022232e-06 	 1.089148e+07 	
5.45345345e+06 	 4.020571e-06 	 1.089026e+07 	
5.45395395e+06 	 4.018911e-06 	 1.088903e+07 	
5.45445445e+06 	 4.017252e-06 	 1.088781e+07 	
5.45495495e+06 	 4.015593e-06 	 1.088659e+07 	
5.45545546e+06 	 4.013935e-06 	 1.088536e+07 	
5.45595596e+06 	 4.012278e-06 	 1.088414e+07 	
5.45645646e+06 	 4.010622e-06 	 1.088292e+07 	
5.45695696e+06 	 4.008966e-06 	 1.088170e+07 	
5.45745746e+06 	 4.007311e-06 	 1.088047e+07 	
5.45795796e+06 	 4.005656e-06 	 1.087925e+07 	
5.45845846e+06 	 4.004003e-06 	 1.087803e+07 	
5.45895896e+06 	 4.002350e-06 	 1.087681e+07 	
5.45945946e+06 	 4.000698e-06 	 1.087559e+07 	
5.45995996e+06 	 3.999046e-06 	 1.087437e+07 	
5.46046046e+06 	 3.997396e-06 	 1.087315e+07 	
5.46096096e+06 	 3.995746e-06 	 1.087193e+07 	
5.46146146e+06 	 3.994096e-06 	 1.087071e+07 	
5.46196196e+06 	 3.992448e-06 	 1.086949e+07 	
5.46246246e+06 	 3.990800e-06 	 1.086827e+07 	
5.46296296e+06 	 3.989153e-06 	 1.086705e+07 	
5.46346346e+06 	 3.987706e-06 	 1.086581e+07 	
5.46396396e+06 	 3.986061e-06 	 1.086460e+07 	
5.46446446e+06 	 3.984417e-06 	 1.086338e+07 	
5.46496496e+06 	 3.982773e-06 	 1.086216e+07 	
5.46546547e+06 	 3.981131e-06 	 1.086094e+07 	
5.46596597e+06 	 3.979489e-06 	 1.085972e+07 	
5.46646647e+06 	 3.977847e-06 	 1.085851e+07 	
5.46696697e+06 	 3.976207e-06 	 1.085729e+07 	
5.46746747e+06 	 3.974567e-06 	 1.085607e+07 	
5.46796797e+06 	 3.972928e-06 	 1.085485e+07 	
5.46846847e+06 	 3.971289e-06 	 1.085364e+07 	
5.46896897e+06 	 3.969652e-06 	 1.085242e+07 	
5.46946947e+06 	 3.968015e-06 	 1.085121e+07 	
5.46996997e+06 	 3.966378e-06 	 1.084999e+07 	
5.47047047e+06 	 3.964743e-06 	 1.084877e+07 	
5.47097097e+06 	 3.963108e-06 	 1.084756e+07 	
5.47147147e+06 	 3.961474e-06 	 1.084634e+07 	
5.47197197e+06 	 3.959840e-06 	 1.084513e+07 	
5.47247247e+06 	 3.958208e-06 	 1.084391e+07 	
5.47297297e+06 	 3.956576e-06 	 1.084270e+07 	
5.47347347e+06 	 3.954944e-06 	 1.084149e+07 	
5.47397397e+06 	 3.953314e-06 	 1.084027e+07 	
5.47447447e+06 	 3.951684e-06 	 1.083906e+07 	
5.47497497e+06 	 3.950055e-06 	 1.083785e+07 	
5.47547548e+06 	 3.948426e-06 	 1.083663e+07 	
5.47597598e+06 	 3.946799e-06 	 1.083542e+07 	
5.47647648e+06 	 3.945172e-06 	 1.083421e+07 	
5.47697698e+06 	 3.943545e-06 	 1.083300e+07 	
5.47747748e+06 	 3.941920e-06 	 1.083178e+07 	
5.47797798e+06 	 3.940295e-06 	 1.083057e+07 	
5.47847848e+06 	 3.938671e-06 	 1.082936e+07 	
5.47897898e+06 	 3.937047e-06 	 1.082815e+07 	
5.47947948e+06 	 3.935424e-06 	 1.082694e+07 	
5.47997998e+06 	 3.933802e-06 	 1.082573e+07 	
5.48048048e+06 	 3.932181e-06 	 1.082452e+07 	
5.48098098e+06 	 3.930560e-06 	 1.082331e+07 	
5.48148148e+06 	 3.928940e-06 	 1.082210e+07 	
5.48198198e+06 	 3.927321e-06 	 1.082089e+07 	
5.48248248e+06 	 3.925703e-06 	 1.081968e+07 	
5.48298298e+06 	 3.924085e-06 	 1.081847e+07 	
5.48348348e+06 	 3.922468e-06 	 1.081726e+07 	
5.48398398e+06 	 3.920851e-06 	 1.081605e+07 	
5.48448448e+06 	 3.919236e-06 	 1.081484e+07 	
5.48498498e+06 	 3.917621e-06 	 1.081364e+07 	
5.48548549e+06 	 3.916006e-06 	 1.081243e+07 	
5.48598599e+06 	 3.914393e-06 	 1.081122e+07 	
5.48648649e+06 	 3.912780e-06 	 1.081001e+07 	
5.48698699e+06 	 3.911168e-06 	 1.080881e+07 	
5.48748749e+06 	 3.909556e-06 	 1.080760e+07 	
5.48798799e+06 	 3.907946e-06 	 1.080639e+07 	
5.48848849e+06 	 3.906335e-06 	 1.080519e+07 	
5.48898899e+06 	 3.904726e-06 	 1.080398e+07 	
5.48948949e+06 	 3.903117e-06 	 1.080278e+07 	
5.48998999e+06 	 3.901509e-06 	 1.080157e+07 	
5.49049049e+06 	 3.899902e-06 	 1.080036e+07 	
5.49099099e+06 	 3.898296e-06 	 1.079916e+07 	
5.49149149e+06 	 3.896690e-06 	 1.079795e+07 	
5.49199199e+06 	 3.895085e-06 	 1.079675e+07 	
5.49249249e+06 	 3.893480e-06 	 1.079555e+07 	
5.49299299e+06 	 3.891876e-06 	 1.079434e+07 	
5.49349349e+06 	 3.890273e-06 	 1.079314e+07 	
5.49399399e+06 	 3.888671e-06 	 1.079193e+07 	
5.49449449e+06 	 3.887069e-06 	 1.079073e+07 	
5.49499499e+06 	 3.885468e-06 	 1.078953e+07 	
5.49549550e+06 	 3.883868e-06 	 1.078833e+07 	
5.49599600e+06 	 3.882268e-06 	 1.078712e+07 	
5.49649650e+06 	 3.880669e-06 	 1.078592e+07 	
5.49699700e+06 	 3.879071e-06 	 1.078472e+07 	
5.49749750e+06 	 3.877474e-06 	 1.078352e+07 	
5.49799800e+06 	 3.875877e-06 	 1.078232e+07 	
5.49849850e+06 	 3.874281e-06 	 1.078111e+07 	
5.49899900e+06 	 3.872685e-06 	 1.077991e+07 	
5.49949950e+06 	 3.871091e-06 	 1.077871e+07 	
5.50000000e+06 	 3.869496e-06 	 1.077751e+07 	
5.52871991e+06 	 3.779175e-06 	 1.070904e+07 	
5.55758979e+06 	 3.690395e-06 	 1.064105e+07 	
5.58661042e+06 	 3.603499e-06 	 1.057351e+07 	
5.61578259e+06 	 3.518279e-06 	 1.050642e+07 	
5.64510710e+06 	 3.434483e-06 	 1.043981e+07 	
5.67458473e+06 	 3.352456e-06 	 1.037363e+07 	
5.70421628e+06 	 3.272162e-06 	 1.030788e+07 	
5.73400257e+06 	 3.193264e-06 	 1.024260e+07 	
5.76394439e+06 	 3.115866e-06 	 1.017775e+07 	
5.79404257e+06 	 3.040107e-06 	 1.011333e+07 	
5.82429791e+06 	 2.965652e-06 	 1.004936e+07 	
5.85471124e+06 	 2.892609e-06 	 9.985814e+06 	
5.88528338e+06 	 2.821118e-06 	 9.922686e+06 	
5.91601516e+06 	 2.750851e-06 	 9.859998e+06 	
5.94690742e+06 	 2.681782e-06 	 9.797747e+06 	
5.97796099e+06 	 2.614120e-06 	 9.735906e+06 	
6.00917672e+06 	 2.547731e-06 	 9.674484e+06 	
6.04055545e+06 	 2.482456e-06 	 9.613492e+06 	
6.07209803e+06 	 2.418502e-06 	 9.552902e+06 	
6.10380532e+06 	 2.355736e-06 	 9.492724e+06 	
6.13567819e+06 	 2.294264e-06 	 9.432940e+06 	
6.16771748e+06 	 2.233832e-06 	 9.373574e+06 	
6.19992408e+06 	 2.174520e-06 	 9.314610e+06 	
6.23229885e+06 	 2.116178e-06 	 9.256063e+06 	
6.26484268e+06 	 2.059009e-06 	 9.197903e+06 	
6.29755645e+06 	 2.002887e-06 	 9.140140e+06 	
6.33044104e+06 	 1.947667e-06 	 9.082787e+06 	
6.36349735e+06 	 1.893545e-06 	 9.025815e+06 	
6.39672627e+06 	 1.840304e-06 	 8.969247e+06 	
6.43012870e+06 	 1.788091e-06 	 8.913059e+06 	
6.46370556e+06 	 1.736806e-06 	 8.857260e+06 	
6.49745775e+06 	 1.686519e-06 	 8.801834e+06 	
6.53138619e+06 	 1.637048e-06 	 8.746803e+06 	
6.56549179e+06 	 1.588445e-06 	 8.692156e+06 	
6.59977549e+06 	 1.540777e-06 	 8.637878e+06 	
6.63423821e+06 	 1.493870e-06 	 8.583991e+06 	
6.66888088e+06 	 1.447776e-06 	 8.530484e+06 	
6.70370446e+06 	 1.402393e-06 	 8.477370e+06 	
6.73870987e+06 	 1.357848e-06 	 8.424623e+06 	
6.77389808e+06 	 1.314056e-06 	 8.372255e+06 	
6.80927003e+06 	 1.271074e-06 	 8.320249e+06 	
6.84482669e+06 	 1.228748e-06 	 8.268634e+06 	
6.88056902e+06 	 1.187122e-06 	 8.217397e+06 	
6.91649798e+06 	 1.146251e-06 	 8.166522e+06 	
6.95261457e+06 	 1.105990e-06 	 8.116039e+06 	
6.98891974e+06 	 1.066436e-06 	 8.065923e+06 	
7.02541449e+06 	 1.027475e-06 	 8.016198e+06 	
7.06209982e+06 	 9.891383e-07 	 7.966856e+06 	
7.09897670e+06 	 9.513598e-07 	 7.917911e+06 	
7.13604615e+06 	 9.142158e-07 	 7.869345e+06 	
7.17330917e+06 	 8.776517e-07 	 7.821171e+06 	
7.21076677e+06 	 8.416086e-07 	 7.773405e+06 	
7.24841996e+06 	 8.061575e-07 	 7.726031e+06 	
7.28626977e+06 	 7.712497e-07 	 7.679063e+06 	
7.32431723e+06 	 7.368337e-07 	 7.632523e+06 	
7.36256336e+06 	 7.029765e-07 	 7.586393e+06 	
7.40100921e+06 	 6.696370e-07 	 7.540694e+06 	
7.43965581e+06 	 6.367729e-07 	 7.495449e+06 	
7.47850422e+06 	 6.044492e-07 	 7.450644e+06 	
7.51755548e+06 	 5.726350e-07 	 7.406305e+06 	
7.55681067e+06 	 5.412999e-07 	 7.362459e+06 	
7.59627083e+06 	 5.105104e-07 	 7.319098e+06 	
7.63593705e+06 	 4.802735e-07 	 7.276238e+06 	
7.67581040e+06 	 4.505599e-07 	 7.233920e+06 	
7.71589196e+06 	 4.214096e-07 	 7.192158e+06 	
7.75618282e+06 	 3.928686e-07 	 7.150961e+06 	
7.79668407e+06 	 3.649299e-07 	 7.110379e+06 	
7.83739681e+06 	 3.376483e-07 	 7.070429e+06 	
7.87832214e+06 	 3.110856e-07 	 7.031128e+06 	
7.91946118e+06 	 2.852597e-07 	 6.992533e+06 	
7.96081503e+06 	 2.602427e-07 	 6.954666e+06 	
8.00238483e+06 	 2.361124e-07 	 6.917548e+06 	
8.04417170e+06 	 2.129098e-07 	 6.881243e+06 	
8.08617677e+06 	 1.907301e-07 	 6.845761e+06 	
8.12840118e+06 	 1.696284e-07 	 6.811164e+06 	
8.17084608e+06 	 1.496874e-07 	 6.777476e+06 	
8.21351262e+06 	 1.309697e-07 	 6.744751e+06 	
8.25640195e+06 	 1.135550e-07 	 6.712990e+06 	
8.29951525e+06 	 9.749681e-08 	 6.682213e+06 	
8.34285367e+06 	 8.282562e-08 	 6.652473e+06 	
8.38641840e+06 	 6.956660e-08 	 6.623794e+06 	
8.43021061e+06 	 5.773172e-08 	 6.596150e+06 	
8.47423150e+06 	 4.730483e-08 	 6.569513e+06 	
8.51848226e+06 	 3.823761e-08 	 6.543933e+06 	
8.56296408e+06 	 3.047141e-08 	 6.519357e+06 	
8.60767818e+06 	 2.392237e-08 	 6.495774e+06 	
8.65262577e+06 	 1.849174e-08 	 6.473100e+06 	
8.69780807e+06 	 1.406469e-08 	 6.451346e+06 	
8.74322630e+06 	 1.052136e-08 	 6.430390e+06 	
8.78888169e+06 	 7.737651e-09 	 6.410157e+06 	
8.83477549e+06 	 5.591920e-09 	 6.390664e+06 	
8.88090893e+06 	 3.970552e-09 	 6.371614e+06 	
8.92728328e+06 	 2.769164e-09 	 6.353134e+06 	
8.97389978e+06 	 1.896763e-09 	 6.335098e+06 	
9.02075971e+06 	 1.275989e-09 	 6.317080e+06 	
9.06786433e+06 	 8.429353e-10 	 6.299990e+06 	
9.11521492e+06 	 5.469608e-10 	 6.282686e+06 	
1.00323881e+07 	 1.000000e-20 	 5.981460e+06 	
1.10418472e+07 	 1.000000e-20 	 5.695872e+06 	
1.21528781e+07 	 1.000000e-20 	 5.424427e+06 	
1.33757010e+07 	 1.000000e-20 	 5.166353e+06 	
1.47215644e+07 	 1.000000e-20 	 4.920933e+06 	
1.62028485e+07 	 1.000000e-20 	 4.687493e+06 	
1.78331796e+07 	 1.000000e-20 	 4.465405e+06 	
1.96275545e+07 	 1.000000e-20 	 4.254078e+06 	
2.16024795e+07 	 1.000000e-20 	 4.052959e+06 	
2.37761215e+07 	 1.000000e-20 	 3.861525e+06 	
2.61684755e+07 	 1.000000e-20 	 3.679287e+06 	
2.88015481e+07 	 1.000000e-20 	 3.505781e+06 	
3.16995606e+07 	 1.000000e-20 	 3.340572e+06 	
3.48891711e+07 	 1.000000e-20 	 3.183247e+06 	
3.83997204e+07 	 1.000000e-20 	 3.033416e+06 	
4.22635012e+07 	 1.000000e-20 	 2.890711e+06 	
4.65160557e+07 	 1.000000e-20 	 2.754783e+06 	
5.11965023e+07 	 1.000000e-20 	 2.625301e+06 	
5.63478957e+07 	 1.000000e-20 	 2.501953e+06 	
6.20176223e+07 	 1.000000e-20 	 2.384442e+06 	
6.82578369e+07 	 1.000000e-20 	 2.272485e+06 	
7.51259422e+07 	 1.000000e-20 	 2.165816e+06 	
8.26851163e+07 	 1.000000e-20 	 2.064180e+06 	
9.10048947e+07 	 1.000000e-20 	 1.967337e+06 	
1.00161809e+08 	 1.000000e-20 	 1.875057e+06 	
1.10240093e+08 	 1.000000e-20 	 1.787123e+06 	
1.21332454e+08 	 1.000000e-20 	 1.703328e+06 	
1.33540928e+08 	 1.000000e-20 	 1.623474e+06 	
1.46977820e+08 	 1.000000e-20 	 1.547375e+06 	
1.61766732e+08 	 1.000000e-20 	 1.474853e+06 	
1.78043704e+08 	 1.000000e-20 	 1.405738e+06 	
1.95958466e+08 	 1.000000e-20 	 1.339870e+06 	
2.15675812e+08 	 1.000000e-20 	 1.277094e+06 	
2.37377117e+08 	 1.000000e-20 	 1.217264e+06 	
2.61262008e+08 	 1.000000e-20 	 1.160243e+06 	
2.87550198e+08 	 1.000000e-20 	 1.105896e+06 	
3.16483506e+08 	 1.000000e-20 	 1.054098e+06 	
3.48328084e+08 	 1.000000e-20 	 1.004730e+06 	
3.83376864e+08 	 1.000000e-20 	 9.576766e+05 	
4.21952253e+08 	 1.000000e-20 	 9.128289e+05 	
4.64409099e+08 	 1.000000e-20 	 8.700834e+05 	
5.11137954e+08 	 1.000000e-20 	 8.293413e+05 	
5.62568668e+08 	 1.000000e-20 	 7.905084e+05 	
6.19174341e+08 	 1.000000e-20 	 7.534951e+05 	
6.81475678e+08 	 1.000000e-20 	 7.182160e+05 	
7.50045777e+08 	 1.000000e-20 	 6.845896e+05 	
8.25515401e+08 	 1.000000e-20 	 6.525385e+05 	
9.08578781e+08 	 1.000000e-20 	 6.219886e+05 	
1.00000000e+09 	 1.000000e-20 	 5.928696e+05 	
