r (cm)        	 rho (g/cm3) 	 T (K)       		 Linf = 4.887450e+38
1.00001367e+06 	 2.312838e+05 	 1.638631e+09 	
1.00003657e+06 	 2.146940e+05 	 1.609063e+09 	
1.00008182e+06 	 1.848710e+05 	 1.551356e+09 	
1.00011914e+06 	 1.630036e+05 	 1.504489e+09 	
1.00015647e+06 	 1.433911e+05 	 1.458313e+09 	
1.00019380e+06 	 1.258426e+05 	 1.412847e+09 	
1.00023112e+06 	 1.101789e+05 	 1.368111e+09 	
1.00026845e+06 	 9.623218e+04 	 1.324126e+09 	
1.00030480e+06 	 8.415257e+04 	 1.282037e+09 	
1.00034115e+06 	 7.341744e+04 	 1.240698e+09 	
1.00037749e+06 	 6.390114e+04 	 1.200129e+09 	
1.00041384e+06 	 5.548689e+04 	 1.160349e+09 	
1.00044393e+06 	 4.927756e+04 	 1.128029e+09 	
1.00047402e+06 	 4.369203e+04 	 1.096274e+09 	
1.00050411e+06 	 3.867688e+04 	 1.065095e+09 	
1.00053420e+06 	 3.418222e+04 	 1.034503e+09 	
1.00056429e+06 	 3.016158e+04 	 1.004508e+09 	
1.00059437e+06 	 2.657176e+04 	 9.751221e+08 	
1.00062428e+06 	 2.339101e+04 	 9.465272e+08 	
1.00065419e+06 	 2.055983e+04 	 9.185530e+08 	
1.00068409e+06 	 1.804455e+04 	 8.912086e+08 	
1.00071400e+06 	 1.581413e+04 	 8.645031e+08 	
1.00073889e+06 	 1.415429e+04 	 8.427685e+08 	
1.00076379e+06 	 1.265676e+04 	 8.214868e+08 	
1.00078868e+06 	 1.130741e+04 	 8.006623e+08 	
1.00081357e+06 	 1.009311e+04 	 7.802988e+08 	
1.00083846e+06 	 9.001721e+03 	 7.604000e+08 	
1.00086335e+06 	 8.022019e+03 	 7.409689e+08 	
1.00088825e+06 	 7.143640e+03 	 7.220084e+08 	
1.00091314e+06 	 6.357040e+03 	 7.035208e+08 	
1.00093945e+06 	 5.615651e+03 	 6.844947e+08 	
1.00096119e+06 	 5.066376e+03 	 6.691783e+08 	
1.00098292e+06 	 4.569000e+03 	 6.542254e+08 	
1.00100466e+06 	 4.118982e+03 	 6.396363e+08 	
1.00102639e+06 	 3.712128e+03 	 6.254108e+08 	
1.00104813e+06 	 3.344571e+03 	 6.115486e+08 	
1.00106987e+06 	 3.012750e+03 	 5.980487e+08 	
1.00109160e+06 	 2.713392e+03 	 5.849100e+08 	
1.00111334e+06 	 2.443493e+03 	 5.721311e+08 	
1.00113508e+06 	 2.200298e+03 	 5.597099e+08 	
1.00115681e+06 	 1.981286e+03 	 5.476443e+08 	
1.00117855e+06 	 1.784151e+03 	 5.359315e+08 	
1.00120029e+06 	 1.606789e+03 	 5.245685e+08 	
1.00122202e+06 	 1.447284e+03 	 5.135520e+08 	
1.00124376e+06 	 1.303889e+03 	 5.028781e+08 	
1.00126550e+06 	 1.175016e+03 	 4.925427e+08 	
1.00128723e+06 	 1.059224e+03 	 4.825414e+08 	
1.00130999e+06 	 9.505896e+02 	 4.724229e+08 	
1.00133275e+06 	 8.535076e+02 	 4.626594e+08 	
1.00135551e+06 	 7.667582e+02 	 4.532445e+08 	
1.00137826e+06 	 6.892441e+02 	 4.441716e+08 	
1.00140102e+06 	 6.199797e+02 	 4.354338e+08 	
1.00142378e+06 	 5.580808e+02 	 4.270237e+08 	
1.00144654e+06 	 5.027552e+02 	 4.189338e+08 	
1.00146929e+06 	 4.532934e+02 	 4.111563e+08 	
1.00149205e+06 	 4.090612e+02 	 4.036831e+08 	
1.00151481e+06 	 3.694915e+02 	 3.965059e+08 	
1.00153757e+06 	 3.340781e+02 	 3.896165e+08 	
1.00156033e+06 	 3.023694e+02 	 3.830063e+08 	
1.00158308e+06 	 2.739628e+02 	 3.766668e+08 	
1.00160584e+06 	 2.484992e+02 	 3.705891e+08 	
1.00162860e+06 	 2.256592e+02 	 3.647648e+08 	
1.00165136e+06 	 2.051582e+02 	 3.591850e+08 	
1.00167411e+06 	 1.867430e+02 	 3.538412e+08 	
1.00169687e+06 	 1.701883e+02 	 3.487248e+08 	
1.00171963e+06 	 1.552938e+02 	 3.438271e+08 	
1.00174239e+06 	 1.418813e+02 	 3.391399e+08 	
1.00176515e+06 	 1.297923e+02 	 3.346549e+08 	
1.00178790e+06 	 1.188860e+02 	 3.303638e+08 	
1.00181525e+06 	 1.071695e+02 	 3.254532e+08 	
1.00184260e+06 	 9.678906e+01 	 3.207977e+08 	
1.00186994e+06 	 8.757862e+01 	 3.163844e+08 	
1.00189729e+06 	 7.939372e+01 	 3.122006e+08 	
1.00192463e+06 	 7.210876e+01 	 3.082342e+08 	
1.00195198e+06 	 6.561445e+01 	 3.044735e+08 	
1.00197932e+06 	 5.981560e+01 	 3.009074e+08 	
1.00200667e+06 	 5.462929e+01 	 2.975250e+08 	
1.00203401e+06 	 4.998318e+01 	 2.943163e+08 	
1.00206136e+06 	 4.581411e+01 	 2.912714e+08 	
1.00208871e+06 	 4.206693e+01 	 2.883812e+08 	
1.00212210e+06 	 3.799328e+01 	 2.850487e+08 	
1.00215549e+06 	 3.440123e+01 	 2.819187e+08 	
1.00218889e+06 	 3.122608e+01 	 2.789772e+08 	
1.00222228e+06 	 2.841263e+01 	 2.762111e+08 	
1.00225568e+06 	 2.591369e+01 	 2.736081e+08 	
1.00228907e+06 	 2.368884e+01 	 2.711570e+08 	
1.00232246e+06 	 2.170340e+01 	 2.688471e+08 	
1.00235586e+06 	 1.992753e+01 	 2.666687e+08 	
1.00238925e+06 	 1.833553e+01 	 2.646127e+08 	
1.00242265e+06 	 1.690520e+01 	 2.626708e+08 	
1.00245604e+06 	 1.561734e+01 	 2.608350e+08 	
1.00248944e+06 	 1.445530e+01 	 2.590983e+08 	
1.00252283e+06 	 1.340461e+01 	 2.574539e+08 	
1.00256526e+06 	 1.221056e+01 	 2.554880e+08 	
1.00260769e+06 	 1.115392e+01 	 2.536496e+08 	
1.00265013e+06 	 1.021599e+01 	 2.519283e+08 	
1.00269256e+06 	 9.380965e+00 	 2.503144e+08 	
1.00273499e+06 	 8.635394e+00 	 2.487993e+08 	
1.00277742e+06 	 7.967841e+00 	 2.473752e+08 	
1.00281985e+06 	 7.368530e+00 	 2.460348e+08 	
1.00286229e+06 	 6.829085e+00 	 2.447718e+08 	
1.00291641e+06 	 6.216585e+00 	 2.432636e+08 	
1.00297053e+06 	 5.677206e+00 	 2.418607e+08 	
1.00302466e+06 	 5.200434e+00 	 2.405532e+08 	
1.00307878e+06 	 4.777488e+00 	 2.393323e+08 	
1.00313291e+06 	 4.401004e+00 	 2.381904e+08 	
1.00318703e+06 	 4.064778e+00 	 2.371205e+08 	
1.00324115e+06 	 3.763564e+00 	 2.361163e+08 	
1.00329528e+06 	 3.492907e+00 	 2.351723e+08 	
1.00334940e+06 	 3.249009e+00 	 2.342835e+08 	
1.00341828e+06 	 2.972240e+00 	 2.332252e+08 	
1.00348716e+06 	 2.727942e+00 	 2.322409e+08 	
1.00355604e+06 	 2.511442e+00 	 2.313232e+08 	
1.00362492e+06 	 2.318849e+00 	 2.304658e+08 	
1.00369380e+06 	 2.146905e+00 	 2.296632e+08 	
1.00376268e+06 	 1.992872e+00 	 2.289102e+08 	
1.00384891e+06 	 1.821775e+00 	 2.280309e+08 	
1.00393515e+06 	 1.671371e+00 	 2.272149e+08 	
1.00402139e+06 	 1.538562e+00 	 2.264558e+08 	
1.00410762e+06 	 1.420791e+00 	 2.257477e+08 	
1.00419386e+06 	 1.315939e+00 	 2.250855e+08 	
1.00428010e+06 	 1.222236e+00 	 2.244649e+08 	
1.00439006e+06 	 1.116609e+00 	 2.237278e+08 	
1.00450001e+06 	 1.024177e+00 	 2.230450e+08 	
1.00460997e+06 	 9.428820e-01 	 2.224105e+08 	
1.00471993e+06 	 8.710445e-01 	 2.218191e+08 	
1.00482988e+06 	 8.072833e-01 	 2.212663e+08 	
1.00497347e+06 	 7.343120e-01 	 2.205961e+08 	
1.00511705e+06 	 6.711150e-01 	 2.199779e+08 	
1.00526063e+06 	 6.160501e-01 	 2.194051e+08 	
1.00540421e+06 	 5.678007e-01 	 2.188727e+08 	
1.00554779e+06 	 5.253025e-01 	 2.183759e+08 	
1.00572376e+06 	 4.798021e-01 	 2.178102e+08 	
1.00589974e+06 	 4.403614e-01 	 2.172863e+08 	
1.00607571e+06 	 4.059607e-01 	 2.167991e+08 	
1.00625168e+06 	 3.757840e-01 	 2.163442e+08 	
1.00642765e+06 	 3.491721e-01 	 2.159181e+08 	
1.00667909e+06 	 3.162907e-01 	 2.153530e+08 	
1.00693052e+06 	 2.883699e-01 	 2.148325e+08 	
1.00718196e+06 	 2.644635e-01 	 2.143504e+08 	
1.00743339e+06 	 2.438391e-01 	 2.139016e+08 	
1.00778351e+06 	 2.195292e-01 	 2.133243e+08 	
1.00813363e+06 	 1.993079e-01 	 2.127940e+08 	
1.00848375e+06 	 1.823063e-01 	 2.123035e+08 	
1.00883386e+06 	 1.678742e-01 	 2.118467e+08 	
1.00925993e+06 	 1.530718e-01 	 2.113296e+08 	
1.00968600e+06 	 1.406782e-01 	 2.108485e+08 	
1.01011206e+06 	 1.301959e-01 	 2.103979e+08 	
1.01053813e+06 	 1.212494e-01 	 2.099735e+08 	
1.01118266e+06 	 1.100142e-01 	 2.093732e+08 	
1.01182718e+06 	 1.009187e-01 	 2.088146e+08 	
1.01247171e+06 	 9.345011e-02 	 2.082902e+08 	
1.01339032e+06 	 8.491406e-02 	 2.075909e+08 	
1.01430894e+06 	 7.821335e-02 	 2.069369e+08 	
1.01522755e+06 	 7.285637e-02 	 2.063190e+08 	
1.01628866e+06 	 6.790505e-02 	 2.056412e+08 	
1.01734977e+06 	 6.394156e-02 	 2.049946e+08 	
1.01841088e+06 	 6.071867e-02 	 2.043731e+08 	
1.02003507e+06 	 5.683605e-02 	 2.034606e+08 	
1.02165926e+06 	 5.386390e-02 	 2.025849e+08 	
1.02356942e+06 	 5.117053e-02 	 2.015910e+08 	
1.02547958e+06 	 4.907812e-02 	 2.006272e+08 	
1.02738975e+06 	 4.740349e-02 	 1.996873e+08 	
1.03033206e+06 	 4.537369e-02 	 1.982756e+08 	
1.03205951e+06 	 4.439624e-02 	 1.974635e+08 	
1.03578494e+06 	 4.263519e-02 	 1.957458e+08 	
1.03877621e+06 	 4.144841e-02 	 1.943947e+08 	
1.04378172e+06 	 3.972978e-02 	 1.921808e+08 	
1.04878723e+06 	 3.821325e-02 	 1.900187e+08 	
1.05765573e+06 	 3.580840e-02 	 1.863010e+08 	
1.06176712e+06 	 3.477733e-02 	 1.846232e+08 	
1.06587852e+06 	 3.378833e-02 	 1.829730e+08 	
1.06840441e+06 	 3.319970e-02 	 1.819724e+08 	
1.07350043e+06 	 3.205279e-02 	 1.799839e+08 	
1.07635007e+06 	 3.143382e-02 	 1.788891e+08 	
1.07663504e+06 	 3.137278e-02 	 1.787803e+08 	
1.07666353e+06 	 3.136668e-02 	 1.787694e+08 	
1.07666638e+06 	 3.136607e-02 	 1.787684e+08 	
1.07666667e+06 	 3.136601e-02 	 1.787682e+08 	
1.08666667e+06 	 2.931713e-02 	 1.750248e+08 	
1.10000000e+06 	 2.684085e-02 	 1.702494e+08 	
1.11333333e+06 	 2.462152e-02 	 1.657042e+08 	
1.12333333e+06 	 2.310585e-02 	 1.624366e+08 	
1.13666667e+06 	 2.126407e-02 	 1.582565e+08 	
1.15000000e+06 	 1.960287e-02 	 1.542657e+08 	
1.16333333e+06 	 1.810014e-02 	 1.504516e+08 	
1.17666667e+06 	 1.673905e-02 	 1.468029e+08 	
1.19000000e+06 	 1.550357e-02 	 1.433092e+08 	
1.20000000e+06 	 1.465046e-02 	 1.407848e+08 	
1.21333333e+06 	 1.360275e-02 	 1.375397e+08 	
1.22666667e+06 	 1.264715e-02 	 1.344251e+08 	
1.24000000e+06 	 1.177375e-02 	 1.314333e+08 	
1.25333333e+06 	 1.097380e-02 	 1.285572e+08 	
1.26666667e+06 	 1.024063e-02 	 1.257904e+08 	
1.28000000e+06 	 9.567440e-03 	 1.231268e+08 	
1.29333333e+06 	 8.947670e-03 	 1.205607e+08 	
1.30666667e+06 	 8.377424e-03 	 1.180872e+08 	
1.32000000e+06 	 7.851693e-03 	 1.157012e+08 	
1.34000000e+06 	 7.137204e-03 	 1.122766e+08 	
1.35333333e+06 	 6.705328e-03 	 1.100905e+08 	
1.36666667e+06 	 6.305296e-03 	 1.079775e+08 	
1.38000000e+06 	 5.934200e-03 	 1.059340e+08 	
1.39333333e+06 	 5.589913e-03 	 1.039567e+08 	
1.40666667e+06 	 5.269711e-03 	 1.020425e+08 	
1.42666667e+06 	 4.830874e-03 	 9.928310e+07 	
1.44000000e+06 	 4.563149e-03 	 9.751420e+07 	
1.45333333e+06 	 4.313405e-03 	 9.579889e+07 	
1.46666667e+06 	 4.080350e-03 	 9.413485e+07 	
1.48000000e+06 	 3.862469e-03 	 9.251981e+07 	
1.50000000e+06 	 3.561914e-03 	 9.018465e+07 	
1.51333333e+06 	 3.377414e-03 	 8.868327e+07 	
1.52666667e+06 	 3.204429e-03 	 8.722406e+07 	
1.54666667e+06 	 2.964770e-03 	 8.511058e+07 	
1.56000000e+06 	 2.817156e-03 	 8.374949e+07 	
1.57333333e+06 	 2.678532e-03 	 8.242501e+07 	
1.59333333e+06 	 2.485679e-03 	 8.050363e+07 	
1.60666667e+06 	 2.366550e-03 	 7.926442e+07 	
1.62000000e+06 	 2.254259e-03 	 7.805706e+07 	
1.64000000e+06 	 2.097819e-03 	 7.630325e+07 	
1.65333333e+06 	 2.000853e-03 	 7.517054e+07 	
1.67333333e+06 	 1.865349e-03 	 7.352356e+07 	
1.68666667e+06 	 1.781147e-03 	 7.245885e+07 	
1.70000000e+06 	 1.701604e-03 	 7.141973e+07 	
1.72000000e+06 	 1.590136e-03 	 6.990699e+07 	
1.73333333e+06 	 1.520705e-03 	 6.892790e+07 	
1.75333333e+06 	 1.423422e-03 	 6.750150e+07 	
1.76666667e+06 	 1.362745e-03 	 6.657759e+07 	
1.78666667e+06 	 1.277419e-03 	 6.523042e+07 	
1.80666667e+06 	 1.198450e-03 	 6.392775e+07 	
1.82000000e+06 	 1.149113e-03 	 6.308301e+07 	
1.84000000e+06 	 1.079557e-03 	 6.184987e+07 	
1.85333333e+06 	 1.036006e-03 	 6.104964e+07 	
1.87333333e+06 	 9.746094e-04 	 5.988078e+07 	
1.88666667e+06 	 9.360558e-04 	 5.912172e+07 	
1.90666667e+06 	 8.816610e-04 	 5.801231e+07 	
1.92666667e+06 	 8.310400e-04 	 5.693650e+07 	
1.94000000e+06 	 7.992336e-04 	 5.623723e+07 	
1.96000000e+06 	 7.541816e-04 	 5.521414e+07 	
1.98000000e+06 	 7.121395e-04 	 5.422092e+07 	
1.99333333e+06 	 6.856562e-04 	 5.357473e+07 	
2.01333333e+06 	 6.481331e-04 	 5.262853e+07 	
2.02666667e+06 	 6.244448e-04 	 5.201257e+07 	
2.04666667e+06 	 5.908612e-04 	 5.111020e+07 	
2.06666667e+06 	 5.594282e-04 	 5.023275e+07 	
2.08666667e+06 	 5.299452e-04 	 4.937917e+07 	
2.10000000e+06 	 5.113165e-04 	 4.882294e+07 	
2.12000000e+06 	 4.848145e-04 	 4.800715e+07 	
2.14000000e+06 	 4.599345e-04 	 4.721287e+07 	
2.16000000e+06 	 4.365669e-04 	 4.643931e+07 	
2.18000000e+06 	 4.145877e-04 	 4.568566e+07 	
2.20000000e+06 	 3.939009e-04 	 4.495118e+07 	
2.22000000e+06 	 3.744327e-04 	 4.423519e+07 	
2.24000000e+06 	 3.560908e-04 	 4.353701e+07 	
2.26000000e+06 	 3.388005e-04 	 4.285600e+07 	
2.28000000e+06 	 3.224933e-04 	 4.219156e+07 	
2.30000000e+06 	 3.071018e-04 	 4.154311e+07 	
2.32000000e+06 	 2.925699e-04 	 4.091009e+07 	
2.34000000e+06 	 2.788427e-04 	 4.029199e+07 	
2.36000000e+06 	 2.658649e-04 	 3.968828e+07 	
2.38000000e+06 	 2.535925e-04 	 3.909850e+07 	
2.40000000e+06 	 2.419794e-04 	 3.852218e+07 	
2.42000000e+06 	 2.309834e-04 	 3.795887e+07 	
2.44000000e+06 	 2.205698e-04 	 3.740816e+07 	
2.46000000e+06 	 2.106999e-04 	 3.686964e+07 	
2.48000000e+06 	 2.013431e-04 	 3.634293e+07 	
2.50000000e+06 	 1.924679e-04 	 3.582765e+07 	
2.52000000e+06 	 1.840455e-04 	 3.532345e+07 	
2.54000000e+06 	 1.760494e-04 	 3.482998e+07 	
2.56000000e+06 	 1.684547e-04 	 3.434692e+07 	
2.58000000e+06 	 1.612382e-04 	 3.387395e+07 	
2.60000000e+06 	 1.543781e-04 	 3.341078e+07 	
2.62000000e+06 	 1.478542e-04 	 3.295710e+07 	
2.64000000e+06 	 1.416476e-04 	 3.251264e+07 	
2.66000000e+06 	 1.357405e-04 	 3.207713e+07 	
2.68000000e+06 	 1.301163e-04 	 3.165031e+07 	
2.70000000e+06 	 1.247593e-04 	 3.123194e+07 	
2.72000000e+06 	 1.196550e-04 	 3.082177e+07 	
2.74000000e+06 	 1.147898e-04 	 3.041958e+07 	
2.76000000e+06 	 1.101506e-04 	 3.002514e+07 	
2.78000000e+06 	 1.057256e-04 	 2.963824e+07 	
2.80000000e+06 	 1.015032e-04 	 2.925866e+07 	
2.82000000e+06 	 9.747293e-05 	 2.888622e+07 	
2.84000000e+06 	 9.362471e-05 	 2.852073e+07 	
2.86000000e+06 	 8.994909e-05 	 2.816198e+07 	
2.88000000e+06 	 8.643721e-05 	 2.780982e+07 	
2.90000000e+06 	 8.308069e-05 	 2.746405e+07 	
2.92000000e+06 	 7.987167e-05 	 2.712453e+07 	
2.94000000e+06 	 7.680271e-05 	 2.679108e+07 	
2.96000000e+06 	 7.386683e-05 	 2.646355e+07 	
2.98000000e+06 	 7.105740e-05 	 2.614180e+07 	
3.00000000e+06 	 6.836820e-05 	 2.582567e+07 	
3.02000000e+06 	 6.579330e-05 	 2.551502e+07 	
3.04000000e+06 	 6.332720e-05 	 2.520973e+07 	
3.06000000e+06 	 6.096458e-05 	 2.490965e+07 	
3.08000000e+06 	 5.870052e-05 	 2.461466e+07 	
3.10000000e+06 	 5.653026e-05 	 2.432463e+07 	
3.12000000e+06 	 5.444942e-05 	 2.403946e+07 	
3.14000000e+06 	 5.245371e-05 	 2.375901e+07 	
3.16000000e+06 	 5.053920e-05 	 2.348319e+07 	
3.18000000e+06 	 4.870212e-05 	 2.321187e+07 	
3.20000000e+06 	 4.693884e-05 	 2.294496e+07 	
3.22000000e+06 	 4.524599e-05 	 2.268236e+07 	
3.24000000e+06 	 4.362033e-05 	 2.242396e+07 	
3.26000000e+06 	 4.205883e-05 	 2.216967e+07 	
3.28000000e+06 	 4.055858e-05 	 2.191939e+07 	
3.30000000e+06 	 3.911683e-05 	 2.167304e+07 	
3.32000000e+06 	 3.773098e-05 	 2.143053e+07 	
3.34000000e+06 	 3.639859e-05 	 2.119177e+07 	
3.36000000e+06 	 3.511721e-05 	 2.095668e+07 	
3.38000000e+06 	 3.388462e-05 	 2.072518e+07 	
3.40000000e+06 	 3.269874e-05 	 2.049719e+07 	
3.42000000e+06 	 3.155751e-05 	 2.027263e+07 	
3.44000000e+06 	 3.045899e-05 	 2.005144e+07 	
3.46000000e+06 	 2.940129e-05 	 1.983354e+07 	
3.48000000e+06 	 2.838271e-05 	 1.961886e+07 	
3.50000000e+06 	 2.740165e-05 	 1.940733e+07 	
3.52000000e+06 	 2.645637e-05 	 1.919890e+07 	
3.54000000e+06 	 2.554553e-05 	 1.899348e+07 	
3.56000000e+06 	 2.466762e-05 	 1.879103e+07 	
3.58000000e+06 	 2.382123e-05 	 1.859148e+07 	
3.60000000e+06 	 2.300510e-05 	 1.839477e+07 	
3.62000000e+06 	 2.221793e-05 	 1.820084e+07 	
3.64000000e+06 	 2.145859e-05 	 1.800965e+07 	
3.66000000e+06 	 2.072583e-05 	 1.782112e+07 	
3.68000000e+06 	 2.001866e-05 	 1.763523e+07 	
3.70000000e+06 	 1.933604e-05 	 1.745190e+07 	
3.72000000e+06 	 1.867692e-05 	 1.727109e+07 	
3.74000000e+06 	 1.804042e-05 	 1.709275e+07 	
3.76000000e+06 	 1.742554e-05 	 1.691684e+07 	
3.78000000e+06 	 1.683149e-05 	 1.674330e+07 	
3.80000000e+06 	 1.625742e-05 	 1.657210e+07 	
3.82000000e+06 	 1.570252e-05 	 1.640318e+07 	
3.84000000e+06 	 1.516606e-05 	 1.623651e+07 	
3.86000000e+06 	 1.464729e-05 	 1.607204e+07 	
3.88000000e+06 	 1.414552e-05 	 1.590974e+07 	
3.90000000e+06 	 1.366006e-05 	 1.574956e+07 	
3.92000000e+06 	 1.319029e-05 	 1.559146e+07 	
3.94000000e+06 	 1.273561e-05 	 1.543541e+07 	
3.96000000e+06 	 1.229540e-05 	 1.528136e+07 	
4.00000000e+06 	 1.145626e-05 	 1.497917e+07 	
4.00050050e+06 	 1.144610e-05 	 1.497543e+07 	
4.00100100e+06 	 1.143594e-05 	 1.497170e+07 	
4.00150150e+06 	 1.142579e-05 	 1.496797e+07 	
4.00200200e+06 	 1.141565e-05 	 1.496424e+07 	
4.00250250e+06 	 1.140552e-05 	 1.496052e+07 	
4.00300300e+06 	 1.139539e-05 	 1.495679e+07 	
4.00350350e+06 	 1.138528e-05 	 1.495306e+07 	
4.00400400e+06 	 1.137517e-05 	 1.494934e+07 	
4.00450450e+06 	 1.136507e-05 	 1.494562e+07 	
4.00500501e+06 	 1.135497e-05 	 1.494190e+07 	
4.00550551e+06 	 1.134489e-05 	 1.493817e+07 	
4.00600601e+06 	 1.133481e-05 	 1.493446e+07 	
4.00650651e+06 	 1.132474e-05 	 1.493074e+07 	
4.00700701e+06 	 1.131468e-05 	 1.492702e+07 	
4.00750751e+06 	 1.130463e-05 	 1.492330e+07 	
4.00800801e+06 	 1.129458e-05 	 1.491959e+07 	
4.00850851e+06 	 1.128455e-05 	 1.491588e+07 	
4.00900901e+06 	 1.127452e-05 	 1.491216e+07 	
4.00950951e+06 	 1.126450e-05 	 1.490845e+07 	
4.01001001e+06 	 1.125448e-05 	 1.490474e+07 	
4.01051051e+06 	 1.124448e-05 	 1.490103e+07 	
4.01101101e+06 	 1.123448e-05 	 1.489733e+07 	
4.01151151e+06 	 1.122449e-05 	 1.489362e+07 	
4.01201201e+06 	 1.121451e-05 	 1.488992e+07 	
4.01251251e+06 	 1.120453e-05 	 1.488621e+07 	
4.01301301e+06 	 1.119457e-05 	 1.488251e+07 	
4.01351351e+06 	 1.118461e-05 	 1.487881e+07 	
4.01401401e+06 	 1.117466e-05 	 1.487511e+07 	
4.01451451e+06 	 1.116472e-05 	 1.487141e+07 	
4.01501502e+06 	 1.115478e-05 	 1.486771e+07 	
4.01551552e+06 	 1.114485e-05 	 1.486401e+07 	
4.01601602e+06 	 1.113494e-05 	 1.486032e+07 	
4.01651652e+06 	 1.112502e-05 	 1.485662e+07 	
4.01701702e+06 	 1.111512e-05 	 1.485293e+07 	
4.01751752e+06 	 1.110522e-05 	 1.484924e+07 	
4.01801802e+06 	 1.109534e-05 	 1.484555e+07 	
4.01851852e+06 	 1.108546e-05 	 1.484186e+07 	
4.01901902e+06 	 1.107558e-05 	 1.483817e+07 	
4.01951952e+06 	 1.106572e-05 	 1.483448e+07 	
4.02002002e+06 	 1.105586e-05 	 1.483079e+07 	
4.02052052e+06 	 1.104601e-05 	 1.482711e+07 	
4.02102102e+06 	 1.103617e-05 	 1.482342e+07 	
4.02152152e+06 	 1.102634e-05 	 1.481974e+07 	
4.02202202e+06 	 1.101651e-05 	 1.481606e+07 	
4.02252252e+06 	 1.100669e-05 	 1.481238e+07 	
4.02302302e+06 	 1.099688e-05 	 1.480870e+07 	
4.02352352e+06 	 1.098708e-05 	 1.480502e+07 	
4.02402402e+06 	 1.097728e-05 	 1.480134e+07 	
4.02452452e+06 	 1.096750e-05 	 1.479767e+07 	
4.02502503e+06 	 1.095772e-05 	 1.479399e+07 	
4.02552553e+06 	 1.094794e-05 	 1.479032e+07 	
4.02602603e+06 	 1.093818e-05 	 1.478665e+07 	
4.02652653e+06 	 1.092842e-05 	 1.478298e+07 	
4.02702703e+06 	 1.091867e-05 	 1.477931e+07 	
4.02752753e+06 	 1.090893e-05 	 1.477564e+07 	
4.02802803e+06 	 1.089920e-05 	 1.477197e+07 	
4.02852853e+06 	 1.088947e-05 	 1.476830e+07 	
4.02902903e+06 	 1.087975e-05 	 1.476464e+07 	
4.02952953e+06 	 1.087004e-05 	 1.476097e+07 	
4.03003003e+06 	 1.086034e-05 	 1.475731e+07 	
4.03053053e+06 	 1.085064e-05 	 1.475365e+07 	
4.03103103e+06 	 1.084095e-05 	 1.474999e+07 	
4.03153153e+06 	 1.083127e-05 	 1.474633e+07 	
4.03203203e+06 	 1.082160e-05 	 1.474267e+07 	
4.03253253e+06 	 1.081194e-05 	 1.473901e+07 	
4.03303303e+06 	 1.080228e-05 	 1.473536e+07 	
4.03353353e+06 	 1.079263e-05 	 1.473170e+07 	
4.03403403e+06 	 1.078298e-05 	 1.472805e+07 	
4.03453453e+06 	 1.077335e-05 	 1.472440e+07 	
4.03503504e+06 	 1.076372e-05 	 1.472075e+07 	
4.03553554e+06 	 1.075410e-05 	 1.471710e+07 	
4.03603604e+06 	 1.074449e-05 	 1.471345e+07 	
4.03653654e+06 	 1.073488e-05 	 1.470980e+07 	
4.03703704e+06 	 1.072528e-05 	 1.470615e+07 	
4.03753754e+06 	 1.071569e-05 	 1.470251e+07 	
4.03803804e+06 	 1.070611e-05 	 1.469886e+07 	
4.03853854e+06 	 1.069654e-05 	 1.469522e+07 	
4.03903904e+06 	 1.068697e-05 	 1.469158e+07 	
4.03953954e+06 	 1.067741e-05 	 1.468793e+07 	
4.04004004e+06 	 1.066785e-05 	 1.468430e+07 	
4.04054054e+06 	 1.065831e-05 	 1.468066e+07 	
4.04104104e+06 	 1.064877e-05 	 1.467702e+07 	
4.04154154e+06 	 1.063924e-05 	 1.467338e+07 	
4.04204204e+06 	 1.062972e-05 	 1.466975e+07 	
4.04254254e+06 	 1.062020e-05 	 1.466611e+07 	
4.04304304e+06 	 1.061069e-05 	 1.466248e+07 	
4.04354354e+06 	 1.060119e-05 	 1.465885e+07 	
4.04404404e+06 	 1.059170e-05 	 1.465522e+07 	
4.04454454e+06 	 1.058221e-05 	 1.465159e+07 	
4.04504505e+06 	 1.057273e-05 	 1.464796e+07 	
4.04554555e+06 	 1.056326e-05 	 1.464433e+07 	
4.04604605e+06 	 1.055380e-05 	 1.464071e+07 	
4.04654655e+06 	 1.054434e-05 	 1.463708e+07 	
4.04704705e+06 	 1.053489e-05 	 1.463346e+07 	
4.04754755e+06 	 1.052545e-05 	 1.462984e+07 	
4.04804805e+06 	 1.051602e-05 	 1.462621e+07 	
4.04854855e+06 	 1.050659e-05 	 1.462259e+07 	
4.04904905e+06 	 1.049717e-05 	 1.461897e+07 	
4.04954955e+06 	 1.048776e-05 	 1.461536e+07 	
4.05005005e+06 	 1.047835e-05 	 1.461174e+07 	
4.05055055e+06 	 1.046895e-05 	 1.460812e+07 	
4.05105105e+06 	 1.045956e-05 	 1.460451e+07 	
4.05155155e+06 	 1.045018e-05 	 1.460090e+07 	
4.05205205e+06 	 1.044080e-05 	 1.459728e+07 	
4.05255255e+06 	 1.043143e-05 	 1.459367e+07 	
4.05305305e+06 	 1.042207e-05 	 1.459006e+07 	
4.05355355e+06 	 1.041272e-05 	 1.458645e+07 	
4.05405405e+06 	 1.040337e-05 	 1.458285e+07 	
4.05455455e+06 	 1.039403e-05 	 1.457924e+07 	
4.05505506e+06 	 1.038470e-05 	 1.457563e+07 	
4.05555556e+06 	 1.037537e-05 	 1.457203e+07 	
4.05605606e+06 	 1.036606e-05 	 1.456843e+07 	
4.05655656e+06 	 1.035674e-05 	 1.456482e+07 	
4.05705706e+06 	 1.034744e-05 	 1.456122e+07 	
4.05755756e+06 	 1.033814e-05 	 1.455762e+07 	
4.05805806e+06 	 1.032885e-05 	 1.455402e+07 	
4.05855856e+06 	 1.031957e-05 	 1.455043e+07 	
4.05905906e+06 	 1.031030e-05 	 1.454683e+07 	
4.05955956e+06 	 1.030103e-05 	 1.454323e+07 	
4.06006006e+06 	 1.029177e-05 	 1.453964e+07 	
4.06056056e+06 	 1.028251e-05 	 1.453605e+07 	
4.06106106e+06 	 1.027327e-05 	 1.453246e+07 	
4.06156156e+06 	 1.026403e-05 	 1.452886e+07 	
4.06206206e+06 	 1.025479e-05 	 1.452527e+07 	
4.06256256e+06 	 1.024557e-05 	 1.452169e+07 	
4.06306306e+06 	 1.023635e-05 	 1.451810e+07 	
4.06356356e+06 	 1.022714e-05 	 1.451451e+07 	
4.06406406e+06 	 1.021794e-05 	 1.451093e+07 	
4.06456456e+06 	 1.020874e-05 	 1.450734e+07 	
4.06506507e+06 	 1.019955e-05 	 1.450376e+07 	
4.06556557e+06 	 1.019037e-05 	 1.450018e+07 	
4.06606607e+06 	 1.018119e-05 	 1.449660e+07 	
4.06656657e+06 	 1.017202e-05 	 1.449302e+07 	
4.06706707e+06 	 1.016286e-05 	 1.448944e+07 	
4.06756757e+06 	 1.015371e-05 	 1.448586e+07 	
4.06806807e+06 	 1.014456e-05 	 1.448229e+07 	
4.06856857e+06 	 1.013542e-05 	 1.447871e+07 	
4.06906907e+06 	 1.012629e-05 	 1.447514e+07 	
4.06956957e+06 	 1.011716e-05 	 1.447156e+07 	
4.07007007e+06 	 1.010804e-05 	 1.446799e+07 	
4.07057057e+06 	 1.009893e-05 	 1.446442e+07 	
4.07107107e+06 	 1.008982e-05 	 1.446085e+07 	
4.07157157e+06 	 1.008072e-05 	 1.445729e+07 	
4.07207207e+06 	 1.007163e-05 	 1.445372e+07 	
4.07257257e+06 	 1.006255e-05 	 1.445015e+07 	
4.07307307e+06 	 1.005347e-05 	 1.444659e+07 	
4.07357357e+06 	 1.004440e-05 	 1.444302e+07 	
4.07407407e+06 	 1.003534e-05 	 1.443946e+07 	
4.07457457e+06 	 1.002628e-05 	 1.443590e+07 	
4.07507508e+06 	 1.001723e-05 	 1.443234e+07 	
4.07557558e+06 	 1.000819e-05 	 1.442878e+07 	
4.07607608e+06 	 9.999155e-06 	 1.442522e+07 	
4.07657658e+06 	 9.990126e-06 	 1.442166e+07 	
4.07707708e+06 	 9.981104e-06 	 1.441811e+07 	
4.07757758e+06 	 9.972090e-06 	 1.441455e+07 	
4.07807808e+06 	 9.963082e-06 	 1.441100e+07 	
4.07857858e+06 	 9.954081e-06 	 1.440745e+07 	
4.07907908e+06 	 9.945087e-06 	 1.440389e+07 	
4.07957958e+06 	 9.936100e-06 	 1.440034e+07 	
4.08008008e+06 	 9.927120e-06 	 1.439680e+07 	
4.08058058e+06 	 9.918146e-06 	 1.439325e+07 	
4.08108108e+06 	 9.909180e-06 	 1.438970e+07 	
4.08158158e+06 	 9.900220e-06 	 1.438615e+07 	
4.08208208e+06 	 9.891268e-06 	 1.438261e+07 	
4.08258258e+06 	 9.882322e-06 	 1.437907e+07 	
4.08308308e+06 	 9.873383e-06 	 1.437552e+07 	
4.08358358e+06 	 9.864451e-06 	 1.437198e+07 	
4.08408408e+06 	 9.855525e-06 	 1.436844e+07 	
4.08458458e+06 	 9.846607e-06 	 1.436490e+07 	
4.08508509e+06 	 9.837695e-06 	 1.436136e+07 	
4.08558559e+06 	 9.828790e-06 	 1.435783e+07 	
4.08608609e+06 	 9.819892e-06 	 1.435429e+07 	
4.08658659e+06 	 9.811001e-06 	 1.435076e+07 	
4.08708709e+06 	 9.802117e-06 	 1.434722e+07 	
4.08758759e+06 	 9.793239e-06 	 1.434369e+07 	
4.08808809e+06 	 9.784368e-06 	 1.434016e+07 	
4.08858859e+06 	 9.775504e-06 	 1.433663e+07 	
4.08908909e+06 	 9.766647e-06 	 1.433310e+07 	
4.08958959e+06 	 9.757796e-06 	 1.432957e+07 	
4.09009009e+06 	 9.748952e-06 	 1.432604e+07 	
4.09059059e+06 	 9.740115e-06 	 1.432252e+07 	
4.09109109e+06 	 9.731285e-06 	 1.431899e+07 	
4.09159159e+06 	 9.722462e-06 	 1.431547e+07 	
4.09209209e+06 	 9.713645e-06 	 1.431194e+07 	
4.09259259e+06 	 9.704835e-06 	 1.430842e+07 	
4.09309309e+06 	 9.696031e-06 	 1.430490e+07 	
4.09359359e+06 	 9.687235e-06 	 1.430138e+07 	
4.09409409e+06 	 9.678445e-06 	 1.429786e+07 	
4.09459459e+06 	 9.669662e-06 	 1.429435e+07 	
4.09509510e+06 	 9.660885e-06 	 1.429083e+07 	
4.09559560e+06 	 9.652115e-06 	 1.428732e+07 	
4.09609610e+06 	 9.643352e-06 	 1.428380e+07 	
4.09659660e+06 	 9.634596e-06 	 1.428029e+07 	
4.09709710e+06 	 9.625846e-06 	 1.427678e+07 	
4.09759760e+06 	 9.617103e-06 	 1.427327e+07 	
4.09809810e+06 	 9.608366e-06 	 1.426976e+07 	
4.09859860e+06 	 9.599637e-06 	 1.426625e+07 	
4.09909910e+06 	 9.590913e-06 	 1.426274e+07 	
4.09959960e+06 	 9.582197e-06 	 1.425924e+07 	
4.10010010e+06 	 9.573487e-06 	 1.425573e+07 	
4.10060060e+06 	 9.564784e-06 	 1.425223e+07 	
4.10110110e+06 	 9.556087e-06 	 1.424872e+07 	
4.10160160e+06 	 9.547397e-06 	 1.424522e+07 	
4.10210210e+06 	 9.538713e-06 	 1.424172e+07 	
4.10260260e+06 	 9.530036e-06 	 1.423822e+07 	
4.10310310e+06 	 9.521366e-06 	 1.423472e+07 	
4.10360360e+06 	 9.512702e-06 	 1.423122e+07 	
4.10410410e+06 	 9.504045e-06 	 1.422773e+07 	
4.10460460e+06 	 9.495395e-06 	 1.422423e+07 	
4.10510511e+06 	 9.486751e-06 	 1.422074e+07 	
4.10560561e+06 	 9.478113e-06 	 1.421725e+07 	
4.10610611e+06 	 9.469482e-06 	 1.421375e+07 	
4.10660661e+06 	 9.460858e-06 	 1.421026e+07 	
4.10710711e+06 	 9.452240e-06 	 1.420677e+07 	
4.10760761e+06 	 9.443629e-06 	 1.420328e+07 	
4.10810811e+06 	 9.435024e-06 	 1.419980e+07 	
4.10860861e+06 	 9.426426e-06 	 1.419631e+07 	
4.10910911e+06 	 9.417834e-06 	 1.419282e+07 	
4.10960961e+06 	 9.409249e-06 	 1.418934e+07 	
4.11011011e+06 	 9.400671e-06 	 1.418586e+07 	
4.11061061e+06 	 9.392098e-06 	 1.418237e+07 	
4.11111111e+06 	 9.383533e-06 	 1.417889e+07 	
4.11161161e+06 	 9.374973e-06 	 1.417541e+07 	
4.11211211e+06 	 9.366421e-06 	 1.417193e+07 	
4.11261261e+06 	 9.357874e-06 	 1.416846e+07 	
4.11311311e+06 	 9.349334e-06 	 1.416498e+07 	
4.11361361e+06 	 9.340801e-06 	 1.416150e+07 	
4.11411411e+06 	 9.332274e-06 	 1.415803e+07 	
4.11461461e+06 	 9.323754e-06 	 1.415455e+07 	
4.11511512e+06 	 9.315240e-06 	 1.415108e+07 	
4.11561562e+06 	 9.306732e-06 	 1.414761e+07 	
4.11611612e+06 	 9.298231e-06 	 1.414414e+07 	
4.11661662e+06 	 9.289736e-06 	 1.414067e+07 	
4.11711712e+06 	 9.281248e-06 	 1.413720e+07 	
4.11761762e+06 	 9.272766e-06 	 1.413374e+07 	
4.11811812e+06 	 9.264290e-06 	 1.413027e+07 	
4.11861862e+06 	 9.255821e-06 	 1.412680e+07 	
4.11911912e+06 	 9.247358e-06 	 1.412334e+07 	
4.11961962e+06 	 9.238902e-06 	 1.411988e+07 	
4.12012012e+06 	 9.230451e-06 	 1.411642e+07 	
4.12062062e+06 	 9.222008e-06 	 1.411296e+07 	
4.12112112e+06 	 9.213570e-06 	 1.410950e+07 	
4.12162162e+06 	 9.205139e-06 	 1.410604e+07 	
4.12212212e+06 	 9.196715e-06 	 1.410258e+07 	
4.12262262e+06 	 9.188296e-06 	 1.409912e+07 	
4.12312312e+06 	 9.179884e-06 	 1.409567e+07 	
4.12362362e+06 	 9.171479e-06 	 1.409221e+07 	
4.12412412e+06 	 9.163079e-06 	 1.408876e+07 	
4.12462462e+06 	 9.154686e-06 	 1.408531e+07 	
4.12512513e+06 	 9.146300e-06 	 1.408186e+07 	
4.12562563e+06 	 9.137919e-06 	 1.407841e+07 	
4.12612613e+06 	 9.129545e-06 	 1.407496e+07 	
4.12662663e+06 	 9.121177e-06 	 1.407151e+07 	
4.12712713e+06 	 9.112816e-06 	 1.406806e+07 	
4.12762763e+06 	 9.104460e-06 	 1.406462e+07 	
4.12812813e+06 	 9.096111e-06 	 1.406117e+07 	
4.12862863e+06 	 9.087768e-06 	 1.405773e+07 	
4.12912913e+06 	 9.079432e-06 	 1.405429e+07 	
4.12962963e+06 	 9.071102e-06 	 1.405085e+07 	
4.13013013e+06 	 9.062777e-06 	 1.404741e+07 	
4.13063063e+06 	 9.054460e-06 	 1.404397e+07 	
4.13113113e+06 	 9.046148e-06 	 1.404053e+07 	
4.13163163e+06 	 9.037843e-06 	 1.403709e+07 	
4.13213213e+06 	 9.029543e-06 	 1.403366e+07 	
4.13263263e+06 	 9.021250e-06 	 1.403022e+07 	
4.13313313e+06 	 9.012964e-06 	 1.402679e+07 	
4.13363363e+06 	 9.004683e-06 	 1.402335e+07 	
4.13413413e+06 	 8.996409e-06 	 1.401992e+07 	
4.13463463e+06 	 8.988141e-06 	 1.401649e+07 	
4.13513514e+06 	 8.979879e-06 	 1.401306e+07 	
4.13563564e+06 	 8.971623e-06 	 1.400963e+07 	
4.13613614e+06 	 8.963373e-06 	 1.400621e+07 	
4.13663664e+06 	 8.955129e-06 	 1.400278e+07 	
4.13713714e+06 	 8.946892e-06 	 1.399935e+07 	
4.13763764e+06 	 8.938661e-06 	 1.399593e+07 	
4.13813814e+06 	 8.930436e-06 	 1.399251e+07 	
4.13863864e+06 	 8.922217e-06 	 1.398908e+07 	
4.13913914e+06 	 8.914004e-06 	 1.398566e+07 	
4.13963964e+06 	 8.905797e-06 	 1.398224e+07 	
4.14014014e+06 	 8.897596e-06 	 1.397882e+07 	
4.14064064e+06 	 8.889402e-06 	 1.397540e+07 	
4.14114114e+06 	 8.881213e-06 	 1.397199e+07 	
4.14164164e+06 	 8.873031e-06 	 1.396857e+07 	
4.14214214e+06 	 8.864855e-06 	 1.396516e+07 	
4.14264264e+06 	 8.856684e-06 	 1.396174e+07 	
4.14314314e+06 	 8.848520e-06 	 1.395833e+07 	
4.14364364e+06 	 8.840362e-06 	 1.395492e+07 	
4.14414414e+06 	 8.832210e-06 	 1.395151e+07 	
4.14464464e+06 	 8.824064e-06 	 1.394810e+07 	
4.14514515e+06 	 8.815924e-06 	 1.394469e+07 	
4.14564565e+06 	 8.807790e-06 	 1.394128e+07 	
4.14614615e+06 	 8.799663e-06 	 1.393788e+07 	
4.14664665e+06 	 8.791541e-06 	 1.393447e+07 	
4.14714715e+06 	 8.783426e-06 	 1.393107e+07 	
4.14764765e+06 	 8.775316e-06 	 1.392766e+07 	
4.14814815e+06 	 8.767213e-06 	 1.392426e+07 	
4.14864865e+06 	 8.759115e-06 	 1.392086e+07 	
4.14914915e+06 	 8.751024e-06 	 1.391746e+07 	
4.14964965e+06 	 8.742938e-06 	 1.391406e+07 	
4.15015015e+06 	 8.734859e-06 	 1.391066e+07 	
4.15065065e+06 	 8.726785e-06 	 1.390727e+07 	
4.15115115e+06 	 8.718718e-06 	 1.390387e+07 	
4.15165165e+06 	 8.710656e-06 	 1.390047e+07 	
4.15215215e+06 	 8.702600e-06 	 1.389708e+07 	
4.15265265e+06 	 8.694551e-06 	 1.389369e+07 	
4.15315315e+06 	 8.686507e-06 	 1.389030e+07 	
4.15365365e+06 	 8.678469e-06 	 1.388691e+07 	
4.15415415e+06 	 8.670437e-06 	 1.388352e+07 	
4.15465465e+06 	 8.662411e-06 	 1.388013e+07 	
4.15515516e+06 	 8.654391e-06 	 1.387674e+07 	
4.15565566e+06 	 8.646377e-06 	 1.387335e+07 	
4.15615616e+06 	 8.638369e-06 	 1.386997e+07 	
4.15665666e+06 	 8.630367e-06 	 1.386658e+07 	
4.15715716e+06 	 8.622370e-06 	 1.386320e+07 	
4.15765766e+06 	 8.614380e-06 	 1.385982e+07 	
4.15815816e+06 	 8.606395e-06 	 1.385644e+07 	
4.15865866e+06 	 8.598416e-06 	 1.385306e+07 	
4.15915916e+06 	 8.590444e-06 	 1.384968e+07 	
4.15965966e+06 	 8.582477e-06 	 1.384630e+07 	
4.16016016e+06 	 8.574516e-06 	 1.384292e+07 	
4.16066066e+06 	 8.566560e-06 	 1.383955e+07 	
4.16116116e+06 	 8.558611e-06 	 1.383617e+07 	
4.16166166e+06 	 8.550668e-06 	 1.383280e+07 	
4.16216216e+06 	 8.542730e-06 	 1.382942e+07 	
4.16266266e+06 	 8.534798e-06 	 1.382605e+07 	
4.16316316e+06 	 8.526872e-06 	 1.382268e+07 	
4.16366366e+06 	 8.518952e-06 	 1.381931e+07 	
4.16416416e+06 	 8.511038e-06 	 1.381594e+07 	
4.16466466e+06 	 8.503129e-06 	 1.381257e+07 	
4.16516517e+06 	 8.495227e-06 	 1.380921e+07 	
4.16566567e+06 	 8.487330e-06 	 1.380584e+07 	
4.16616617e+06 	 8.479439e-06 	 1.380248e+07 	
4.16666667e+06 	 8.471553e-06 	 1.379911e+07 	
4.16716717e+06 	 8.463674e-06 	 1.379575e+07 	
4.16766767e+06 	 8.455800e-06 	 1.379239e+07 	
4.16816817e+06 	 8.447933e-06 	 1.378903e+07 	
4.16866867e+06 	 8.440070e-06 	 1.378567e+07 	
4.16916917e+06 	 8.432214e-06 	 1.378231e+07 	
4.16966967e+06 	 8.424364e-06 	 1.377895e+07 	
4.17017017e+06 	 8.416519e-06 	 1.377560e+07 	
4.17067067e+06 	 8.408680e-06 	 1.377224e+07 	
4.17117117e+06 	 8.400847e-06 	 1.376889e+07 	
4.17167167e+06 	 8.393019e-06 	 1.376553e+07 	
4.17217217e+06 	 8.385197e-06 	 1.376218e+07 	
4.17267267e+06 	 8.377381e-06 	 1.375883e+07 	
4.17317317e+06 	 8.369571e-06 	 1.375548e+07 	
4.17367367e+06 	 8.361766e-06 	 1.375213e+07 	
4.17417417e+06 	 8.353967e-06 	 1.374878e+07 	
4.17467467e+06 	 8.346174e-06 	 1.374544e+07 	
4.17517518e+06 	 8.338387e-06 	 1.374209e+07 	
4.17567568e+06 	 8.330605e-06 	 1.373875e+07 	
4.17617618e+06 	 8.322829e-06 	 1.373540e+07 	
4.17667668e+06 	 8.315059e-06 	 1.373206e+07 	
4.17717718e+06 	 8.307294e-06 	 1.372872e+07 	
4.17767768e+06 	 8.299535e-06 	 1.372538e+07 	
4.17817818e+06 	 8.291782e-06 	 1.372204e+07 	
4.17867868e+06 	 8.284034e-06 	 1.371870e+07 	
4.17917918e+06 	 8.276292e-06 	 1.371536e+07 	
4.17967968e+06 	 8.268556e-06 	 1.371202e+07 	
4.18018018e+06 	 8.260825e-06 	 1.370869e+07 	
4.18068068e+06 	 8.253100e-06 	 1.370535e+07 	
4.18118118e+06 	 8.245381e-06 	 1.370202e+07 	
4.18168168e+06 	 8.237667e-06 	 1.369868e+07 	
4.18218218e+06 	 8.229959e-06 	 1.369535e+07 	
4.18268268e+06 	 8.222256e-06 	 1.369202e+07 	
4.18318318e+06 	 8.214559e-06 	 1.368869e+07 	
4.18368368e+06 	 8.206868e-06 	 1.368536e+07 	
4.18418418e+06 	 8.199183e-06 	 1.368204e+07 	
4.18468468e+06 	 8.191503e-06 	 1.367871e+07 	
4.18518519e+06 	 8.183828e-06 	 1.367538e+07 	
4.18568569e+06 	 8.176159e-06 	 1.367206e+07 	
4.18618619e+06 	 8.168496e-06 	 1.366874e+07 	
4.18668669e+06 	 8.160838e-06 	 1.366541e+07 	
4.18718719e+06 	 8.153186e-06 	 1.366209e+07 	
4.18768769e+06 	 8.145540e-06 	 1.365877e+07 	
4.18818819e+06 	 8.137899e-06 	 1.365545e+07 	
4.18868869e+06 	 8.130263e-06 	 1.365213e+07 	
4.18918919e+06 	 8.122634e-06 	 1.364882e+07 	
4.18968969e+06 	 8.115009e-06 	 1.364550e+07 	
4.19019019e+06 	 8.107391e-06 	 1.364218e+07 	
4.19069069e+06 	 8.099777e-06 	 1.363887e+07 	
4.19119119e+06 	 8.092170e-06 	 1.363556e+07 	
4.19169169e+06 	 8.084568e-06 	 1.363224e+07 	
4.19219219e+06 	 8.076971e-06 	 1.362893e+07 	
4.19269269e+06 	 8.069380e-06 	 1.362562e+07 	
4.19319319e+06 	 8.061794e-06 	 1.362231e+07 	
4.19369369e+06 	 8.054214e-06 	 1.361900e+07 	
4.19419419e+06 	 8.046640e-06 	 1.361570e+07 	
4.19469469e+06 	 8.039071e-06 	 1.361239e+07 	
4.19519520e+06 	 8.031507e-06 	 1.360908e+07 	
4.19569570e+06 	 8.023949e-06 	 1.360578e+07 	
4.19619620e+06 	 8.016396e-06 	 1.360248e+07 	
4.19669670e+06 	 8.008849e-06 	 1.359917e+07 	
4.19719720e+06 	 8.001307e-06 	 1.359587e+07 	
4.19769770e+06 	 7.993771e-06 	 1.359257e+07 	
4.19819820e+06 	 7.986240e-06 	 1.358927e+07 	
4.19869870e+06 	 7.978715e-06 	 1.358598e+07 	
4.19919920e+06 	 7.971195e-06 	 1.358268e+07 	
4.19969970e+06 	 7.963681e-06 	 1.357938e+07 	
4.20020020e+06 	 7.956172e-06 	 1.357609e+07 	
4.20070070e+06 	 7.948668e-06 	 1.357279e+07 	
4.20120120e+06 	 7.941170e-06 	 1.356950e+07 	
4.20170170e+06 	 7.933678e-06 	 1.356621e+07 	
4.20220220e+06 	 7.926190e-06 	 1.356292e+07 	
4.20270270e+06 	 7.918708e-06 	 1.355963e+07 	
4.20320320e+06 	 7.911232e-06 	 1.355634e+07 	
4.20370370e+06 	 7.903761e-06 	 1.355305e+07 	
4.20420420e+06 	 7.896295e-06 	 1.354976e+07 	
4.20470470e+06 	 7.888835e-06 	 1.354648e+07 	
4.20520521e+06 	 7.881380e-06 	 1.354319e+07 	
4.20570571e+06 	 7.873930e-06 	 1.353991e+07 	
4.20620621e+06 	 7.866486e-06 	 1.353662e+07 	
4.20670671e+06 	 7.859047e-06 	 1.353334e+07 	
4.20720721e+06 	 7.852009e-06 	 1.353004e+07 	
4.20770771e+06 	 7.844585e-06 	 1.352676e+07 	
4.20820821e+06 	 7.837166e-06 	 1.352348e+07 	
4.20870871e+06 	 7.829752e-06 	 1.352021e+07 	
4.20920921e+06 	 7.822344e-06 	 1.351693e+07 	
4.20970971e+06 	 7.814942e-06 	 1.351365e+07 	
4.21021021e+06 	 7.807544e-06 	 1.351038e+07 	
4.21071071e+06 	 7.800152e-06 	 1.350710e+07 	
4.21121121e+06 	 7.792765e-06 	 1.350383e+07 	
4.21171171e+06 	 7.785384e-06 	 1.350056e+07 	
4.21221221e+06 	 7.778008e-06 	 1.349729e+07 	
4.21271271e+06 	 7.770637e-06 	 1.349401e+07 	
4.21321321e+06 	 7.763272e-06 	 1.349075e+07 	
4.21371371e+06 	 7.755912e-06 	 1.348748e+07 	
4.21421421e+06 	 7.748557e-06 	 1.348421e+07 	
4.21471471e+06 	 7.741208e-06 	 1.348094e+07 	
4.21521522e+06 	 7.733863e-06 	 1.347768e+07 	
4.21571572e+06 	 7.726525e-06 	 1.347441e+07 	
4.21621622e+06 	 7.719191e-06 	 1.347115e+07 	
4.21671672e+06 	 7.711863e-06 	 1.346789e+07 	
4.21721722e+06 	 7.704540e-06 	 1.346463e+07 	
4.21771772e+06 	 7.697222e-06 	 1.346137e+07 	
4.21821822e+06 	 7.689910e-06 	 1.345811e+07 	
4.21871872e+06 	 7.682603e-06 	 1.345485e+07 	
4.21921922e+06 	 7.675301e-06 	 1.345159e+07 	
4.21971972e+06 	 7.668005e-06 	 1.344833e+07 	
4.22022022e+06 	 7.660713e-06 	 1.344508e+07 	
4.22072072e+06 	 7.653427e-06 	 1.344182e+07 	
4.22122122e+06 	 7.646146e-06 	 1.343857e+07 	
4.22172172e+06 	 7.638871e-06 	 1.343532e+07 	
4.22222222e+06 	 7.631601e-06 	 1.343207e+07 	
4.22272272e+06 	 7.624335e-06 	 1.342882e+07 	
4.22322322e+06 	 7.617076e-06 	 1.342557e+07 	
4.22372372e+06 	 7.609821e-06 	 1.342232e+07 	
4.22422422e+06 	 7.602572e-06 	 1.341907e+07 	
4.22472472e+06 	 7.595328e-06 	 1.341582e+07 	
4.22522523e+06 	 7.588089e-06 	 1.341258e+07 	
4.22572573e+06 	 7.580855e-06 	 1.340933e+07 	
4.22622623e+06 	 7.573626e-06 	 1.340609e+07 	
4.22672673e+06 	 7.566403e-06 	 1.340285e+07 	
4.22722723e+06 	 7.559185e-06 	 1.339961e+07 	
4.22772773e+06 	 7.551972e-06 	 1.339637e+07 	
4.22822823e+06 	 7.544764e-06 	 1.339313e+07 	
4.22872873e+06 	 7.537561e-06 	 1.338989e+07 	
4.22922923e+06 	 7.530364e-06 	 1.338665e+07 	
4.22972973e+06 	 7.523172e-06 	 1.338341e+07 	
4.23023023e+06 	 7.515985e-06 	 1.338018e+07 	
4.23073073e+06 	 7.508803e-06 	 1.337694e+07 	
4.23123123e+06 	 7.501626e-06 	 1.337371e+07 	
4.23173173e+06 	 7.494454e-06 	 1.337048e+07 	
4.23223223e+06 	 7.487288e-06 	 1.336724e+07 	
4.23273273e+06 	 7.480127e-06 	 1.336401e+07 	
4.23323323e+06 	 7.472970e-06 	 1.336078e+07 	
4.23373373e+06 	 7.465819e-06 	 1.335756e+07 	
4.23423423e+06 	 7.458673e-06 	 1.335433e+07 	
4.23473473e+06 	 7.451532e-06 	 1.335110e+07 	
4.23523524e+06 	 7.444397e-06 	 1.334787e+07 	
4.23573574e+06 	 7.437266e-06 	 1.334465e+07 	
4.23623624e+06 	 7.430141e-06 	 1.334143e+07 	
4.23673674e+06 	 7.423020e-06 	 1.333820e+07 	
4.23723724e+06 	 7.415905e-06 	 1.333498e+07 	
4.23773774e+06 	 7.408795e-06 	 1.333176e+07 	
4.23823824e+06 	 7.401690e-06 	 1.332854e+07 	
4.23873874e+06 	 7.394590e-06 	 1.332532e+07 	
4.23923924e+06 	 7.387495e-06 	 1.332210e+07 	
4.23973974e+06 	 7.380405e-06 	 1.331889e+07 	
4.24024024e+06 	 7.373320e-06 	 1.331567e+07 	
4.24074074e+06 	 7.365869e-06 	 1.331247e+07 	
4.24124124e+06 	 7.358791e-06 	 1.330926e+07 	
4.24174174e+06 	 7.351718e-06 	 1.330604e+07 	
4.24224224e+06 	 7.344649e-06 	 1.330283e+07 	
4.24274274e+06 	 7.337586e-06 	 1.329962e+07 	
4.24324324e+06 	 7.330528e-06 	 1.329641e+07 	
4.24374374e+06 	 7.323475e-06 	 1.329320e+07 	
4.24424424e+06 	 7.316427e-06 	 1.328999e+07 	
4.24474474e+06 	 7.309384e-06 	 1.328679e+07 	
4.24524525e+06 	 7.302346e-06 	 1.328358e+07 	
4.24574575e+06 	 7.295312e-06 	 1.328037e+07 	
4.24624625e+06 	 7.288284e-06 	 1.327717e+07 	
4.24674675e+06 	 7.281261e-06 	 1.327397e+07 	
4.24724725e+06 	 7.274243e-06 	 1.327076e+07 	
4.24774775e+06 	 7.267229e-06 	 1.326756e+07 	
4.24824825e+06 	 7.260221e-06 	 1.326436e+07 	
4.24874875e+06 	 7.253218e-06 	 1.326116e+07 	
4.24924925e+06 	 7.246219e-06 	 1.325796e+07 	
4.24974975e+06 	 7.239226e-06 	 1.325477e+07 	
4.25025025e+06 	 7.232238e-06 	 1.325157e+07 	
4.25075075e+06 	 7.225254e-06 	 1.324837e+07 	
4.25125125e+06 	 7.218275e-06 	 1.324518e+07 	
4.25175175e+06 	 7.211302e-06 	 1.324199e+07 	
4.25225225e+06 	 7.204333e-06 	 1.323879e+07 	
4.25275275e+06 	 7.197369e-06 	 1.323560e+07 	
4.25325325e+06 	 7.190410e-06 	 1.323241e+07 	
4.25375375e+06 	 7.183456e-06 	 1.322922e+07 	
4.25425425e+06 	 7.176507e-06 	 1.322603e+07 	
4.25475475e+06 	 7.169563e-06 	 1.322284e+07 	
4.25525526e+06 	 7.162624e-06 	 1.321966e+07 	
4.25575576e+06 	 7.155689e-06 	 1.321647e+07 	
4.25625626e+06 	 7.148760e-06 	 1.321329e+07 	
4.25675676e+06 	 7.141835e-06 	 1.321010e+07 	
4.25725726e+06 	 7.134915e-06 	 1.320692e+07 	
4.25775776e+06 	 7.128001e-06 	 1.320374e+07 	
4.25825826e+06 	 7.121091e-06 	 1.320056e+07 	
4.25875876e+06 	 7.114185e-06 	 1.319738e+07 	
4.25925926e+06 	 7.107285e-06 	 1.319420e+07 	
4.25975976e+06 	 7.100390e-06 	 1.319102e+07 	
4.26026026e+06 	 7.093499e-06 	 1.318784e+07 	
4.26076076e+06 	 7.086614e-06 	 1.318467e+07 	
4.26126126e+06 	 7.079733e-06 	 1.318149e+07 	
4.26176176e+06 	 7.072857e-06 	 1.317832e+07 	
4.26226226e+06 	 7.065985e-06 	 1.317514e+07 	
4.26276276e+06 	 7.059119e-06 	 1.317197e+07 	
4.26326326e+06 	 7.052258e-06 	 1.316880e+07 	
4.26376376e+06 	 7.045401e-06 	 1.316563e+07 	
4.26426426e+06 	 7.038549e-06 	 1.316246e+07 	
4.26476476e+06 	 7.031702e-06 	 1.315929e+07 	
4.26526527e+06 	 7.024860e-06 	 1.315612e+07 	
4.26576577e+06 	 7.018022e-06 	 1.315295e+07 	
4.26626627e+06 	 7.011190e-06 	 1.314979e+07 	
4.26676677e+06 	 7.004362e-06 	 1.314662e+07 	
4.26726727e+06 	 6.997539e-06 	 1.314346e+07 	
4.26776777e+06 	 6.990720e-06 	 1.314030e+07 	
4.26826827e+06 	 6.983907e-06 	 1.313713e+07 	
4.26876877e+06 	 6.977098e-06 	 1.313397e+07 	
4.26926927e+06 	 6.970294e-06 	 1.313081e+07 	
4.26976977e+06 	 6.963495e-06 	 1.312765e+07 	
4.27027027e+06 	 6.956701e-06 	 1.312450e+07 	
4.27077077e+06 	 6.949911e-06 	 1.312134e+07 	
4.27127127e+06 	 6.943126e-06 	 1.311818e+07 	
4.27177177e+06 	 6.936346e-06 	 1.311503e+07 	
4.27227227e+06 	 6.929571e-06 	 1.311187e+07 	
4.27277277e+06 	 6.922453e-06 	 1.310874e+07 	
4.27327327e+06 	 6.915684e-06 	 1.310558e+07 	
4.27377377e+06 	 6.908919e-06 	 1.310243e+07 	
4.27427427e+06 	 6.902159e-06 	 1.309928e+07 	
4.27477477e+06 	 6.895404e-06 	 1.309613e+07 	
4.27527528e+06 	 6.888654e-06 	 1.309298e+07 	
4.27577578e+06 	 6.881908e-06 	 1.308984e+07 	
4.27627628e+06 	 6.875167e-06 	 1.308669e+07 	
4.27677678e+06 	 6.868431e-06 	 1.308354e+07 	
4.27727728e+06 	 6.861699e-06 	 1.308040e+07 	
4.27777778e+06 	 6.854972e-06 	 1.307726e+07 	
4.27827828e+06 	 6.848249e-06 	 1.307411e+07 	
4.27877878e+06 	 6.841532e-06 	 1.307097e+07 	
4.27927928e+06 	 6.834818e-06 	 1.306783e+07 	
4.27977978e+06 	 6.828110e-06 	 1.306469e+07 	
4.28028028e+06 	 6.821406e-06 	 1.306155e+07 	
4.28078078e+06 	 6.814707e-06 	 1.305841e+07 	
4.28128128e+06 	 6.808012e-06 	 1.305528e+07 	
4.28178178e+06 	 6.801323e-06 	 1.305214e+07 	
4.28228228e+06 	 6.794637e-06 	 1.304900e+07 	
4.28278278e+06 	 6.787957e-06 	 1.304587e+07 	
4.28328328e+06 	 6.781281e-06 	 1.304274e+07 	
4.28378378e+06 	 6.774609e-06 	 1.303960e+07 	
4.28428428e+06 	 6.767942e-06 	 1.303647e+07 	
4.28478478e+06 	 6.761280e-06 	 1.303334e+07 	
4.28528529e+06 	 6.754622e-06 	 1.303021e+07 	
4.28578579e+06 	 6.747969e-06 	 1.302708e+07 	
4.28628629e+06 	 6.741321e-06 	 1.302396e+07 	
4.28678679e+06 	 6.734677e-06 	 1.302083e+07 	
4.28728729e+06 	 6.728038e-06 	 1.301770e+07 	
4.28778779e+06 	 6.721403e-06 	 1.301458e+07 	
4.28828829e+06 	 6.714773e-06 	 1.301146e+07 	
4.28878879e+06 	 6.708147e-06 	 1.300833e+07 	
4.28928929e+06 	 6.701526e-06 	 1.300521e+07 	
4.28978979e+06 	 6.694910e-06 	 1.300209e+07 	
4.29029029e+06 	 6.688298e-06 	 1.299897e+07 	
4.29079079e+06 	 6.681691e-06 	 1.299585e+07 	
4.29129129e+06 	 6.675088e-06 	 1.299273e+07 	
4.29179179e+06 	 6.668490e-06 	 1.298961e+07 	
4.29229229e+06 	 6.661896e-06 	 1.298650e+07 	
4.29279279e+06 	 6.655307e-06 	 1.298338e+07 	
4.29329329e+06 	 6.648722e-06 	 1.298027e+07 	
4.29379379e+06 	 6.642142e-06 	 1.297715e+07 	
4.29429429e+06 	 6.635566e-06 	 1.297404e+07 	
4.29479479e+06 	 6.628995e-06 	 1.297093e+07 	
4.29529530e+06 	 6.622429e-06 	 1.296782e+07 	
4.29579580e+06 	 6.615867e-06 	 1.296471e+07 	
4.29629630e+06 	 6.609309e-06 	 1.296160e+07 	
4.29679680e+06 	 6.602756e-06 	 1.295849e+07 	
4.29729730e+06 	 6.596207e-06 	 1.295538e+07 	
4.29779780e+06 	 6.589663e-06 	 1.295228e+07 	
4.29829830e+06 	 6.583123e-06 	 1.294917e+07 	
4.29879880e+06 	 6.576588e-06 	 1.294607e+07 	
4.29929930e+06 	 6.570058e-06 	 1.294297e+07 	
4.29979980e+06 	 6.563531e-06 	 1.293986e+07 	
4.30030030e+06 	 6.557010e-06 	 1.293676e+07 	
4.30080080e+06 	 6.550492e-06 	 1.293366e+07 	
4.30130130e+06 	 6.543980e-06 	 1.293056e+07 	
4.30180180e+06 	 6.537471e-06 	 1.292746e+07 	
4.30230230e+06 	 6.530967e-06 	 1.292437e+07 	
4.30280280e+06 	 6.524468e-06 	 1.292127e+07 	
4.30330330e+06 	 6.517973e-06 	 1.291817e+07 	
4.30380380e+06 	 6.511482e-06 	 1.291508e+07 	
4.30430430e+06 	 6.504996e-06 	 1.291198e+07 	
4.30480480e+06 	 6.498514e-06 	 1.290889e+07 	
4.30530531e+06 	 6.492037e-06 	 1.290580e+07 	
4.30580581e+06 	 6.485564e-06 	 1.290271e+07 	
4.30630631e+06 	 6.479096e-06 	 1.289962e+07 	
4.30680681e+06 	 6.472306e-06 	 1.289654e+07 	
4.30730731e+06 	 6.465844e-06 	 1.289346e+07 	
4.30780781e+06 	 6.459386e-06 	 1.289037e+07 	
4.30830831e+06 	 6.452932e-06 	 1.288728e+07 	
4.30880881e+06 	 6.446482e-06 	 1.288420e+07 	
4.30930931e+06 	 6.440037e-06 	 1.288111e+07 	
4.30980981e+06 	 6.433596e-06 	 1.287803e+07 	
4.31031031e+06 	 6.427160e-06 	 1.287495e+07 	
4.31081081e+06 	 6.420728e-06 	 1.287186e+07 	
4.31131131e+06 	 6.414300e-06 	 1.286878e+07 	
4.31181181e+06 	 6.407876e-06 	 1.286570e+07 	
4.31231231e+06 	 6.401457e-06 	 1.286262e+07 	
4.31281281e+06 	 6.395043e-06 	 1.285955e+07 	
4.31331331e+06 	 6.388632e-06 	 1.285647e+07 	
4.31381381e+06 	 6.382226e-06 	 1.285339e+07 	
4.31431431e+06 	 6.375824e-06 	 1.285032e+07 	
4.31481481e+06 	 6.369427e-06 	 1.284724e+07 	
4.31531532e+06 	 6.363034e-06 	 1.284417e+07 	
4.31581582e+06 	 6.356645e-06 	 1.284110e+07 	
4.31631632e+06 	 6.350260e-06 	 1.283802e+07 	
4.31681682e+06 	 6.343880e-06 	 1.283495e+07 	
4.31731732e+06 	 6.337504e-06 	 1.283188e+07 	
4.31781782e+06 	 6.331132e-06 	 1.282882e+07 	
4.31831832e+06 	 6.324765e-06 	 1.282575e+07 	
4.31881882e+06 	 6.318402e-06 	 1.282268e+07 	
4.31931932e+06 	 6.312043e-06 	 1.281961e+07 	
4.31981982e+06 	 6.305688e-06 	 1.281655e+07 	
4.32032032e+06 	 6.299338e-06 	 1.281349e+07 	
4.32082082e+06 	 6.292992e-06 	 1.281042e+07 	
4.32132132e+06 	 6.286650e-06 	 1.280736e+07 	
4.32182182e+06 	 6.280312e-06 	 1.280430e+07 	
4.32232232e+06 	 6.273979e-06 	 1.280124e+07 	
4.32282282e+06 	 6.267650e-06 	 1.279818e+07 	
4.32332332e+06 	 6.261325e-06 	 1.279512e+07 	
4.32382382e+06 	 6.255004e-06 	 1.279206e+07 	
4.32432432e+06 	 6.248688e-06 	 1.278900e+07 	
4.32482482e+06 	 6.242376e-06 	 1.278595e+07 	
4.32532533e+06 	 6.236068e-06 	 1.278289e+07 	
4.32582583e+06 	 6.229764e-06 	 1.277984e+07 	
4.32632633e+06 	 6.223464e-06 	 1.277679e+07 	
4.32682683e+06 	 6.217169e-06 	 1.277373e+07 	
4.32732733e+06 	 6.210878e-06 	 1.277068e+07 	
4.32782783e+06 	 6.204591e-06 	 1.276763e+07 	
4.32832833e+06 	 6.198308e-06 	 1.276458e+07 	
4.32882883e+06 	 6.192029e-06 	 1.276153e+07 	
4.32932933e+06 	 6.185755e-06 	 1.275849e+07 	
4.32982983e+06 	 6.179485e-06 	 1.275544e+07 	
4.33033033e+06 	 6.173219e-06 	 1.275239e+07 	
4.33083083e+06 	 6.166957e-06 	 1.274935e+07 	
4.33133133e+06 	 6.160699e-06 	 1.274630e+07 	
4.33183183e+06 	 6.154446e-06 	 1.274326e+07 	
4.33233233e+06 	 6.148196e-06 	 1.274022e+07 	
4.33283283e+06 	 6.141951e-06 	 1.273718e+07 	
4.33333333e+06 	 6.135710e-06 	 1.273414e+07 	
4.33383383e+06 	 6.129473e-06 	 1.273110e+07 	
4.33433433e+06 	 6.123240e-06 	 1.272806e+07 	
4.33483483e+06 	 6.117012e-06 	 1.272502e+07 	
4.33533534e+06 	 6.110787e-06 	 1.272198e+07 	
4.33583584e+06 	 6.104567e-06 	 1.271895e+07 	
4.33633634e+06 	 6.098351e-06 	 1.271591e+07 	
4.33683684e+06 	 6.092138e-06 	 1.271288e+07 	
4.33733734e+06 	 6.085930e-06 	 1.270985e+07 	
4.33783784e+06 	 6.079727e-06 	 1.270681e+07 	
4.33833834e+06 	 6.073527e-06 	 1.270378e+07 	
4.33883884e+06 	 6.067331e-06 	 1.270075e+07 	
4.33933934e+06 	 6.061139e-06 	 1.269772e+07 	
4.33983984e+06 	 6.054952e-06 	 1.269469e+07 	
4.34034034e+06 	 6.048768e-06 	 1.269167e+07 	
4.34084084e+06 	 6.042589e-06 	 1.268864e+07 	
4.34134134e+06 	 6.036109e-06 	 1.268563e+07 	
4.34184184e+06 	 6.029935e-06 	 1.268261e+07 	
4.34234234e+06 	 6.023765e-06 	 1.267958e+07 	
4.34284284e+06 	 6.017599e-06 	 1.267656e+07 	
4.34334334e+06 	 6.011437e-06 	 1.267354e+07 	
4.34384384e+06 	 6.005279e-06 	 1.267052e+07 	
4.34434434e+06 	 5.999125e-06 	 1.266749e+07 	
4.34484484e+06 	 5.992975e-06 	 1.266448e+07 	
4.34534535e+06 	 5.986830e-06 	 1.266146e+07 	
4.34584585e+06 	 5.980688e-06 	 1.265844e+07 	
4.34634635e+06 	 5.974550e-06 	 1.265542e+07 	
4.34684685e+06 	 5.968416e-06 	 1.265241e+07 	
4.34734735e+06 	 5.962286e-06 	 1.264939e+07 	
4.34784785e+06 	 5.956161e-06 	 1.264638e+07 	
4.34834835e+06 	 5.950039e-06 	 1.264337e+07 	
4.34884885e+06 	 5.943921e-06 	 1.264035e+07 	
4.34934935e+06 	 5.937807e-06 	 1.263734e+07 	
4.34984985e+06 	 5.931697e-06 	 1.263433e+07 	
4.35035035e+06 	 5.925592e-06 	 1.263132e+07 	
4.35085085e+06 	 5.919490e-06 	 1.262831e+07 	
4.35135135e+06 	 5.913392e-06 	 1.262531e+07 	
4.35185185e+06 	 5.907298e-06 	 1.262230e+07 	
4.35235235e+06 	 5.901208e-06 	 1.261929e+07 	
4.35285285e+06 	 5.895122e-06 	 1.261629e+07 	
4.35335335e+06 	 5.889040e-06 	 1.261328e+07 	
4.35385385e+06 	 5.882961e-06 	 1.261028e+07 	
4.35435435e+06 	 5.876887e-06 	 1.260728e+07 	
4.35485485e+06 	 5.870817e-06 	 1.260428e+07 	
4.35535536e+06 	 5.864751e-06 	 1.260128e+07 	
4.35585586e+06 	 5.858688e-06 	 1.259828e+07 	
4.35635636e+06 	 5.852630e-06 	 1.259528e+07 	
4.35685686e+06 	 5.846575e-06 	 1.259228e+07 	
4.35735736e+06 	 5.840524e-06 	 1.258929e+07 	
4.35785786e+06 	 5.834478e-06 	 1.258629e+07 	
4.35835836e+06 	 5.828435e-06 	 1.258329e+07 	
4.35885886e+06 	 5.822396e-06 	 1.258030e+07 	
4.35935936e+06 	 5.816361e-06 	 1.257731e+07 	
4.35985986e+06 	 5.810329e-06 	 1.257431e+07 	
4.36036036e+06 	 5.804302e-06 	 1.257132e+07 	
4.36086086e+06 	 5.798279e-06 	 1.256833e+07 	
4.36136136e+06 	 5.792259e-06 	 1.256534e+07 	
4.36186186e+06 	 5.786244e-06 	 1.256235e+07 	
4.36236236e+06 	 5.780232e-06 	 1.255937e+07 	
4.36286286e+06 	 5.774224e-06 	 1.255638e+07 	
4.36336336e+06 	 5.768220e-06 	 1.255339e+07 	
4.36386386e+06 	 5.762219e-06 	 1.255041e+07 	
4.36436436e+06 	 5.756223e-06 	 1.254742e+07 	
4.36486486e+06 	 5.750231e-06 	 1.254444e+07 	
4.36536537e+06 	 5.744242e-06 	 1.254146e+07 	
4.36586587e+06 	 5.738257e-06 	 1.253848e+07 	
4.36636637e+06 	 5.732276e-06 	 1.253550e+07 	
4.36686687e+06 	 5.726299e-06 	 1.253252e+07 	
4.36736737e+06 	 5.720325e-06 	 1.252954e+07 	
4.36786787e+06 	 5.714356e-06 	 1.252656e+07 	
4.36836837e+06 	 5.708390e-06 	 1.252358e+07 	
4.36886887e+06 	 5.702428e-06 	 1.252061e+07 	
4.36936937e+06 	 5.696470e-06 	 1.251763e+07 	
4.36986987e+06 	 5.690516e-06 	 1.251466e+07 	
4.37037037e+06 	 5.684565e-06 	 1.251168e+07 	
4.37087087e+06 	 5.678619e-06 	 1.250871e+07 	
4.37137137e+06 	 5.672676e-06 	 1.250574e+07 	
4.37187187e+06 	 5.666737e-06 	 1.250277e+07 	
4.37237237e+06 	 5.660801e-06 	 1.249980e+07 	
4.37287287e+06 	 5.654870e-06 	 1.249683e+07 	
4.37337337e+06 	 5.648942e-06 	 1.249386e+07 	
4.37387387e+06 	 5.643018e-06 	 1.249089e+07 	
4.37437437e+06 	 5.637097e-06 	 1.248793e+07 	
4.37487487e+06 	 5.631464e-06 	 1.248495e+07 	
4.37537538e+06 	 5.625554e-06 	 1.248198e+07 	
4.37587588e+06 	 5.619647e-06 	 1.247902e+07 	
4.37637638e+06 	 5.613745e-06 	 1.247605e+07 	
4.37687688e+06 	 5.607846e-06 	 1.247309e+07 	
4.37737738e+06 	 5.601951e-06 	 1.247013e+07 	
4.37787788e+06 	 5.596059e-06 	 1.246717e+07 	
4.37837838e+06 	 5.590172e-06 	 1.246421e+07 	
4.37887888e+06 	 5.584288e-06 	 1.246125e+07 	
4.37937938e+06 	 5.578408e-06 	 1.245830e+07 	
4.37987988e+06 	 5.572531e-06 	 1.245534e+07 	
4.38038038e+06 	 5.566659e-06 	 1.245238e+07 	
4.38088088e+06 	 5.560790e-06 	 1.244943e+07 	
4.38138138e+06 	 5.554925e-06 	 1.244647e+07 	
4.38188188e+06 	 5.549063e-06 	 1.244352e+07 	
4.38238238e+06 	 5.543205e-06 	 1.244057e+07 	
4.38288288e+06 	 5.537351e-06 	 1.243762e+07 	
4.38338338e+06 	 5.531501e-06 	 1.243467e+07 	
4.38388388e+06 	 5.525654e-06 	 1.243172e+07 	
4.38438438e+06 	 5.519811e-06 	 1.242877e+07 	
4.38488488e+06 	 5.513972e-06 	 1.242582e+07 	
4.38538539e+06 	 5.508137e-06 	 1.242287e+07 	
4.38588589e+06 	 5.502305e-06 	 1.241993e+07 	
4.38638639e+06 	 5.496477e-06 	 1.241698e+07 	
4.38688689e+06 	 5.490652e-06 	 1.241404e+07 	
4.38738739e+06 	 5.484831e-06 	 1.241109e+07 	
4.38788789e+06 	 5.479014e-06 	 1.240815e+07 	
4.38838839e+06 	 5.473201e-06 	 1.240521e+07 	
4.38888889e+06 	 5.467391e-06 	 1.240227e+07 	
4.38938939e+06 	 5.461585e-06 	 1.239933e+07 	
4.38988989e+06 	 5.455782e-06 	 1.239639e+07 	
4.39039039e+06 	 5.449983e-06 	 1.239345e+07 	
4.39089089e+06 	 5.444188e-06 	 1.239051e+07 	
4.39139139e+06 	 5.438397e-06 	 1.238758e+07 	
4.39189189e+06 	 5.432609e-06 	 1.238464e+07 	
4.39239239e+06 	 5.426824e-06 	 1.238171e+07 	
4.39289289e+06 	 5.421044e-06 	 1.237877e+07 	
4.39339339e+06 	 5.415267e-06 	 1.237584e+07 	
4.39389389e+06 	 5.409493e-06 	 1.237291e+07 	
4.39439439e+06 	 5.403723e-06 	 1.236998e+07 	
4.39489489e+06 	 5.397957e-06 	 1.236705e+07 	
4.39539540e+06 	 5.392195e-06 	 1.236412e+07 	
4.39589590e+06 	 5.386436e-06 	 1.236119e+07 	
4.39639640e+06 	 5.380680e-06 	 1.235826e+07 	
4.39689690e+06 	 5.374928e-06 	 1.235533e+07 	
4.39739740e+06 	 5.369180e-06 	 1.235241e+07 	
4.39789790e+06 	 5.363436e-06 	 1.234948e+07 	
4.39839840e+06 	 5.357695e-06 	 1.234656e+07 	
4.39889890e+06 	 5.351957e-06 	 1.234364e+07 	
4.39939940e+06 	 5.346223e-06 	 1.234071e+07 	
4.39989990e+06 	 5.340493e-06 	 1.233779e+07 	
4.40040040e+06 	 5.334766e-06 	 1.233487e+07 	
4.40090090e+06 	 5.329043e-06 	 1.233195e+07 	
4.40140140e+06 	 5.323323e-06 	 1.232903e+07 	
4.40190190e+06 	 5.317607e-06 	 1.232611e+07 	
4.40240240e+06 	 5.311895e-06 	 1.232320e+07 	
4.40290290e+06 	 5.306186e-06 	 1.232028e+07 	
4.40340340e+06 	 5.300480e-06 	 1.231737e+07 	
4.40390390e+06 	 5.294778e-06 	 1.231445e+07 	
4.40440440e+06 	 5.289080e-06 	 1.231154e+07 	
4.40490490e+06 	 5.283385e-06 	 1.230863e+07 	
4.40540541e+06 	 5.277694e-06 	 1.230571e+07 	
4.40590591e+06 	 5.272006e-06 	 1.230280e+07 	
4.40640641e+06 	 5.266322e-06 	 1.229989e+07 	
4.40690691e+06 	 5.260641e-06 	 1.229698e+07 	
4.40740741e+06 	 5.254964e-06 	 1.229407e+07 	
4.40790791e+06 	 5.249290e-06 	 1.229117e+07 	
4.40840841e+06 	 5.243620e-06 	 1.228826e+07 	
4.40890891e+06 	 5.238215e-06 	 1.228534e+07 	
4.40940941e+06 	 5.232555e-06 	 1.228243e+07 	
4.40990991e+06 	 5.226897e-06 	 1.227953e+07 	
4.41041041e+06 	 5.221243e-06 	 1.227663e+07 	
4.41091091e+06 	 5.215593e-06 	 1.227372e+07 	
4.41141141e+06 	 5.209946e-06 	 1.227082e+07 	
4.41191191e+06 	 5.204303e-06 	 1.226792e+07 	
4.41241241e+06 	 5.198663e-06 	 1.226502e+07 	
4.41291291e+06 	 5.193026e-06 	 1.226212e+07 	
4.41341341e+06 	 5.187393e-06 	 1.225922e+07 	
4.41391391e+06 	 5.181764e-06 	 1.225633e+07 	
4.41441441e+06 	 5.176138e-06 	 1.225343e+07 	
4.41491491e+06 	 5.170515e-06 	 1.225053e+07 	
4.41541542e+06 	 5.164896e-06 	 1.224764e+07 	
4.41591592e+06 	 5.159281e-06 	 1.224475e+07 	
4.41641642e+06 	 5.153668e-06 	 1.224185e+07 	
4.41691692e+06 	 5.148060e-06 	 1.223896e+07 	
4.41741742e+06 	 5.142455e-06 	 1.223607e+07 	
4.41791792e+06 	 5.136853e-06 	 1.223318e+07 	
4.41841842e+06 	 5.131254e-06 	 1.223029e+07 	
4.41891892e+06 	 5.125659e-06 	 1.222740e+07 	
4.41941942e+06 	 5.120068e-06 	 1.222451e+07 	
4.41991992e+06 	 5.114480e-06 	 1.222163e+07 	
4.42042042e+06 	 5.108895e-06 	 1.221874e+07 	
4.42092092e+06 	 5.103314e-06 	 1.221586e+07 	
4.42142142e+06 	 5.097736e-06 	 1.221297e+07 	
4.42192192e+06 	 5.092162e-06 	 1.221009e+07 	
4.42242242e+06 	 5.086591e-06 	 1.220721e+07 	
4.42292292e+06 	 5.081023e-06 	 1.220432e+07 	
4.42342342e+06 	 5.075459e-06 	 1.220144e+07 	
4.42392392e+06 	 5.069898e-06 	 1.219856e+07 	
4.42442442e+06 	 5.064341e-06 	 1.219568e+07 	
4.42492492e+06 	 5.058787e-06 	 1.219281e+07 	
4.42542543e+06 	 5.053236e-06 	 1.218993e+07 	
4.42592593e+06 	 5.047689e-06 	 1.218705e+07 	
4.42642643e+06 	 5.042145e-06 	 1.218418e+07 	
4.42692693e+06 	 5.036605e-06 	 1.218130e+07 	
4.42742743e+06 	 5.031068e-06 	 1.217843e+07 	
4.42792793e+06 	 5.025534e-06 	 1.217555e+07 	
4.42842843e+06 	 5.020003e-06 	 1.217268e+07 	
4.42892893e+06 	 5.014476e-06 	 1.216981e+07 	
4.42942943e+06 	 5.008953e-06 	 1.216694e+07 	
4.42992993e+06 	 5.003432e-06 	 1.216407e+07 	
4.43043043e+06 	 4.997915e-06 	 1.216120e+07 	
4.43093093e+06 	 4.992402e-06 	 1.215833e+07 	
4.43143143e+06 	 4.986891e-06 	 1.215547e+07 	
4.43193193e+06 	 4.981384e-06 	 1.215260e+07 	
4.43243243e+06 	 4.975881e-06 	 1.214974e+07 	
4.43293293e+06 	 4.970380e-06 	 1.214687e+07 	
4.43343343e+06 	 4.964883e-06 	 1.214401e+07 	
4.43393393e+06 	 4.959390e-06 	 1.214114e+07 	
4.43443443e+06 	 4.953899e-06 	 1.213828e+07 	
4.43493493e+06 	 4.948412e-06 	 1.213542e+07 	
4.43543544e+06 	 4.942929e-06 	 1.213256e+07 	
4.43593594e+06 	 4.937448e-06 	 1.212970e+07 	
4.43643644e+06 	 4.931971e-06 	 1.212684e+07 	
4.43693694e+06 	 4.926497e-06 	 1.212399e+07 	
4.43743744e+06 	 4.921027e-06 	 1.212113e+07 	
4.43793794e+06 	 4.915559e-06 	 1.211827e+07 	
4.43843844e+06 	 4.910095e-06 	 1.211542e+07 	
4.43893894e+06 	 4.904635e-06 	 1.211256e+07 	
4.43943944e+06 	 4.899177e-06 	 1.210971e+07 	
4.43993994e+06 	 4.893723e-06 	 1.210686e+07 	
4.44044044e+06 	 4.888272e-06 	 1.210401e+07 	
4.44094094e+06 	 4.882824e-06 	 1.210116e+07 	
4.44144144e+06 	 4.877380e-06 	 1.209831e+07 	
4.44194194e+06 	 4.871939e-06 	 1.209546e+07 	
4.44244244e+06 	 4.866501e-06 	 1.209261e+07 	
4.44294294e+06 	 4.861066e-06 	 1.208976e+07 	
4.44344344e+06 	 4.855879e-06 	 1.208690e+07 	
4.44394394e+06 	 4.850453e-06 	 1.208405e+07 	
4.44444444e+06 	 4.845030e-06 	 1.208121e+07 	
4.44494494e+06 	 4.839611e-06 	 1.207836e+07 	
4.44544545e+06 	 4.834195e-06 	 1.207552e+07 	
4.44594595e+06 	 4.828782e-06 	 1.207268e+07 	
4.44644645e+06 	 4.823372e-06 	 1.206984e+07 	
4.44694695e+06 	 4.817965e-06 	 1.206700e+07 	
4.44744745e+06 	 4.812562e-06 	 1.206416e+07 	
4.44794795e+06 	 4.807162e-06 	 1.206132e+07 	
4.44844845e+06 	 4.801765e-06 	 1.205848e+07 	
4.44894895e+06 	 4.796372e-06 	 1.205564e+07 	
4.44944945e+06 	 4.790981e-06 	 1.205281e+07 	
4.44994995e+06 	 4.785594e-06 	 1.204997e+07 	
4.45045045e+06 	 4.780210e-06 	 1.204714e+07 	
4.45095095e+06 	 4.774830e-06 	 1.204430e+07 	
4.45145145e+06 	 4.769452e-06 	 1.204147e+07 	
4.45195195e+06 	 4.764078e-06 	 1.203864e+07 	
4.45245245e+06 	 4.758707e-06 	 1.203581e+07 	
4.45295295e+06 	 4.753339e-06 	 1.203298e+07 	
4.45345345e+06 	 4.747974e-06 	 1.203015e+07 	
4.45395395e+06 	 4.742612e-06 	 1.202732e+07 	
4.45445445e+06 	 4.737254e-06 	 1.202449e+07 	
4.45495495e+06 	 4.731899e-06 	 1.202166e+07 	
4.45545546e+06 	 4.726547e-06 	 1.201884e+07 	
4.45595596e+06 	 4.721198e-06 	 1.201601e+07 	
4.45645646e+06 	 4.715852e-06 	 1.201319e+07 	
4.45695696e+06 	 4.710510e-06 	 1.201036e+07 	
4.45745746e+06 	 4.705170e-06 	 1.200754e+07 	
4.45795796e+06 	 4.699834e-06 	 1.200472e+07 	
4.45845846e+06 	 4.694501e-06 	 1.200190e+07 	
4.45895896e+06 	 4.689171e-06 	 1.199908e+07 	
4.45945946e+06 	 4.683844e-06 	 1.199626e+07 	
4.45995996e+06 	 4.678521e-06 	 1.199344e+07 	
4.46046046e+06 	 4.673200e-06 	 1.199062e+07 	
4.46096096e+06 	 4.667883e-06 	 1.198780e+07 	
4.46146146e+06 	 4.662569e-06 	 1.198499e+07 	
4.46196196e+06 	 4.657258e-06 	 1.198217e+07 	
4.46246246e+06 	 4.651950e-06 	 1.197936e+07 	
4.46296296e+06 	 4.646645e-06 	 1.197654e+07 	
4.46346346e+06 	 4.641343e-06 	 1.197373e+07 	
4.46396396e+06 	 4.636044e-06 	 1.197092e+07 	
4.46446446e+06 	 4.630749e-06 	 1.196811e+07 	
4.46496496e+06 	 4.625456e-06 	 1.196530e+07 	
4.46546547e+06 	 4.620167e-06 	 1.196249e+07 	
4.46596597e+06 	 4.614881e-06 	 1.195968e+07 	
4.46646647e+06 	 4.609598e-06 	 1.195687e+07 	
4.46696697e+06 	 4.604318e-06 	 1.195407e+07 	
4.46746747e+06 	 4.599041e-06 	 1.195126e+07 	
4.46796797e+06 	 4.593767e-06 	 1.194846e+07 	
4.46846847e+06 	 4.588496e-06 	 1.194565e+07 	
4.46896897e+06 	 4.583228e-06 	 1.194285e+07 	
4.46946947e+06 	 4.577964e-06 	 1.194005e+07 	
4.46996997e+06 	 4.572702e-06 	 1.193724e+07 	
4.47047047e+06 	 4.567444e-06 	 1.193444e+07 	
4.47097097e+06 	 4.562188e-06 	 1.193164e+07 	
4.47147147e+06 	 4.556936e-06 	 1.192884e+07 	
4.47197197e+06 	 4.551686e-06 	 1.192605e+07 	
4.47247247e+06 	 4.546440e-06 	 1.192325e+07 	
4.47297297e+06 	 4.541197e-06 	 1.192045e+07 	
4.47347347e+06 	 4.535957e-06 	 1.191766e+07 	
4.47397397e+06 	 4.530719e-06 	 1.191486e+07 	
4.47447447e+06 	 4.525485e-06 	 1.191207e+07 	
4.47497497e+06 	 4.520254e-06 	 1.190927e+07 	
4.47547548e+06 	 4.515026e-06 	 1.190648e+07 	
4.47597598e+06 	 4.509801e-06 	 1.190369e+07 	
4.47647648e+06 	 4.504579e-06 	 1.190090e+07 	
4.47697698e+06 	 4.499360e-06 	 1.189811e+07 	
4.47747748e+06 	 4.494144e-06 	 1.189532e+07 	
4.47797798e+06 	 4.488706e-06 	 1.189255e+07 	
4.47847848e+06 	 4.483494e-06 	 1.188976e+07 	
4.47897898e+06 	 4.478285e-06 	 1.188697e+07 	
4.47947948e+06 	 4.473079e-06 	 1.188419e+07 	
4.47997998e+06 	 4.467876e-06 	 1.188140e+07 	
4.48048048e+06 	 4.462676e-06 	 1.187862e+07 	
4.48098098e+06 	 4.457479e-06 	 1.187584e+07 	
4.48148148e+06 	 4.452285e-06 	 1.187305e+07 	
4.48198198e+06 	 4.447094e-06 	 1.187027e+07 	
4.48248248e+06 	 4.441906e-06 	 1.186749e+07 	
4.48298298e+06 	 4.436721e-06 	 1.186471e+07 	
4.48348348e+06 	 4.431538e-06 	 1.186193e+07 	
4.48398398e+06 	 4.426359e-06 	 1.185915e+07 	
4.48448448e+06 	 4.421183e-06 	 1.185638e+07 	
4.48498498e+06 	 4.416009e-06 	 1.185360e+07 	
4.48548549e+06 	 4.410839e-06 	 1.185083e+07 	
4.48598599e+06 	 4.405671e-06 	 1.184805e+07 	
4.48648649e+06 	 4.400506e-06 	 1.184528e+07 	
4.48698699e+06 	 4.395345e-06 	 1.184250e+07 	
4.48748749e+06 	 4.390186e-06 	 1.183973e+07 	
4.48798799e+06 	 4.385030e-06 	 1.183696e+07 	
4.48848849e+06 	 4.379877e-06 	 1.183419e+07 	
4.48898899e+06 	 4.374727e-06 	 1.183142e+07 	
4.48948949e+06 	 4.369580e-06 	 1.182865e+07 	
4.48998999e+06 	 4.364436e-06 	 1.182588e+07 	
4.49049049e+06 	 4.359294e-06 	 1.182312e+07 	
4.49099099e+06 	 4.354156e-06 	 1.182035e+07 	
4.49149149e+06 	 4.349020e-06 	 1.181759e+07 	
4.49199199e+06 	 4.343888e-06 	 1.181482e+07 	
4.49249249e+06 	 4.338758e-06 	 1.181206e+07 	
4.49299299e+06 	 4.333631e-06 	 1.180929e+07 	
4.49349349e+06 	 4.328507e-06 	 1.180653e+07 	
4.49399399e+06 	 4.323386e-06 	 1.180377e+07 	
4.49449449e+06 	 4.318268e-06 	 1.180101e+07 	
4.49499499e+06 	 4.313152e-06 	 1.179825e+07 	
4.49549550e+06 	 4.308040e-06 	 1.179549e+07 	
4.49599600e+06 	 4.302930e-06 	 1.179273e+07 	
4.49649650e+06 	 4.297823e-06 	 1.178998e+07 	
4.49699700e+06 	 4.292719e-06 	 1.178722e+07 	
4.49749750e+06 	 4.287618e-06 	 1.178447e+07 	
4.49799800e+06 	 4.282520e-06 	 1.178171e+07 	
4.49849850e+06 	 4.277425e-06 	 1.177896e+07 	
4.49899900e+06 	 4.272332e-06 	 1.177620e+07 	
4.49949950e+06 	 4.267242e-06 	 1.177345e+07 	
4.50000000e+06 	 4.262155e-06 	 1.177070e+07 	
4.52440684e+06 	 4.017578e-06 	 1.163754e+07 	
4.54894606e+06 	 3.777963e-06 	 1.150565e+07 	
4.57361837e+06 	 3.543068e-06 	 1.137505e+07 	
4.59842450e+06 	 3.312448e-06 	 1.124578e+07 	
4.62336517e+06 	 3.085934e-06 	 1.111786e+07 	
4.64844111e+06 	 2.863102e-06 	 1.099137e+07 	
4.67365306e+06 	 2.643893e-06 	 1.086633e+07 	
4.69900175e+06 	 2.427538e-06 	 1.074291e+07 	
4.72448793e+06 	 2.213944e-06 	 1.062119e+07 	
4.75011233e+06 	 2.002823e-06 	 1.050137e+07 	
4.77587572e+06 	 1.794221e-06 	 1.038365e+07 	
4.80177884e+06 	 1.588132e-06 	 1.026832e+07 	
4.82782245e+06 	 1.385160e-06 	 1.015575e+07 	
4.85400732e+06 	 1.186068e-06 	 1.004644e+07 	
4.88033420e+06 	 9.927021e-07 	 9.940922e+06 	
4.90680388e+06 	 8.074878e-07 	 9.839932e+06 	
4.93341712e+06 	 6.337696e-07 	 9.744320e+06 	
4.96017470e+06 	 4.758254e-07 	 9.654987e+06 	
4.98707741e+06 	 3.381838e-07 	 9.572878e+06 	
5.01412604e+06 	 2.248616e-07 	 9.498778e+06 	
5.04132136e+06 	 1.380392e-07 	 9.433277e+06 	
5.06866419e+06 	 7.718950e-08 	 9.376476e+06 	
5.09615532e+06 	 3.880277e-08 	 9.327993e+06 	
5.12379556e+06 	 1.733350e-08 	 9.286798e+06 	
5.15158570e+06 	 6.815369e-09 	 9.251573e+06 	
5.17952658e+06 	 2.343484e-09 	 9.220593e+06 	
5.20761900e+06 	 7.022064e-10 	 9.192081e+06 	
5.79746857e+06 	 1.000000e-20 	 8.682936e+06 	
6.45412842e+06 	 1.000000e-20 	 8.205658e+06 	
7.18516594e+06 	 1.000000e-20 	 7.757110e+06 	
7.99900563e+06 	 1.000000e-20 	 7.335158e+06 	
8.90502622e+06 	 1.000000e-20 	 6.937890e+06 	
9.91366872e+06 	 1.000000e-20 	 6.563587e+06 	
1.10365568e+07 	 1.000000e-20 	 6.210691e+06 	
1.22866306e+07 	 1.000000e-20 	 5.877787e+06 	
1.36782961e+07 	 1.000000e-20 	 5.563583e+06 	
1.52275909e+07 	 1.000000e-20 	 5.266895e+06 	
1.69523692e+07 	 1.000000e-20 	 4.986636e+06 	
1.88725073e+07 	 1.000000e-20 	 4.721802e+06 	
2.10101330e+07 	 1.000000e-20 	 4.471464e+06 	
2.33898804e+07 	 1.000000e-20 	 4.234765e+06 	
2.60391739e+07 	 1.000000e-20 	 4.010904e+06 	
2.89885439e+07 	 1.000000e-20 	 3.799138e+06 	
3.22719793e+07 	 1.000000e-20 	 3.598775e+06 	
3.59273183e+07 	 1.000000e-20 	 3.409166e+06 	
3.99966854e+07 	 1.000000e-20 	 3.229706e+06 	
4.45269760e+07 	 1.000000e-20 	 3.059828e+06 	
4.95703975e+07 	 1.000000e-20 	 2.899000e+06 	
5.51850705e+07 	 1.000000e-20 	 2.746722e+06 	
6.14356986e+07 	 1.000000e-20 	 2.602526e+06 	
6.83943145e+07 	 1.000000e-20 	 2.465969e+06 	
7.61411096e+07 	 1.000000e-20 	 2.336637e+06 	
8.47653581e+07 	 1.000000e-20 	 2.214139e+06 	
9.43664465e+07 	 1.000000e-20 	 2.098106e+06 	
1.05055018e+08 	 1.000000e-20 	 1.988190e+06 	
1.16954248e+08 	 1.000000e-20 	 1.884063e+06 	
1.30201264e+08 	 1.000000e-20 	 1.785416e+06 	
1.44948725e+08 	 1.000000e-20 	 1.691957e+06 	
1.61366582e+08 	 1.000000e-20 	 1.603409e+06 	
1.79644035e+08 	 1.000000e-20 	 1.519511e+06 	
1.99991713e+08 	 1.000000e-20 	 1.440017e+06 	
2.22644105e+08 	 1.000000e-20 	 1.364693e+06 	
2.47862257e+08 	 1.000000e-20 	 1.293320e+06 	
2.75936785e+08 	 1.000000e-20 	 1.225688e+06 	
3.07191221e+08 	 1.000000e-20 	 1.161599e+06 	
3.41985742e+08 	 1.000000e-20 	 1.100868e+06 	
3.80721323e+08 	 1.000000e-20 	 1.043318e+06 	
4.23844352e+08 	 1.000000e-20 	 9.887801e+05 	
4.71851783e+08 	 1.000000e-20 	 9.370971e+05 	
5.25296855e+08 	 1.000000e-20 	 8.881189e+05 	
5.84795471e+08 	 1.000000e-20 	 8.417032e+05 	
6.51033296e+08 	 1.000000e-20 	 7.977157e+05 	
7.24773657e+08 	 1.000000e-20 	 7.560290e+05 	
8.06866343e+08 	 1.000000e-20 	 7.165225e+05 	
8.98257392e+08 	 1.000000e-20 	 6.790818e+05 	
1.00000000e+09 	 1.000000e-20 	 6.435987e+05 	
