r (cm)        	 rho (g/cm3) 	 T (K)       		 Linf = 5.009638e+38
9.99987999e+05 	 2.262567e+05 	 1.647505e+09 	
9.99992850e+05 	 2.227929e+05 	 1.641326e+09 	
1.00003907e+06 	 1.919970e+05 	 1.583000e+09 	
1.00007727e+06 	 1.693702e+05 	 1.535560e+09 	
1.00011547e+06 	 1.490751e+05 	 1.488834e+09 	
1.00015367e+06 	 1.309134e+05 	 1.442843e+09 	
1.00019188e+06 	 1.146995e+05 	 1.397607e+09 	
1.00023008e+06 	 1.002597e+05 	 1.353145e+09 	
1.00026734e+06 	 8.772959e+04 	 1.310545e+09 	
1.00030460e+06 	 7.659263e+04 	 1.268722e+09 	
1.00034186e+06 	 6.671827e+04 	 1.227695e+09 	
1.00037912e+06 	 5.798526e+04 	 1.187484e+09 	
1.00041005e+06 	 5.152296e+04 	 1.154742e+09 	
1.00044097e+06 	 4.570968e+04 	 1.122587e+09 	
1.00047190e+06 	 4.048962e+04 	 1.091029e+09 	
1.00050283e+06 	 3.581070e+04 	 1.060080e+09 	
1.00053375e+06 	 3.162446e+04 	 1.029749e+09 	
1.00056468e+06 	 2.788587e+04 	 1.000047e+09 	
1.00059601e+06 	 2.451180e+04 	 9.706063e+08 	
1.00062735e+06 	 2.151428e+04 	 9.418314e+08 	
1.00065868e+06 	 1.885631e+04 	 9.137324e+08 	
1.00068447e+06 	 1.689933e+04 	 8.911194e+08 	
1.00071026e+06 	 1.513169e+04 	 8.689751e+08 	
1.00073605e+06 	 1.353708e+04 	 8.473038e+08 	
1.00076183e+06 	 1.210034e+04 	 8.261096e+08 	
1.00078762e+06 	 1.080742e+04 	 8.053962e+08 	
1.00081341e+06 	 9.645340e+03 	 7.851669e+08 	
1.00083920e+06 	 8.602085e+03 	 7.654245e+08 	
1.00086499e+06 	 7.666591e+03 	 7.461716e+08 	
1.00089078e+06 	 6.828674e+03 	 7.274101e+08 	
1.00091805e+06 	 6.038435e+03 	 7.081074e+08 	
1.00094062e+06 	 5.451647e+03 	 6.925459e+08 	
1.00096319e+06 	 4.920246e+03 	 6.773628e+08 	
1.00098577e+06 	 4.439364e+03 	 6.625580e+08 	
1.00100834e+06 	 4.004512e+03 	 6.481311e+08 	
1.00103092e+06 	 3.611553e+03 	 6.340812e+08 	
1.00105349e+06 	 3.256683e+03 	 6.204069e+08 	
1.00107606e+06 	 2.936403e+03 	 6.071068e+08 	
1.00109864e+06 	 2.647508e+03 	 5.941787e+08 	
1.00112121e+06 	 2.387060e+03 	 5.816203e+08 	
1.00114379e+06 	 2.152371e+03 	 5.694289e+08 	
1.00116636e+06 	 1.940985e+03 	 5.576011e+08 	
1.00118893e+06 	 1.750663e+03 	 5.461334e+08 	
1.00121151e+06 	 1.579364e+03 	 5.350219e+08 	
1.00123408e+06 	 1.425232e+03 	 5.242623e+08 	
1.00125666e+06 	 1.286577e+03 	 5.138498e+08 	
1.00127923e+06 	 1.161870e+03 	 5.037794e+08 	
1.00130180e+06 	 1.049722e+03 	 4.940456e+08 	
1.00132438e+06 	 9.488742e+02 	 4.846429e+08 	
1.00134695e+06 	 8.581911e+02 	 4.755651e+08 	
1.00136953e+06 	 7.766446e+02 	 4.668059e+08 	
1.00139486e+06 	 6.948705e+02 	 4.573481e+08 	
1.00142019e+06 	 6.222618e+02 	 4.482735e+08 	
1.00144552e+06 	 5.577741e+02 	 4.395722e+08 	
1.00147085e+06 	 5.004794e+02 	 4.312339e+08 	
1.00149618e+06 	 4.495540e+02 	 4.232480e+08 	
1.00152152e+06 	 4.042675e+02 	 4.156038e+08 	
1.00154685e+06 	 3.639730e+02 	 4.082903e+08 	
1.00157218e+06 	 3.280974e+02 	 4.012966e+08 	
1.00159751e+06 	 2.961339e+02 	 3.946115e+08 	
1.00162284e+06 	 2.676343e+02 	 3.882240e+08 	
1.00164817e+06 	 2.422022e+02 	 3.821229e+08 	
1.00167350e+06 	 2.194877e+02 	 3.762973e+08 	
1.00169884e+06 	 1.991815e+02 	 3.707362e+08 	
1.00172417e+06 	 1.810104e+02 	 3.654288e+08 	
1.00174950e+06 	 1.647333e+02 	 3.603646e+08 	
1.00177483e+06 	 1.501373e+02 	 3.555332e+08 	
1.00180016e+06 	 1.370344e+02 	 3.509243e+08 	
1.00182549e+06 	 1.252582e+02 	 3.465281e+08 	
1.00185082e+06 	 1.146623e+02 	 3.423349e+08 	
1.00187616e+06 	 1.051169e+02 	 3.383353e+08 	
1.00190149e+06 	 9.650729e+01 	 3.345203e+08 	
1.00192682e+06 	 8.873221e+01 	 3.308811e+08 	
1.00195773e+06 	 8.024508e+01 	 3.266660e+08 	
1.00198864e+06 	 7.272521e+01 	 3.226854e+08 	
1.00201956e+06 	 6.604964e+01 	 3.189254e+08 	
1.00205047e+06 	 6.011221e+01 	 3.153726e+08 	
1.00208138e+06 	 5.482113e+01 	 3.120145e+08 	
1.00211229e+06 	 5.009697e+01 	 3.088392e+08 	
1.00214321e+06 	 4.587088e+01 	 3.058354e+08 	
1.00217412e+06 	 4.208312e+01 	 3.029926e+08 	
1.00220503e+06 	 3.868178e+01 	 3.003009e+08 	
1.00223594e+06 	 3.562170e+01 	 2.977508e+08 	
1.00227406e+06 	 3.226047e+01 	 2.947888e+08 	
1.00231217e+06 	 2.929503e+01 	 2.920136e+08 	
1.00235029e+06 	 2.667159e+01 	 2.894112e+08 	
1.00238840e+06 	 2.434445e+01 	 2.869686e+08 	
1.00242652e+06 	 2.227469e+01 	 2.846738e+08 	
1.00246463e+06 	 2.042908e+01 	 2.825158e+08 	
1.00250275e+06 	 1.877919e+01 	 2.804846e+08 	
1.00254086e+06 	 1.730064e+01 	 2.785708e+08 	
1.00257898e+06 	 1.597245e+01 	 2.767659e+08 	
1.00261709e+06 	 1.477653e+01 	 2.750621e+08 	
1.00265520e+06 	 1.369727e+01 	 2.734521e+08 	
1.00269332e+06 	 1.272113e+01 	 2.719293e+08 	
1.00274241e+06 	 1.159712e+01 	 2.700868e+08 	
1.00279149e+06 	 1.060333e+01 	 2.683670e+08 	
1.00284058e+06 	 9.721760e+00 	 2.667593e+08 	
1.00288967e+06 	 8.937227e+00 	 2.652540e+08 	
1.00293875e+06 	 8.236903e+00 	 2.638426e+08 	
1.00298784e+06 	 7.609899e+00 	 2.625173e+08 	
1.00303693e+06 	 7.046940e+00 	 2.612710e+08 	
1.00308601e+06 	 6.540101e+00 	 2.600974e+08 	
1.00314707e+06 	 5.977826e+00 	 2.587305e+08 	
1.00320812e+06 	 5.480865e+00 	 2.574573e+08 	
1.00326918e+06 	 5.039999e+00 	 2.562691e+08 	
1.00333024e+06 	 4.647512e+00 	 2.551581e+08 	
1.00339129e+06 	 4.296916e+00 	 2.541174e+08 	
1.00345235e+06 	 3.982734e+00 	 2.531408e+08 	
1.00351340e+06 	 3.700319e+00 	 2.522227e+08 	
1.00357446e+06 	 3.445716e+00 	 2.513584e+08 	
1.00365233e+06 	 3.156056e+00 	 2.503268e+08 	
1.00373020e+06 	 2.900272e+00 	 2.493672e+08 	
1.00380807e+06 	 2.673481e+00 	 2.484724e+08 	
1.00388593e+06 	 2.471620e+00 	 2.476362e+08 	
1.00396380e+06 	 2.291293e+00 	 2.468530e+08 	
1.00404167e+06 	 2.129646e+00 	 2.461179e+08 	
1.00413943e+06 	 1.949484e+00 	 2.452567e+08 	
1.00423720e+06 	 1.791026e+00 	 2.444571e+08 	
1.00433496e+06 	 1.651019e+00 	 2.437126e+08 	
1.00443272e+06 	 1.526786e+00 	 2.430176e+08 	
1.00453049e+06 	 1.416104e+00 	 2.423673e+08 	
1.00462825e+06 	 1.317122e+00 	 2.417572e+08 	
1.00474839e+06 	 1.209236e+00 	 2.410570e+08 	
1.00486853e+06 	 1.114300e+00 	 2.404060e+08 	
1.00498867e+06 	 1.030364e+00 	 2.397986e+08 	
1.00510881e+06 	 9.558236e-01 	 2.392305e+08 	
1.00522896e+06 	 8.893536e-01 	 2.386977e+08 	
1.00534910e+06 	 8.298494e-01 	 2.381966e+08 	
1.00551796e+06 	 7.562419e-01 	 2.375404e+08 	
1.00568683e+06 	 6.924947e-01 	 2.369339e+08 	
1.00585570e+06 	 6.369444e-01 	 2.363710e+08 	
1.00602457e+06 	 5.882594e-01 	 2.358466e+08 	
1.00619344e+06 	 5.453650e-01 	 2.353563e+08 	
1.00640074e+06 	 4.993528e-01 	 2.347957e+08 	
1.00660804e+06 	 4.594564e-01 	 2.342752e+08 	
1.00681533e+06 	 4.246452e-01 	 2.337897e+08 	
1.00702263e+06 	 3.940947e-01 	 2.333352e+08 	
1.00722993e+06 	 3.671398e-01 	 2.329081e+08 	
1.00752685e+06 	 3.337383e-01 	 2.323383e+08 	
1.00782377e+06 	 3.053634e-01 	 2.318113e+08 	
1.00812069e+06 	 2.810556e-01 	 2.313212e+08 	
1.00841761e+06 	 2.600729e-01 	 2.308630e+08 	
1.00883152e+06 	 2.352981e-01 	 2.302699e+08 	
1.00924543e+06 	 2.146762e-01 	 2.297219e+08 	
1.00965935e+06 	 1.973256e-01 	 2.292121e+08 	
1.01007326e+06 	 1.825869e-01 	 2.287347e+08 	
1.01057701e+06 	 1.674571e-01 	 2.281909e+08 	
1.01108077e+06 	 1.547796e-01 	 2.276816e+08 	
1.01158452e+06 	 1.440494e-01 	 2.272017e+08 	
1.01208828e+06 	 1.348855e-01 	 2.267469e+08 	
1.01285113e+06 	 1.233581e-01 	 2.260983e+08 	
1.01361398e+06 	 1.140213e-01 	 2.254898e+08 	
1.01437683e+06 	 1.063516e-01 	 2.249143e+08 	
1.01543707e+06 	 9.777549e-02 	 2.241589e+08 	
1.01649730e+06 	 9.100394e-02 	 2.234453e+08 	
1.01755754e+06 	 8.556323e-02 	 2.227650e+08 	
1.01910962e+06 	 7.933909e-02 	 2.218167e+08 	
1.02066171e+06 	 7.459150e-02 	 2.209126e+08 	
1.02221380e+06 	 7.088163e-02 	 2.200427e+08 	
1.02431319e+06 	 6.701454e-02 	 2.189082e+08 	
1.02641258e+06 	 6.406078e-02 	 2.178112e+08 	
1.02851198e+06 	 6.172949e-02 	 2.167432e+08 	
1.03061137e+06 	 5.983231e-02 	 2.156986e+08 	
1.03384691e+06 	 5.748118e-02 	 2.141252e+08 	
1.03551838e+06 	 5.645648e-02 	 2.133268e+08 	
1.03954256e+06 	 5.433591e-02 	 2.114387e+08 	
1.04265022e+06 	 5.292571e-02 	 2.100090e+08 	
1.04845211e+06 	 5.060980e-02 	 2.073973e+08 	
1.05097858e+06 	 4.968761e-02 	 2.062813e+08 	
1.05350000e+06 	 4.880562e-02 	 2.051797e+08 	
1.06750000e+06 	 4.437358e-02 	 1.992671e+08 	
1.08500000e+06 	 3.960930e-02 	 1.923222e+08 	
1.10250000e+06 	 3.548916e-02 	 1.858240e+08 	
1.12000000e+06 	 3.190673e-02 	 1.797308e+08 	
1.13750000e+06 	 2.877574e-02 	 1.740057e+08 	
1.15500000e+06 	 2.602776e-02 	 1.686166e+08 	
1.17250000e+06 	 2.360773e-02 	 1.635348e+08 	
1.19000000e+06 	 2.147021e-02 	 1.587351e+08 	
1.21333333e+06 	 1.898975e-02 	 1.527350e+08 	
1.23083333e+06 	 1.736632e-02 	 1.485088e+08 	
1.24833333e+06 	 1.591645e-02 	 1.444977e+08 	
1.26583333e+06 	 1.461805e-02 	 1.406857e+08 	
1.28916667e+06 	 1.309029e-02 	 1.358882e+08 	
1.30666667e+06 	 1.207679e-02 	 1.324875e+08 	
1.32416667e+06 	 1.116106e-02 	 1.292429e+08 	
1.34750000e+06 	 1.007382e-02 	 1.251421e+08 	
1.37083333e+06 	 9.118257e-03 	 1.212785e+08 	
1.38833333e+06 	 8.476309e-03 	 1.185243e+08 	
1.41166667e+06 	 7.707856e-03 	 1.150295e+08 	
1.42916667e+06 	 7.188694e-03 	 1.125323e+08 	
1.45250000e+06 	 6.564372e-03 	 1.093564e+08 	
1.47000000e+06 	 6.140557e-03 	 1.070821e+08 	
1.49333333e+06 	 5.628725e-03 	 1.041839e+08 	
1.51083333e+06 	 5.279937e-03 	 1.021045e+08 	
1.53416667e+06 	 4.856430e-03 	 9.944932e+07 	
1.55750000e+06 	 4.475404e-03 	 9.691990e+07 	
1.58083333e+06 	 4.131821e-03 	 9.450760e+07 	
1.60416667e+06 	 3.820963e-03 	 9.220450e+07 	
1.62750000e+06 	 3.539217e-03 	 9.000347e+07 	
1.64500000e+06 	 3.345301e-03 	 8.841583e+07 	
1.66833333e+06 	 3.106858e-03 	 8.637802e+07 	
1.70333333e+06 	 2.788575e-03 	 8.347992e+07 	
1.72666667e+06 	 2.599142e-03 	 8.164609e+07 	
1.75000000e+06 	 2.425786e-03 	 7.988548e+07 	
1.77333333e+06 	 2.266795e-03 	 7.819383e+07 	
1.79666667e+06 	 2.120839e-03 	 7.656726e+07 	
1.82000000e+06 	 1.986643e-03 	 7.500217e+07 	
1.84333333e+06 	 1.863016e-03 	 7.349516e+07 	
1.86666667e+06 	 1.749077e-03 	 7.204317e+07 	
1.89000000e+06 	 1.643810e-03 	 7.064324e+07 	
1.91333333e+06 	 1.546411e-03 	 6.929266e+07 	
1.94833333e+06 	 1.413604e-03 	 6.735389e+07 	
1.97166667e+06 	 1.333072e-03 	 6.611610e+07 	
1.99500000e+06 	 1.258286e-03 	 6.491958e+07 	
2.01833333e+06 	 1.188710e-03 	 6.376230e+07 	
2.05333333e+06 	 1.093230e-03 	 6.209597e+07 	
2.07666667e+06 	 1.034951e-03 	 6.102897e+07 	
2.10000000e+06 	 9.804959e-04 	 5.999515e+07 	
2.13500000e+06 	 9.055192e-04 	 5.850354e+07 	
2.15833333e+06 	 8.595417e-04 	 5.754648e+07 	
2.19333333e+06 	 7.959298e-04 	 5.616361e+07 	
2.21666667e+06 	 7.568080e-04 	 5.527514e+07 	
2.24000000e+06 	 7.201172e-04 	 5.441214e+07 	
2.27500000e+06 	 6.691661e-04 	 5.316301e+07 	
2.29833333e+06 	 6.377414e-04 	 5.235913e+07 	
2.33333333e+06 	 5.939882e-04 	 5.119421e+07 	
2.35666667e+06 	 5.669165e-04 	 5.044364e+07 	
2.39166667e+06 	 5.291529e-04 	 4.935484e+07 	
2.41500000e+06 	 5.057471e-04 	 4.865261e+07 	
2.45000000e+06 	 4.730309e-04 	 4.763288e+07 	
2.47333333e+06 	 4.527055e-04 	 4.697454e+07 	
2.50833333e+06 	 4.242185e-04 	 4.601761e+07 	
2.54333333e+06 	 3.979518e-04 	 4.509567e+07 	
2.56666667e+06 	 3.815701e-04 	 4.449956e+07 	
2.60166667e+06 	 3.585788e-04 	 4.363194e+07 	
2.63666667e+06 	 3.373083e-04 	 4.279467e+07 	
2.66000000e+06 	 3.240128e-04 	 4.225261e+07 	
2.69500000e+06 	 3.052701e-04 	 4.146257e+07 	
2.73000000e+06 	 2.878781e-04 	 4.069902e+07 	
2.76500000e+06 	 2.717181e-04 	 3.996069e+07 	
2.80000000e+06 	 2.566882e-04 	 3.924638e+07 	
2.83500000e+06 	 2.426883e-04 	 3.855493e+07 	
2.87000000e+06 	 2.296343e-04 	 3.788531e+07 	
2.90500000e+06 	 2.174549e-04 	 3.723652e+07 	
2.94000000e+06 	 2.060771e-04 	 3.660762e+07 	
2.97500000e+06 	 1.954373e-04 	 3.599774e+07 	
3.01000000e+06 	 1.854812e-04 	 3.540604e+07 	
3.04500000e+06 	 1.761536e-04 	 3.483174e+07 	
3.08000000e+06 	 1.674097e-04 	 3.427410e+07 	
3.11500000e+06 	 1.592042e-04 	 3.373243e+07 	
3.15000000e+06 	 1.514976e-04 	 3.320606e+07 	
3.18500000e+06 	 1.442538e-04 	 3.269437e+07 	
3.22000000e+06 	 1.374405e-04 	 3.219676e+07 	
3.25500000e+06 	 1.310260e-04 	 3.171269e+07 	
3.29000000e+06 	 1.249830e-04 	 3.124161e+07 	
3.32500000e+06 	 1.192864e-04 	 3.078302e+07 	
3.36000000e+06 	 1.139116e-04 	 3.033645e+07 	
3.39500000e+06 	 1.088370e-04 	 2.990143e+07 	
3.43000000e+06 	 1.040426e-04 	 2.947754e+07 	
3.46500000e+06 	 9.951026e-05 	 2.906436e+07 	
3.50000000e+06 	 9.522262e-05 	 2.866151e+07 	
3.53500000e+06 	 9.116387e-05 	 2.826860e+07 	
3.57000000e+06 	 8.731947e-05 	 2.788529e+07 	
3.60500000e+06 	 8.367589e-05 	 2.751124e+07 	
3.64000000e+06 	 8.022080e-05 	 2.714612e+07 	
3.67500000e+06 	 7.694228e-05 	 2.678962e+07 	
3.71000000e+06 	 7.382961e-05 	 2.644146e+07 	
3.74500000e+06 	 7.087279e-05 	 2.610134e+07 	
3.78000000e+06 	 6.806246e-05 	 2.576900e+07 	
3.81500000e+06 	 6.539018e-05 	 2.544419e+07 	
3.85000000e+06 	 6.284759e-05 	 2.512664e+07 	
3.88500000e+06 	 6.042718e-05 	 2.481614e+07 	
3.92000000e+06 	 5.812190e-05 	 2.451245e+07 	
3.95500000e+06 	 5.592542e-05 	 2.421536e+07 	
3.99000000e+06 	 5.383145e-05 	 2.392466e+07 	
4.02500000e+06 	 5.183426e-05 	 2.364016e+07 	
4.06000000e+06 	 4.992848e-05 	 2.336165e+07 	
4.09500000e+06 	 4.810925e-05 	 2.308896e+07 	
4.13000000e+06 	 4.637176e-05 	 2.282191e+07 	
4.16500000e+06 	 4.471163e-05 	 2.256033e+07 	
4.20000000e+06 	 4.312471e-05 	 2.230406e+07 	
4.23500000e+06 	 4.160724e-05 	 2.205295e+07 	
4.27000000e+06 	 4.015547e-05 	 2.180685e+07 	
4.30500000e+06 	 3.876611e-05 	 2.156560e+07 	
4.34000000e+06 	 3.743587e-05 	 2.132907e+07 	
4.37500000e+06 	 3.616174e-05 	 2.109713e+07 	
4.41000000e+06 	 3.494095e-05 	 2.086965e+07 	
4.44500000e+06 	 3.377078e-05 	 2.064650e+07 	
4.48000000e+06 	 3.264872e-05 	 2.042757e+07 	
4.51500000e+06 	 3.157239e-05 	 2.021274e+07 	
4.55000000e+06 	 3.053961e-05 	 2.000190e+07 	
4.58500000e+06 	 2.954823e-05 	 1.979494e+07 	
4.62000000e+06 	 2.859628e-05 	 1.959175e+07 	
4.65500000e+06 	 2.768187e-05 	 1.939225e+07 	
4.69000000e+06 	 2.680323e-05 	 1.919632e+07 	
4.72500000e+06 	 2.595868e-05 	 1.900388e+07 	
4.76000000e+06 	 2.514666e-05 	 1.881485e+07 	
4.79500000e+06 	 2.436565e-05 	 1.862912e+07 	
4.83000000e+06 	 2.361423e-05 	 1.844662e+07 	
4.86500000e+06 	 2.289107e-05 	 1.826727e+07 	
4.90000000e+06 	 2.219488e-05 	 1.809099e+07 	
4.93500000e+06 	 2.152446e-05 	 1.791770e+07 	
4.97000000e+06 	 2.087867e-05 	 1.774732e+07 	
5.00500000e+06 	 2.025643e-05 	 1.757980e+07 	
5.04000000e+06 	 1.965670e-05 	 1.741505e+07 	
5.07500000e+06 	 1.907851e-05 	 1.725301e+07 	
5.11000000e+06 	 1.852093e-05 	 1.709362e+07 	
5.14500000e+06 	 1.798307e-05 	 1.693682e+07 	
5.18000000e+06 	 1.746412e-05 	 1.678253e+07 	
5.21500000e+06 	 1.696326e-05 	 1.663072e+07 	
5.25000000e+06 	 1.647973e-05 	 1.648131e+07 	
5.28500000e+06 	 1.601282e-05 	 1.633425e+07 	
5.32000000e+06 	 1.556184e-05 	 1.618950e+07 	
5.35500000e+06 	 1.512614e-05 	 1.604699e+07 	
5.39000000e+06 	 1.470510e-05 	 1.590667e+07 	
5.42500000e+06 	 1.429813e-05 	 1.576851e+07 	
5.46000000e+06 	 1.390465e-05 	 1.563244e+07 	
5.49500000e+06 	 1.352414e-05 	 1.549843e+07 	
5.53000000e+06 	 1.315607e-05 	 1.536642e+07 	
5.56500000e+06 	 1.279997e-05 	 1.523638e+07 	
5.60000000e+06 	 1.245535e-05 	 1.510827e+07 	
5.63500000e+06 	 1.212178e-05 	 1.498203e+07 	
5.67000000e+06 	 1.179884e-05 	 1.485764e+07 	
5.70500000e+06 	 1.148610e-05 	 1.473505e+07 	
5.74000000e+06 	 1.118318e-05 	 1.461422e+07 	
5.77500000e+06 	 1.088972e-05 	 1.449512e+07 	
5.81000000e+06 	 1.060536e-05 	 1.437772e+07 	
5.84500000e+06 	 1.032975e-05 	 1.426197e+07 	
5.88000000e+06 	 1.006257e-05 	 1.414784e+07 	
5.91500000e+06 	 9.803515e-06 	 1.403531e+07 	
5.95000000e+06 	 9.552281e-06 	 1.392434e+07 	
5.98500000e+06 	 9.308584e-06 	 1.381489e+07 	
6.02000000e+06 	 9.072152e-06 	 1.370694e+07 	
6.05500000e+06 	 8.842723e-06 	 1.360045e+07 	
6.09000000e+06 	 8.620046e-06 	 1.349541e+07 	
6.12500000e+06 	 8.403881e-06 	 1.339177e+07 	
6.16000000e+06 	 8.193998e-06 	 1.328952e+07 	
6.19500000e+06 	 7.990175e-06 	 1.318863e+07 	
6.23000000e+06 	 7.792203e-06 	 1.308906e+07 	
6.26500000e+06 	 7.599875e-06 	 1.299080e+07 	
6.30000000e+06 	 7.412998e-06 	 1.289382e+07 	
6.33500000e+06 	 7.231385e-06 	 1.279810e+07 	
6.37000000e+06 	 7.054856e-06 	 1.270361e+07 	
6.40500000e+06 	 6.883236e-06 	 1.261032e+07 	
6.44000000e+06 	 6.716363e-06 	 1.251823e+07 	
6.47500000e+06 	 6.554075e-06 	 1.242730e+07 	
6.51000000e+06 	 6.396220e-06 	 1.233752e+07 	
6.54500000e+06 	 6.242649e-06 	 1.224885e+07 	
6.58000000e+06 	 6.093222e-06 	 1.216129e+07 	
6.61500000e+06 	 5.947802e-06 	 1.207482e+07 	
6.65000000e+06 	 5.806259e-06 	 1.198941e+07 	
6.68500000e+06 	 5.668467e-06 	 1.190504e+07 	
6.72000000e+06 	 5.534303e-06 	 1.182170e+07 	
6.75500000e+06 	 5.403652e-06 	 1.173937e+07 	
6.79000000e+06 	 5.276400e-06 	 1.165803e+07 	
6.82500000e+06 	 5.152441e-06 	 1.157766e+07 	
6.86000000e+06 	 5.031669e-06 	 1.149825e+07 	
6.89500000e+06 	 4.913984e-06 	 1.141978e+07 	
6.93000000e+06 	 4.799289e-06 	 1.134223e+07 	
7.00000000e+06 	 4.578499e-06 	 1.118985e+07 	
7.00050050e+06 	 4.576960e-06 	 1.118878e+07 	
7.00100100e+06 	 4.575422e-06 	 1.118770e+07 	
7.00150150e+06 	 4.573885e-06 	 1.118662e+07 	
7.00200200e+06 	 4.572348e-06 	 1.118555e+07 	
7.00250250e+06 	 4.570811e-06 	 1.118447e+07 	
7.00300300e+06 	 4.569275e-06 	 1.118340e+07 	
7.00350350e+06 	 4.567740e-06 	 1.118232e+07 	
7.00400400e+06 	 4.566205e-06 	 1.118125e+07 	
7.00450450e+06 	 4.564671e-06 	 1.118017e+07 	
7.00500501e+06 	 4.563137e-06 	 1.117909e+07 	
7.00550551e+06 	 4.561604e-06 	 1.117802e+07 	
7.00600601e+06 	 4.560072e-06 	 1.117695e+07 	
7.00650651e+06 	 4.558540e-06 	 1.117587e+07 	
7.00700701e+06 	 4.557008e-06 	 1.117480e+07 	
7.00750751e+06 	 4.555477e-06 	 1.117372e+07 	
7.00800801e+06 	 4.553947e-06 	 1.117265e+07 	
7.00850851e+06 	 4.552417e-06 	 1.117157e+07 	
7.00900901e+06 	 4.550888e-06 	 1.117050e+07 	
7.00950951e+06 	 4.549359e-06 	 1.116943e+07 	
7.01001001e+06 	 4.547831e-06 	 1.116835e+07 	
7.01051051e+06 	 4.546304e-06 	 1.116728e+07 	
7.01101101e+06 	 4.544776e-06 	 1.116621e+07 	
7.01151151e+06 	 4.543250e-06 	 1.116513e+07 	
7.01201201e+06 	 4.541724e-06 	 1.116406e+07 	
7.01251251e+06 	 4.540199e-06 	 1.116299e+07 	
7.01301301e+06 	 4.538674e-06 	 1.116192e+07 	
7.01351351e+06 	 4.537150e-06 	 1.116085e+07 	
7.01401401e+06 	 4.535626e-06 	 1.115977e+07 	
7.01451451e+06 	 4.534103e-06 	 1.115870e+07 	
7.01501502e+06 	 4.532580e-06 	 1.115763e+07 	
7.01551552e+06 	 4.531058e-06 	 1.115656e+07 	
7.01601602e+06 	 4.529536e-06 	 1.115549e+07 	
7.01651652e+06 	 4.528015e-06 	 1.115442e+07 	
7.01701702e+06 	 4.526495e-06 	 1.115335e+07 	
7.01751752e+06 	 4.524975e-06 	 1.115228e+07 	
7.01801802e+06 	 4.523456e-06 	 1.115120e+07 	
7.01851852e+06 	 4.521937e-06 	 1.115013e+07 	
7.01901902e+06 	 4.520419e-06 	 1.114906e+07 	
7.01951952e+06 	 4.518901e-06 	 1.114799e+07 	
7.02002002e+06 	 4.517384e-06 	 1.114692e+07 	
7.02052052e+06 	 4.515867e-06 	 1.114586e+07 	
7.02102102e+06 	 4.514351e-06 	 1.114479e+07 	
7.02152152e+06 	 4.512836e-06 	 1.114372e+07 	
7.02202202e+06 	 4.511321e-06 	 1.114265e+07 	
7.02252252e+06 	 4.509806e-06 	 1.114158e+07 	
7.02302302e+06 	 4.508292e-06 	 1.114051e+07 	
7.02352352e+06 	 4.506779e-06 	 1.113944e+07 	
7.02402402e+06 	 4.505266e-06 	 1.113837e+07 	
7.02452452e+06 	 4.503754e-06 	 1.113731e+07 	
7.02502503e+06 	 4.502242e-06 	 1.113624e+07 	
7.02552553e+06 	 4.500731e-06 	 1.113517e+07 	
7.02602603e+06 	 4.499220e-06 	 1.113410e+07 	
7.02652653e+06 	 4.497710e-06 	 1.113303e+07 	
7.02702703e+06 	 4.496201e-06 	 1.113197e+07 	
7.02752753e+06 	 4.494692e-06 	 1.113090e+07 	
7.02802803e+06 	 4.493183e-06 	 1.112983e+07 	
7.02852853e+06 	 4.491676e-06 	 1.112877e+07 	
7.02902903e+06 	 4.490168e-06 	 1.112770e+07 	
7.02952953e+06 	 4.488661e-06 	 1.112663e+07 	
7.03003003e+06 	 4.487155e-06 	 1.112557e+07 	
7.03053053e+06 	 4.485649e-06 	 1.112450e+07 	
7.03103103e+06 	 4.484144e-06 	 1.112344e+07 	
7.03153153e+06 	 4.482639e-06 	 1.112237e+07 	
7.03203203e+06 	 4.481135e-06 	 1.112130e+07 	
7.03253253e+06 	 4.479632e-06 	 1.112024e+07 	
7.03303303e+06 	 4.478129e-06 	 1.111917e+07 	
7.03353353e+06 	 4.476626e-06 	 1.111811e+07 	
7.03403403e+06 	 4.475124e-06 	 1.111704e+07 	
7.03453453e+06 	 4.473623e-06 	 1.111598e+07 	
7.03503504e+06 	 4.472122e-06 	 1.111491e+07 	
7.03553554e+06 	 4.470622e-06 	 1.111385e+07 	
7.03603604e+06 	 4.469122e-06 	 1.111279e+07 	
7.03653654e+06 	 4.467623e-06 	 1.111172e+07 	
7.03703704e+06 	 4.466124e-06 	 1.111066e+07 	
7.03753754e+06 	 4.464626e-06 	 1.110960e+07 	
7.03803804e+06 	 4.463128e-06 	 1.110853e+07 	
7.03853854e+06 	 4.461631e-06 	 1.110747e+07 	
7.03903904e+06 	 4.460134e-06 	 1.110641e+07 	
7.03953954e+06 	 4.458638e-06 	 1.110534e+07 	
7.04004004e+06 	 4.457143e-06 	 1.110428e+07 	
7.04054054e+06 	 4.455648e-06 	 1.110322e+07 	
7.04104104e+06 	 4.454154e-06 	 1.110216e+07 	
7.04154154e+06 	 4.452660e-06 	 1.110109e+07 	
7.04204204e+06 	 4.451166e-06 	 1.110003e+07 	
7.04254254e+06 	 4.449673e-06 	 1.109897e+07 	
7.04304304e+06 	 4.448181e-06 	 1.109791e+07 	
7.04354354e+06 	 4.446689e-06 	 1.109685e+07 	
7.04404404e+06 	 4.445198e-06 	 1.109579e+07 	
7.04454454e+06 	 4.443708e-06 	 1.109472e+07 	
7.04504505e+06 	 4.442217e-06 	 1.109366e+07 	
7.04554555e+06 	 4.440728e-06 	 1.109260e+07 	
7.04604605e+06 	 4.439239e-06 	 1.109154e+07 	
7.04654655e+06 	 4.437750e-06 	 1.109048e+07 	
7.04704705e+06 	 4.436262e-06 	 1.108942e+07 	
7.04754755e+06 	 4.434775e-06 	 1.108836e+07 	
7.04804805e+06 	 4.433288e-06 	 1.108730e+07 	
7.04854855e+06 	 4.431801e-06 	 1.108624e+07 	
7.04904905e+06 	 4.430316e-06 	 1.108518e+07 	
7.04954955e+06 	 4.428830e-06 	 1.108412e+07 	
7.05005005e+06 	 4.427345e-06 	 1.108306e+07 	
7.05055055e+06 	 4.425861e-06 	 1.108200e+07 	
7.05105105e+06 	 4.424377e-06 	 1.108095e+07 	
7.05155155e+06 	 4.422894e-06 	 1.107989e+07 	
7.05205205e+06 	 4.421412e-06 	 1.107883e+07 	
7.05255255e+06 	 4.419929e-06 	 1.107777e+07 	
7.05305305e+06 	 4.418448e-06 	 1.107671e+07 	
7.05355355e+06 	 4.416967e-06 	 1.107565e+07 	
7.05405405e+06 	 4.415486e-06 	 1.107460e+07 	
7.05455455e+06 	 4.414006e-06 	 1.107354e+07 	
7.05505506e+06 	 4.412527e-06 	 1.107248e+07 	
7.05555556e+06 	 4.411048e-06 	 1.107142e+07 	
7.05605606e+06 	 4.409569e-06 	 1.107037e+07 	
7.05655656e+06 	 4.408091e-06 	 1.106931e+07 	
7.05705706e+06 	 4.406614e-06 	 1.106825e+07 	
7.05755756e+06 	 4.405137e-06 	 1.106720e+07 	
7.05805806e+06 	 4.403661e-06 	 1.106614e+07 	
7.05855856e+06 	 4.402185e-06 	 1.106509e+07 	
7.05905906e+06 	 4.400710e-06 	 1.106403e+07 	
7.05955956e+06 	 4.399235e-06 	 1.106297e+07 	
7.06006006e+06 	 4.397761e-06 	 1.106192e+07 	
7.06056056e+06 	 4.396287e-06 	 1.106086e+07 	
7.06106106e+06 	 4.394814e-06 	 1.105981e+07 	
7.06156156e+06 	 4.393341e-06 	 1.105875e+07 	
7.06206206e+06 	 4.391869e-06 	 1.105770e+07 	
7.06256256e+06 	 4.390398e-06 	 1.105664e+07 	
7.06306306e+06 	 4.388927e-06 	 1.105559e+07 	
7.06356356e+06 	 4.387456e-06 	 1.105453e+07 	
7.06406406e+06 	 4.385986e-06 	 1.105348e+07 	
7.06456456e+06 	 4.384517e-06 	 1.105242e+07 	
7.06506507e+06 	 4.383048e-06 	 1.105137e+07 	
7.06556557e+06 	 4.381579e-06 	 1.105032e+07 	
7.06606607e+06 	 4.380111e-06 	 1.104926e+07 	
7.06656657e+06 	 4.378644e-06 	 1.104821e+07 	
7.06706707e+06 	 4.377177e-06 	 1.104716e+07 	
7.06756757e+06 	 4.375711e-06 	 1.104610e+07 	
7.06806807e+06 	 4.374245e-06 	 1.104505e+07 	
7.06856857e+06 	 4.372780e-06 	 1.104400e+07 	
7.06906907e+06 	 4.371315e-06 	 1.104295e+07 	
7.06956957e+06 	 4.369851e-06 	 1.104189e+07 	
7.07007007e+06 	 4.368387e-06 	 1.104084e+07 	
7.07057057e+06 	 4.366924e-06 	 1.103979e+07 	
7.07107107e+06 	 4.365461e-06 	 1.103874e+07 	
7.07157157e+06 	 4.363999e-06 	 1.103769e+07 	
7.07207207e+06 	 4.362538e-06 	 1.103663e+07 	
7.07257257e+06 	 4.361076e-06 	 1.103558e+07 	
7.07307307e+06 	 4.359616e-06 	 1.103453e+07 	
7.07357357e+06 	 4.358156e-06 	 1.103348e+07 	
7.07407407e+06 	 4.356696e-06 	 1.103243e+07 	
7.07457457e+06 	 4.355237e-06 	 1.103138e+07 	
7.07507508e+06 	 4.353779e-06 	 1.103033e+07 	
7.07557558e+06 	 4.352321e-06 	 1.102928e+07 	
7.07607608e+06 	 4.350863e-06 	 1.102823e+07 	
7.07657658e+06 	 4.349406e-06 	 1.102718e+07 	
7.07707708e+06 	 4.347950e-06 	 1.102613e+07 	
7.07757758e+06 	 4.346494e-06 	 1.102508e+07 	
7.07807808e+06 	 4.345039e-06 	 1.102403e+07 	
7.07857858e+06 	 4.343584e-06 	 1.102298e+07 	
7.07907908e+06 	 4.342129e-06 	 1.102193e+07 	
7.07957958e+06 	 4.340676e-06 	 1.102088e+07 	
7.08008008e+06 	 4.339222e-06 	 1.101983e+07 	
7.08058058e+06 	 4.337770e-06 	 1.101879e+07 	
7.08108108e+06 	 4.336317e-06 	 1.101774e+07 	
7.08158158e+06 	 4.334866e-06 	 1.101669e+07 	
7.08208208e+06 	 4.333414e-06 	 1.101564e+07 	
7.08258258e+06 	 4.331964e-06 	 1.101459e+07 	
7.08308308e+06 	 4.330513e-06 	 1.101355e+07 	
7.08358358e+06 	 4.329064e-06 	 1.101250e+07 	
7.08408408e+06 	 4.327615e-06 	 1.101145e+07 	
7.08458458e+06 	 4.326166e-06 	 1.101040e+07 	
7.08508509e+06 	 4.324718e-06 	 1.100936e+07 	
7.08558559e+06 	 4.323270e-06 	 1.100831e+07 	
7.08608609e+06 	 4.321823e-06 	 1.100726e+07 	
7.08658659e+06 	 4.320376e-06 	 1.100622e+07 	
7.08708709e+06 	 4.318930e-06 	 1.100517e+07 	
7.08758759e+06 	 4.317485e-06 	 1.100412e+07 	
7.08808809e+06 	 4.316040e-06 	 1.100308e+07 	
7.08858859e+06 	 4.314595e-06 	 1.100203e+07 	
7.08908909e+06 	 4.313151e-06 	 1.100099e+07 	
7.08958959e+06 	 4.311708e-06 	 1.099994e+07 	
7.09009009e+06 	 4.310265e-06 	 1.099890e+07 	
7.09059059e+06 	 4.308822e-06 	 1.099785e+07 	
7.09109109e+06 	 4.307380e-06 	 1.099681e+07 	
7.09159159e+06 	 4.305939e-06 	 1.099576e+07 	
7.09209209e+06 	 4.304498e-06 	 1.099472e+07 	
7.09259259e+06 	 4.303057e-06 	 1.099367e+07 	
7.09309309e+06 	 4.301617e-06 	 1.099263e+07 	
7.09359359e+06 	 4.300178e-06 	 1.099158e+07 	
7.09409409e+06 	 4.298739e-06 	 1.099054e+07 	
7.09459459e+06 	 4.297301e-06 	 1.098950e+07 	
7.09509510e+06 	 4.295863e-06 	 1.098845e+07 	
7.09559560e+06 	 4.294426e-06 	 1.098741e+07 	
7.09609610e+06 	 4.292989e-06 	 1.098637e+07 	
7.09659660e+06 	 4.291552e-06 	 1.098532e+07 	
7.09709710e+06 	 4.290117e-06 	 1.098428e+07 	
7.09759760e+06 	 4.288681e-06 	 1.098324e+07 	
7.09809810e+06 	 4.287246e-06 	 1.098220e+07 	
7.09859860e+06 	 4.285812e-06 	 1.098115e+07 	
7.09909910e+06 	 4.284378e-06 	 1.098011e+07 	
7.09959960e+06 	 4.282945e-06 	 1.097907e+07 	
7.10010010e+06 	 4.281512e-06 	 1.097803e+07 	
7.10060060e+06 	 4.280080e-06 	 1.097699e+07 	
7.10110110e+06 	 4.278648e-06 	 1.097594e+07 	
7.10160160e+06 	 4.277217e-06 	 1.097490e+07 	
7.10210210e+06 	 4.275786e-06 	 1.097386e+07 	
7.10260260e+06 	 4.274356e-06 	 1.097282e+07 	
7.10310310e+06 	 4.272926e-06 	 1.097178e+07 	
7.10360360e+06 	 4.271497e-06 	 1.097074e+07 	
7.10410410e+06 	 4.270069e-06 	 1.096970e+07 	
7.10460460e+06 	 4.268640e-06 	 1.096866e+07 	
7.10510511e+06 	 4.267213e-06 	 1.096762e+07 	
7.10560561e+06 	 4.265785e-06 	 1.096658e+07 	
7.10610611e+06 	 4.264359e-06 	 1.096554e+07 	
7.10660661e+06 	 4.262933e-06 	 1.096450e+07 	
7.10710711e+06 	 4.261507e-06 	 1.096346e+07 	
7.10760761e+06 	 4.260082e-06 	 1.096242e+07 	
7.10810811e+06 	 4.258657e-06 	 1.096138e+07 	
7.10860861e+06 	 4.257233e-06 	 1.096034e+07 	
7.10910911e+06 	 4.255809e-06 	 1.095930e+07 	
7.10960961e+06 	 4.254386e-06 	 1.095827e+07 	
7.11011011e+06 	 4.252964e-06 	 1.095723e+07 	
7.11061061e+06 	 4.251541e-06 	 1.095619e+07 	
7.11111111e+06 	 4.250120e-06 	 1.095515e+07 	
7.11161161e+06 	 4.248699e-06 	 1.095411e+07 	
7.11211211e+06 	 4.247278e-06 	 1.095307e+07 	
7.11261261e+06 	 4.245858e-06 	 1.095204e+07 	
7.11311311e+06 	 4.244438e-06 	 1.095100e+07 	
7.11361361e+06 	 4.243019e-06 	 1.094996e+07 	
7.11411411e+06 	 4.241601e-06 	 1.094893e+07 	
7.11461461e+06 	 4.240183e-06 	 1.094789e+07 	
7.11511512e+06 	 4.238765e-06 	 1.094685e+07 	
7.11561562e+06 	 4.237348e-06 	 1.094582e+07 	
7.11611612e+06 	 4.235931e-06 	 1.094478e+07 	
7.11661662e+06 	 4.234515e-06 	 1.094374e+07 	
7.11711712e+06 	 4.233100e-06 	 1.094271e+07 	
7.11761762e+06 	 4.231685e-06 	 1.094167e+07 	
7.11811812e+06 	 4.230270e-06 	 1.094064e+07 	
7.11861862e+06 	 4.228856e-06 	 1.093960e+07 	
7.11911912e+06 	 4.227442e-06 	 1.093856e+07 	
7.11961962e+06 	 4.226029e-06 	 1.093753e+07 	
7.12012012e+06 	 4.224617e-06 	 1.093649e+07 	
7.12062062e+06 	 4.223205e-06 	 1.093546e+07 	
7.12112112e+06 	 4.221793e-06 	 1.093443e+07 	
7.12162162e+06 	 4.220382e-06 	 1.093339e+07 	
7.12212212e+06 	 4.218971e-06 	 1.093236e+07 	
7.12262262e+06 	 4.217561e-06 	 1.093132e+07 	
7.12312312e+06 	 4.216152e-06 	 1.093029e+07 	
7.12362362e+06 	 4.214743e-06 	 1.092925e+07 	
7.12412412e+06 	 4.213334e-06 	 1.092822e+07 	
7.12462462e+06 	 4.211926e-06 	 1.092719e+07 	
7.12512513e+06 	 4.210518e-06 	 1.092615e+07 	
7.12562563e+06 	 4.209111e-06 	 1.092512e+07 	
7.12612613e+06 	 4.207705e-06 	 1.092409e+07 	
7.12662663e+06 	 4.206299e-06 	 1.092305e+07 	
7.12712713e+06 	 4.204893e-06 	 1.092202e+07 	
7.12762763e+06 	 4.203488e-06 	 1.092099e+07 	
7.12812813e+06 	 4.202083e-06 	 1.091996e+07 	
7.12862863e+06 	 4.200679e-06 	 1.091893e+07 	
7.12912913e+06 	 4.199276e-06 	 1.091789e+07 	
7.12962963e+06 	 4.197872e-06 	 1.091686e+07 	
7.13013013e+06 	 4.196470e-06 	 1.091583e+07 	
7.13063063e+06 	 4.195068e-06 	 1.091480e+07 	
7.13113113e+06 	 4.193666e-06 	 1.091377e+07 	
7.13163163e+06 	 4.192265e-06 	 1.091274e+07 	
7.13213213e+06 	 4.190864e-06 	 1.091171e+07 	
7.13263263e+06 	 4.189464e-06 	 1.091067e+07 	
7.13313313e+06 	 4.188065e-06 	 1.090964e+07 	
7.13363363e+06 	 4.186665e-06 	 1.090861e+07 	
7.13413413e+06 	 4.185267e-06 	 1.090758e+07 	
7.13463463e+06 	 4.183869e-06 	 1.090655e+07 	
7.13513514e+06 	 4.182471e-06 	 1.090552e+07 	
7.13563564e+06 	 4.181074e-06 	 1.090449e+07 	
7.13613614e+06 	 4.179677e-06 	 1.090346e+07 	
7.13663664e+06 	 4.178281e-06 	 1.090243e+07 	
7.13713714e+06 	 4.176885e-06 	 1.090141e+07 	
7.13763764e+06 	 4.175490e-06 	 1.090038e+07 	
7.13813814e+06 	 4.174095e-06 	 1.089935e+07 	
7.13863864e+06 	 4.172701e-06 	 1.089832e+07 	
7.13913914e+06 	 4.171307e-06 	 1.089729e+07 	
7.13963964e+06 	 4.169914e-06 	 1.089626e+07 	
7.14014014e+06 	 4.168521e-06 	 1.089523e+07 	
7.14064064e+06 	 4.167129e-06 	 1.089421e+07 	
7.14114114e+06 	 4.165737e-06 	 1.089318e+07 	
7.14164164e+06 	 4.164346e-06 	 1.089215e+07 	
7.14214214e+06 	 4.162955e-06 	 1.089112e+07 	
7.14264264e+06 	 4.161565e-06 	 1.089009e+07 	
7.14314314e+06 	 4.160175e-06 	 1.088907e+07 	
7.14364364e+06 	 4.158786e-06 	 1.088804e+07 	
7.14414414e+06 	 4.157397e-06 	 1.088701e+07 	
7.14464464e+06 	 4.156009e-06 	 1.088599e+07 	
7.14514515e+06 	 4.154621e-06 	 1.088496e+07 	
7.14564565e+06 	 4.153233e-06 	 1.088393e+07 	
7.14614615e+06 	 4.151847e-06 	 1.088291e+07 	
7.14664665e+06 	 4.150460e-06 	 1.088188e+07 	
7.14714715e+06 	 4.149074e-06 	 1.088086e+07 	
7.14764765e+06 	 4.147689e-06 	 1.087983e+07 	
7.14814815e+06 	 4.146304e-06 	 1.087880e+07 	
7.14864865e+06 	 4.144920e-06 	 1.087778e+07 	
7.14914915e+06 	 4.143536e-06 	 1.087675e+07 	
7.14964965e+06 	 4.142152e-06 	 1.087573e+07 	
7.15015015e+06 	 4.140769e-06 	 1.087470e+07 	
7.15065065e+06 	 4.139387e-06 	 1.087368e+07 	
7.15115115e+06 	 4.138005e-06 	 1.087265e+07 	
7.15165165e+06 	 4.136623e-06 	 1.087163e+07 	
7.15215215e+06 	 4.135242e-06 	 1.087061e+07 	
7.15265265e+06 	 4.133862e-06 	 1.086958e+07 	
7.15315315e+06 	 4.132482e-06 	 1.086856e+07 	
7.15365365e+06 	 4.131102e-06 	 1.086753e+07 	
7.15415415e+06 	 4.129723e-06 	 1.086651e+07 	
7.15465465e+06 	 4.128344e-06 	 1.086549e+07 	
7.15515516e+06 	 4.126966e-06 	 1.086446e+07 	
7.15565566e+06 	 4.125589e-06 	 1.086344e+07 	
7.15615616e+06 	 4.124212e-06 	 1.086242e+07 	
7.15665666e+06 	 4.122835e-06 	 1.086140e+07 	
7.15715716e+06 	 4.121459e-06 	 1.086037e+07 	
7.15765766e+06 	 4.120083e-06 	 1.085935e+07 	
7.15815816e+06 	 4.118708e-06 	 1.085833e+07 	
7.15865866e+06 	 4.117333e-06 	 1.085731e+07 	
7.15915916e+06 	 4.115959e-06 	 1.085628e+07 	
7.15965966e+06 	 4.114585e-06 	 1.085526e+07 	
7.16016016e+06 	 4.113212e-06 	 1.085424e+07 	
7.16066066e+06 	 4.111839e-06 	 1.085322e+07 	
7.16116116e+06 	 4.110467e-06 	 1.085220e+07 	
7.16166166e+06 	 4.109095e-06 	 1.085118e+07 	
7.16216216e+06 	 4.107724e-06 	 1.085016e+07 	
7.16266266e+06 	 4.106353e-06 	 1.084914e+07 	
7.16316316e+06 	 4.104982e-06 	 1.084811e+07 	
7.16366366e+06 	 4.103613e-06 	 1.084709e+07 	
7.16416416e+06 	 4.102243e-06 	 1.084607e+07 	
7.16466466e+06 	 4.100874e-06 	 1.084505e+07 	
7.16516517e+06 	 4.099506e-06 	 1.084403e+07 	
7.16566567e+06 	 4.098138e-06 	 1.084301e+07 	
7.16616617e+06 	 4.096770e-06 	 1.084200e+07 	
7.16666667e+06 	 4.095403e-06 	 1.084098e+07 	
7.16716717e+06 	 4.094037e-06 	 1.083996e+07 	
7.16766767e+06 	 4.092671e-06 	 1.083894e+07 	
7.16816817e+06 	 4.091305e-06 	 1.083792e+07 	
7.16866867e+06 	 4.089940e-06 	 1.083690e+07 	
7.16916917e+06 	 4.088576e-06 	 1.083588e+07 	
7.16966967e+06 	 4.087211e-06 	 1.083486e+07 	
7.17017017e+06 	 4.085848e-06 	 1.083384e+07 	
7.17067067e+06 	 4.084485e-06 	 1.083283e+07 	
7.17117117e+06 	 4.083122e-06 	 1.083181e+07 	
7.17167167e+06 	 4.081760e-06 	 1.083079e+07 	
7.17217217e+06 	 4.080398e-06 	 1.082977e+07 	
7.17267267e+06 	 4.079037e-06 	 1.082876e+07 	
7.17317317e+06 	 4.077676e-06 	 1.082774e+07 	
7.17367367e+06 	 4.076316e-06 	 1.082672e+07 	
7.17417417e+06 	 4.074956e-06 	 1.082570e+07 	
7.17467467e+06 	 4.073596e-06 	 1.082469e+07 	
7.17517518e+06 	 4.072237e-06 	 1.082367e+07 	
7.17567568e+06 	 4.070879e-06 	 1.082265e+07 	
7.17617618e+06 	 4.069521e-06 	 1.082164e+07 	
7.17667668e+06 	 4.068164e-06 	 1.082062e+07 	
7.17717718e+06 	 4.066807e-06 	 1.081961e+07 	
7.17767768e+06 	 4.065450e-06 	 1.081859e+07 	
7.17817818e+06 	 4.064094e-06 	 1.081758e+07 	
7.17867868e+06 	 4.062739e-06 	 1.081656e+07 	
7.17917918e+06 	 4.061384e-06 	 1.081554e+07 	
7.17967968e+06 	 4.060029e-06 	 1.081453e+07 	
7.18018018e+06 	 4.058675e-06 	 1.081351e+07 	
7.18068068e+06 	 4.057321e-06 	 1.081250e+07 	
7.18118118e+06 	 4.055968e-06 	 1.081149e+07 	
7.18168168e+06 	 4.054615e-06 	 1.081047e+07 	
7.18218218e+06 	 4.053263e-06 	 1.080946e+07 	
7.18268268e+06 	 4.051911e-06 	 1.080844e+07 	
7.18318318e+06 	 4.050560e-06 	 1.080743e+07 	
7.18368368e+06 	 4.049209e-06 	 1.080641e+07 	
7.18418418e+06 	 4.047859e-06 	 1.080540e+07 	
7.18468468e+06 	 4.046509e-06 	 1.080439e+07 	
7.18518519e+06 	 4.045160e-06 	 1.080337e+07 	
7.18568569e+06 	 4.043811e-06 	 1.080236e+07 	
7.18618619e+06 	 4.042462e-06 	 1.080135e+07 	
7.18668669e+06 	 4.041114e-06 	 1.080034e+07 	
7.18718719e+06 	 4.039767e-06 	 1.079932e+07 	
7.18768769e+06 	 4.038420e-06 	 1.079831e+07 	
7.18818819e+06 	 4.037073e-06 	 1.079730e+07 	
7.18868869e+06 	 4.035727e-06 	 1.079629e+07 	
7.18918919e+06 	 4.034381e-06 	 1.079527e+07 	
7.18968969e+06 	 4.033036e-06 	 1.079426e+07 	
7.19019019e+06 	 4.031692e-06 	 1.079325e+07 	
7.19069069e+06 	 4.030347e-06 	 1.079224e+07 	
7.19119119e+06 	 4.029004e-06 	 1.079123e+07 	
7.19169169e+06 	 4.027660e-06 	 1.079022e+07 	
7.19219219e+06 	 4.026318e-06 	 1.078921e+07 	
7.19269269e+06 	 4.024975e-06 	 1.078819e+07 	
7.19319319e+06 	 4.023633e-06 	 1.078718e+07 	
7.19369369e+06 	 4.022292e-06 	 1.078617e+07 	
7.19419419e+06 	 4.020951e-06 	 1.078516e+07 	
7.19469469e+06 	 4.019611e-06 	 1.078415e+07 	
7.19519520e+06 	 4.018271e-06 	 1.078314e+07 	
7.19569570e+06 	 4.016931e-06 	 1.078213e+07 	
7.19619620e+06 	 4.015592e-06 	 1.078112e+07 	
7.19669670e+06 	 4.014254e-06 	 1.078011e+07 	
7.19719720e+06 	 4.012915e-06 	 1.077910e+07 	
7.19769770e+06 	 4.011578e-06 	 1.077810e+07 	
7.19819820e+06 	 4.010241e-06 	 1.077709e+07 	
7.19869870e+06 	 4.008904e-06 	 1.077608e+07 	
7.19919920e+06 	 4.007568e-06 	 1.077507e+07 	
7.19969970e+06 	 4.006232e-06 	 1.077406e+07 	
7.20020020e+06 	 4.004897e-06 	 1.077305e+07 	
7.20070070e+06 	 4.003562e-06 	 1.077204e+07 	
7.20120120e+06 	 4.002227e-06 	 1.077104e+07 	
7.20170170e+06 	 4.000893e-06 	 1.077003e+07 	
7.20220220e+06 	 3.999560e-06 	 1.076902e+07 	
7.20270270e+06 	 3.998227e-06 	 1.076801e+07 	
7.20320320e+06 	 3.996894e-06 	 1.076701e+07 	
7.20370370e+06 	 3.995562e-06 	 1.076600e+07 	
7.20420420e+06 	 3.994231e-06 	 1.076499e+07 	
7.20470470e+06 	 3.992900e-06 	 1.076398e+07 	
7.20520521e+06 	 3.991569e-06 	 1.076298e+07 	
7.20570571e+06 	 3.990239e-06 	 1.076197e+07 	
7.20620621e+06 	 3.988909e-06 	 1.076096e+07 	
7.20670671e+06 	 3.987580e-06 	 1.075996e+07 	
7.20720721e+06 	 3.986251e-06 	 1.075895e+07 	
7.20770771e+06 	 3.984923e-06 	 1.075795e+07 	
7.20820821e+06 	 3.983595e-06 	 1.075694e+07 	
7.20870871e+06 	 3.982267e-06 	 1.075593e+07 	
7.20920921e+06 	 3.980940e-06 	 1.075493e+07 	
7.20970971e+06 	 3.979614e-06 	 1.075392e+07 	
7.21021021e+06 	 3.978288e-06 	 1.075292e+07 	
7.21071071e+06 	 3.976962e-06 	 1.075191e+07 	
7.21121121e+06 	 3.975637e-06 	 1.075091e+07 	
7.21171171e+06 	 3.974313e-06 	 1.074990e+07 	
7.21221221e+06 	 3.972988e-06 	 1.074890e+07 	
7.21271271e+06 	 3.971665e-06 	 1.074790e+07 	
7.21321321e+06 	 3.970341e-06 	 1.074689e+07 	
7.21371371e+06 	 3.969019e-06 	 1.074589e+07 	
7.21421421e+06 	 3.967696e-06 	 1.074488e+07 	
7.21471471e+06 	 3.966374e-06 	 1.074388e+07 	
7.21521522e+06 	 3.965053e-06 	 1.074288e+07 	
7.21571572e+06 	 3.963732e-06 	 1.074187e+07 	
7.21621622e+06 	 3.962412e-06 	 1.074087e+07 	
7.21671672e+06 	 3.961092e-06 	 1.073987e+07 	
7.21721722e+06 	 3.959772e-06 	 1.073886e+07 	
7.21771772e+06 	 3.958453e-06 	 1.073786e+07 	
7.21821822e+06 	 3.957134e-06 	 1.073686e+07 	
7.21871872e+06 	 3.955816e-06 	 1.073586e+07 	
7.21921922e+06 	 3.954498e-06 	 1.073486e+07 	
7.21971972e+06 	 3.953181e-06 	 1.073385e+07 	
7.22022022e+06 	 3.951864e-06 	 1.073285e+07 	
7.22072072e+06 	 3.950548e-06 	 1.073185e+07 	
7.22122122e+06 	 3.949232e-06 	 1.073085e+07 	
7.22172172e+06 	 3.947917e-06 	 1.072985e+07 	
7.22222222e+06 	 3.946602e-06 	 1.072885e+07 	
7.22272272e+06 	 3.945287e-06 	 1.072784e+07 	
7.22322322e+06 	 3.943973e-06 	 1.072684e+07 	
7.22372372e+06 	 3.942659e-06 	 1.072584e+07 	
7.22422422e+06 	 3.941346e-06 	 1.072484e+07 	
7.22472472e+06 	 3.940033e-06 	 1.072384e+07 	
7.22522523e+06 	 3.938721e-06 	 1.072284e+07 	
7.22572573e+06 	 3.937409e-06 	 1.072184e+07 	
7.22622623e+06 	 3.936098e-06 	 1.072084e+07 	
7.22672673e+06 	 3.934787e-06 	 1.071984e+07 	
7.22722723e+06 	 3.933477e-06 	 1.071884e+07 	
7.22772773e+06 	 3.932167e-06 	 1.071784e+07 	
7.22822823e+06 	 3.930857e-06 	 1.071684e+07 	
7.22872873e+06 	 3.929548e-06 	 1.071584e+07 	
7.22922923e+06 	 3.928240e-06 	 1.071485e+07 	
7.22972973e+06 	 3.926931e-06 	 1.071385e+07 	
7.23023023e+06 	 3.925624e-06 	 1.071285e+07 	
7.23073073e+06 	 3.924317e-06 	 1.071185e+07 	
7.23123123e+06 	 3.923010e-06 	 1.071085e+07 	
7.23173173e+06 	 3.921703e-06 	 1.070985e+07 	
7.23223223e+06 	 3.920398e-06 	 1.070886e+07 	
7.23273273e+06 	 3.919092e-06 	 1.070786e+07 	
7.23323323e+06 	 3.917787e-06 	 1.070686e+07 	
7.23373373e+06 	 3.916483e-06 	 1.070586e+07 	
7.23423423e+06 	 3.915179e-06 	 1.070486e+07 	
7.23473473e+06 	 3.913875e-06 	 1.070387e+07 	
7.23523524e+06 	 3.912572e-06 	 1.070287e+07 	
7.23573574e+06 	 3.911269e-06 	 1.070187e+07 	
7.23623624e+06 	 3.909967e-06 	 1.070088e+07 	
7.23673674e+06 	 3.908665e-06 	 1.069988e+07 	
7.23723724e+06 	 3.907364e-06 	 1.069888e+07 	
7.23773774e+06 	 3.906063e-06 	 1.069789e+07 	
7.23823824e+06 	 3.904762e-06 	 1.069689e+07 	
7.23873874e+06 	 3.903462e-06 	 1.069590e+07 	
7.23923924e+06 	 3.902163e-06 	 1.069490e+07 	
7.23973974e+06 	 3.900864e-06 	 1.069390e+07 	
7.24024024e+06 	 3.899565e-06 	 1.069291e+07 	
7.24074074e+06 	 3.898267e-06 	 1.069191e+07 	
7.24124124e+06 	 3.896969e-06 	 1.069092e+07 	
7.24174174e+06 	 3.895672e-06 	 1.068992e+07 	
7.24224224e+06 	 3.894375e-06 	 1.068893e+07 	
7.24274274e+06 	 3.893079e-06 	 1.068793e+07 	
7.24324324e+06 	 3.891783e-06 	 1.068694e+07 	
7.24374374e+06 	 3.890487e-06 	 1.068595e+07 	
7.24424424e+06 	 3.889192e-06 	 1.068495e+07 	
7.24474474e+06 	 3.887898e-06 	 1.068396e+07 	
7.24524525e+06 	 3.886603e-06 	 1.068296e+07 	
7.24574575e+06 	 3.885310e-06 	 1.068197e+07 	
7.24624625e+06 	 3.884016e-06 	 1.068098e+07 	
7.24674675e+06 	 3.882724e-06 	 1.067998e+07 	
7.24724725e+06 	 3.881431e-06 	 1.067899e+07 	
7.24774775e+06 	 3.880139e-06 	 1.067800e+07 	
7.24824825e+06 	 3.878848e-06 	 1.067700e+07 	
7.24874875e+06 	 3.877557e-06 	 1.067601e+07 	
7.24924925e+06 	 3.876266e-06 	 1.067502e+07 	
7.24974975e+06 	 3.874976e-06 	 1.067403e+07 	
7.25025025e+06 	 3.873686e-06 	 1.067303e+07 	
7.25075075e+06 	 3.872397e-06 	 1.067204e+07 	
7.25125125e+06 	 3.871108e-06 	 1.067105e+07 	
7.25175175e+06 	 3.869820e-06 	 1.067006e+07 	
7.25225225e+06 	 3.868532e-06 	 1.066907e+07 	
7.25275275e+06 	 3.867245e-06 	 1.066808e+07 	
7.25325325e+06 	 3.865958e-06 	 1.066708e+07 	
7.25375375e+06 	 3.864671e-06 	 1.066609e+07 	
7.25425425e+06 	 3.863385e-06 	 1.066510e+07 	
7.25475475e+06 	 3.862099e-06 	 1.066411e+07 	
7.25525526e+06 	 3.860814e-06 	 1.066312e+07 	
7.25575576e+06 	 3.859529e-06 	 1.066213e+07 	
7.25625626e+06 	 3.858245e-06 	 1.066114e+07 	
7.25675676e+06 	 3.856961e-06 	 1.066015e+07 	
7.25725726e+06 	 3.855678e-06 	 1.065916e+07 	
7.25775776e+06 	 3.854395e-06 	 1.065817e+07 	
7.25825826e+06 	 3.853112e-06 	 1.065718e+07 	
7.25875876e+06 	 3.851830e-06 	 1.065619e+07 	
7.25925926e+06 	 3.850548e-06 	 1.065520e+07 	
7.25975976e+06 	 3.849267e-06 	 1.065421e+07 	
7.26026026e+06 	 3.847986e-06 	 1.065322e+07 	
7.26076076e+06 	 3.846706e-06 	 1.065224e+07 	
7.26126126e+06 	 3.845426e-06 	 1.065125e+07 	
7.26176176e+06 	 3.844147e-06 	 1.065026e+07 	
7.26226226e+06 	 3.842868e-06 	 1.064927e+07 	
7.26276276e+06 	 3.841589e-06 	 1.064828e+07 	
7.26326326e+06 	 3.840311e-06 	 1.064729e+07 	
7.26376376e+06 	 3.839033e-06 	 1.064631e+07 	
7.26426426e+06 	 3.837756e-06 	 1.064532e+07 	
7.26476476e+06 	 3.836479e-06 	 1.064433e+07 	
7.26526527e+06 	 3.835203e-06 	 1.064334e+07 	
7.26576577e+06 	 3.833927e-06 	 1.064236e+07 	
7.26626627e+06 	 3.832651e-06 	 1.064137e+07 	
7.26676677e+06 	 3.831376e-06 	 1.064038e+07 	
7.26726727e+06 	 3.830102e-06 	 1.063939e+07 	
7.26776777e+06 	 3.828828e-06 	 1.063841e+07 	
7.26826827e+06 	 3.827554e-06 	 1.063742e+07 	
7.26876877e+06 	 3.826281e-06 	 1.063643e+07 	
7.26926927e+06 	 3.825008e-06 	 1.063545e+07 	
7.26976977e+06 	 3.823735e-06 	 1.063446e+07 	
7.27027027e+06 	 3.822463e-06 	 1.063348e+07 	
7.27077077e+06 	 3.821192e-06 	 1.063249e+07 	
7.27127127e+06 	 3.819921e-06 	 1.063151e+07 	
7.27177177e+06 	 3.818650e-06 	 1.063052e+07 	
7.27227227e+06 	 3.817380e-06 	 1.062953e+07 	
7.27277277e+06 	 3.816110e-06 	 1.062855e+07 	
7.27327327e+06 	 3.814841e-06 	 1.062756e+07 	
7.27377377e+06 	 3.813572e-06 	 1.062658e+07 	
7.27427427e+06 	 3.812303e-06 	 1.062560e+07 	
7.27477477e+06 	 3.811035e-06 	 1.062461e+07 	
7.27527528e+06 	 3.809768e-06 	 1.062363e+07 	
7.27577578e+06 	 3.808500e-06 	 1.062264e+07 	
7.27627628e+06 	 3.807234e-06 	 1.062166e+07 	
7.27677678e+06 	 3.805967e-06 	 1.062068e+07 	
7.27727728e+06 	 3.804702e-06 	 1.061969e+07 	
7.27777778e+06 	 3.803436e-06 	 1.061871e+07 	
7.27827828e+06 	 3.802171e-06 	 1.061772e+07 	
7.27877878e+06 	 3.800907e-06 	 1.061674e+07 	
7.27927928e+06 	 3.799643e-06 	 1.061576e+07 	
7.27977978e+06 	 3.798379e-06 	 1.061478e+07 	
7.28028028e+06 	 3.797116e-06 	 1.061379e+07 	
7.28078078e+06 	 3.795853e-06 	 1.061281e+07 	
7.28128128e+06 	 3.794590e-06 	 1.061183e+07 	
7.28178178e+06 	 3.793328e-06 	 1.061085e+07 	
7.28228228e+06 	 3.792067e-06 	 1.060986e+07 	
7.28278278e+06 	 3.790806e-06 	 1.060888e+07 	
7.28328328e+06 	 3.789545e-06 	 1.060790e+07 	
7.28378378e+06 	 3.788285e-06 	 1.060692e+07 	
7.28428428e+06 	 3.787025e-06 	 1.060594e+07 	
7.28478478e+06 	 3.785766e-06 	 1.060496e+07 	
7.28528529e+06 	 3.784507e-06 	 1.060397e+07 	
7.28578579e+06 	 3.783249e-06 	 1.060299e+07 	
7.28628629e+06 	 3.781991e-06 	 1.060201e+07 	
7.28678679e+06 	 3.780733e-06 	 1.060103e+07 	
7.28728729e+06 	 3.779476e-06 	 1.060005e+07 	
7.28778779e+06 	 3.778219e-06 	 1.059907e+07 	
7.28828829e+06 	 3.776963e-06 	 1.059809e+07 	
7.28878879e+06 	 3.775707e-06 	 1.059711e+07 	
7.28928929e+06 	 3.774451e-06 	 1.059613e+07 	
7.28978979e+06 	 3.773196e-06 	 1.059515e+07 	
7.29029029e+06 	 3.771942e-06 	 1.059417e+07 	
7.29079079e+06 	 3.770688e-06 	 1.059319e+07 	
7.29129129e+06 	 3.769434e-06 	 1.059221e+07 	
7.29179179e+06 	 3.768181e-06 	 1.059123e+07 	
7.29229229e+06 	 3.766928e-06 	 1.059026e+07 	
7.29279279e+06 	 3.765675e-06 	 1.058928e+07 	
7.29329329e+06 	 3.764423e-06 	 1.058830e+07 	
7.29379379e+06 	 3.763172e-06 	 1.058732e+07 	
7.29429429e+06 	 3.761921e-06 	 1.058634e+07 	
7.29479479e+06 	 3.760670e-06 	 1.058536e+07 	
7.29529530e+06 	 3.759420e-06 	 1.058438e+07 	
7.29579580e+06 	 3.758170e-06 	 1.058341e+07 	
7.29629630e+06 	 3.756920e-06 	 1.058243e+07 	
7.29679680e+06 	 3.755671e-06 	 1.058145e+07 	
7.29729730e+06 	 3.754423e-06 	 1.058047e+07 	
7.29779780e+06 	 3.753175e-06 	 1.057950e+07 	
7.29829830e+06 	 3.751927e-06 	 1.057852e+07 	
7.29879880e+06 	 3.750680e-06 	 1.057754e+07 	
7.29929930e+06 	 3.749433e-06 	 1.057657e+07 	
7.29979980e+06 	 3.748187e-06 	 1.057559e+07 	
7.30030030e+06 	 3.746941e-06 	 1.057461e+07 	
7.30080080e+06 	 3.745695e-06 	 1.057364e+07 	
7.30130130e+06 	 3.744450e-06 	 1.057266e+07 	
7.30180180e+06 	 3.743205e-06 	 1.057169e+07 	
7.30230230e+06 	 3.741961e-06 	 1.057071e+07 	
7.30280280e+06 	 3.740717e-06 	 1.056973e+07 	
7.30330330e+06 	 3.739474e-06 	 1.056876e+07 	
7.30380380e+06 	 3.738231e-06 	 1.056778e+07 	
7.30430430e+06 	 3.736988e-06 	 1.056681e+07 	
7.30480480e+06 	 3.735746e-06 	 1.056583e+07 	
7.30530531e+06 	 3.734504e-06 	 1.056486e+07 	
7.30580581e+06 	 3.733263e-06 	 1.056388e+07 	
7.30630631e+06 	 3.732022e-06 	 1.056291e+07 	
7.30680681e+06 	 3.730781e-06 	 1.056193e+07 	
7.30730731e+06 	 3.729541e-06 	 1.056096e+07 	
7.30780781e+06 	 3.728302e-06 	 1.055999e+07 	
7.30830831e+06 	 3.727063e-06 	 1.055901e+07 	
7.30880881e+06 	 3.725824e-06 	 1.055804e+07 	
7.30930931e+06 	 3.724586e-06 	 1.055706e+07 	
7.30980981e+06 	 3.723348e-06 	 1.055609e+07 	
7.31031031e+06 	 3.722110e-06 	 1.055512e+07 	
7.31081081e+06 	 3.720873e-06 	 1.055414e+07 	
7.31131131e+06 	 3.719637e-06 	 1.055317e+07 	
7.31181181e+06 	 3.718400e-06 	 1.055220e+07 	
7.31231231e+06 	 3.717165e-06 	 1.055123e+07 	
7.31281281e+06 	 3.715929e-06 	 1.055025e+07 	
7.31331331e+06 	 3.714694e-06 	 1.054928e+07 	
7.31381381e+06 	 3.713460e-06 	 1.054831e+07 	
7.31431431e+06 	 3.712226e-06 	 1.054734e+07 	
7.31481481e+06 	 3.710992e-06 	 1.054636e+07 	
7.31531532e+06 	 3.709759e-06 	 1.054539e+07 	
7.31581582e+06 	 3.708526e-06 	 1.054442e+07 	
7.31631632e+06 	 3.707294e-06 	 1.054345e+07 	
7.31681682e+06 	 3.706062e-06 	 1.054248e+07 	
7.31731732e+06 	 3.704830e-06 	 1.054151e+07 	
7.31781782e+06 	 3.703599e-06 	 1.054054e+07 	
7.31831832e+06 	 3.702368e-06 	 1.053957e+07 	
7.31881882e+06 	 3.701138e-06 	 1.053859e+07 	
7.31931932e+06 	 3.699908e-06 	 1.053762e+07 	
7.31981982e+06 	 3.698679e-06 	 1.053665e+07 	
7.32032032e+06 	 3.697450e-06 	 1.053568e+07 	
7.32082082e+06 	 3.696221e-06 	 1.053471e+07 	
7.32132132e+06 	 3.694993e-06 	 1.053374e+07 	
7.32182182e+06 	 3.693765e-06 	 1.053277e+07 	
7.32232232e+06 	 3.692538e-06 	 1.053180e+07 	
7.32282282e+06 	 3.691311e-06 	 1.053084e+07 	
7.32332332e+06 	 3.690084e-06 	 1.052987e+07 	
7.32382382e+06 	 3.688858e-06 	 1.052890e+07 	
7.32432432e+06 	 3.687632e-06 	 1.052793e+07 	
7.32482482e+06 	 3.686407e-06 	 1.052696e+07 	
7.32532533e+06 	 3.685182e-06 	 1.052599e+07 	
7.32582583e+06 	 3.683958e-06 	 1.052502e+07 	
7.32632633e+06 	 3.682734e-06 	 1.052405e+07 	
7.32682683e+06 	 3.681510e-06 	 1.052308e+07 	
7.32732733e+06 	 3.680287e-06 	 1.052212e+07 	
7.32782783e+06 	 3.679064e-06 	 1.052115e+07 	
7.32832833e+06 	 3.677842e-06 	 1.052018e+07 	
7.32882883e+06 	 3.676620e-06 	 1.051921e+07 	
7.32932933e+06 	 3.675399e-06 	 1.051825e+07 	
7.32982983e+06 	 3.674178e-06 	 1.051728e+07 	
7.33033033e+06 	 3.672957e-06 	 1.051631e+07 	
7.33083083e+06 	 3.671737e-06 	 1.051534e+07 	
7.33133133e+06 	 3.670517e-06 	 1.051438e+07 	
7.33183183e+06 	 3.669298e-06 	 1.051341e+07 	
7.33233233e+06 	 3.668079e-06 	 1.051244e+07 	
7.33283283e+06 	 3.666860e-06 	 1.051148e+07 	
7.33333333e+06 	 3.665642e-06 	 1.051051e+07 	
7.33383383e+06 	 3.664424e-06 	 1.050955e+07 	
7.33433433e+06 	 3.663207e-06 	 1.050858e+07 	
7.33483483e+06 	 3.661990e-06 	 1.050761e+07 	
7.33533534e+06 	 3.660773e-06 	 1.050665e+07 	
7.33583584e+06 	 3.659557e-06 	 1.050568e+07 	
7.33633634e+06 	 3.658342e-06 	 1.050472e+07 	
7.33683684e+06 	 3.657126e-06 	 1.050375e+07 	
7.33733734e+06 	 3.655912e-06 	 1.050279e+07 	
7.33783784e+06 	 3.654697e-06 	 1.050182e+07 	
7.33833834e+06 	 3.653483e-06 	 1.050086e+07 	
7.33883884e+06 	 3.652269e-06 	 1.049989e+07 	
7.33933934e+06 	 3.651056e-06 	 1.049893e+07 	
7.33983984e+06 	 3.649844e-06 	 1.049797e+07 	
7.34034034e+06 	 3.648631e-06 	 1.049700e+07 	
7.34084084e+06 	 3.647419e-06 	 1.049604e+07 	
7.34134134e+06 	 3.646208e-06 	 1.049507e+07 	
7.34184184e+06 	 3.644997e-06 	 1.049411e+07 	
7.34234234e+06 	 3.643786e-06 	 1.049315e+07 	
7.34284284e+06 	 3.642576e-06 	 1.049218e+07 	
7.34334334e+06 	 3.641366e-06 	 1.049122e+07 	
7.34384384e+06 	 3.640156e-06 	 1.049026e+07 	
7.34434434e+06 	 3.638947e-06 	 1.048929e+07 	
7.34484484e+06 	 3.637739e-06 	 1.048833e+07 	
7.34534535e+06 	 3.636530e-06 	 1.048737e+07 	
7.34584585e+06 	 3.635322e-06 	 1.048641e+07 	
7.34634635e+06 	 3.634115e-06 	 1.048544e+07 	
7.34684685e+06 	 3.632908e-06 	 1.048448e+07 	
7.34734735e+06 	 3.631701e-06 	 1.048352e+07 	
7.34784785e+06 	 3.630495e-06 	 1.048256e+07 	
7.34834835e+06 	 3.629290e-06 	 1.048160e+07 	
7.34884885e+06 	 3.628084e-06 	 1.048064e+07 	
7.34934935e+06 	 3.626879e-06 	 1.047967e+07 	
7.34984985e+06 	 3.625675e-06 	 1.047871e+07 	
7.35035035e+06 	 3.624471e-06 	 1.047775e+07 	
7.35085085e+06 	 3.623267e-06 	 1.047679e+07 	
7.35135135e+06 	 3.622064e-06 	 1.047583e+07 	
7.35185185e+06 	 3.620861e-06 	 1.047487e+07 	
7.35235235e+06 	 3.619658e-06 	 1.047391e+07 	
7.35285285e+06 	 3.618456e-06 	 1.047295e+07 	
7.35335335e+06 	 3.617254e-06 	 1.047199e+07 	
7.35385385e+06 	 3.616053e-06 	 1.047103e+07 	
7.35435435e+06 	 3.614852e-06 	 1.047007e+07 	
7.35485485e+06 	 3.613652e-06 	 1.046911e+07 	
7.35535536e+06 	 3.612452e-06 	 1.046815e+07 	
7.35585586e+06 	 3.611252e-06 	 1.046719e+07 	
7.35635636e+06 	 3.610053e-06 	 1.046623e+07 	
7.35685686e+06 	 3.608854e-06 	 1.046527e+07 	
7.35735736e+06 	 3.607656e-06 	 1.046431e+07 	
7.35785786e+06 	 3.606458e-06 	 1.046336e+07 	
7.35835836e+06 	 3.605260e-06 	 1.046240e+07 	
7.35885886e+06 	 3.604063e-06 	 1.046144e+07 	
7.35935936e+06 	 3.602866e-06 	 1.046048e+07 	
7.35985986e+06 	 3.601670e-06 	 1.045952e+07 	
7.36036036e+06 	 3.600474e-06 	 1.045856e+07 	
7.36086086e+06 	 3.599278e-06 	 1.045761e+07 	
7.36136136e+06 	 3.598083e-06 	 1.045665e+07 	
7.36186186e+06 	 3.596888e-06 	 1.045569e+07 	
7.36236236e+06 	 3.595694e-06 	 1.045473e+07 	
7.36286286e+06 	 3.594500e-06 	 1.045378e+07 	
7.36336336e+06 	 3.593307e-06 	 1.045282e+07 	
7.36386386e+06 	 3.592113e-06 	 1.045186e+07 	
7.36436436e+06 	 3.590921e-06 	 1.045091e+07 	
7.36486486e+06 	 3.589728e-06 	 1.044995e+07 	
7.36536537e+06 	 3.588536e-06 	 1.044899e+07 	
7.36586587e+06 	 3.587345e-06 	 1.044804e+07 	
7.36636637e+06 	 3.586154e-06 	 1.044708e+07 	
7.36686687e+06 	 3.584963e-06 	 1.044612e+07 	
7.36736737e+06 	 3.583773e-06 	 1.044517e+07 	
7.36786787e+06 	 3.582583e-06 	 1.044421e+07 	
7.36836837e+06 	 3.581393e-06 	 1.044326e+07 	
7.36886887e+06 	 3.580204e-06 	 1.044230e+07 	
7.36936937e+06 	 3.579016e-06 	 1.044135e+07 	
7.36986987e+06 	 3.577827e-06 	 1.044039e+07 	
7.37037037e+06 	 3.576639e-06 	 1.043944e+07 	
7.37087087e+06 	 3.575452e-06 	 1.043848e+07 	
7.37137137e+06 	 3.574265e-06 	 1.043753e+07 	
7.37187187e+06 	 3.573078e-06 	 1.043657e+07 	
7.37237237e+06 	 3.571892e-06 	 1.043562e+07 	
7.37287287e+06 	 3.570706e-06 	 1.043466e+07 	
7.37337337e+06 	 3.569521e-06 	 1.043371e+07 	
7.37387387e+06 	 3.568336e-06 	 1.043276e+07 	
7.37437437e+06 	 3.567151e-06 	 1.043180e+07 	
7.37487487e+06 	 3.565967e-06 	 1.043085e+07 	
7.37537538e+06 	 3.564783e-06 	 1.042990e+07 	
7.37587588e+06 	 3.563599e-06 	 1.042894e+07 	
7.37637638e+06 	 3.562416e-06 	 1.042799e+07 	
7.37687688e+06 	 3.561234e-06 	 1.042704e+07 	
7.37737738e+06 	 3.560051e-06 	 1.042608e+07 	
7.37787788e+06 	 3.558869e-06 	 1.042513e+07 	
7.37837838e+06 	 3.557688e-06 	 1.042418e+07 	
7.37887888e+06 	 3.556507e-06 	 1.042323e+07 	
7.37937938e+06 	 3.555326e-06 	 1.042227e+07 	
7.37987988e+06 	 3.554146e-06 	 1.042132e+07 	
7.38038038e+06 	 3.552966e-06 	 1.042037e+07 	
7.38088088e+06 	 3.551787e-06 	 1.041942e+07 	
7.38138138e+06 	 3.550608e-06 	 1.041847e+07 	
7.38188188e+06 	 3.549429e-06 	 1.041751e+07 	
7.38238238e+06 	 3.548251e-06 	 1.041656e+07 	
7.38288288e+06 	 3.547073e-06 	 1.041561e+07 	
7.38338338e+06 	 3.545895e-06 	 1.041466e+07 	
7.38388388e+06 	 3.544718e-06 	 1.041371e+07 	
7.38438438e+06 	 3.543542e-06 	 1.041276e+07 	
7.38488488e+06 	 3.542365e-06 	 1.041181e+07 	
7.38538539e+06 	 3.541189e-06 	 1.041086e+07 	
7.38588589e+06 	 3.540014e-06 	 1.040991e+07 	
7.38638639e+06 	 3.538839e-06 	 1.040896e+07 	
7.38688689e+06 	 3.537664e-06 	 1.040801e+07 	
7.38738739e+06 	 3.536490e-06 	 1.040706e+07 	
7.38788789e+06 	 3.535316e-06 	 1.040611e+07 	
7.38838839e+06 	 3.534142e-06 	 1.040516e+07 	
7.38888889e+06 	 3.532969e-06 	 1.040421e+07 	
7.38938939e+06 	 3.531797e-06 	 1.040326e+07 	
7.38988989e+06 	 3.530624e-06 	 1.040231e+07 	
7.39039039e+06 	 3.529452e-06 	 1.040136e+07 	
7.39089089e+06 	 3.528281e-06 	 1.040041e+07 	
7.39139139e+06 	 3.527110e-06 	 1.039947e+07 	
7.39189189e+06 	 3.525939e-06 	 1.039852e+07 	
7.39239239e+06 	 3.524769e-06 	 1.039757e+07 	
7.39289289e+06 	 3.523599e-06 	 1.039662e+07 	
7.39339339e+06 	 3.522429e-06 	 1.039567e+07 	
7.39389389e+06 	 3.521260e-06 	 1.039472e+07 	
7.39439439e+06 	 3.520091e-06 	 1.039378e+07 	
7.39489489e+06 	 3.518923e-06 	 1.039283e+07 	
7.39539540e+06 	 3.517755e-06 	 1.039188e+07 	
7.39589590e+06 	 3.516587e-06 	 1.039093e+07 	
7.39639640e+06 	 3.515420e-06 	 1.038999e+07 	
7.39689690e+06 	 3.514253e-06 	 1.038904e+07 	
7.39739740e+06 	 3.513087e-06 	 1.038809e+07 	
7.39789790e+06 	 3.511921e-06 	 1.038715e+07 	
7.39839840e+06 	 3.510755e-06 	 1.038620e+07 	
7.39889890e+06 	 3.509590e-06 	 1.038525e+07 	
7.39939940e+06 	 3.508425e-06 	 1.038431e+07 	
7.39989990e+06 	 3.507261e-06 	 1.038336e+07 	
7.40040040e+06 	 3.506097e-06 	 1.038242e+07 	
7.40090090e+06 	 3.504933e-06 	 1.038147e+07 	
7.40140140e+06 	 3.503770e-06 	 1.038052e+07 	
7.40190190e+06 	 3.502607e-06 	 1.037958e+07 	
7.40240240e+06 	 3.501445e-06 	 1.037863e+07 	
7.40290290e+06 	 3.500283e-06 	 1.037769e+07 	
7.40340340e+06 	 3.499121e-06 	 1.037674e+07 	
7.40390390e+06 	 3.497960e-06 	 1.037580e+07 	
7.40440440e+06 	 3.496799e-06 	 1.037485e+07 	
7.40490490e+06 	 3.495638e-06 	 1.037391e+07 	
7.40540541e+06 	 3.494478e-06 	 1.037296e+07 	
7.40590591e+06 	 3.493319e-06 	 1.037202e+07 	
7.40640641e+06 	 3.492159e-06 	 1.037108e+07 	
7.40690691e+06 	 3.491000e-06 	 1.037013e+07 	
7.40740741e+06 	 3.489842e-06 	 1.036919e+07 	
7.40790791e+06 	 3.488684e-06 	 1.036824e+07 	
7.40840841e+06 	 3.487526e-06 	 1.036730e+07 	
7.40890891e+06 	 3.486368e-06 	 1.036636e+07 	
7.40940941e+06 	 3.485211e-06 	 1.036541e+07 	
7.40990991e+06 	 3.484055e-06 	 1.036447e+07 	
7.41041041e+06 	 3.482899e-06 	 1.036353e+07 	
7.41091091e+06 	 3.481743e-06 	 1.036259e+07 	
7.41141141e+06 	 3.480587e-06 	 1.036164e+07 	
7.41191191e+06 	 3.479432e-06 	 1.036070e+07 	
7.41241241e+06 	 3.478278e-06 	 1.035976e+07 	
7.41291291e+06 	 3.477123e-06 	 1.035882e+07 	
7.41341341e+06 	 3.475970e-06 	 1.035787e+07 	
7.41391391e+06 	 3.474816e-06 	 1.035693e+07 	
7.41441441e+06 	 3.473663e-06 	 1.035599e+07 	
7.41491491e+06 	 3.472510e-06 	 1.035505e+07 	
7.41541542e+06 	 3.471358e-06 	 1.035411e+07 	
7.41591592e+06 	 3.470206e-06 	 1.035317e+07 	
7.41641642e+06 	 3.469054e-06 	 1.035222e+07 	
7.41691692e+06 	 3.467903e-06 	 1.035128e+07 	
7.41741742e+06 	 3.466753e-06 	 1.035034e+07 	
7.41791792e+06 	 3.465602e-06 	 1.034940e+07 	
7.41841842e+06 	 3.464452e-06 	 1.034846e+07 	
7.41891892e+06 	 3.463303e-06 	 1.034752e+07 	
7.41941942e+06 	 3.462153e-06 	 1.034658e+07 	
7.41991992e+06 	 3.461004e-06 	 1.034564e+07 	
7.42042042e+06 	 3.459856e-06 	 1.034470e+07 	
7.42092092e+06 	 3.458708e-06 	 1.034376e+07 	
7.42142142e+06 	 3.457560e-06 	 1.034282e+07 	
7.42192192e+06 	 3.456413e-06 	 1.034188e+07 	
7.42242242e+06 	 3.455266e-06 	 1.034094e+07 	
7.42292292e+06 	 3.454120e-06 	 1.034000e+07 	
7.42342342e+06 	 3.452973e-06 	 1.033906e+07 	
7.42392392e+06 	 3.451828e-06 	 1.033812e+07 	
7.42442442e+06 	 3.450682e-06 	 1.033719e+07 	
7.42492492e+06 	 3.449537e-06 	 1.033625e+07 	
7.42542543e+06 	 3.448393e-06 	 1.033531e+07 	
7.42592593e+06 	 3.447248e-06 	 1.033437e+07 	
7.42642643e+06 	 3.446105e-06 	 1.033343e+07 	
7.42692693e+06 	 3.444961e-06 	 1.033249e+07 	
7.42742743e+06 	 3.443818e-06 	 1.033156e+07 	
7.42792793e+06 	 3.442675e-06 	 1.033062e+07 	
7.42842843e+06 	 3.441533e-06 	 1.032968e+07 	
7.42892893e+06 	 3.440391e-06 	 1.032874e+07 	
7.42942943e+06 	 3.439250e-06 	 1.032781e+07 	
7.42992993e+06 	 3.438109e-06 	 1.032687e+07 	
7.43043043e+06 	 3.436968e-06 	 1.032593e+07 	
7.43093093e+06 	 3.435827e-06 	 1.032499e+07 	
7.43143143e+06 	 3.434687e-06 	 1.032406e+07 	
7.43193193e+06 	 3.433548e-06 	 1.032312e+07 	
7.43243243e+06 	 3.432409e-06 	 1.032218e+07 	
7.43293293e+06 	 3.431270e-06 	 1.032125e+07 	
7.43343343e+06 	 3.430131e-06 	 1.032031e+07 	
7.43393393e+06 	 3.428993e-06 	 1.031938e+07 	
7.43443443e+06 	 3.427855e-06 	 1.031844e+07 	
7.43493493e+06 	 3.426718e-06 	 1.031750e+07 	
7.43543544e+06 	 3.425581e-06 	 1.031657e+07 	
7.43593594e+06 	 3.424445e-06 	 1.031563e+07 	
7.43643644e+06 	 3.423308e-06 	 1.031470e+07 	
7.43693694e+06 	 3.422173e-06 	 1.031376e+07 	
7.43743744e+06 	 3.421037e-06 	 1.031283e+07 	
7.43793794e+06 	 3.419902e-06 	 1.031189e+07 	
7.43843844e+06 	 3.418767e-06 	 1.031096e+07 	
7.43893894e+06 	 3.417633e-06 	 1.031002e+07 	
7.43943944e+06 	 3.416499e-06 	 1.030909e+07 	
7.43993994e+06 	 3.415366e-06 	 1.030816e+07 	
7.44044044e+06 	 3.414233e-06 	 1.030722e+07 	
7.44094094e+06 	 3.413100e-06 	 1.030629e+07 	
7.44144144e+06 	 3.411967e-06 	 1.030535e+07 	
7.44194194e+06 	 3.410835e-06 	 1.030442e+07 	
7.44244244e+06 	 3.409704e-06 	 1.030349e+07 	
7.44294294e+06 	 3.408573e-06 	 1.030255e+07 	
7.44344344e+06 	 3.407442e-06 	 1.030162e+07 	
7.44394394e+06 	 3.406311e-06 	 1.030069e+07 	
7.44444444e+06 	 3.405181e-06 	 1.029975e+07 	
7.44494494e+06 	 3.404051e-06 	 1.029882e+07 	
7.44544545e+06 	 3.402922e-06 	 1.029789e+07 	
7.44594595e+06 	 3.401793e-06 	 1.029696e+07 	
7.44644645e+06 	 3.400664e-06 	 1.029602e+07 	
7.44694695e+06 	 3.399536e-06 	 1.029509e+07 	
7.44744745e+06 	 3.398408e-06 	 1.029416e+07 	
7.44794795e+06 	 3.397281e-06 	 1.029323e+07 	
7.44844845e+06 	 3.396154e-06 	 1.029230e+07 	
7.44894895e+06 	 3.395027e-06 	 1.029136e+07 	
7.44944945e+06 	 3.393901e-06 	 1.029043e+07 	
7.44994995e+06 	 3.392775e-06 	 1.028950e+07 	
7.45045045e+06 	 3.391649e-06 	 1.028857e+07 	
7.45095095e+06 	 3.390524e-06 	 1.028764e+07 	
7.45145145e+06 	 3.389399e-06 	 1.028671e+07 	
7.45195195e+06 	 3.388275e-06 	 1.028578e+07 	
7.45245245e+06 	 3.387151e-06 	 1.028485e+07 	
7.45295295e+06 	 3.386027e-06 	 1.028392e+07 	
7.45345345e+06 	 3.384904e-06 	 1.028299e+07 	
7.45395395e+06 	 3.383781e-06 	 1.028206e+07 	
7.45445445e+06 	 3.382658e-06 	 1.028113e+07 	
7.45495495e+06 	 3.381536e-06 	 1.028020e+07 	
7.45545546e+06 	 3.380414e-06 	 1.027927e+07 	
7.45595596e+06 	 3.379293e-06 	 1.027834e+07 	
7.45645646e+06 	 3.378172e-06 	 1.027741e+07 	
7.45695696e+06 	 3.377051e-06 	 1.027648e+07 	
7.45745746e+06 	 3.375930e-06 	 1.027555e+07 	
7.45795796e+06 	 3.374811e-06 	 1.027462e+07 	
7.45845846e+06 	 3.373691e-06 	 1.027369e+07 	
7.45895896e+06 	 3.372572e-06 	 1.027276e+07 	
7.45945946e+06 	 3.371453e-06 	 1.027183e+07 	
7.45995996e+06 	 3.370334e-06 	 1.027090e+07 	
7.46046046e+06 	 3.369216e-06 	 1.026998e+07 	
7.46096096e+06 	 3.368099e-06 	 1.026905e+07 	
7.46146146e+06 	 3.366981e-06 	 1.026812e+07 	
7.46196196e+06 	 3.365864e-06 	 1.026719e+07 	
7.46246246e+06 	 3.364748e-06 	 1.026626e+07 	
7.46296296e+06 	 3.363632e-06 	 1.026534e+07 	
7.46346346e+06 	 3.362516e-06 	 1.026441e+07 	
7.46396396e+06 	 3.361400e-06 	 1.026348e+07 	
7.46446446e+06 	 3.360285e-06 	 1.026256e+07 	
7.46496496e+06 	 3.359170e-06 	 1.026163e+07 	
7.46546547e+06 	 3.358056e-06 	 1.026070e+07 	
7.46596597e+06 	 3.356942e-06 	 1.025977e+07 	
7.46646647e+06 	 3.355828e-06 	 1.025885e+07 	
7.46696697e+06 	 3.354715e-06 	 1.025792e+07 	
7.46746747e+06 	 3.353602e-06 	 1.025700e+07 	
7.46796797e+06 	 3.352490e-06 	 1.025607e+07 	
7.46846847e+06 	 3.351378e-06 	 1.025514e+07 	
7.46896897e+06 	 3.350266e-06 	 1.025422e+07 	
7.46946947e+06 	 3.349154e-06 	 1.025329e+07 	
7.46996997e+06 	 3.348043e-06 	 1.025237e+07 	
7.47047047e+06 	 3.346933e-06 	 1.025144e+07 	
7.47097097e+06 	 3.345822e-06 	 1.025052e+07 	
7.47147147e+06 	 3.344713e-06 	 1.024959e+07 	
7.47197197e+06 	 3.343603e-06 	 1.024867e+07 	
7.47247247e+06 	 3.342494e-06 	 1.024774e+07 	
7.47297297e+06 	 3.341385e-06 	 1.024682e+07 	
7.47347347e+06 	 3.340277e-06 	 1.024589e+07 	
7.47397397e+06 	 3.339168e-06 	 1.024497e+07 	
7.47447447e+06 	 3.338061e-06 	 1.024404e+07 	
7.47497497e+06 	 3.336953e-06 	 1.024312e+07 	
7.47547548e+06 	 3.335846e-06 	 1.024219e+07 	
7.47597598e+06 	 3.334740e-06 	 1.024127e+07 	
7.47647648e+06 	 3.333634e-06 	 1.024035e+07 	
7.47697698e+06 	 3.332528e-06 	 1.023942e+07 	
7.47747748e+06 	 3.331422e-06 	 1.023850e+07 	
7.47797798e+06 	 3.330317e-06 	 1.023758e+07 	
7.47847848e+06 	 3.329212e-06 	 1.023665e+07 	
7.47897898e+06 	 3.328108e-06 	 1.023573e+07 	
7.47947948e+06 	 3.327004e-06 	 1.023481e+07 	
7.47997998e+06 	 3.325900e-06 	 1.023389e+07 	
7.48048048e+06 	 3.324797e-06 	 1.023296e+07 	
7.48098098e+06 	 3.323694e-06 	 1.023204e+07 	
7.48148148e+06 	 3.322591e-06 	 1.023112e+07 	
7.48198198e+06 	 3.321489e-06 	 1.023020e+07 	
7.48248248e+06 	 3.320387e-06 	 1.022927e+07 	
7.48298298e+06 	 3.319286e-06 	 1.022835e+07 	
7.48348348e+06 	 3.318185e-06 	 1.022743e+07 	
7.48398398e+06 	 3.317084e-06 	 1.022651e+07 	
7.48448448e+06 	 3.315984e-06 	 1.022559e+07 	
7.48498498e+06 	 3.314884e-06 	 1.022467e+07 	
7.48548549e+06 	 3.313784e-06 	 1.022375e+07 	
7.48598599e+06 	 3.312685e-06 	 1.022283e+07 	
7.48648649e+06 	 3.311586e-06 	 1.022190e+07 	
7.48698699e+06 	 3.310487e-06 	 1.022098e+07 	
7.48748749e+06 	 3.309389e-06 	 1.022006e+07 	
7.48798799e+06 	 3.308291e-06 	 1.021914e+07 	
7.48848849e+06 	 3.307194e-06 	 1.021822e+07 	
7.48898899e+06 	 3.306097e-06 	 1.021730e+07 	
7.48948949e+06 	 3.305000e-06 	 1.021638e+07 	
7.48998999e+06 	 3.303904e-06 	 1.021546e+07 	
7.49049049e+06 	 3.302808e-06 	 1.021454e+07 	
7.49099099e+06 	 3.301712e-06 	 1.021362e+07 	
7.49149149e+06 	 3.300617e-06 	 1.021270e+07 	
7.49199199e+06 	 3.299522e-06 	 1.021179e+07 	
7.49249249e+06 	 3.298428e-06 	 1.021087e+07 	
7.49299299e+06 	 3.297333e-06 	 1.020995e+07 	
7.49349349e+06 	 3.296240e-06 	 1.020903e+07 	
7.49399399e+06 	 3.295146e-06 	 1.020811e+07 	
7.49449449e+06 	 3.294053e-06 	 1.020719e+07 	
7.49499499e+06 	 3.292960e-06 	 1.020627e+07 	
7.49549550e+06 	 3.291868e-06 	 1.020535e+07 	
7.49599600e+06 	 3.290776e-06 	 1.020444e+07 	
7.49649650e+06 	 3.289684e-06 	 1.020352e+07 	
7.49699700e+06 	 3.288593e-06 	 1.020260e+07 	
7.49749750e+06 	 3.287502e-06 	 1.020168e+07 	
7.49799800e+06 	 3.286412e-06 	 1.020077e+07 	
7.49849850e+06 	 3.285321e-06 	 1.019985e+07 	
7.49899900e+06 	 3.284232e-06 	 1.019893e+07 	
7.49949950e+06 	 3.283142e-06 	 1.019801e+07 	
7.50000000e+06 	 3.282053e-06 	 1.019710e+07 	
7.53682323e+06 	 3.202905e-06 	 1.013003e+07 	
7.57382725e+06 	 3.125277e-06 	 1.006339e+07 	
7.61101295e+06 	 3.049296e-06 	 9.997171e+06 	
7.64838122e+06 	 2.974654e-06 	 9.931393e+06 	
7.68593297e+06 	 2.901448e-06 	 9.866041e+06 	
7.72366908e+06 	 2.829487e-06 	 9.801128e+06 	
7.76159047e+06 	 2.759029e-06 	 9.736623e+06 	
7.79969804e+06 	 2.689917e-06 	 9.672536e+06 	
7.83799272e+06 	 2.621960e-06 	 9.608881e+06 	
7.87647541e+06 	 2.555420e-06 	 9.545626e+06 	
7.91514704e+06 	 2.490010e-06 	 9.482796e+06 	
7.95400854e+06 	 2.425933e-06 	 9.420363e+06 	
7.99306084e+06 	 2.363060e-06 	 9.358336e+06 	
8.03230488e+06 	 2.301234e-06 	 9.296728e+06 	
8.07174160e+06 	 2.240662e-06 	 9.235510e+06 	
8.11137194e+06 	 2.181214e-06 	 9.174691e+06 	
8.15119686e+06 	 2.122733e-06 	 9.114286e+06 	
8.19121731e+06 	 2.065427e-06 	 9.054265e+06 	
8.23143425e+06 	 2.009271e-06 	 8.994624e+06 	
8.27184865e+06 	 1.954059e-06 	 8.935384e+06 	
8.31246147e+06 	 1.899849e-06 	 8.876534e+06 	
8.35327369e+06 	 1.846517e-06 	 8.818087e+06 	
8.39428629e+06 	 1.794222e-06 	 8.760014e+06 	
8.43550025e+06 	 1.742859e-06 	 8.702327e+06 	
8.47691656e+06 	 1.692507e-06 	 8.645007e+06 	
8.51853622e+06 	 1.642965e-06 	 8.588082e+06 	
8.56036022e+06 	 1.594375e-06 	 8.531523e+06 	
8.60238956e+06 	 1.546573e-06 	 8.475353e+06 	
8.64462526e+06 	 1.499606e-06 	 8.419559e+06 	
8.68706833e+06 	 1.453374e-06 	 8.364155e+06 	
8.72971978e+06 	 1.407997e-06 	 8.309116e+06 	
8.77258064e+06 	 1.363393e-06 	 8.254452e+06 	
8.81565194e+06 	 1.319467e-06 	 8.200177e+06 	
8.85893470e+06 	 1.276333e-06 	 8.146265e+06 	
8.90242998e+06 	 1.233912e-06 	 8.092728e+06 	
8.94613881e+06 	 1.192259e-06 	 8.039552e+06 	
8.99006223e+06 	 1.151224e-06 	 7.986762e+06 	
9.03420131e+06 	 1.110793e-06 	 7.934362e+06 	
9.07855711e+06 	 1.071048e-06 	 7.882330e+06 	
9.12313067e+06 	 1.031925e-06 	 7.830677e+06 	
9.16792309e+06 	 9.934632e-07 	 7.779394e+06 	
9.21293542e+06 	 9.555469e-07 	 7.728505e+06 	
9.25816876e+06 	 9.182048e-07 	 7.678005e+06 	
9.30362418e+06 	 8.813688e-07 	 7.627910e+06 	
9.34930277e+06 	 8.451159e-07 	 7.578201e+06 	
9.39520564e+06 	 8.093891e-07 	 7.528895e+06 	
9.44133388e+06 	 7.742232e-07 	 7.479985e+06 	
9.48768860e+06 	 7.395184e-07 	 7.431502e+06 	
9.53427090e+06 	 7.052659e-07 	 7.383458e+06 	
9.58108192e+06 	 6.715217e-07 	 7.335842e+06 	
9.62812277e+06 	 6.382470e-07 	 7.288674e+06 	
9.67539457e+06 	 6.054700e-07 	 7.241955e+06 	
9.72289847e+06 	 5.731265e-07 	 7.195725e+06 	
9.77063561e+06 	 5.412443e-07 	 7.149990e+06 	
9.81860712e+06 	 5.098586e-07 	 7.104757e+06 	
9.86681416e+06 	 4.789221e-07 	 7.060072e+06 	
9.91525788e+06 	 4.484974e-07 	 7.015938e+06 	
9.96393946e+06 	 4.185635e-07 	 6.972405e+06 	
1.00128600e+07 	 3.891668e-07 	 6.929494e+06 	
1.00620208e+07 	 3.603629e-07 	 6.887226e+06 	
1.01114230e+07 	 3.321594e-07 	 6.845663e+06 	
1.01610677e+07 	 3.046269e-07 	 6.804836e+06 	
1.02109561e+07 	 2.778465e-07 	 6.764776e+06 	
1.02610895e+07 	 2.518604e-07 	 6.725555e+06 	
1.03114690e+07 	 2.267547e-07 	 6.687227e+06 	
1.03620959e+07 	 2.026439e-07 	 6.649822e+06 	
1.04129713e+07 	 1.796169e-07 	 6.613405e+06 	
1.04640965e+07 	 1.577872e-07 	 6.578014e+06 	
1.05154728e+07 	 1.372409e-07 	 6.543731e+06 	
1.05671013e+07 	 1.180800e-07 	 6.510609e+06 	
1.06189832e+07 	 1.004075e-07 	 6.478669e+06 	
1.06711199e+07 	 8.428846e-08 	 6.447979e+06 	
1.07235126e+07 	 6.978484e-08 	 6.418543e+06 	
1.07761625e+07 	 5.692237e-08 	 6.390376e+06 	
1.08290709e+07 	 4.569046e-08 	 6.363510e+06 	
1.08822391e+07 	 3.605170e-08 	 6.337938e+06 	
1.09356683e+07 	 2.793508e-08 	 6.313613e+06 	
1.09893599e+07 	 2.123521e-08 	 6.290497e+06 	
1.10433150e+07 	 1.581946e-08 	 6.268597e+06 	
1.10975351e+07 	 1.154125e-08 	 6.247747e+06 	
1.11520214e+07 	 8.239017e-09 	 6.227907e+06 	
1.12067752e+07 	 5.751488e-09 	 6.208981e+06 	
1.12617978e+07 	 3.924227e-09 	 6.190793e+06 	
1.13170906e+07 	 2.615762e-09 	 6.173309e+06 	
1.13726548e+07 	 1.702932e-09 	 6.156392e+06 	
1.14284918e+07 	 1.082644e-09 	 6.139892e+06 	
1.14846030e+07 	 6.720929e-10 	 6.123821e+06 	
1.15409897e+07 	 4.074150e-10 	 6.108360e+06 	
1.26412236e+07 	 1.000000e-20 	 5.828571e+06 	
1.38463458e+07 	 1.000000e-20 	 5.563194e+06 	
1.51663556e+07 	 1.000000e-20 	 5.310415e+06 	
1.66122055e+07 	 1.000000e-20 	 5.069568e+06 	
1.81958922e+07 	 1.000000e-20 	 4.840031e+06 	
1.99305560e+07 	 1.000000e-20 	 4.621221e+06 	
2.18305901e+07 	 1.000000e-20 	 4.412592e+06 	
2.39117596e+07 	 1.000000e-20 	 4.213634e+06 	
2.61913326e+07 	 1.000000e-20 	 4.023864e+06 	
2.86882235e+07 	 1.000000e-20 	 3.842831e+06 	
3.14231498e+07 	 1.000000e-20 	 3.670106e+06 	
3.44188040e+07 	 1.000000e-20 	 3.505288e+06 	
3.77000421e+07 	 1.000000e-20 	 3.347996e+06 	
4.12940896e+07 	 1.000000e-20 	 3.197869e+06 	
4.52307674e+07 	 1.000000e-20 	 3.054568e+06 	
4.95427393e+07 	 1.000000e-20 	 2.917771e+06 	
5.42657833e+07 	 1.000000e-20 	 2.787170e+06 	
5.94390879e+07 	 1.000000e-20 	 2.662478e+06 	
6.51055776e+07 	 1.000000e-20 	 2.543417e+06 	
7.13122692e+07 	 1.000000e-20 	 2.429728e+06 	
7.81106616e+07 	 1.000000e-20 	 2.321161e+06 	
8.55571633e+07 	 1.000000e-20 	 2.217481e+06 	
9.37135601e+07 	 1.000000e-20 	 2.118462e+06 	
1.02647528e+08 	 1.000000e-20 	 2.023893e+06 	
1.12433196e+08 	 1.000000e-20 	 1.933568e+06 	
1.23151758e+08 	 1.000000e-20 	 1.847295e+06 	
1.34892150e+08 	 1.000000e-20 	 1.764889e+06 	
1.47751785e+08 	 1.000000e-20 	 1.686175e+06 	
1.61837365e+08 	 1.000000e-20 	 1.610985e+06 	
1.77265760e+08 	 1.000000e-20 	 1.539159e+06 	
1.94164987e+08 	 1.000000e-20 	 1.470547e+06 	
2.12675263e+08 	 1.000000e-20 	 1.405002e+06 	
2.32950173e+08 	 1.000000e-20 	 1.342386e+06 	
2.55157946e+08 	 1.000000e-20 	 1.282567e+06 	
2.79482847e+08 	 1.000000e-20 	 1.225420e+06 	
3.06126706e+08 	 1.000000e-20 	 1.170825e+06 	
3.35310597e+08 	 1.000000e-20 	 1.118666e+06 	
3.67276667e+08 	 1.000000e-20 	 1.068835e+06 	
4.02290150e+08 	 1.000000e-20 	 1.021227e+06 	
4.40641563e+08 	 1.000000e-20 	 9.757428e+05 	
4.82649120e+08 	 1.000000e-20 	 9.322869e+05 	
5.28661373e+08 	 1.000000e-20 	 8.907686e+05 	
5.79060098e+08 	 1.000000e-20 	 8.511013e+05 	
6.34263470e+08 	 1.000000e-20 	 8.132022e+05 	
6.94729530e+08 	 1.000000e-20 	 7.769922e+05 	
7.60959984e+08 	 1.000000e-20 	 7.423958e+05 	
8.33504367e+08 	 1.000000e-20 	 7.093411e+05 	
9.12964604e+08 	 1.000000e-20 	 6.777591e+05 	
1.00000000e+09 	 1.000000e-20 	 6.475841e+05 	
