r (cm)        	 rho (g/cm3) 	 T (K)       		 Linf = 2.690225e+38
9.99900123e+05 	 1.356540e+05 	 1.289261e+09 	
9.99977383e+05 	 1.213130e+05 	 1.253257e+09 	
1.00007675e+06 	 1.047376e+05 	 1.207474e+09 	
1.00017612e+06 	 9.009001e+04 	 1.162301e+09 	
1.00027549e+06 	 7.719120e+04 	 1.117761e+09 	
1.00035662e+06 	 6.784037e+04 	 1.081884e+09 	
1.00043774e+06 	 5.945792e+04 	 1.046457e+09 	
1.00051887e+06 	 5.196325e+04 	 1.011494e+09 	
1.00059999e+06 	 4.528052e+04 	 9.770079e+08 	
1.00068112e+06 	 3.933850e+04 	 9.430142e+08 	
1.00075929e+06 	 3.425113e+04 	 9.107372e+08 	
1.00083746e+06 	 2.973364e+04 	 8.789440e+08 	
1.00091564e+06 	 2.573377e+04 	 8.476486e+08 	
1.00099381e+06 	 2.220275e+04 	 8.168648e+08 	
1.00105874e+06 	 1.959378e+04 	 7.916959e+08 	
1.00112366e+06 	 1.725261e+04 	 7.668981e+08 	
1.00118859e+06 	 1.515648e+04 	 7.424800e+08 	
1.00125352e+06 	 1.328404e+04 	 7.184499e+08 	
1.00131845e+06 	 1.161537e+04 	 6.948164e+08 	
1.00138196e+06 	 1.016243e+04 	 6.720911e+08 	
1.00144547e+06 	 8.870474e+03 	 6.497615e+08 	
1.00150898e+06 	 7.724438e+03 	 6.278356e+08 	
1.00157249e+06 	 6.710351e+03 	 6.063214e+08 	
1.00162527e+06 	 5.958584e+03 	 5.887590e+08 	
1.00167806e+06 	 5.282116e+03 	 5.714909e+08 	
1.00173084e+06 	 4.674500e+03 	 5.545216e+08 	
1.00178363e+06 	 4.129724e+03 	 5.378555e+08 	
1.00183642e+06 	 3.642191e+03 	 5.214968e+08 	
1.00188920e+06 	 3.206705e+03 	 5.054498e+08 	
1.00194363e+06 	 2.807047e+03 	 4.892329e+08 	
1.00199807e+06 	 2.452724e+03 	 4.733558e+08 	
1.00204294e+06 	 2.191538e+03 	 4.605263e+08 	
1.00208781e+06 	 1.955763e+03 	 4.479326e+08 	
1.00213268e+06 	 1.743227e+03 	 4.355768e+08 	
1.00217755e+06 	 1.551911e+03 	 4.234608e+08 	
1.00222242e+06 	 1.379941e+03 	 4.115866e+08 	
1.00226729e+06 	 1.225581e+03 	 3.999556e+08 	
1.00231216e+06 	 1.087223e+03 	 3.885695e+08 	
1.00235703e+06 	 9.633860e+02 	 3.774297e+08 	
1.00240438e+06 	 8.469401e+02 	 3.659423e+08 	
1.00244339e+06 	 7.609667e+02 	 3.566865e+08 	
1.00248240e+06 	 6.831723e+02 	 3.476190e+08 	
1.00252141e+06 	 6.128525e+02 	 3.387404e+08 	
1.00256042e+06 	 5.493549e+02 	 3.300510e+08 	
1.00259942e+06 	 4.920765e+02 	 3.215509e+08 	
1.00263843e+06 	 4.404604e+02 	 3.132402e+08 	
1.00267744e+06 	 3.939931e+02 	 3.051188e+08 	
1.00271645e+06 	 3.522018e+02 	 2.971867e+08 	
1.00275546e+06 	 3.146520e+02 	 2.894434e+08 	
1.00279447e+06 	 2.809449e+02 	 2.818885e+08 	
1.00283348e+06 	 2.507147e+02 	 2.745215e+08 	
1.00286866e+06 	 2.261564e+02 	 2.680383e+08 	
1.00290384e+06 	 2.039280e+02 	 2.617065e+08 	
1.00293901e+06 	 1.838221e+02 	 2.555255e+08 	
1.00297419e+06 	 1.656479e+02 	 2.494944e+08 	
1.00300937e+06 	 1.492301e+02 	 2.436123e+08 	
1.00304455e+06 	 1.344079e+02 	 2.378781e+08 	
1.00307973e+06 	 1.210339e+02 	 2.322907e+08 	
1.00311491e+06 	 1.089732e+02 	 2.268488e+08 	
1.00315009e+06 	 9.810248e+01 	 2.215512e+08 	
1.00318526e+06 	 8.830897e+01 	 2.163964e+08 	
1.00322044e+06 	 7.948993e+01 	 2.113829e+08 	
1.00325562e+06 	 7.155169e+01 	 2.065091e+08 	
1.00329080e+06 	 6.440900e+01 	 2.017733e+08 	
1.00332598e+06 	 5.798432e+01 	 1.971737e+08 	
1.00336116e+06 	 5.220724e+01 	 1.927085e+08 	
1.00339633e+06 	 4.701387e+01 	 1.883757e+08 	
1.00343151e+06 	 4.234629e+01 	 1.841734e+08 	
1.00346669e+06 	 3.815205e+01 	 1.800993e+08 	
1.00350344e+06 	 3.422449e+01 	 1.759779e+08 	
1.00354019e+06 	 3.071297e+01 	 1.719916e+08 	
1.00357694e+06 	 2.757363e+01 	 1.681379e+08 	
1.00361370e+06 	 2.476706e+01 	 1.644140e+08 	
1.00365045e+06 	 2.225791e+01 	 1.608173e+08 	
1.00368720e+06 	 2.001448e+01 	 1.573450e+08 	
1.00372395e+06 	 1.800835e+01 	 1.539942e+08 	
1.00376070e+06 	 1.621412e+01 	 1.507620e+08 	
1.00379745e+06 	 1.460902e+01 	 1.476455e+08 	
1.00383420e+06 	 1.317273e+01 	 1.446418e+08 	
1.00387095e+06 	 1.188708e+01 	 1.417480e+08 	
1.00390770e+06 	 1.073585e+01 	 1.389610e+08 	
1.00394446e+06 	 9.704540e+00 	 1.362778e+08 	
1.00398121e+06 	 8.780247e+00 	 1.336955e+08 	
1.00401796e+06 	 7.951445e+00 	 1.312111e+08 	
1.00405471e+06 	 7.207863e+00 	 1.288216e+08 	
1.00409146e+06 	 6.540347e+00 	 1.265240e+08 	
1.00412821e+06 	 5.940740e+00 	 1.243154e+08 	
1.00417580e+06 	 5.253382e+00 	 1.215827e+08 	
1.00422340e+06 	 4.653971e+00 	 1.189881e+08 	
1.00427099e+06 	 4.130596e+00 	 1.165254e+08 	
1.00431859e+06 	 3.673008e+00 	 1.141888e+08 	
1.00436618e+06 	 3.272382e+00 	 1.119721e+08 	
1.00441377e+06 	 2.921120e+00 	 1.098698e+08 	
1.00446137e+06 	 2.612680e+00 	 1.078763e+08 	
1.00450896e+06 	 2.341421e+00 	 1.059861e+08 	
1.00455656e+06 	 2.102485e+00 	 1.041939e+08 	
1.00460415e+06 	 1.891677e+00 	 1.024949e+08 	
1.00465175e+06 	 1.705379e+00 	 1.008841e+08 	
1.00469934e+06 	 1.540464e+00 	 9.935679e+07 	
1.00474693e+06 	 1.394231e+00 	 9.790858e+07 	
1.00479453e+06 	 1.264340e+00 	 9.653516e+07 	
1.00484212e+06 	 1.148765e+00 	 9.523244e+07 	
1.00490342e+06 	 1.018204e+00 	 9.365264e+07 	
1.00496471e+06 	 9.052973e-01 	 9.217580e+07 	
1.00502600e+06 	 8.073766e-01 	 9.079456e+07 	
1.00508730e+06 	 7.222080e-01 	 8.950205e+07 	
1.00514859e+06 	 6.479189e-01 	 8.829185e+07 	
1.00520989e+06 	 5.829360e-01 	 8.715801e+07 	
1.00527118e+06 	 5.259341e-01 	 8.609498e+07 	
1.00535057e+06 	 4.621634e-01 	 8.481506e+07 	
1.00542996e+06 	 4.079099e-01 	 8.363511e+07 	
1.00550934e+06 	 3.615474e-01 	 8.254588e+07 	
1.00558873e+06 	 3.217562e-01 	 8.153900e+07 	
1.00566812e+06 	 2.874605e-01 	 8.060694e+07 	
1.00574751e+06 	 2.577799e-01 	 7.974289e+07 	
1.00584306e+06 	 2.271632e-01 	 7.878452e+07 	
1.00593860e+06 	 2.011684e-01 	 7.790629e+07 	
1.00603415e+06 	 1.789798e-01 	 7.709979e+07 	
1.00612970e+06 	 1.599432e-01 	 7.635760e+07 	
1.00622524e+06 	 1.435306e-01 	 7.567315e+07 	
1.00636369e+06 	 1.235502e-01 	 7.477221e+07 	
1.00650214e+06 	 1.071740e-01 	 7.396527e+07 	
1.00664058e+06 	 9.363416e-02 	 7.323955e+07 	
1.00677903e+06 	 8.234759e-02 	 7.258431e+07 	
1.00694512e+06 	 7.115865e-02 	 7.187851e+07 	
1.00711120e+06 	 6.198897e-02 	 7.124799e+07 	
1.00727729e+06 	 5.440261e-02 	 7.068193e+07 	
1.00744338e+06 	 4.807091e-02 	 7.017135e+07 	
1.00768811e+06 	 4.051359e-02 	 6.950465e+07 	
1.00793284e+06 	 3.456029e-02 	 6.892309e+07 	
1.00817757e+06 	 2.980218e-02 	 6.841162e+07 	
1.00851108e+06 	 2.473298e-02 	 6.780647e+07 	
1.00884458e+06 	 2.084936e-02 	 6.728672e+07 	
1.00917808e+06 	 1.781726e-02 	 6.683523e+07 	
1.00964470e+06 	 1.458713e-02 	 6.629399e+07 	
1.01011132e+06 	 1.218273e-02 	 6.583524e+07 	
1.01057794e+06 	 1.034910e-02 	 6.544043e+07 	
1.01126190e+06 	 8.362408e-03 	 6.495000e+07 	
1.01194585e+06 	 6.933753e-03 	 6.453884e+07 	
1.01262981e+06 	 5.873659e-03 	 6.418699e+07 	
1.01354429e+06 	 4.837023e-03 	 6.378577e+07 	
1.01445877e+06 	 4.088583e-03 	 6.344369e+07 	
1.01537324e+06 	 3.530740e-03 	 6.314575e+07 	
1.01628772e+06 	 3.103843e-03 	 6.288163e+07 	
1.01771895e+06 	 2.612268e-03 	 6.251930e+07 	
1.01859408e+06 	 2.385418e-03 	 6.232140e+07 	
1.02034732e+06 	 2.042321e-03 	 6.196505e+07 	
1.02179962e+06 	 1.835648e-03 	 6.170078e+07 	
1.02408651e+06 	 1.600645e-03 	 6.132546e+07 	
1.02585778e+06 	 1.469085e-03 	 6.106014e+07 	
1.02923887e+06 	 1.292967e-03 	 6.059651e+07 	
1.03261996e+06 	 1.176955e-03 	 6.017176e+07 	
1.03600106e+06 	 1.096067e-03 	 5.977310e+07 	
1.03938215e+06 	 1.036875e-03 	 5.939279e+07 	
1.04527999e+06 	 9.641785e-04 	 5.875955e+07 	
1.04748502e+06 	 9.432924e-04 	 5.853008e+07 	
1.05485539e+06 	 8.876652e-04 	 5.778370e+07 	
1.05944737e+06 	 8.599297e-04 	 5.733138e+07 	
1.07016648e+06 	 8.057469e-04 	 5.630456e+07 	
1.07615457e+06 	 7.792429e-04 	 5.574601e+07 	
1.08214267e+06 	 7.544215e-04 	 5.519712e+07 	
1.08545439e+06 	 7.412668e-04 	 5.489750e+07 	
1.08666667e+06 	 7.365713e-04 	 5.478854e+07 	
1.09666667e+06 	 6.991647e-04 	 5.390299e+07 	
1.10666667e+06 	 6.642650e-04 	 5.304074e+07 	
1.11666667e+06 	 6.315392e-04 	 5.220075e+07 	
1.12666667e+06 	 6.007383e-04 	 5.138209e+07 	
1.13333333e+06 	 5.811958e-04 	 5.084777e+07 	
1.14333333e+06 	 5.533163e-04 	 5.006293e+07 	
1.15333333e+06 	 5.270362e-04 	 4.929744e+07 	
1.16333333e+06 	 5.022086e-04 	 4.855053e+07 	
1.17333333e+06 	 4.787669e-04 	 4.782160e+07 	
1.18333333e+06 	 4.566242e-04 	 4.711004e+07 	
1.19000000e+06 	 4.425279e-04 	 4.664499e+07 	
1.20000000e+06 	 4.223434e-04 	 4.596101e+07 	
1.21000000e+06 	 4.032576e-04 	 4.529287e+07 	
1.22000000e+06 	 3.851679e-04 	 4.464000e+07 	
1.23000000e+06 	 3.680363e-04 	 4.400193e+07 	
1.24000000e+06 	 3.518088e-04 	 4.337818e+07 	
1.25000000e+06 	 3.364152e-04 	 4.276827e+07 	
1.26000000e+06 	 3.218042e-04 	 4.217174e+07 	
1.27000000e+06 	 3.079439e-04 	 4.158822e+07 	
1.28000000e+06 	 2.947797e-04 	 4.101726e+07 	
1.29000000e+06 	 2.822722e-04 	 4.045848e+07 	
1.30000000e+06 	 2.703838e-04 	 3.991151e+07 	
1.31000000e+06 	 2.590779e-04 	 3.937598e+07 	
1.32000000e+06 	 2.483238e-04 	 3.885157e+07 	
1.33000000e+06 	 2.380897e-04 	 3.833793e+07 	
1.34000000e+06 	 2.283463e-04 	 3.783474e+07 	
1.35000000e+06 	 2.190664e-04 	 3.734171e+07 	
1.36000000e+06 	 2.102240e-04 	 3.685853e+07 	
1.37000000e+06 	 2.017975e-04 	 3.638493e+07 	
1.38000000e+06 	 1.937611e-04 	 3.592063e+07 	
1.39000000e+06 	 1.860945e-04 	 3.546536e+07 	
1.40000000e+06 	 1.787782e-04 	 3.501887e+07 	
1.41000000e+06 	 1.717928e-04 	 3.458093e+07 	
1.42000000e+06 	 1.651236e-04 	 3.415129e+07 	
1.43000000e+06 	 1.587512e-04 	 3.372973e+07 	
1.44000000e+06 	 1.526619e-04 	 3.331604e+07 	
1.45000000e+06 	 1.468423e-04 	 3.291000e+07 	
1.46000000e+06 	 1.412767e-04 	 3.251141e+07 	
1.47000000e+06 	 1.359526e-04 	 3.212007e+07 	
1.48000000e+06 	 1.308579e-04 	 3.173579e+07 	
1.49000000e+06 	 1.259812e-04 	 3.135839e+07 	
1.50000000e+06 	 1.213117e-04 	 3.098769e+07 	
1.51000000e+06 	 1.168395e-04 	 3.062353e+07 	
1.52000000e+06 	 1.125548e-04 	 3.026573e+07 	
1.53000000e+06 	 1.084485e-04 	 2.991414e+07 	
1.54000000e+06 	 1.045120e-04 	 2.956860e+07 	
1.55000000e+06 	 1.007373e-04 	 2.922897e+07 	
1.56000000e+06 	 9.711669e-05 	 2.889510e+07 	
1.57000000e+06 	 9.364265e-05 	 2.856684e+07 	
1.58000000e+06 	 9.030887e-05 	 2.824407e+07 	
1.59000000e+06 	 8.710846e-05 	 2.792666e+07 	
1.60000000e+06 	 8.403526e-05 	 2.761446e+07 	
1.61000000e+06 	 8.108337e-05 	 2.730738e+07 	
1.62000000e+06 	 7.824722e-05 	 2.700527e+07 	
1.63000000e+06 	 7.552170e-05 	 2.670803e+07 	
1.64000000e+06 	 7.290183e-05 	 2.641554e+07 	
1.65000000e+06 	 7.038279e-05 	 2.612770e+07 	
1.66000000e+06 	 6.796010e-05 	 2.584440e+07 	
1.67000000e+06 	 6.562956e-05 	 2.556554e+07 	
1.68000000e+06 	 6.338708e-05 	 2.529102e+07 	
1.69000000e+06 	 6.122880e-05 	 2.502074e+07 	
1.70000000e+06 	 5.915102e-05 	 2.475461e+07 	
1.71000000e+06 	 5.715022e-05 	 2.449254e+07 	
1.72000000e+06 	 5.522324e-05 	 2.423443e+07 	
1.73000000e+06 	 5.336680e-05 	 2.398021e+07 	
1.74000000e+06 	 5.157787e-05 	 2.372979e+07 	
1.75000000e+06 	 4.985375e-05 	 2.348309e+07 	
1.76000000e+06 	 4.819158e-05 	 2.324003e+07 	
1.77000000e+06 	 4.658873e-05 	 2.300053e+07 	
1.78000000e+06 	 4.504281e-05 	 2.276451e+07 	
1.79000000e+06 	 4.355157e-05 	 2.253192e+07 	
1.80000000e+06 	 4.211258e-05 	 2.230267e+07 	
1.81000000e+06 	 4.072370e-05 	 2.207670e+07 	
1.82000000e+06 	 3.938297e-05 	 2.185394e+07 	
1.83000000e+06 	 3.808841e-05 	 2.163433e+07 	
1.84000000e+06 	 3.683813e-05 	 2.141780e+07 	
1.85000000e+06 	 3.563033e-05 	 2.120429e+07 	
1.86000000e+06 	 3.446340e-05 	 2.099374e+07 	
1.87000000e+06 	 3.333563e-05 	 2.078610e+07 	
1.88000000e+06 	 3.224550e-05 	 2.058130e+07 	
1.89000000e+06 	 3.119151e-05 	 2.037929e+07 	
1.90000000e+06 	 3.017224e-05 	 2.018002e+07 	
1.91000000e+06 	 2.918629e-05 	 1.998343e+07 	
1.92000000e+06 	 2.823237e-05 	 1.978947e+07 	
1.93000000e+06 	 2.730930e-05 	 1.959810e+07 	
1.94000000e+06 	 2.641585e-05 	 1.940927e+07 	
1.95000000e+06 	 2.555087e-05 	 1.922292e+07 	
1.96000000e+06 	 2.471322e-05 	 1.903901e+07 	
1.97000000e+06 	 2.390193e-05 	 1.885750e+07 	
1.98000000e+06 	 2.311597e-05 	 1.867834e+07 	
2.00000000e+06 	 2.161620e-05 	 1.832691e+07 	
2.00050050e+06 	 2.157985e-05 	 1.831823e+07 	
2.00100100e+06 	 2.154356e-05 	 1.830956e+07 	
2.00150150e+06 	 2.150733e-05 	 1.830089e+07 	
2.00200200e+06 	 2.147115e-05 	 1.829223e+07 	
2.00250250e+06 	 2.143503e-05 	 1.828357e+07 	
2.00300300e+06 	 2.139897e-05 	 1.827492e+07 	
2.00350350e+06 	 2.136296e-05 	 1.826627e+07 	
2.00400400e+06 	 2.132700e-05 	 1.825763e+07 	
2.00450450e+06 	 2.129111e-05 	 1.824900e+07 	
2.00500501e+06 	 2.125526e-05 	 1.824037e+07 	
2.00550551e+06 	 2.121948e-05 	 1.823175e+07 	
2.00600601e+06 	 2.118375e-05 	 1.822313e+07 	
2.00650651e+06 	 2.114807e-05 	 1.821452e+07 	
2.00700701e+06 	 2.111245e-05 	 1.820591e+07 	
2.00750751e+06 	 2.107688e-05 	 1.819731e+07 	
2.00800801e+06 	 2.104137e-05 	 1.818871e+07 	
2.00850851e+06 	 2.100591e-05 	 1.818012e+07 	
2.00900901e+06 	 2.097051e-05 	 1.817154e+07 	
2.00950951e+06 	 2.093516e-05 	 1.816296e+07 	
2.01001001e+06 	 2.089987e-05 	 1.815438e+07 	
2.01051051e+06 	 2.086463e-05 	 1.814581e+07 	
2.01101101e+06 	 2.082944e-05 	 1.813725e+07 	
2.01151151e+06 	 2.079431e-05 	 1.812869e+07 	
2.01201201e+06 	 2.075924e-05 	 1.812014e+07 	
2.01251251e+06 	 2.072421e-05 	 1.811160e+07 	
2.01301301e+06 	 2.068924e-05 	 1.810305e+07 	
2.01351351e+06 	 2.065433e-05 	 1.809452e+07 	
2.01401401e+06 	 2.061947e-05 	 1.808599e+07 	
2.01451451e+06 	 2.058466e-05 	 1.807746e+07 	
2.01501502e+06 	 2.054990e-05 	 1.806894e+07 	
2.01551552e+06 	 2.051520e-05 	 1.806043e+07 	
2.01601602e+06 	 2.048055e-05 	 1.805192e+07 	
2.01651652e+06 	 2.044596e-05 	 1.804342e+07 	
2.01701702e+06 	 2.041141e-05 	 1.803492e+07 	
2.01751752e+06 	 2.037692e-05 	 1.802643e+07 	
2.01801802e+06 	 2.034249e-05 	 1.801794e+07 	
2.01851852e+06 	 2.030810e-05 	 1.800946e+07 	
2.01901902e+06 	 2.027377e-05 	 1.800098e+07 	
2.01951952e+06 	 2.023949e-05 	 1.799251e+07 	
2.02002002e+06 	 2.020526e-05 	 1.798405e+07 	
2.02052052e+06 	 2.017109e-05 	 1.797559e+07 	
2.02102102e+06 	 2.013697e-05 	 1.796713e+07 	
2.02152152e+06 	 2.010290e-05 	 1.795868e+07 	
2.02202202e+06 	 2.006888e-05 	 1.795024e+07 	
2.02252252e+06 	 2.003491e-05 	 1.794180e+07 	
2.02302302e+06 	 2.000100e-05 	 1.793337e+07 	
2.02352352e+06 	 1.996713e-05 	 1.792494e+07 	
2.02402402e+06 	 1.993332e-05 	 1.791652e+07 	
2.02452452e+06 	 1.989956e-05 	 1.790810e+07 	
2.02502503e+06 	 1.986586e-05 	 1.789969e+07 	
2.02552553e+06 	 1.983220e-05 	 1.789128e+07 	
2.02602603e+06 	 1.979859e-05 	 1.788288e+07 	
2.02652653e+06 	 1.976504e-05 	 1.787449e+07 	
2.02702703e+06 	 1.973153e-05 	 1.786610e+07 	
2.02752753e+06 	 1.969808e-05 	 1.785771e+07 	
2.02802803e+06 	 1.966468e-05 	 1.784933e+07 	
2.02852853e+06 	 1.963133e-05 	 1.784096e+07 	
2.02902903e+06 	 1.959803e-05 	 1.783259e+07 	
2.02952953e+06 	 1.956478e-05 	 1.782423e+07 	
2.03003003e+06 	 1.953158e-05 	 1.781587e+07 	
2.03053053e+06 	 1.949843e-05 	 1.780751e+07 	
2.03103103e+06 	 1.946533e-05 	 1.779917e+07 	
2.03153153e+06 	 1.943228e-05 	 1.779082e+07 	
2.03203203e+06 	 1.939928e-05 	 1.778249e+07 	
2.03253253e+06 	 1.936633e-05 	 1.777415e+07 	
2.03303303e+06 	 1.933343e-05 	 1.776583e+07 	
2.03353353e+06 	 1.930058e-05 	 1.775751e+07 	
2.03403403e+06 	 1.926778e-05 	 1.774919e+07 	
2.03453453e+06 	 1.923503e-05 	 1.774088e+07 	
2.03503504e+06 	 1.920233e-05 	 1.773257e+07 	
2.03553554e+06 	 1.916968e-05 	 1.772427e+07 	
2.03603604e+06 	 1.913708e-05 	 1.771598e+07 	
2.03653654e+06 	 1.910453e-05 	 1.770769e+07 	
2.03703704e+06 	 1.907202e-05 	 1.769940e+07 	
2.03753754e+06 	 1.903957e-05 	 1.769112e+07 	
2.03803804e+06 	 1.900716e-05 	 1.768285e+07 	
2.03853854e+06 	 1.897480e-05 	 1.767458e+07 	
2.03903904e+06 	 1.894249e-05 	 1.766631e+07 	
2.03953954e+06 	 1.891023e-05 	 1.765806e+07 	
2.04004004e+06 	 1.887802e-05 	 1.764980e+07 	
2.04054054e+06 	 1.884586e-05 	 1.764155e+07 	
2.04104104e+06 	 1.881374e-05 	 1.763331e+07 	
2.04154154e+06 	 1.878168e-05 	 1.762507e+07 	
2.04204204e+06 	 1.874966e-05 	 1.761684e+07 	
2.04254254e+06 	 1.871769e-05 	 1.760861e+07 	
2.04304304e+06 	 1.868576e-05 	 1.760039e+07 	
2.04354354e+06 	 1.865389e-05 	 1.759217e+07 	
2.04404404e+06 	 1.862206e-05 	 1.758396e+07 	
2.04454454e+06 	 1.859028e-05 	 1.757575e+07 	
2.04504505e+06 	 1.855855e-05 	 1.756755e+07 	
2.04554555e+06 	 1.852686e-05 	 1.755935e+07 	
2.04604605e+06 	 1.849523e-05 	 1.755116e+07 	
2.04654655e+06 	 1.846364e-05 	 1.754298e+07 	
2.04704705e+06 	 1.843209e-05 	 1.753479e+07 	
2.04754755e+06 	 1.840060e-05 	 1.752662e+07 	
2.04804805e+06 	 1.836915e-05 	 1.751845e+07 	
2.04854855e+06 	 1.833775e-05 	 1.751028e+07 	
2.04904905e+06 	 1.830639e-05 	 1.750212e+07 	
2.04954955e+06 	 1.827508e-05 	 1.749397e+07 	
2.05005005e+06 	 1.824382e-05 	 1.748581e+07 	
2.05055055e+06 	 1.821261e-05 	 1.747767e+07 	
2.05105105e+06 	 1.818144e-05 	 1.746953e+07 	
2.05155155e+06 	 1.815032e-05 	 1.746139e+07 	
2.05205205e+06 	 1.811924e-05 	 1.745326e+07 	
2.05255255e+06 	 1.808821e-05 	 1.744514e+07 	
2.05305305e+06 	 1.805723e-05 	 1.743702e+07 	
2.05355355e+06 	 1.802629e-05 	 1.742890e+07 	
2.05405405e+06 	 1.799540e-05 	 1.742079e+07 	
2.05455455e+06 	 1.796455e-05 	 1.741269e+07 	
2.05505506e+06 	 1.793375e-05 	 1.740459e+07 	
2.05555556e+06 	 1.790300e-05 	 1.739649e+07 	
2.05605606e+06 	 1.787229e-05 	 1.738841e+07 	
2.05655656e+06 	 1.784163e-05 	 1.738032e+07 	
2.05705706e+06 	 1.781101e-05 	 1.737224e+07 	
2.05755756e+06 	 1.778044e-05 	 1.736417e+07 	
2.05805806e+06 	 1.774991e-05 	 1.735610e+07 	
2.05855856e+06 	 1.771943e-05 	 1.734803e+07 	
2.05905906e+06 	 1.768899e-05 	 1.733997e+07 	
2.05955956e+06 	 1.765860e-05 	 1.733192e+07 	
2.06006006e+06 	 1.762826e-05 	 1.732387e+07 	
2.06056056e+06 	 1.759795e-05 	 1.731583e+07 	
2.06106106e+06 	 1.756770e-05 	 1.730779e+07 	
2.06156156e+06 	 1.753749e-05 	 1.729975e+07 	
2.06206206e+06 	 1.750732e-05 	 1.729172e+07 	
2.06256256e+06 	 1.747720e-05 	 1.728370e+07 	
2.06306306e+06 	 1.744712e-05 	 1.727568e+07 	
2.06356356e+06 	 1.741708e-05 	 1.726767e+07 	
2.06406406e+06 	 1.738709e-05 	 1.725966e+07 	
2.06456456e+06 	 1.735715e-05 	 1.725165e+07 	
2.06506507e+06 	 1.732725e-05 	 1.724365e+07 	
2.06556557e+06 	 1.729739e-05 	 1.723566e+07 	
2.06606607e+06 	 1.726757e-05 	 1.722767e+07 	
2.06656657e+06 	 1.723780e-05 	 1.721968e+07 	
2.06706707e+06 	 1.720808e-05 	 1.721171e+07 	
2.06756757e+06 	 1.717840e-05 	 1.720373e+07 	
2.06806807e+06 	 1.714876e-05 	 1.719576e+07 	
2.06856857e+06 	 1.711916e-05 	 1.718780e+07 	
2.06906907e+06 	 1.708961e-05 	 1.717984e+07 	
2.06956957e+06 	 1.706010e-05 	 1.717188e+07 	
2.07007007e+06 	 1.703064e-05 	 1.716393e+07 	
2.07057057e+06 	 1.700121e-05 	 1.715599e+07 	
2.07107107e+06 	 1.697183e-05 	 1.714805e+07 	
2.07157157e+06 	 1.694250e-05 	 1.714011e+07 	
2.07207207e+06 	 1.691320e-05 	 1.713218e+07 	
2.07257257e+06 	 1.688395e-05 	 1.712426e+07 	
2.07307307e+06 	 1.685474e-05 	 1.711634e+07 	
2.07357357e+06 	 1.682558e-05 	 1.710842e+07 	
2.07407407e+06 	 1.679646e-05 	 1.710051e+07 	
2.07457457e+06 	 1.676738e-05 	 1.709261e+07 	
2.07507508e+06 	 1.673834e-05 	 1.708471e+07 	
2.07557558e+06 	 1.670934e-05 	 1.707681e+07 	
2.07607608e+06 	 1.668039e-05 	 1.706892e+07 	
2.07657658e+06 	 1.665148e-05 	 1.706103e+07 	
2.07707708e+06 	 1.662261e-05 	 1.705315e+07 	
2.07757758e+06 	 1.659378e-05 	 1.704528e+07 	
2.07807808e+06 	 1.656500e-05 	 1.703741e+07 	
2.07857858e+06 	 1.653625e-05 	 1.702954e+07 	
2.07907908e+06 	 1.650755e-05 	 1.702168e+07 	
2.07957958e+06 	 1.647889e-05 	 1.701382e+07 	
2.08008008e+06 	 1.645027e-05 	 1.700597e+07 	
2.08058058e+06 	 1.642169e-05 	 1.699812e+07 	
2.08108108e+06 	 1.639316e-05 	 1.699028e+07 	
2.08158158e+06 	 1.636466e-05 	 1.698244e+07 	
2.08208208e+06 	 1.633621e-05 	 1.697461e+07 	
2.08258258e+06 	 1.630780e-05 	 1.696678e+07 	
2.08308308e+06 	 1.627943e-05 	 1.695896e+07 	
2.08358358e+06 	 1.625110e-05 	 1.695114e+07 	
2.08408408e+06 	 1.622281e-05 	 1.694333e+07 	
2.08458458e+06 	 1.619456e-05 	 1.693552e+07 	
2.08508509e+06 	 1.616635e-05 	 1.692772e+07 	
2.08558559e+06 	 1.613819e-05 	 1.691992e+07 	
2.08608609e+06 	 1.611006e-05 	 1.691213e+07 	
2.08658659e+06 	 1.608197e-05 	 1.690434e+07 	
2.08708709e+06 	 1.605393e-05 	 1.689655e+07 	
2.08758759e+06 	 1.602592e-05 	 1.688877e+07 	
2.08808809e+06 	 1.599796e-05 	 1.688100e+07 	
2.08858859e+06 	 1.597004e-05 	 1.687323e+07 	
2.08908909e+06 	 1.594215e-05 	 1.686546e+07 	
2.08958959e+06 	 1.591431e-05 	 1.685770e+07 	
2.09009009e+06 	 1.588650e-05 	 1.684995e+07 	
2.09059059e+06 	 1.585874e-05 	 1.684220e+07 	
2.09109109e+06 	 1.583102e-05 	 1.683445e+07 	
2.09159159e+06 	 1.580333e-05 	 1.682671e+07 	
2.09209209e+06 	 1.577569e-05 	 1.681897e+07 	
2.09259259e+06 	 1.574808e-05 	 1.681124e+07 	
2.09309309e+06 	 1.572052e-05 	 1.680351e+07 	
2.09359359e+06 	 1.569299e-05 	 1.679579e+07 	
2.09409409e+06 	 1.566550e-05 	 1.678807e+07 	
2.09459459e+06 	 1.563806e-05 	 1.678036e+07 	
2.09509510e+06 	 1.561065e-05 	 1.677265e+07 	
2.09559560e+06 	 1.558328e-05 	 1.676495e+07 	
2.09609610e+06 	 1.555595e-05 	 1.675725e+07 	
2.09659660e+06 	 1.552866e-05 	 1.674956e+07 	
2.09709710e+06 	 1.550141e-05 	 1.674187e+07 	
2.09759760e+06 	 1.547420e-05 	 1.673418e+07 	
2.09809810e+06 	 1.544702e-05 	 1.672650e+07 	
2.09859860e+06 	 1.541989e-05 	 1.671883e+07 	
2.09909910e+06 	 1.539279e-05 	 1.671116e+07 	
2.09959960e+06 	 1.536573e-05 	 1.670349e+07 	
2.10010010e+06 	 1.533871e-05 	 1.669583e+07 	
2.10060060e+06 	 1.531173e-05 	 1.668818e+07 	
2.10110110e+06 	 1.528479e-05 	 1.668053e+07 	
2.10160160e+06 	 1.525789e-05 	 1.667288e+07 	
2.10210210e+06 	 1.523102e-05 	 1.666524e+07 	
2.10260260e+06 	 1.520419e-05 	 1.665760e+07 	
2.10310310e+06 	 1.517740e-05 	 1.664997e+07 	
2.10360360e+06 	 1.515065e-05 	 1.664234e+07 	
2.10410410e+06 	 1.512470e-05 	 1.663470e+07 	
2.10460460e+06 	 1.509804e-05 	 1.662708e+07 	
2.10510511e+06 	 1.507141e-05 	 1.661946e+07 	
2.10560561e+06 	 1.504483e-05 	 1.661185e+07 	
2.10610611e+06 	 1.501828e-05 	 1.660425e+07 	
2.10660661e+06 	 1.499177e-05 	 1.659665e+07 	
2.10710711e+06 	 1.496530e-05 	 1.658905e+07 	
2.10760761e+06 	 1.493886e-05 	 1.658146e+07 	
2.10810811e+06 	 1.491247e-05 	 1.657387e+07 	
2.10860861e+06 	 1.488611e-05 	 1.656629e+07 	
2.10910911e+06 	 1.485979e-05 	 1.655871e+07 	
2.10960961e+06 	 1.483350e-05 	 1.655114e+07 	
2.11011011e+06 	 1.480725e-05 	 1.654357e+07 	
2.11061061e+06 	 1.478104e-05 	 1.653601e+07 	
2.11111111e+06 	 1.475487e-05 	 1.652845e+07 	
2.11161161e+06 	 1.472873e-05 	 1.652089e+07 	
2.11211211e+06 	 1.470264e-05 	 1.651334e+07 	
2.11261261e+06 	 1.467657e-05 	 1.650580e+07 	
2.11311311e+06 	 1.465055e-05 	 1.649826e+07 	
2.11361361e+06 	 1.462456e-05 	 1.649072e+07 	
2.11411411e+06 	 1.459861e-05 	 1.648319e+07 	
2.11461461e+06 	 1.457270e-05 	 1.647566e+07 	
2.11511512e+06 	 1.454682e-05 	 1.646814e+07 	
2.11561562e+06 	 1.452098e-05 	 1.646062e+07 	
2.11611612e+06 	 1.449517e-05 	 1.645311e+07 	
2.11661662e+06 	 1.446940e-05 	 1.644560e+07 	
2.11711712e+06 	 1.444367e-05 	 1.643810e+07 	
2.11761762e+06 	 1.441798e-05 	 1.643060e+07 	
2.11811812e+06 	 1.439232e-05 	 1.642310e+07 	
2.11861862e+06 	 1.436670e-05 	 1.641561e+07 	
2.11911912e+06 	 1.434111e-05 	 1.640813e+07 	
2.11961962e+06 	 1.431556e-05 	 1.640065e+07 	
2.12012012e+06 	 1.429004e-05 	 1.639317e+07 	
2.12062062e+06 	 1.426384e-05 	 1.638572e+07 	
2.12112112e+06 	 1.423838e-05 	 1.637825e+07 	
2.12162162e+06 	 1.421296e-05 	 1.637079e+07 	
2.12212212e+06 	 1.418758e-05 	 1.636333e+07 	
2.12262262e+06 	 1.416223e-05 	 1.635587e+07 	
2.12312312e+06 	 1.413691e-05 	 1.634842e+07 	
2.12362362e+06 	 1.411163e-05 	 1.634098e+07 	
2.12412412e+06 	 1.408639e-05 	 1.633354e+07 	
2.12462462e+06 	 1.406118e-05 	 1.632610e+07 	
2.12512513e+06 	 1.403600e-05 	 1.631867e+07 	
2.12562563e+06 	 1.401087e-05 	 1.631125e+07 	
2.12612613e+06 	 1.398576e-05 	 1.630382e+07 	
2.12662663e+06 	 1.396069e-05 	 1.629641e+07 	
2.12712713e+06 	 1.393566e-05 	 1.628899e+07 	
2.12762763e+06 	 1.391066e-05 	 1.628158e+07 	
2.12812813e+06 	 1.388569e-05 	 1.627418e+07 	
2.12862863e+06 	 1.386076e-05 	 1.626678e+07 	
2.12912913e+06 	 1.383587e-05 	 1.625938e+07 	
2.12962963e+06 	 1.381101e-05 	 1.625199e+07 	
2.13013013e+06 	 1.378618e-05 	 1.624461e+07 	
2.13063063e+06 	 1.376139e-05 	 1.623723e+07 	
2.13113113e+06 	 1.373663e-05 	 1.622985e+07 	
2.13163163e+06 	 1.371190e-05 	 1.622247e+07 	
2.13213213e+06 	 1.368722e-05 	 1.621511e+07 	
2.13263263e+06 	 1.366256e-05 	 1.620774e+07 	
2.13313313e+06 	 1.363794e-05 	 1.620038e+07 	
2.13363363e+06 	 1.361335e-05 	 1.619303e+07 	
2.13413413e+06 	 1.358880e-05 	 1.618568e+07 	
2.13463463e+06 	 1.356428e-05 	 1.617833e+07 	
2.13513514e+06 	 1.353979e-05 	 1.617099e+07 	
2.13563564e+06 	 1.351534e-05 	 1.616365e+07 	
2.13613614e+06 	 1.349092e-05 	 1.615632e+07 	
2.13663664e+06 	 1.346654e-05 	 1.614899e+07 	
2.13713714e+06 	 1.344151e-05 	 1.614168e+07 	
2.13763764e+06 	 1.341718e-05 	 1.613436e+07 	
2.13813814e+06 	 1.339288e-05 	 1.612705e+07 	
2.13863864e+06 	 1.336862e-05 	 1.611974e+07 	
2.13913914e+06 	 1.334439e-05 	 1.611243e+07 	
2.13963964e+06 	 1.332019e-05 	 1.610513e+07 	
2.14014014e+06 	 1.329602e-05 	 1.609783e+07 	
2.14064064e+06 	 1.327189e-05 	 1.609054e+07 	
2.14114114e+06 	 1.324779e-05 	 1.608325e+07 	
2.14164164e+06 	 1.322372e-05 	 1.607597e+07 	
2.14214214e+06 	 1.319969e-05 	 1.606869e+07 	
2.14264264e+06 	 1.317569e-05 	 1.606141e+07 	
2.14314314e+06 	 1.315172e-05 	 1.605414e+07 	
2.14364364e+06 	 1.312778e-05 	 1.604688e+07 	
2.14414414e+06 	 1.310388e-05 	 1.603961e+07 	
2.14464464e+06 	 1.308000e-05 	 1.603236e+07 	
2.14514515e+06 	 1.305616e-05 	 1.602510e+07 	
2.14564565e+06 	 1.303236e-05 	 1.601785e+07 	
2.14614615e+06 	 1.300858e-05 	 1.601061e+07 	
2.14664665e+06 	 1.298484e-05 	 1.600337e+07 	
2.14714715e+06 	 1.296113e-05 	 1.599613e+07 	
2.14764765e+06 	 1.293745e-05 	 1.598890e+07 	
2.14814815e+06 	 1.291380e-05 	 1.598167e+07 	
2.14864865e+06 	 1.289018e-05 	 1.597445e+07 	
2.14914915e+06 	 1.286660e-05 	 1.596723e+07 	
2.14964965e+06 	 1.284305e-05 	 1.596002e+07 	
2.15015015e+06 	 1.281952e-05 	 1.595281e+07 	
2.15065065e+06 	 1.279603e-05 	 1.594560e+07 	
2.15115115e+06 	 1.277258e-05 	 1.593840e+07 	
2.15165165e+06 	 1.274915e-05 	 1.593120e+07 	
2.15215215e+06 	 1.272575e-05 	 1.592401e+07 	
2.15265265e+06 	 1.270239e-05 	 1.591682e+07 	
2.15315315e+06 	 1.267906e-05 	 1.590964e+07 	
2.15365365e+06 	 1.265576e-05 	 1.590246e+07 	
2.15415415e+06 	 1.263312e-05 	 1.589526e+07 	
2.15465465e+06 	 1.260990e-05 	 1.588809e+07 	
2.15515516e+06 	 1.258670e-05 	 1.588093e+07 	
2.15565566e+06 	 1.256353e-05 	 1.587376e+07 	
2.15615616e+06 	 1.254040e-05 	 1.586660e+07 	
2.15665666e+06 	 1.251730e-05 	 1.585945e+07 	
2.15715716e+06 	 1.249422e-05 	 1.585230e+07 	
2.15765766e+06 	 1.247118e-05 	 1.584515e+07 	
2.15815816e+06 	 1.244817e-05 	 1.583801e+07 	
2.15865866e+06 	 1.242519e-05 	 1.583088e+07 	
2.15915916e+06 	 1.240224e-05 	 1.582374e+07 	
2.15965966e+06 	 1.237932e-05 	 1.581661e+07 	
2.16016016e+06 	 1.235643e-05 	 1.580949e+07 	
2.16066066e+06 	 1.233357e-05 	 1.580237e+07 	
2.16116116e+06 	 1.231075e-05 	 1.579525e+07 	
2.16166166e+06 	 1.228795e-05 	 1.578814e+07 	
2.16216216e+06 	 1.226518e-05 	 1.578104e+07 	
2.16266266e+06 	 1.224245e-05 	 1.577393e+07 	
2.16316316e+06 	 1.221974e-05 	 1.576683e+07 	
2.16366366e+06 	 1.219706e-05 	 1.575974e+07 	
2.16416416e+06 	 1.217442e-05 	 1.575265e+07 	
2.16466466e+06 	 1.215180e-05 	 1.574556e+07 	
2.16516517e+06 	 1.212921e-05 	 1.573848e+07 	
2.16566567e+06 	 1.210666e-05 	 1.573140e+07 	
2.16616617e+06 	 1.208413e-05 	 1.572433e+07 	
2.16666667e+06 	 1.206163e-05 	 1.571726e+07 	
2.16716717e+06 	 1.203916e-05 	 1.571020e+07 	
2.16766767e+06 	 1.201673e-05 	 1.570314e+07 	
2.16816817e+06 	 1.199432e-05 	 1.569608e+07 	
2.16866867e+06 	 1.197194e-05 	 1.568903e+07 	
2.16916917e+06 	 1.194959e-05 	 1.568198e+07 	
2.16966967e+06 	 1.192727e-05 	 1.567494e+07 	
2.17017017e+06 	 1.190498e-05 	 1.566790e+07 	
2.17067067e+06 	 1.188272e-05 	 1.566086e+07 	
2.17117117e+06 	 1.186109e-05 	 1.565381e+07 	
2.17167167e+06 	 1.183890e-05 	 1.564678e+07 	
2.17217217e+06 	 1.181673e-05 	 1.563976e+07 	
2.17267267e+06 	 1.179460e-05 	 1.563274e+07 	
2.17317317e+06 	 1.177250e-05 	 1.562573e+07 	
2.17367367e+06 	 1.175042e-05 	 1.561872e+07 	
2.17417417e+06 	 1.172837e-05 	 1.561171e+07 	
2.17467467e+06 	 1.170636e-05 	 1.560471e+07 	
2.17517518e+06 	 1.168437e-05 	 1.559771e+07 	
2.17567568e+06 	 1.166241e-05 	 1.559072e+07 	
2.17617618e+06 	 1.164048e-05 	 1.558373e+07 	
2.17667668e+06 	 1.161858e-05 	 1.557674e+07 	
2.17717718e+06 	 1.159671e-05 	 1.556976e+07 	
2.17767768e+06 	 1.157486e-05 	 1.556278e+07 	
2.17817818e+06 	 1.155305e-05 	 1.555581e+07 	
2.17867868e+06 	 1.153126e-05 	 1.554884e+07 	
2.17917918e+06 	 1.150950e-05 	 1.554187e+07 	
2.17967968e+06 	 1.148777e-05 	 1.553491e+07 	
2.18018018e+06 	 1.146607e-05 	 1.552796e+07 	
2.18068068e+06 	 1.144440e-05 	 1.552100e+07 	
2.18118118e+06 	 1.142275e-05 	 1.551406e+07 	
2.18168168e+06 	 1.140113e-05 	 1.550711e+07 	
2.18218218e+06 	 1.137954e-05 	 1.550017e+07 	
2.18268268e+06 	 1.135798e-05 	 1.549324e+07 	
2.18318318e+06 	 1.133645e-05 	 1.548630e+07 	
2.18368368e+06 	 1.131495e-05 	 1.547938e+07 	
2.18418418e+06 	 1.129347e-05 	 1.547245e+07 	
2.18468468e+06 	 1.127202e-05 	 1.546553e+07 	
2.18518519e+06 	 1.125060e-05 	 1.545862e+07 	
2.18568569e+06 	 1.122921e-05 	 1.545171e+07 	
2.18618619e+06 	 1.120784e-05 	 1.544480e+07 	
2.18668669e+06 	 1.118651e-05 	 1.543790e+07 	
2.18718719e+06 	 1.116520e-05 	 1.543100e+07 	
2.18768769e+06 	 1.114392e-05 	 1.542410e+07 	
2.18818819e+06 	 1.112210e-05 	 1.541723e+07 	
2.18868869e+06 	 1.110086e-05 	 1.541034e+07 	
2.18918919e+06 	 1.107965e-05 	 1.540346e+07 	
2.18968969e+06 	 1.105847e-05 	 1.539658e+07 	
2.19019019e+06 	 1.103731e-05 	 1.538971e+07 	
2.19069069e+06 	 1.101618e-05 	 1.538284e+07 	
2.19119119e+06 	 1.099508e-05 	 1.537597e+07 	
2.19169169e+06 	 1.097400e-05 	 1.536911e+07 	
2.19219219e+06 	 1.095296e-05 	 1.536225e+07 	
2.19269269e+06 	 1.093194e-05 	 1.535540e+07 	
2.19319319e+06 	 1.091094e-05 	 1.534855e+07 	
2.19369369e+06 	 1.088997e-05 	 1.534170e+07 	
2.19419419e+06 	 1.086903e-05 	 1.533486e+07 	
2.19469469e+06 	 1.084812e-05 	 1.532802e+07 	
2.19519520e+06 	 1.082723e-05 	 1.532119e+07 	
2.19569570e+06 	 1.080637e-05 	 1.531436e+07 	
2.19619620e+06 	 1.078554e-05 	 1.530754e+07 	
2.19669670e+06 	 1.076473e-05 	 1.530071e+07 	
2.19719720e+06 	 1.074395e-05 	 1.529390e+07 	
2.19769770e+06 	 1.072319e-05 	 1.528708e+07 	
2.19819820e+06 	 1.070246e-05 	 1.528027e+07 	
2.19869870e+06 	 1.068176e-05 	 1.527347e+07 	
2.19919920e+06 	 1.066108e-05 	 1.526667e+07 	
2.19969970e+06 	 1.064043e-05 	 1.525987e+07 	
2.20020020e+06 	 1.061981e-05 	 1.525308e+07 	
2.20070070e+06 	 1.059921e-05 	 1.524629e+07 	
2.20120120e+06 	 1.057863e-05 	 1.523950e+07 	
2.20170170e+06 	 1.055809e-05 	 1.523272e+07 	
2.20220220e+06 	 1.053757e-05 	 1.522595e+07 	
2.20270270e+06 	 1.051707e-05 	 1.521917e+07 	
2.20320320e+06 	 1.049660e-05 	 1.521240e+07 	
2.20370370e+06 	 1.047616e-05 	 1.520564e+07 	
2.20420420e+06 	 1.045574e-05 	 1.519888e+07 	
2.20470470e+06 	 1.043535e-05 	 1.519212e+07 	
2.20520521e+06 	 1.041550e-05 	 1.518535e+07 	
2.20570571e+06 	 1.039517e-05 	 1.517860e+07 	
2.20620621e+06 	 1.037486e-05 	 1.517185e+07 	
2.20670671e+06 	 1.035458e-05 	 1.516511e+07 	
2.20720721e+06 	 1.033433e-05 	 1.515838e+07 	
2.20770771e+06 	 1.031410e-05 	 1.515164e+07 	
2.20820821e+06 	 1.029389e-05 	 1.514491e+07 	
2.20870871e+06 	 1.027371e-05 	 1.513819e+07 	
2.20920921e+06 	 1.025356e-05 	 1.513147e+07 	
2.20970971e+06 	 1.023343e-05 	 1.512475e+07 	
2.21021021e+06 	 1.021332e-05 	 1.511803e+07 	
2.21071071e+06 	 1.019324e-05 	 1.511132e+07 	
2.21121121e+06 	 1.017319e-05 	 1.510462e+07 	
2.21171171e+06 	 1.015316e-05 	 1.509792e+07 	
2.21221221e+06 	 1.013316e-05 	 1.509122e+07 	
2.21271271e+06 	 1.011318e-05 	 1.508453e+07 	
2.21321321e+06 	 1.009322e-05 	 1.507784e+07 	
2.21371371e+06 	 1.007330e-05 	 1.507115e+07 	
2.21421421e+06 	 1.005339e-05 	 1.506447e+07 	
2.21471471e+06 	 1.003351e-05 	 1.505779e+07 	
2.21521522e+06 	 1.001366e-05 	 1.505112e+07 	
2.21571572e+06 	 9.993824e-06 	 1.504445e+07 	
2.21621622e+06 	 9.974018e-06 	 1.503778e+07 	
2.21671672e+06 	 9.954237e-06 	 1.503112e+07 	
2.21721722e+06 	 9.934479e-06 	 1.502446e+07 	
2.21771772e+06 	 9.914747e-06 	 1.501780e+07 	
2.21821822e+06 	 9.895038e-06 	 1.501115e+07 	
2.21871872e+06 	 9.875354e-06 	 1.500451e+07 	
2.21921922e+06 	 9.855694e-06 	 1.499786e+07 	
2.21971972e+06 	 9.836059e-06 	 1.499123e+07 	
2.22022022e+06 	 9.816447e-06 	 1.498459e+07 	
2.22072072e+06 	 9.796860e-06 	 1.497796e+07 	
2.22122122e+06 	 9.777296e-06 	 1.497133e+07 	
2.22172172e+06 	 9.757757e-06 	 1.496471e+07 	
2.22222222e+06 	 9.738242e-06 	 1.495809e+07 	
2.22272272e+06 	 9.718258e-06 	 1.495149e+07 	
2.22322322e+06 	 9.698781e-06 	 1.494488e+07 	
2.22372372e+06 	 9.679329e-06 	 1.493827e+07 	
2.22422422e+06 	 9.659899e-06 	 1.493167e+07 	
2.22472472e+06 	 9.640494e-06 	 1.492507e+07 	
2.22522523e+06 	 9.621112e-06 	 1.491848e+07 	
2.22572573e+06 	 9.601753e-06 	 1.491189e+07 	
2.22622623e+06 	 9.582418e-06 	 1.490530e+07 	
2.22672673e+06 	 9.563106e-06 	 1.489871e+07 	
2.22722723e+06 	 9.543818e-06 	 1.489213e+07 	
2.22772773e+06 	 9.524552e-06 	 1.488556e+07 	
2.22822823e+06 	 9.505310e-06 	 1.487899e+07 	
2.22872873e+06 	 9.486091e-06 	 1.487242e+07 	
2.22922923e+06 	 9.466895e-06 	 1.486585e+07 	
2.22972973e+06 	 9.447723e-06 	 1.485929e+07 	
2.23023023e+06 	 9.428573e-06 	 1.485274e+07 	
2.23073073e+06 	 9.409446e-06 	 1.484618e+07 	
2.23123123e+06 	 9.390342e-06 	 1.483963e+07 	
2.23173173e+06 	 9.371261e-06 	 1.483309e+07 	
2.23223223e+06 	 9.352203e-06 	 1.482655e+07 	
2.23273273e+06 	 9.333168e-06 	 1.482001e+07 	
2.23323323e+06 	 9.314155e-06 	 1.481348e+07 	
2.23373373e+06 	 9.295165e-06 	 1.480695e+07 	
2.23423423e+06 	 9.276197e-06 	 1.480042e+07 	
2.23473473e+06 	 9.257252e-06 	 1.479390e+07 	
2.23523524e+06 	 9.238330e-06 	 1.478738e+07 	
2.23573574e+06 	 9.219430e-06 	 1.478087e+07 	
2.23623624e+06 	 9.200553e-06 	 1.477436e+07 	
2.23673674e+06 	 9.181697e-06 	 1.476785e+07 	
2.23723724e+06 	 9.162864e-06 	 1.476135e+07 	
2.23773774e+06 	 9.144054e-06 	 1.475485e+07 	
2.23823824e+06 	 9.125265e-06 	 1.474835e+07 	
2.23873874e+06 	 9.106499e-06 	 1.474186e+07 	
2.23923924e+06 	 9.087755e-06 	 1.473537e+07 	
2.23973974e+06 	 9.069033e-06 	 1.472889e+07 	
2.24024024e+06 	 9.050792e-06 	 1.472239e+07 	
2.24074074e+06 	 9.032123e-06 	 1.471592e+07 	
2.24124124e+06 	 9.013475e-06 	 1.470944e+07 	
2.24174174e+06 	 8.994849e-06 	 1.470297e+07 	
2.24224224e+06 	 8.976245e-06 	 1.469651e+07 	
2.24274274e+06 	 8.957663e-06 	 1.469005e+07 	
2.24324324e+06 	 8.939102e-06 	 1.468359e+07 	
2.24374374e+06 	 8.920564e-06 	 1.467714e+07 	
2.24424424e+06 	 8.902047e-06 	 1.467069e+07 	
2.24474474e+06 	 8.883553e-06 	 1.466424e+07 	
2.24524525e+06 	 8.865079e-06 	 1.465780e+07 	
2.24574575e+06 	 8.846628e-06 	 1.465136e+07 	
2.24624625e+06 	 8.828198e-06 	 1.464493e+07 	
2.24674675e+06 	 8.809789e-06 	 1.463850e+07 	
2.24724725e+06 	 8.791402e-06 	 1.463207e+07 	
2.24774775e+06 	 8.773036e-06 	 1.462565e+07 	
2.24824825e+06 	 8.754692e-06 	 1.461923e+07 	
2.24874875e+06 	 8.736369e-06 	 1.461281e+07 	
2.24924925e+06 	 8.718068e-06 	 1.460640e+07 	
2.24974975e+06 	 8.699787e-06 	 1.459999e+07 	
2.25025025e+06 	 8.681528e-06 	 1.459359e+07 	
2.25075075e+06 	 8.663290e-06 	 1.458719e+07 	
2.25125125e+06 	 8.645073e-06 	 1.458079e+07 	
2.25175175e+06 	 8.626878e-06 	 1.457440e+07 	
2.25225225e+06 	 8.608703e-06 	 1.456801e+07 	
2.25275275e+06 	 8.590549e-06 	 1.456162e+07 	
2.25325325e+06 	 8.572416e-06 	 1.455524e+07 	
2.25375375e+06 	 8.554304e-06 	 1.454886e+07 	
2.25425425e+06 	 8.536213e-06 	 1.454249e+07 	
2.25475475e+06 	 8.518142e-06 	 1.453612e+07 	
2.25525526e+06 	 8.500092e-06 	 1.452975e+07 	
2.25575576e+06 	 8.482063e-06 	 1.452339e+07 	
2.25625626e+06 	 8.464055e-06 	 1.451703e+07 	
2.25675676e+06 	 8.446067e-06 	 1.451068e+07 	
2.25725726e+06 	 8.428100e-06 	 1.450432e+07 	
2.25775776e+06 	 8.410579e-06 	 1.449796e+07 	
2.25825826e+06 	 8.392661e-06 	 1.449161e+07 	
2.25875876e+06 	 8.374762e-06 	 1.448527e+07 	
2.25925926e+06 	 8.356885e-06 	 1.447894e+07 	
2.25975976e+06 	 8.339027e-06 	 1.447260e+07 	
2.26026026e+06 	 8.321190e-06 	 1.446627e+07 	
2.26076076e+06 	 8.303374e-06 	 1.445995e+07 	
2.26126126e+06 	 8.285578e-06 	 1.445363e+07 	
2.26176176e+06 	 8.267802e-06 	 1.444731e+07 	
2.26226226e+06 	 8.250046e-06 	 1.444099e+07 	
2.26276276e+06 	 8.232310e-06 	 1.443468e+07 	
2.26326326e+06 	 8.214595e-06 	 1.442837e+07 	
2.26376376e+06 	 8.196900e-06 	 1.442207e+07 	
2.26426426e+06 	 8.179225e-06 	 1.441577e+07 	
2.26476476e+06 	 8.161569e-06 	 1.440947e+07 	
2.26526527e+06 	 8.143934e-06 	 1.440318e+07 	
2.26576577e+06 	 8.126319e-06 	 1.439689e+07 	
2.26626627e+06 	 8.108723e-06 	 1.439061e+07 	
2.26676677e+06 	 8.091148e-06 	 1.438433e+07 	
2.26726727e+06 	 8.073592e-06 	 1.437805e+07 	
2.26776777e+06 	 8.056056e-06 	 1.437178e+07 	
2.26826827e+06 	 8.038540e-06 	 1.436551e+07 	
2.26876877e+06 	 8.021043e-06 	 1.435924e+07 	
2.26926927e+06 	 8.003566e-06 	 1.435298e+07 	
2.26976977e+06 	 7.986109e-06 	 1.434672e+07 	
2.27027027e+06 	 7.968671e-06 	 1.434046e+07 	
2.27077077e+06 	 7.951253e-06 	 1.433421e+07 	
2.27127127e+06 	 7.933854e-06 	 1.432796e+07 	
2.27177177e+06 	 7.916474e-06 	 1.432172e+07 	
2.27227227e+06 	 7.899114e-06 	 1.431548e+07 	
2.27277277e+06 	 7.881773e-06 	 1.430924e+07 	
2.27327327e+06 	 7.864452e-06 	 1.430301e+07 	
2.27377377e+06 	 7.847150e-06 	 1.429678e+07 	
2.27427427e+06 	 7.829867e-06 	 1.429055e+07 	
2.27477477e+06 	 7.812603e-06 	 1.428433e+07 	
2.27527528e+06 	 7.794966e-06 	 1.427813e+07 	
2.27577578e+06 	 7.777734e-06 	 1.427191e+07 	
2.27627628e+06 	 7.760520e-06 	 1.426570e+07 	
2.27677678e+06 	 7.743325e-06 	 1.425950e+07 	
2.27727728e+06 	 7.726150e-06 	 1.425329e+07 	
2.27777778e+06 	 7.708992e-06 	 1.424709e+07 	
2.27827828e+06 	 7.691854e-06 	 1.424090e+07 	
2.27877878e+06 	 7.674735e-06 	 1.423470e+07 	
2.27927928e+06 	 7.657634e-06 	 1.422851e+07 	
2.27977978e+06 	 7.640552e-06 	 1.422233e+07 	
2.28028028e+06 	 7.623488e-06 	 1.421615e+07 	
2.28078078e+06 	 7.606443e-06 	 1.420997e+07 	
2.28128128e+06 	 7.589416e-06 	 1.420380e+07 	
2.28178178e+06 	 7.572408e-06 	 1.419762e+07 	
2.28228228e+06 	 7.555418e-06 	 1.419146e+07 	
2.28278278e+06 	 7.538447e-06 	 1.418529e+07 	
2.28328328e+06 	 7.521494e-06 	 1.417914e+07 	
2.28378378e+06 	 7.504559e-06 	 1.417298e+07 	
2.28428428e+06 	 7.487642e-06 	 1.416683e+07 	
2.28478478e+06 	 7.470744e-06 	 1.416068e+07 	
2.28528529e+06 	 7.453864e-06 	 1.415453e+07 	
2.28578579e+06 	 7.437002e-06 	 1.414839e+07 	
2.28628629e+06 	 7.420157e-06 	 1.414225e+07 	
2.28678679e+06 	 7.403331e-06 	 1.413612e+07 	
2.28728729e+06 	 7.386523e-06 	 1.412999e+07 	
2.28778779e+06 	 7.369733e-06 	 1.412386e+07 	
2.28828829e+06 	 7.352961e-06 	 1.411774e+07 	
2.28878879e+06 	 7.336207e-06 	 1.411162e+07 	
2.28928929e+06 	 7.319470e-06 	 1.410550e+07 	
2.28978979e+06 	 7.302752e-06 	 1.409939e+07 	
2.29029029e+06 	 7.286051e-06 	 1.409328e+07 	
2.29079079e+06 	 7.269367e-06 	 1.408718e+07 	
2.29129129e+06 	 7.252702e-06 	 1.408108e+07 	
2.29179179e+06 	 7.236054e-06 	 1.407498e+07 	
2.29229229e+06 	 7.219423e-06 	 1.406888e+07 	
2.29279279e+06 	 7.202810e-06 	 1.406279e+07 	
2.29329329e+06 	 7.185850e-06 	 1.405672e+07 	
2.29379379e+06 	 7.169266e-06 	 1.405064e+07 	
2.29429429e+06 	 7.152699e-06 	 1.404456e+07 	
2.29479479e+06 	 7.136149e-06 	 1.403849e+07 	
2.29529530e+06 	 7.119617e-06 	 1.403241e+07 	
2.29579580e+06 	 7.103101e-06 	 1.402635e+07 	
2.29629630e+06 	 7.086603e-06 	 1.402028e+07 	
2.29679680e+06 	 7.070122e-06 	 1.401422e+07 	
2.29729730e+06 	 7.053658e-06 	 1.400816e+07 	
2.29779780e+06 	 7.037211e-06 	 1.400211e+07 	
2.29829830e+06 	 7.020780e-06 	 1.399606e+07 	
2.29879880e+06 	 7.004367e-06 	 1.399001e+07 	
2.29929930e+06 	 6.987971e-06 	 1.398397e+07 	
2.29979980e+06 	 6.971591e-06 	 1.397793e+07 	
2.30030030e+06 	 6.955228e-06 	 1.397189e+07 	
2.30080080e+06 	 6.938882e-06 	 1.396586e+07 	
2.30130130e+06 	 6.922553e-06 	 1.395983e+07 	
2.30180180e+06 	 6.906240e-06 	 1.395381e+07 	
2.30230230e+06 	 6.889944e-06 	 1.394779e+07 	
2.30280280e+06 	 6.873664e-06 	 1.394177e+07 	
2.30330330e+06 	 6.857401e-06 	 1.393575e+07 	
2.30380380e+06 	 6.841154e-06 	 1.392974e+07 	
2.30430430e+06 	 6.824924e-06 	 1.392374e+07 	
2.30480480e+06 	 6.808710e-06 	 1.391773e+07 	
2.30530531e+06 	 6.792513e-06 	 1.391173e+07 	
2.30580581e+06 	 6.776332e-06 	 1.390574e+07 	
2.30630631e+06 	 6.760167e-06 	 1.389975e+07 	
2.30680681e+06 	 6.744018e-06 	 1.389376e+07 	
2.30730731e+06 	 6.727886e-06 	 1.388777e+07 	
2.30780781e+06 	 6.711769e-06 	 1.388179e+07 	
2.30830831e+06 	 6.695669e-06 	 1.387581e+07 	
2.30880881e+06 	 6.679585e-06 	 1.386984e+07 	
2.30930931e+06 	 6.663517e-06 	 1.386387e+07 	
2.30980981e+06 	 6.647464e-06 	 1.385790e+07 	
2.31031031e+06 	 6.631428e-06 	 1.385194e+07 	
2.31081081e+06 	 6.615408e-06 	 1.384598e+07 	
2.31131131e+06 	 6.599739e-06 	 1.384000e+07 	
2.31181181e+06 	 6.583756e-06 	 1.383405e+07 	
2.31231231e+06 	 6.567789e-06 	 1.382810e+07 	
2.31281281e+06 	 6.551837e-06 	 1.382215e+07 	
2.31331331e+06 	 6.535902e-06 	 1.381621e+07 	
2.31381381e+06 	 6.519982e-06 	 1.381027e+07 	
2.31431431e+06 	 6.504077e-06 	 1.380434e+07 	
2.31481481e+06 	 6.488189e-06 	 1.379840e+07 	
2.31531532e+06 	 6.472316e-06 	 1.379248e+07 	
2.31581582e+06 	 6.456458e-06 	 1.378655e+07 	
2.31631632e+06 	 6.440616e-06 	 1.378063e+07 	
2.31681682e+06 	 6.424790e-06 	 1.377471e+07 	
2.31731732e+06 	 6.408979e-06 	 1.376880e+07 	
2.31781782e+06 	 6.393183e-06 	 1.376289e+07 	
2.31831832e+06 	 6.377403e-06 	 1.375698e+07 	
2.31881882e+06 	 6.361638e-06 	 1.375108e+07 	
2.31931932e+06 	 6.345888e-06 	 1.374518e+07 	
2.31981982e+06 	 6.330154e-06 	 1.373929e+07 	
2.32032032e+06 	 6.314435e-06 	 1.373339e+07 	
2.32082082e+06 	 6.298731e-06 	 1.372750e+07 	
2.32132132e+06 	 6.283042e-06 	 1.372162e+07 	
2.32182182e+06 	 6.267368e-06 	 1.371574e+07 	
2.32232232e+06 	 6.251709e-06 	 1.370986e+07 	
2.32282282e+06 	 6.236065e-06 	 1.370399e+07 	
2.32332332e+06 	 6.220436e-06 	 1.369812e+07 	
2.32382382e+06 	 6.204822e-06 	 1.369225e+07 	
2.32432432e+06 	 6.189223e-06 	 1.368638e+07 	
2.32482482e+06 	 6.173639e-06 	 1.368052e+07 	
2.32532533e+06 	 6.158070e-06 	 1.367467e+07 	
2.32582583e+06 	 6.142515e-06 	 1.366882e+07 	
2.32632633e+06 	 6.126975e-06 	 1.366297e+07 	
2.32682683e+06 	 6.111450e-06 	 1.365712e+07 	
2.32732733e+06 	 6.095939e-06 	 1.365128e+07 	
2.32782783e+06 	 6.080443e-06 	 1.364544e+07 	
2.32832833e+06 	 6.064961e-06 	 1.363961e+07 	
2.32882883e+06 	 6.049494e-06 	 1.363377e+07 	
2.32932933e+06 	 6.033735e-06 	 1.362796e+07 	
2.32982983e+06 	 6.018292e-06 	 1.362214e+07 	
2.33033033e+06 	 6.002863e-06 	 1.361632e+07 	
2.33083083e+06 	 5.987448e-06 	 1.361050e+07 	
2.33133133e+06 	 5.972048e-06 	 1.360469e+07 	
2.33183183e+06 	 5.956662e-06 	 1.359888e+07 	
2.33233233e+06 	 5.941290e-06 	 1.359308e+07 	
2.33283283e+06 	 5.925932e-06 	 1.358727e+07 	
2.33333333e+06 	 5.910588e-06 	 1.358147e+07 	
2.33383383e+06 	 5.895258e-06 	 1.357568e+07 	
2.33433433e+06 	 5.879943e-06 	 1.356989e+07 	
2.33483483e+06 	 5.864641e-06 	 1.356410e+07 	
2.33533534e+06 	 5.849353e-06 	 1.355832e+07 	
2.33583584e+06 	 5.834079e-06 	 1.355254e+07 	
2.33633634e+06 	 5.818819e-06 	 1.354676e+07 	
2.33683684e+06 	 5.803572e-06 	 1.354098e+07 	
2.33733734e+06 	 5.788340e-06 	 1.353522e+07 	
2.33783784e+06 	 5.773121e-06 	 1.352945e+07 	
2.33833834e+06 	 5.757916e-06 	 1.352369e+07 	
2.33883884e+06 	 5.742724e-06 	 1.351793e+07 	
2.33933934e+06 	 5.727546e-06 	 1.351217e+07 	
2.33983984e+06 	 5.712382e-06 	 1.350642e+07 	
2.34034034e+06 	 5.697231e-06 	 1.350067e+07 	
2.34084084e+06 	 5.682093e-06 	 1.349493e+07 	
2.34134134e+06 	 5.666969e-06 	 1.348919e+07 	
2.34184184e+06 	 5.651859e-06 	 1.348345e+07 	
2.34234234e+06 	 5.636762e-06 	 1.347771e+07 	
2.34284284e+06 	 5.621678e-06 	 1.347198e+07 	
2.34334334e+06 	 5.606607e-06 	 1.346626e+07 	
2.34384384e+06 	 5.591550e-06 	 1.346053e+07 	
2.34434434e+06 	 5.576506e-06 	 1.345481e+07 	
2.34484484e+06 	 5.561475e-06 	 1.344910e+07 	
2.34534535e+06 	 5.546457e-06 	 1.344339e+07 	
2.34584585e+06 	 5.531452e-06 	 1.343768e+07 	
2.34634635e+06 	 5.516460e-06 	 1.343197e+07 	
2.34684685e+06 	 5.501482e-06 	 1.342627e+07 	
2.34734735e+06 	 5.486238e-06 	 1.342059e+07 	
2.34784785e+06 	 5.471280e-06 	 1.341490e+07 	
2.34834835e+06 	 5.456336e-06 	 1.340921e+07 	
2.34884885e+06 	 5.441404e-06 	 1.340352e+07 	
2.34934935e+06 	 5.426485e-06 	 1.339784e+07 	
2.34984985e+06 	 5.411579e-06 	 1.339216e+07 	
2.35035035e+06 	 5.396685e-06 	 1.338648e+07 	
2.35085085e+06 	 5.381804e-06 	 1.338081e+07 	
2.35135135e+06 	 5.366936e-06 	 1.337514e+07 	
2.35185185e+06 	 5.352080e-06 	 1.336948e+07 	
2.35235235e+06 	 5.337236e-06 	 1.336382e+07 	
2.35285285e+06 	 5.322405e-06 	 1.335816e+07 	
2.35335335e+06 	 5.307587e-06 	 1.335250e+07 	
2.35385385e+06 	 5.292781e-06 	 1.334685e+07 	
2.35435435e+06 	 5.277987e-06 	 1.334121e+07 	
2.35485485e+06 	 5.263206e-06 	 1.333557e+07 	
2.35535536e+06 	 5.248437e-06 	 1.332993e+07 	
2.35585586e+06 	 5.233680e-06 	 1.332429e+07 	
2.35635636e+06 	 5.218935e-06 	 1.331866e+07 	
2.35685686e+06 	 5.204202e-06 	 1.331303e+07 	
2.35735736e+06 	 5.189482e-06 	 1.330740e+07 	
2.35785786e+06 	 5.174774e-06 	 1.330178e+07 	
2.35835836e+06 	 5.160077e-06 	 1.329617e+07 	
2.35885886e+06 	 5.145393e-06 	 1.329055e+07 	
2.35935936e+06 	 5.130721e-06 	 1.328494e+07 	
2.35985986e+06 	 5.116060e-06 	 1.327934e+07 	
2.36036036e+06 	 5.101412e-06 	 1.327373e+07 	
2.36086086e+06 	 5.086775e-06 	 1.326813e+07 	
2.36136136e+06 	 5.072150e-06 	 1.326254e+07 	
2.36186186e+06 	 5.057537e-06 	 1.325695e+07 	
2.36236236e+06 	 5.042936e-06 	 1.325136e+07 	
2.36286286e+06 	 5.028346e-06 	 1.324577e+07 	
2.36336336e+06 	 5.013768e-06 	 1.324019e+07 	
2.36386386e+06 	 4.999202e-06 	 1.323462e+07 	
2.36436436e+06 	 4.984647e-06 	 1.322904e+07 	
2.36486486e+06 	 4.970104e-06 	 1.322347e+07 	
2.36536537e+06 	 4.955323e-06 	 1.321792e+07 	
2.36586587e+06 	 4.940799e-06 	 1.321236e+07 	
2.36636637e+06 	 4.926286e-06 	 1.320680e+07 	
2.36686687e+06 	 4.911785e-06 	 1.320125e+07 	
2.36736737e+06 	 4.897294e-06 	 1.319570e+07 	
2.36786787e+06 	 4.882816e-06 	 1.319015e+07 	
2.36836837e+06 	 4.868348e-06 	 1.318461e+07 	
2.36886887e+06 	 4.853891e-06 	 1.317907e+07 	
2.36936937e+06 	 4.839446e-06 	 1.317353e+07 	
2.36986987e+06 	 4.825012e-06 	 1.316800e+07 	
2.37037037e+06 	 4.810589e-06 	 1.316247e+07 	
2.37087087e+06 	 4.796177e-06 	 1.315695e+07 	
2.37137137e+06 	 4.781776e-06 	 1.315143e+07 	
2.37187187e+06 	 4.767385e-06 	 1.314591e+07 	
2.37237237e+06 	 4.753006e-06 	 1.314040e+07 	
2.37287287e+06 	 4.738638e-06 	 1.313489e+07 	
2.37337337e+06 	 4.724281e-06 	 1.312938e+07 	
2.37387387e+06 	 4.709934e-06 	 1.312388e+07 	
2.37437437e+06 	 4.695598e-06 	 1.311838e+07 	
2.37487487e+06 	 4.681273e-06 	 1.311288e+07 	
2.37537538e+06 	 4.666959e-06 	 1.310739e+07 	
2.37587588e+06 	 4.652655e-06 	 1.310191e+07 	
2.37637638e+06 	 4.638362e-06 	 1.309642e+07 	
2.37687688e+06 	 4.624080e-06 	 1.309094e+07 	
2.37737738e+06 	 4.609808e-06 	 1.308547e+07 	
2.37787788e+06 	 4.595547e-06 	 1.307999e+07 	
2.37837838e+06 	 4.581296e-06 	 1.307453e+07 	
2.37887888e+06 	 4.567056e-06 	 1.306906e+07 	
2.37937938e+06 	 4.552826e-06 	 1.306360e+07 	
2.37987988e+06 	 4.538607e-06 	 1.305814e+07 	
2.38038038e+06 	 4.524398e-06 	 1.305269e+07 	
2.38088088e+06 	 4.510199e-06 	 1.304724e+07 	
2.38138138e+06 	 4.496011e-06 	 1.304180e+07 	
2.38188188e+06 	 4.481833e-06 	 1.303635e+07 	
2.38238238e+06 	 4.467665e-06 	 1.303092e+07 	
2.38288288e+06 	 4.453507e-06 	 1.302548e+07 	
2.38338338e+06 	 4.439360e-06 	 1.302005e+07 	
2.38388388e+06 	 4.424998e-06 	 1.301464e+07 	
2.38438438e+06 	 4.410867e-06 	 1.300922e+07 	
2.38488488e+06 	 4.396746e-06 	 1.300380e+07 	
2.38538539e+06 	 4.382636e-06 	 1.299839e+07 	
2.38588589e+06 	 4.368535e-06 	 1.299298e+07 	
2.38638639e+06 	 4.354444e-06 	 1.298757e+07 	
2.38688689e+06 	 4.340363e-06 	 1.298217e+07 	
2.38738739e+06 	 4.326292e-06 	 1.297677e+07 	
2.38788789e+06 	 4.312230e-06 	 1.297137e+07 	
2.38838839e+06 	 4.298179e-06 	 1.296598e+07 	
2.38888889e+06 	 4.284137e-06 	 1.296059e+07 	
2.38938939e+06 	 4.270105e-06 	 1.295521e+07 	
2.38988989e+06 	 4.256083e-06 	 1.294983e+07 	
2.39039039e+06 	 4.242070e-06 	 1.294446e+07 	
2.39089089e+06 	 4.228067e-06 	 1.293908e+07 	
2.39139139e+06 	 4.214074e-06 	 1.293372e+07 	
2.39189189e+06 	 4.200090e-06 	 1.292835e+07 	
2.39239239e+06 	 4.186116e-06 	 1.292299e+07 	
2.39289289e+06 	 4.172151e-06 	 1.291764e+07 	
2.39339339e+06 	 4.158196e-06 	 1.291228e+07 	
2.39389389e+06 	 4.144250e-06 	 1.290694e+07 	
2.39439439e+06 	 4.130314e-06 	 1.290159e+07 	
2.39489489e+06 	 4.116387e-06 	 1.289625e+07 	
2.39539540e+06 	 4.102469e-06 	 1.289092e+07 	
2.39589590e+06 	 4.088561e-06 	 1.288558e+07 	
2.39639640e+06 	 4.074662e-06 	 1.288026e+07 	
2.39689690e+06 	 4.060772e-06 	 1.287493e+07 	
2.39739740e+06 	 4.046892e-06 	 1.286961e+07 	
2.39789790e+06 	 4.033021e-06 	 1.286430e+07 	
2.39839840e+06 	 4.019159e-06 	 1.285898e+07 	
2.39889890e+06 	 4.005306e-06 	 1.285368e+07 	
2.39939940e+06 	 3.991463e-06 	 1.284837e+07 	
2.39989990e+06 	 3.977629e-06 	 1.284307e+07 	
2.40040040e+06 	 3.963803e-06 	 1.283778e+07 	
2.40090090e+06 	 3.949987e-06 	 1.283249e+07 	
2.40140140e+06 	 3.936180e-06 	 1.282720e+07 	
2.40190190e+06 	 3.922579e-06 	 1.282190e+07 	
2.40240240e+06 	 3.908793e-06 	 1.281662e+07 	
2.40290290e+06 	 3.895016e-06 	 1.281134e+07 	
2.40340340e+06 	 3.881248e-06 	 1.280607e+07 	
2.40390390e+06 	 3.867489e-06 	 1.280080e+07 	
2.40440440e+06 	 3.853739e-06 	 1.279554e+07 	
2.40490490e+06 	 3.839998e-06 	 1.279028e+07 	
2.40540541e+06 	 3.826266e-06 	 1.278502e+07 	
2.40590591e+06 	 3.812543e-06 	 1.277977e+07 	
2.40640641e+06 	 3.798829e-06 	 1.277453e+07 	
2.40690691e+06 	 3.785123e-06 	 1.276928e+07 	
2.40740741e+06 	 3.771427e-06 	 1.276405e+07 	
2.40790791e+06 	 3.757739e-06 	 1.275881e+07 	
2.40840841e+06 	 3.744060e-06 	 1.275358e+07 	
2.40890891e+06 	 3.730390e-06 	 1.274835e+07 	
2.40940941e+06 	 3.716729e-06 	 1.274313e+07 	
2.40990991e+06 	 3.703076e-06 	 1.273792e+07 	
2.41041041e+06 	 3.689433e-06 	 1.273270e+07 	
2.41091091e+06 	 3.675798e-06 	 1.272749e+07 	
2.41141141e+06 	 3.662171e-06 	 1.272229e+07 	
2.41191191e+06 	 3.648554e-06 	 1.271709e+07 	
2.41241241e+06 	 3.634945e-06 	 1.271189e+07 	
2.41291291e+06 	 3.621345e-06 	 1.270670e+07 	
2.41341341e+06 	 3.607753e-06 	 1.270151e+07 	
2.41391391e+06 	 3.594170e-06 	 1.269633e+07 	
2.41441441e+06 	 3.580596e-06 	 1.269115e+07 	
2.41491491e+06 	 3.567031e-06 	 1.268597e+07 	
2.41541542e+06 	 3.553474e-06 	 1.268080e+07 	
2.41591592e+06 	 3.539926e-06 	 1.267564e+07 	
2.41641642e+06 	 3.526386e-06 	 1.267048e+07 	
2.41691692e+06 	 3.512855e-06 	 1.266532e+07 	
2.41741742e+06 	 3.499332e-06 	 1.266017e+07 	
2.41791792e+06 	 3.485818e-06 	 1.265502e+07 	
2.41841842e+06 	 3.472313e-06 	 1.264987e+07 	
2.41891892e+06 	 3.458816e-06 	 1.264473e+07 	
2.41941942e+06 	 3.445328e-06 	 1.263960e+07 	
2.41991992e+06 	 3.431849e-06 	 1.263447e+07 	
2.42042042e+06 	 3.418550e-06 	 1.262932e+07 	
2.42092092e+06 	 3.405090e-06 	 1.262420e+07 	
2.42142142e+06 	 3.391639e-06 	 1.261908e+07 	
2.42192192e+06 	 3.378196e-06 	 1.261397e+07 	
2.42242242e+06 	 3.364762e-06 	 1.260886e+07 	
2.42292292e+06 	 3.351336e-06 	 1.260375e+07 	
2.42342342e+06 	 3.337919e-06 	 1.259865e+07 	
2.42392392e+06 	 3.324511e-06 	 1.259356e+07 	
2.42442442e+06 	 3.311111e-06 	 1.258847e+07 	
2.42492492e+06 	 3.297720e-06 	 1.258338e+07 	
2.42542543e+06 	 3.284338e-06 	 1.257830e+07 	
2.42592593e+06 	 3.270964e-06 	 1.257322e+07 	
2.42642643e+06 	 3.257598e-06 	 1.256815e+07 	
2.42692693e+06 	 3.244242e-06 	 1.256308e+07 	
2.42742743e+06 	 3.230894e-06 	 1.255802e+07 	
2.42792793e+06 	 3.217554e-06 	 1.255296e+07 	
2.42842843e+06 	 3.204223e-06 	 1.254790e+07 	
2.42892893e+06 	 3.190901e-06 	 1.254286e+07 	
2.42942943e+06 	 3.177588e-06 	 1.253781e+07 	
2.42992993e+06 	 3.164283e-06 	 1.253277e+07 	
2.43043043e+06 	 3.150987e-06 	 1.252773e+07 	
2.43093093e+06 	 3.137700e-06 	 1.252270e+07 	
2.43143143e+06 	 3.124421e-06 	 1.251768e+07 	
2.43193193e+06 	 3.111151e-06 	 1.251266e+07 	
2.43243243e+06 	 3.097890e-06 	 1.250764e+07 	
2.43293293e+06 	 3.084638e-06 	 1.250263e+07 	
2.43343343e+06 	 3.071394e-06 	 1.249762e+07 	
2.43393393e+06 	 3.058159e-06 	 1.249262e+07 	
2.43443443e+06 	 3.044934e-06 	 1.248762e+07 	
2.43493493e+06 	 3.031716e-06 	 1.248263e+07 	
2.43543544e+06 	 3.018508e-06 	 1.247764e+07 	
2.43593594e+06 	 3.005309e-06 	 1.247266e+07 	
2.43643644e+06 	 2.992119e-06 	 1.246768e+07 	
2.43693694e+06 	 2.978937e-06 	 1.246271e+07 	
2.43743744e+06 	 2.965765e-06 	 1.245774e+07 	
2.43793794e+06 	 2.952602e-06 	 1.245278e+07 	
2.43843844e+06 	 2.939447e-06 	 1.244782e+07 	
2.43893894e+06 	 2.926154e-06 	 1.244288e+07 	
2.43943944e+06 	 2.913016e-06 	 1.243794e+07 	
2.43993994e+06 	 2.899887e-06 	 1.243299e+07 	
2.44044044e+06 	 2.886767e-06 	 1.242806e+07 	
2.44094094e+06 	 2.873656e-06 	 1.242312e+07 	
2.44144144e+06 	 2.860554e-06 	 1.241820e+07 	
2.44194194e+06 	 2.847462e-06 	 1.241327e+07 	
2.44244244e+06 	 2.834379e-06 	 1.240836e+07 	
2.44294294e+06 	 2.821305e-06 	 1.240344e+07 	
2.44344344e+06 	 2.808241e-06 	 1.239854e+07 	
2.44394394e+06 	 2.795186e-06 	 1.239363e+07 	
2.44444444e+06 	 2.782141e-06 	 1.238874e+07 	
2.44494494e+06 	 2.769105e-06 	 1.238385e+07 	
2.44544545e+06 	 2.756079e-06 	 1.237896e+07 	
2.44594595e+06 	 2.743062e-06 	 1.237408e+07 	
2.44644645e+06 	 2.730055e-06 	 1.236920e+07 	
2.44694695e+06 	 2.717058e-06 	 1.236433e+07 	
2.44744745e+06 	 2.704071e-06 	 1.235947e+07 	
2.44794795e+06 	 2.691093e-06 	 1.235461e+07 	
2.44844845e+06 	 2.678126e-06 	 1.234975e+07 	
2.44894895e+06 	 2.665168e-06 	 1.234490e+07 	
2.44944945e+06 	 2.652220e-06 	 1.234006e+07 	
2.44994995e+06 	 2.639282e-06 	 1.233522e+07 	
2.45045045e+06 	 2.626355e-06 	 1.233039e+07 	
2.45095095e+06 	 2.613438e-06 	 1.232556e+07 	
2.45145145e+06 	 2.600531e-06 	 1.232074e+07 	
2.45195195e+06 	 2.587634e-06 	 1.231592e+07 	
2.45245245e+06 	 2.574748e-06 	 1.231111e+07 	
2.45295295e+06 	 2.561872e-06 	 1.230631e+07 	
2.45345345e+06 	 2.549006e-06 	 1.230151e+07 	
2.45395395e+06 	 2.536152e-06 	 1.229671e+07 	
2.45445445e+06 	 2.523308e-06 	 1.229192e+07 	
2.45495495e+06 	 2.510475e-06 	 1.228714e+07 	
2.45545546e+06 	 2.497652e-06 	 1.228236e+07 	
2.45595596e+06 	 2.484841e-06 	 1.227759e+07 	
2.45645646e+06 	 2.472041e-06 	 1.227283e+07 	
2.45695696e+06 	 2.459252e-06 	 1.226807e+07 	
2.45745746e+06 	 2.446349e-06 	 1.226333e+07 	
2.45795796e+06 	 2.433581e-06 	 1.225858e+07 	
2.45845846e+06 	 2.420823e-06 	 1.225384e+07 	
2.45895896e+06 	 2.408078e-06 	 1.224910e+07 	
2.45945946e+06 	 2.395344e-06 	 1.224437e+07 	
2.45995996e+06 	 2.382621e-06 	 1.223964e+07 	
2.46046046e+06 	 2.369911e-06 	 1.223493e+07 	
2.46096096e+06 	 2.357212e-06 	 1.223021e+07 	
2.46146146e+06 	 2.344525e-06 	 1.222551e+07 	
2.46196196e+06 	 2.331850e-06 	 1.222080e+07 	
2.46246246e+06 	 2.319188e-06 	 1.221611e+07 	
2.46296296e+06 	 2.306537e-06 	 1.221142e+07 	
2.46346346e+06 	 2.293899e-06 	 1.220674e+07 	
2.46396396e+06 	 2.281274e-06 	 1.220206e+07 	
2.46446446e+06 	 2.268661e-06 	 1.219739e+07 	
2.46496496e+06 	 2.256061e-06 	 1.219273e+07 	
2.46546547e+06 	 2.243473e-06 	 1.218807e+07 	
2.46596597e+06 	 2.230899e-06 	 1.218341e+07 	
2.46646647e+06 	 2.218338e-06 	 1.217877e+07 	
2.46696697e+06 	 2.205790e-06 	 1.217413e+07 	
2.46746747e+06 	 2.193255e-06 	 1.216950e+07 	
2.46796797e+06 	 2.180734e-06 	 1.216487e+07 	
2.46846847e+06 	 2.168226e-06 	 1.216025e+07 	
2.46896897e+06 	 2.155732e-06 	 1.215563e+07 	
2.46946947e+06 	 2.143252e-06 	 1.215103e+07 	
2.46996997e+06 	 2.130786e-06 	 1.214642e+07 	
2.47047047e+06 	 2.118334e-06 	 1.214183e+07 	
2.47097097e+06 	 2.105897e-06 	 1.213724e+07 	
2.47147147e+06 	 2.093474e-06 	 1.213266e+07 	
2.47197197e+06 	 2.081065e-06 	 1.212808e+07 	
2.47247247e+06 	 2.068671e-06 	 1.212351e+07 	
2.47297297e+06 	 2.056293e-06 	 1.211895e+07 	
2.47347347e+06 	 2.043929e-06 	 1.211440e+07 	
2.47397397e+06 	 2.031580e-06 	 1.210985e+07 	
2.47447447e+06 	 2.019247e-06 	 1.210531e+07 	
2.47497497e+06 	 2.006930e-06 	 1.210077e+07 	
2.47547548e+06 	 1.994728e-06 	 1.209623e+07 	
2.47597598e+06 	 1.982443e-06 	 1.209170e+07 	
2.47647648e+06 	 1.970175e-06 	 1.208719e+07 	
2.47697698e+06 	 1.957922e-06 	 1.208268e+07 	
2.47747748e+06 	 1.945686e-06 	 1.207818e+07 	
2.47797798e+06 	 1.933467e-06 	 1.207368e+07 	
2.47847848e+06 	 1.921264e-06 	 1.206920e+07 	
2.47897898e+06 	 1.909078e-06 	 1.206472e+07 	
2.47947948e+06 	 1.896910e-06 	 1.206024e+07 	
2.47997998e+06 	 1.884759e-06 	 1.205578e+07 	
2.48048048e+06 	 1.872625e-06 	 1.205132e+07 	
2.48098098e+06 	 1.860509e-06 	 1.204687e+07 	
2.48148148e+06 	 1.848411e-06 	 1.204242e+07 	
2.48198198e+06 	 1.836331e-06 	 1.203798e+07 	
2.48248248e+06 	 1.824269e-06 	 1.203355e+07 	
2.48298298e+06 	 1.812226e-06 	 1.202913e+07 	
2.48348348e+06 	 1.800202e-06 	 1.202471e+07 	
2.48398398e+06 	 1.788196e-06 	 1.202031e+07 	
2.48448448e+06 	 1.776210e-06 	 1.201591e+07 	
2.48498498e+06 	 1.764243e-06 	 1.201151e+07 	
2.48548549e+06 	 1.752295e-06 	 1.200713e+07 	
2.48598599e+06 	 1.740368e-06 	 1.200275e+07 	
2.48648649e+06 	 1.728460e-06 	 1.199838e+07 	
2.48698699e+06 	 1.716573e-06 	 1.199401e+07 	
2.48748749e+06 	 1.704706e-06 	 1.198966e+07 	
2.48798799e+06 	 1.692859e-06 	 1.198531e+07 	
2.48848849e+06 	 1.681034e-06 	 1.198097e+07 	
2.48898899e+06 	 1.669230e-06 	 1.197664e+07 	
2.48948949e+06 	 1.657447e-06 	 1.197231e+07 	
2.48998999e+06 	 1.645686e-06 	 1.196799e+07 	
2.49049049e+06 	 1.633947e-06 	 1.196368e+07 	
2.49099099e+06 	 1.622230e-06 	 1.195938e+07 	
2.49149149e+06 	 1.610535e-06 	 1.195509e+07 	
2.49199199e+06 	 1.598863e-06 	 1.195080e+07 	
2.49249249e+06 	 1.587214e-06 	 1.194653e+07 	
2.49299299e+06 	 1.575588e-06 	 1.194226e+07 	
2.49349349e+06 	 1.563985e-06 	 1.193800e+07 	
2.49399399e+06 	 1.552485e-06 	 1.193373e+07 	
2.49449449e+06 	 1.540931e-06 	 1.192948e+07 	
2.49499499e+06 	 1.529401e-06 	 1.192524e+07 	
2.49549550e+06 	 1.517895e-06 	 1.192101e+07 	
2.49599600e+06 	 1.506415e-06 	 1.191679e+07 	
2.49649650e+06 	 1.494959e-06 	 1.191258e+07 	
2.49699700e+06 	 1.483528e-06 	 1.190838e+07 	
2.49749750e+06 	 1.472124e-06 	 1.190418e+07 	
2.49799800e+06 	 1.460744e-06 	 1.189999e+07 	
2.49849850e+06 	 1.449392e-06 	 1.189581e+07 	
2.49899900e+06 	 1.438065e-06 	 1.189164e+07 	
2.49949950e+06 	 1.426765e-06 	 1.188748e+07 	
2.50000000e+06 	 1.415492e-06 	 1.188333e+07 	
2.51503871e+06 	 1.090804e-06 	 1.176280e+07 	
2.53016788e+06 	 7.979593e-07 	 1.165059e+07 	
2.54538806e+06 	 5.467947e-07 	 1.154804e+07 	
2.56069980e+06 	 3.456063e-07 	 1.145632e+07 	
2.57610364e+06 	 1.981340e-07 	 1.137607e+07 	
2.59160015e+06 	 1.012618e-07 	 1.130730e+07 	
2.60718988e+06 	 4.539497e-08 	 1.124916e+07 	
2.62287338e+06 	 1.761039e-08 	 1.119977e+07 	
2.63865123e+06 	 5.851848e-09 	 1.115705e+07 	
2.97856339e+06 	 1.000000e-20 	 1.045530e+07 	
3.36226318e+06 	 1.000000e-20 	 9.806372e+06 	
3.79539134e+06 	 1.000000e-20 	 9.201755e+06 	
4.28431525e+06 	 1.000000e-20 	 8.637690e+06 	
4.83622254e+06 	 1.000000e-20 	 8.110867e+06 	
5.45922677e+06 	 1.000000e-20 	 7.618351e+06 	
6.16248666e+06 	 1.000000e-20 	 7.157524e+06 	
6.95634078e+06 	 1.000000e-20 	 6.726033e+06 	
7.85245953e+06 	 1.000000e-20 	 6.321757e+06 	
8.86401667e+06 	 1.000000e-20 	 5.942769e+06 	
1.00058830e+07 	 1.000000e-20 	 5.587318e+06 	
1.12948451e+07 	 1.000000e-20 	 5.253800e+06 	
1.27498518e+07 	 1.000000e-20 	 4.940748e+06 	
1.43922930e+07 	 1.000000e-20 	 4.646811e+06 	
1.62463143e+07 	 1.000000e-20 	 4.370742e+06 	
1.83391713e+07 	 1.000000e-20 	 4.111391e+06 	
2.07016311e+07 	 1.000000e-20 	 3.867692e+06 	
2.33684239e+07 	 1.000000e-20 	 3.638656e+06 	
2.63787541e+07 	 1.000000e-20 	 3.423364e+06 	
2.97768763e+07 	 1.000000e-20 	 3.220960e+06 	
3.36127461e+07 	 1.000000e-20 	 3.030649e+06 	
3.79427542e+07 	 1.000000e-20 	 2.851686e+06 	
4.28305557e+07 	 1.000000e-20 	 2.683377e+06 	
4.83480059e+07 	 1.000000e-20 	 2.525074e+06 	
5.45762164e+07 	 1.000000e-20 	 2.376169e+06 	
6.16067475e+07 	 1.000000e-20 	 2.236095e+06 	
6.95429547e+07 	 1.000000e-20 	 2.104321e+06 	
7.85015074e+07 	 1.000000e-20 	 1.980346e+06 	
8.86141046e+07 	 1.000000e-20 	 1.863703e+06 	
1.00029411e+08 	 1.000000e-20 	 1.753955e+06 	
1.12915242e+08 	 1.000000e-20 	 1.650690e+06 	
1.27461030e+08 	 1.000000e-20 	 1.553521e+06 	
1.43880614e+08 	 1.000000e-20 	 1.462086e+06 	
1.62415375e+08 	 1.000000e-20 	 1.376044e+06 	
1.83337792e+08 	 1.000000e-20 	 1.295075e+06 	
2.06955444e+08 	 1.000000e-20 	 1.218878e+06 	
2.33615531e+08 	 1.000000e-20 	 1.147171e+06 	
2.63709982e+08 	 1.000000e-20 	 1.079689e+06 	
2.97681213e+08 	 1.000000e-20 	 1.016180e+06 	
3.36028632e+08 	 1.000000e-20 	 9.564113e+05 	
3.79315982e+08 	 1.000000e-20 	 9.001611e+05 	
4.28179626e+08 	 1.000000e-20 	 8.472218e+05 	
4.83337906e+08 	 1.000000e-20 	 7.973982e+05 	
5.45601698e+08 	 1.000000e-20 	 7.505064e+05 	
6.15886338e+08 	 1.000000e-20 	 7.063738e+05 	
6.95225076e+08 	 1.000000e-20 	 6.648376e+05 	
7.84784262e+08 	 1.000000e-20 	 6.257449e+05 	
8.85880501e+08 	 1.000000e-20 	 5.889518e+05 	
1.00000000e+09 	 1.000000e-20 	 5.543228e+05 	
