r (cm)        	 rho (g/cm3) 	 T (K)       		 Linf = 2.773273e+38
1.00001463e+06 	 1.324631e+05 	 1.297901e+09 	
1.00009132e+06 	 1.188222e+05 	 1.262798e+09 	
1.00018107e+06 	 1.043649e+05 	 1.222165e+09 	
1.00027083e+06 	 9.140724e+04 	 1.182030e+09 	
1.00036058e+06 	 7.982481e+04 	 1.142410e+09 	
1.00045034e+06 	 6.950041e+04 	 1.103321e+09 	
1.00054009e+06 	 6.032390e+04 	 1.064780e+09 	
1.00062864e+06 	 5.229546e+04 	 1.027313e+09 	
1.00071718e+06 	 4.519074e+04 	 9.904122e+08 	
1.00080572e+06 	 3.892303e+04 	 9.540961e+08 	
1.00087892e+06 	 3.431580e+04 	 9.245270e+08 	
1.00095211e+06 	 3.018263e+04 	 8.953799e+08 	
1.00102531e+06 	 2.648340e+04 	 8.666653e+08 	
1.00109851e+06 	 2.318052e+04 	 8.383940e+08 	
1.00117171e+06 	 2.023879e+04 	 8.105769e+08 	
1.00124466e+06 	 1.763358e+04 	 7.833153e+08 	
1.00131761e+06 	 1.532417e+04 	 7.565267e+08 	
1.00139057e+06 	 1.328240e+04 	 7.302221e+08 	
1.00145075e+06 	 1.178092e+04 	 7.088942e+08 	
1.00151093e+06 	 1.043010e+04 	 6.879095e+08 	
1.00157112e+06 	 9.217163e+03 	 6.672741e+08 	
1.00163130e+06 	 8.130151e+03 	 6.469941e+08 	
1.00169148e+06 	 7.157927e+03 	 6.270755e+08 	
1.00175167e+06 	 6.290119e+03 	 6.075245e+08 	
1.00181236e+06 	 5.510888e+03 	 5.881850e+08 	
1.00187306e+06 	 4.818913e+03 	 5.692312e+08 	
1.00193376e+06 	 4.205733e+03 	 5.506689e+08 	
1.00198421e+06 	 3.750366e+03 	 5.355405e+08 	
1.00203467e+06 	 3.339893e+03 	 5.206896e+08 	
1.00208512e+06 	 2.970448e+03 	 5.061190e+08 	
1.00213558e+06 	 2.638436e+03 	 4.918316e+08 	
1.00218603e+06 	 2.340518e+03 	 4.778301e+08 	
1.00223649e+06 	 2.073602e+03 	 4.641171e+08 	
1.00228694e+06 	 1.834827e+03 	 4.506948e+08 	
1.00233929e+06 	 1.613998e+03 	 4.370773e+08 	
1.00239165e+06 	 1.417911e+03 	 4.237774e+08 	
1.00243496e+06 	 1.272603e+03 	 4.130151e+08 	
1.00247828e+06 	 1.141226e+03 	 4.024724e+08 	
1.00252159e+06 	 1.022575e+03 	 3.921502e+08 	
1.00256490e+06 	 9.155346e+02 	 3.820491e+08 	
1.00260822e+06 	 8.190731e+02 	 3.721696e+08 	
1.00265153e+06 	 7.322372e+02 	 3.625121e+08 	
1.00269485e+06 	 6.541486e+02 	 3.530769e+08 	
1.00273816e+06 	 5.839982e+02 	 3.438639e+08 	
1.00278147e+06 	 5.210426e+02 	 3.348731e+08 	
1.00282479e+06 	 4.645997e+02 	 3.261041e+08 	
1.00286330e+06 	 4.193748e+02 	 3.184928e+08 	
1.00290182e+06 	 3.783999e+02 	 3.110560e+08 	
1.00294033e+06 	 3.413022e+02 	 3.037933e+08 	
1.00297884e+06 	 3.077381e+02 	 2.967038e+08 	
1.00301736e+06 	 2.773913e+02 	 2.897868e+08 	
1.00305587e+06 	 2.499710e+02 	 2.830414e+08 	
1.00309439e+06 	 2.252102e+02 	 2.764664e+08 	
1.00313290e+06 	 2.028640e+02 	 2.700607e+08 	
1.00317141e+06 	 1.827082e+02 	 2.638229e+08 	
1.00320993e+06 	 1.645375e+02 	 2.577518e+08 	
1.00324844e+06 	 1.481644e+02 	 2.518457e+08 	
1.00328696e+06 	 1.334178e+02 	 2.461030e+08 	
1.00332547e+06 	 1.201416e+02 	 2.405219e+08 	
1.00336398e+06 	 1.081937e+02 	 2.351005e+08 	
1.00340250e+06 	 9.744495e+01 	 2.298369e+08 	
1.00344101e+06 	 8.777784e+01 	 2.247288e+08 	
1.00347953e+06 	 7.908580e+01 	 2.197743e+08 	
1.00351804e+06 	 7.127217e+01 	 2.149708e+08 	
1.00355655e+06 	 6.424942e+01 	 2.103160e+08 	
1.00359678e+06 	 5.767300e+01 	 2.056104e+08 	
1.00363701e+06 	 5.179159e+01 	 2.010613e+08 	
1.00367723e+06 	 4.653196e+01 	 1.966658e+08 	
1.00371746e+06 	 4.182835e+01 	 1.924207e+08 	
1.00375769e+06 	 3.762173e+01 	 1.883229e+08 	
1.00379791e+06 	 3.385919e+01 	 1.843691e+08 	
1.00383814e+06 	 3.049331e+01 	 1.805560e+08 	
1.00387837e+06 	 2.748163e+01 	 1.768802e+08 	
1.00391860e+06 	 2.478618e+01 	 1.733382e+08 	
1.00395882e+06 	 2.237300e+01 	 1.699266e+08 	
1.00399905e+06 	 2.021176e+01 	 1.666419e+08 	
1.00403928e+06 	 1.827537e+01 	 1.634805e+08 	
1.00407950e+06 	 1.653964e+01 	 1.604390e+08 	
1.00411973e+06 	 1.498300e+01 	 1.575138e+08 	
1.00415996e+06 	 1.358623e+01 	 1.547013e+08 	
1.00420018e+06 	 1.233215e+01 	 1.519981e+08 	
1.00424041e+06 	 1.120549e+01 	 1.494006e+08 	
1.00428064e+06 	 1.019262e+01 	 1.469054e+08 	
1.00432086e+06 	 9.281416e+00 	 1.445090e+08 	
1.00437295e+06 	 8.235113e+00 	 1.415473e+08 	
1.00442504e+06 	 7.320657e+00 	 1.387383e+08 	
1.00447712e+06 	 6.520334e+00 	 1.360748e+08 	
1.00452921e+06 	 5.818891e+00 	 1.335499e+08 	
1.00458130e+06 	 5.203194e+00 	 1.311569e+08 	
1.00463338e+06 	 4.661925e+00 	 1.288890e+08 	
1.00468547e+06 	 4.185330e+00 	 1.267400e+08 	
1.00473755e+06 	 3.764997e+00 	 1.247037e+08 	
1.00478964e+06 	 3.393669e+00 	 1.227742e+08 	
1.00484173e+06 	 3.065076e+00 	 1.209458e+08 	
1.00489381e+06 	 2.773801e+00 	 1.192130e+08 	
1.00494590e+06 	 2.515159e+00 	 1.175706e+08 	
1.00499798e+06 	 2.285093e+00 	 1.160136e+08 	
1.00505007e+06 	 2.080085e+00 	 1.145373e+08 	
1.00510216e+06 	 1.897085e+00 	 1.131371e+08 	
1.00515424e+06 	 1.733441e+00 	 1.118087e+08 	
1.00522298e+06 	 1.543254e+00 	 1.101588e+08 	
1.00529171e+06 	 1.378275e+00 	 1.086181e+08 	
1.00536045e+06 	 1.234727e+00 	 1.071785e+08 	
1.00542919e+06 	 1.109453e+00 	 1.058323e+08 	
1.00549792e+06 	 9.998032e-01 	 1.045725e+08 	
1.00556666e+06 	 9.035480e-01 	 1.033927e+08 	
1.00563539e+06 	 8.188092e-01 	 1.022868e+08 	
1.00570413e+06 	 7.439988e-01 	 1.012493e+08 	
1.00579072e+06 	 6.618215e-01 	 1.000318e+08 	
1.00587732e+06 	 5.910405e-01 	 9.890559e+07 	
1.00596392e+06 	 5.298223e-01 	 9.786222e+07 	
1.00605052e+06 	 4.766621e-01 	 9.689420e+07 	
1.00613711e+06 	 4.303192e-01 	 9.599475e+07 	
1.00622371e+06 	 3.897675e-01 	 9.515777e+07 	
1.00633331e+06 	 3.454328e-01 	 9.417952e+07 	
1.00644290e+06 	 3.076079e-01 	 9.328265e+07 	
1.00655250e+06 	 2.751645e-01 	 9.245847e+07 	
1.00666209e+06 	 2.471950e-01 	 9.169934e+07 	
1.00677169e+06 	 2.229653e-01 	 9.099857e+07 	
1.00688129e+06 	 2.018781e-01 	 9.035025e+07 	
1.00703635e+06 	 1.764794e-01 	 8.951258e+07 	
1.00719140e+06 	 1.553087e-01 	 8.875687e+07 	
1.00734646e+06 	 1.375243e-01 	 8.807239e+07 	
1.00750152e+06 	 1.224757e-01 	 8.745010e+07 	
1.00768630e+06 	 1.074178e-01 	 8.677914e+07 	
1.00787107e+06 	 9.486613e-02 	 8.617469e+07 	
1.00805585e+06 	 8.431625e-02 	 8.562766e+07 	
1.00824062e+06 	 7.538051e-02 	 8.513047e+07 	
1.00850637e+06 	 6.476894e-02 	 8.449020e+07 	
1.00877211e+06 	 5.621239e-02 	 8.392450e+07 	
1.00903785e+06 	 4.922817e-02 	 8.342110e+07 	
1.00939481e+06 	 4.171754e-02 	 8.282601e+07 	
1.00975177e+06 	 3.581127e-02 	 8.230720e+07 	
1.01010873e+06 	 3.109270e-02 	 8.185048e+07 	
1.01062281e+06 	 2.581472e-02 	 8.128030e+07 	
1.01113688e+06 	 2.181830e-02 	 8.079205e+07 	
1.01165096e+06 	 1.872532e-02 	 8.036807e+07 	
1.01224172e+06 	 1.596664e-02 	 7.994352e+07 	
1.01283248e+06 	 1.382090e-02 	 7.957223e+07 	
1.01342324e+06 	 1.212041e-02 	 7.924348e+07 	
1.01433678e+06 	 1.011224e-02 	 7.880080e+07 	
1.01525032e+06 	 8.627808e-03 	 7.841968e+07 	
1.01631708e+06 	 7.337502e-03 	 7.803322e+07 	
1.01738385e+06 	 6.371910e-03 	 7.769473e+07 	
1.01845061e+06 	 5.630380e-03 	 7.739309e+07 	
1.02011549e+06 	 4.775300e-03 	 7.697783e+07 	
1.02114372e+06 	 4.375499e-03 	 7.674747e+07 	
1.02322367e+06 	 3.765308e-03 	 7.632679e+07 	
1.02494608e+06 	 3.398447e-03 	 7.601339e+07 	
1.02768196e+06 	 2.978912e-03 	 7.556223e+07 	
1.02988025e+06 	 2.737356e-03 	 7.523025e+07 	
1.03364123e+06 	 2.445601e-03 	 7.470635e+07 	
1.03556004e+06 	 2.336263e-03 	 7.445499e+07 	
1.04025646e+06 	 2.138804e-03 	 7.387183e+07 	
1.04367612e+06 	 2.036497e-03 	 7.346848e+07 	
1.04998912e+06 	 1.900855e-03 	 7.275615e+07 	
1.05435139e+06 	 1.831848e-03 	 7.228184e+07 	
1.06313871e+06 	 1.725988e-03 	 7.135789e+07 	
1.06858319e+06 	 1.673350e-03 	 7.080193e+07 	
1.08121611e+06 	 1.570539e-03 	 6.955023e+07 	
1.08979411e+06 	 1.509581e-03 	 6.872668e+07 	
1.09297944e+06 	 1.488139e-03 	 6.842583e+07 	
1.09329798e+06 	 1.486025e-03 	 6.839588e+07 	
1.09332983e+06 	 1.485814e-03 	 6.839289e+07 	
1.09333301e+06 	 1.485792e-03 	 6.839259e+07 	
1.09333333e+06 	 1.485790e-03 	 6.839256e+07 	
1.10666667e+06 	 1.401538e-03 	 6.716185e+07 	
1.12000000e+06 	 1.324169e-03 	 6.597311e+07 	
1.14000000e+06 	 1.218472e-03 	 6.426342e+07 	
1.15333333e+06 	 1.154098e-03 	 6.316978e+07 	
1.16666667e+06 	 1.094024e-03 	 6.211095e+07 	
1.18666667e+06 	 1.011233e-03 	 6.058451e+07 	
1.20000000e+06 	 9.604893e-04 	 5.960593e+07 	
1.21333333e+06 	 9.130166e-04 	 5.865699e+07 	
1.23333333e+06 	 8.472583e-04 	 5.728621e+07 	
1.24666667e+06 	 8.067530e-04 	 5.640570e+07 	
1.26666667e+06 	 7.505900e-04 	 5.513223e+07 	
1.28000000e+06 	 7.159076e-04 	 5.431320e+07 	
1.30000000e+06 	 6.676914e-04 	 5.312722e+07 	
1.31333333e+06 	 6.378508e-04 	 5.236358e+07 	
1.32666667e+06 	 6.096779e-04 	 5.162052e+07 	
1.34666667e+06 	 5.703792e-04 	 5.054285e+07 	
1.36666667e+06 	 5.342630e-04 	 4.950718e+07 	
1.38000000e+06 	 5.118206e-04 	 4.883891e+07 	
1.40000000e+06 	 4.803652e-04 	 4.786810e+07 	
1.42000000e+06 	 4.513609e-04 	 4.693338e+07 	
1.43333333e+06 	 4.332749e-04 	 4.632934e+07 	
1.45333333e+06 	 4.078532e-04 	 4.545054e+07 	
1.46666667e+06 	 3.919721e-04 	 4.488213e+07 	
1.48666667e+06 	 3.695960e-04 	 4.405445e+07 	
1.50666667e+06 	 3.488303e-04 	 4.325537e+07 	
1.52000000e+06 	 3.358345e-04 	 4.273787e+07 	
1.54000000e+06 	 3.174560e-04 	 4.198333e+07 	
1.56000000e+06 	 3.003700e-04 	 4.125382e+07 	
1.58000000e+06 	 2.844458e-04 	 4.054811e+07 	
1.60000000e+06 	 2.695914e-04 	 3.986508e+07 	
1.62000000e+06 	 2.557210e-04 	 3.920367e+07 	
1.64000000e+06 	 2.427561e-04 	 3.856289e+07 	
1.66000000e+06 	 2.306258e-04 	 3.794182e+07 	
1.68000000e+06 	 2.192648e-04 	 3.733957e+07 	
1.70000000e+06 	 2.086149e-04 	 3.675533e+07 	
1.72000000e+06 	 1.986205e-04 	 3.618830e+07 	
1.74000000e+06 	 1.892367e-04 	 3.563777e+07 	
1.76000000e+06 	 1.804147e-04 	 3.510302e+07 	
1.78000000e+06 	 1.721162e-04 	 3.458342e+07 	
1.80000000e+06 	 1.643036e-04 	 3.407833e+07 	
1.82000000e+06 	 1.569411e-04 	 3.358717e+07 	
1.84000000e+06 	 1.499989e-04 	 3.310938e+07 	
1.86000000e+06 	 1.434465e-04 	 3.264444e+07 	
1.88000000e+06 	 1.372581e-04 	 3.219184e+07 	
1.90000000e+06 	 1.314098e-04 	 3.175111e+07 	
1.92000000e+06 	 1.258793e-04 	 3.132180e+07 	
1.94000000e+06 	 1.206445e-04 	 3.090348e+07 	
1.96000000e+06 	 1.156865e-04 	 3.049574e+07 	
1.98000000e+06 	 1.109881e-04 	 3.009820e+07 	
2.00000000e+06 	 1.065321e-04 	 2.971047e+07 	
2.02000000e+06 	 1.023042e-04 	 2.933222e+07 	
2.04000000e+06 	 9.828995e-05 	 2.896311e+07 	
2.06000000e+06 	 9.447634e-05 	 2.860281e+07 	
2.08000000e+06 	 9.085115e-05 	 2.825103e+07 	
2.10000000e+06 	 8.740291e-05 	 2.790746e+07 	
2.12000000e+06 	 8.412121e-05 	 2.757183e+07 	
2.14000000e+06 	 8.099663e-05 	 2.724388e+07 	
2.16000000e+06 	 7.801968e-05 	 2.692335e+07 	
2.18000000e+06 	 7.518223e-05 	 2.660999e+07 	
2.20000000e+06 	 7.247598e-05 	 2.630358e+07 	
2.22000000e+06 	 6.989402e-05 	 2.600389e+07 	
2.24000000e+06 	 6.742883e-05 	 2.571070e+07 	
2.26000000e+06 	 6.507428e-05 	 2.542380e+07 	
2.28000000e+06 	 6.282458e-05 	 2.514302e+07 	
2.30000000e+06 	 6.067426e-05 	 2.486815e+07 	
2.32000000e+06 	 5.861710e-05 	 2.459901e+07 	
2.34000000e+06 	 5.664887e-05 	 2.433544e+07 	
2.36000000e+06 	 5.476499e-05 	 2.407726e+07 	
2.38000000e+06 	 5.296047e-05 	 2.382431e+07 	
2.40000000e+06 	 5.123172e-05 	 2.357644e+07 	
2.42000000e+06 	 4.957488e-05 	 2.333350e+07 	
2.44000000e+06 	 4.798599e-05 	 2.309535e+07 	
2.46000000e+06 	 4.646202e-05 	 2.286186e+07 	
2.48000000e+06 	 4.499944e-05 	 2.263288e+07 	
2.50000000e+06 	 4.359534e-05 	 2.240829e+07 	
2.52000000e+06 	 4.224701e-05 	 2.218797e+07 	
2.54000000e+06 	 4.095150e-05 	 2.197181e+07 	
2.56000000e+06 	 3.970663e-05 	 2.175968e+07 	
2.58000000e+06 	 3.850958e-05 	 2.155148e+07 	
2.60000000e+06 	 3.735844e-05 	 2.134710e+07 	
2.62000000e+06 	 3.625104e-05 	 2.114645e+07 	
2.64000000e+06 	 3.518516e-05 	 2.094941e+07 	
2.66000000e+06 	 3.415912e-05 	 2.075591e+07 	
2.68000000e+06 	 3.317093e-05 	 2.056584e+07 	
2.70000000e+06 	 3.221894e-05 	 2.037911e+07 	
2.72000000e+06 	 3.130161e-05 	 2.019565e+07 	
2.74000000e+06 	 3.041724e-05 	 2.001536e+07 	
2.76000000e+06 	 2.956454e-05 	 1.983817e+07 	
2.78000000e+06 	 2.874211e-05 	 1.966400e+07 	
2.80000000e+06 	 2.794855e-05 	 1.949278e+07 	
2.82000000e+06 	 2.718272e-05 	 1.932443e+07 	
2.84000000e+06 	 2.644338e-05 	 1.915888e+07 	
2.86000000e+06 	 2.572938e-05 	 1.899607e+07 	
2.88000000e+06 	 2.503970e-05 	 1.883593e+07 	
2.90000000e+06 	 2.437336e-05 	 1.867839e+07 	
2.92000000e+06 	 2.372933e-05 	 1.852339e+07 	
2.94000000e+06 	 2.310677e-05 	 1.837089e+07 	
2.96000000e+06 	 2.250473e-05 	 1.822080e+07 	
2.98000000e+06 	 2.192241e-05 	 1.807309e+07 	
3.00000000e+06 	 2.135906e-05 	 1.792769e+07 	
3.02000000e+06 	 2.081385e-05 	 1.778456e+07 	
3.04000000e+06 	 2.028612e-05 	 1.764363e+07 	
3.06000000e+06 	 1.977519e-05 	 1.750487e+07 	
3.08000000e+06 	 1.928037e-05 	 1.736822e+07 	
3.10000000e+06 	 1.880107e-05 	 1.723364e+07 	
3.12000000e+06 	 1.833667e-05 	 1.710108e+07 	
3.14000000e+06 	 1.788659e-05 	 1.697050e+07 	
3.16000000e+06 	 1.745031e-05 	 1.684185e+07 	
3.18000000e+06 	 1.702733e-05 	 1.671509e+07 	
3.20000000e+06 	 1.661710e-05 	 1.659018e+07 	
3.22000000e+06 	 1.621920e-05 	 1.646709e+07 	
3.24000000e+06 	 1.583317e-05 	 1.634577e+07 	
3.26000000e+06 	 1.545854e-05 	 1.622619e+07 	
3.28000000e+06 	 1.509494e-05 	 1.610830e+07 	
3.30000000e+06 	 1.474193e-05 	 1.599209e+07 	
3.32000000e+06 	 1.439916e-05 	 1.587750e+07 	
3.34000000e+06 	 1.406627e-05 	 1.576451e+07 	
3.36000000e+06 	 1.374290e-05 	 1.565309e+07 	
3.38000000e+06 	 1.342870e-05 	 1.554320e+07 	
3.40000000e+06 	 1.312336e-05 	 1.543482e+07 	
3.42000000e+06 	 1.282659e-05 	 1.532790e+07 	
3.44000000e+06 	 1.253806e-05 	 1.522244e+07 	
3.46000000e+06 	 1.225753e-05 	 1.511838e+07 	
3.48000000e+06 	 1.198470e-05 	 1.501572e+07 	
3.50000000e+06 	 1.171932e-05 	 1.491441e+07 	
3.52000000e+06 	 1.146114e-05 	 1.481444e+07 	
3.54000000e+06 	 1.120991e-05 	 1.471578e+07 	
3.56000000e+06 	 1.096540e-05 	 1.461840e+07 	
3.58000000e+06 	 1.072741e-05 	 1.452229e+07 	
3.60000000e+06 	 1.049570e-05 	 1.442740e+07 	
3.62000000e+06 	 1.027008e-05 	 1.433374e+07 	
3.64000000e+06 	 1.005035e-05 	 1.424126e+07 	
3.66000000e+06 	 9.836317e-06 	 1.414995e+07 	
3.68000000e+06 	 9.627807e-06 	 1.405978e+07 	
3.70000000e+06 	 9.424637e-06 	 1.397075e+07 	
3.72000000e+06 	 9.226637e-06 	 1.388281e+07 	
3.74000000e+06 	 9.033648e-06 	 1.379597e+07 	
3.76000000e+06 	 8.845516e-06 	 1.371019e+07 	
3.78000000e+06 	 8.662085e-06 	 1.362545e+07 	
3.80000000e+06 	 8.483216e-06 	 1.354174e+07 	
3.82000000e+06 	 8.308760e-06 	 1.345905e+07 	
3.84000000e+06 	 8.138590e-06 	 1.337734e+07 	
3.86000000e+06 	 7.972577e-06 	 1.329661e+07 	
3.88000000e+06 	 7.810591e-06 	 1.321684e+07 	
3.90000000e+06 	 7.652510e-06 	 1.313801e+07 	
3.92000000e+06 	 7.498219e-06 	 1.306011e+07 	
3.94000000e+06 	 7.347609e-06 	 1.298311e+07 	
3.96000000e+06 	 7.200565e-06 	 1.290701e+07 	
4.00000000e+06 	 6.916777e-06 	 1.275743e+07 	
4.00050050e+06 	 6.913310e-06 	 1.275558e+07 	
4.00100100e+06 	 6.909846e-06 	 1.275373e+07 	
4.00150150e+06 	 6.906384e-06 	 1.275188e+07 	
4.00200200e+06 	 6.902923e-06 	 1.275003e+07 	
4.00250250e+06 	 6.899465e-06 	 1.274819e+07 	
4.00300300e+06 	 6.896008e-06 	 1.274634e+07 	
4.00350350e+06 	 6.892554e-06 	 1.274449e+07 	
4.00400400e+06 	 6.889102e-06 	 1.274265e+07 	
4.00450450e+06 	 6.885652e-06 	 1.274080e+07 	
4.00500501e+06 	 6.882203e-06 	 1.273895e+07 	
4.00550551e+06 	 6.878757e-06 	 1.273711e+07 	
4.00600601e+06 	 6.875313e-06 	 1.273527e+07 	
4.00650651e+06 	 6.871871e-06 	 1.273342e+07 	
4.00700701e+06 	 6.868431e-06 	 1.273158e+07 	
4.00750751e+06 	 6.864993e-06 	 1.272974e+07 	
4.00800801e+06 	 6.861557e-06 	 1.272790e+07 	
4.00850851e+06 	 6.858123e-06 	 1.272605e+07 	
4.00900901e+06 	 6.854691e-06 	 1.272421e+07 	
4.00950951e+06 	 6.851261e-06 	 1.272237e+07 	
4.01001001e+06 	 6.847833e-06 	 1.272053e+07 	
4.01051051e+06 	 6.844407e-06 	 1.271869e+07 	
4.01101101e+06 	 6.840983e-06 	 1.271686e+07 	
4.01151151e+06 	 6.837561e-06 	 1.271502e+07 	
4.01201201e+06 	 6.834141e-06 	 1.271318e+07 	
4.01251251e+06 	 6.830723e-06 	 1.271134e+07 	
4.01301301e+06 	 6.827307e-06 	 1.270951e+07 	
4.01351351e+06 	 6.823893e-06 	 1.270767e+07 	
4.01401401e+06 	 6.820481e-06 	 1.270583e+07 	
4.01451451e+06 	 6.817072e-06 	 1.270400e+07 	
4.01501502e+06 	 6.813664e-06 	 1.270216e+07 	
4.01551552e+06 	 6.810258e-06 	 1.270033e+07 	
4.01601602e+06 	 6.806854e-06 	 1.269850e+07 	
4.01651652e+06 	 6.803452e-06 	 1.269666e+07 	
4.01701702e+06 	 6.800052e-06 	 1.269483e+07 	
4.01751752e+06 	 6.796654e-06 	 1.269300e+07 	
4.01801802e+06 	 6.793258e-06 	 1.269117e+07 	
4.01851852e+06 	 6.789864e-06 	 1.268934e+07 	
4.01901902e+06 	 6.786473e-06 	 1.268751e+07 	
4.01951952e+06 	 6.783083e-06 	 1.268568e+07 	
4.02002002e+06 	 6.779695e-06 	 1.268385e+07 	
4.02052052e+06 	 6.776309e-06 	 1.268202e+07 	
4.02102102e+06 	 6.772925e-06 	 1.268019e+07 	
4.02152152e+06 	 6.769543e-06 	 1.267836e+07 	
4.02202202e+06 	 6.766163e-06 	 1.267654e+07 	
4.02252252e+06 	 6.762785e-06 	 1.267471e+07 	
4.02302302e+06 	 6.759409e-06 	 1.267288e+07 	
4.02352352e+06 	 6.756035e-06 	 1.267106e+07 	
4.02402402e+06 	 6.752662e-06 	 1.266923e+07 	
4.02452452e+06 	 6.749292e-06 	 1.266741e+07 	
4.02502503e+06 	 6.745924e-06 	 1.266558e+07 	
4.02552553e+06 	 6.742558e-06 	 1.266376e+07 	
4.02602603e+06 	 6.739194e-06 	 1.266194e+07 	
4.02652653e+06 	 6.735832e-06 	 1.266011e+07 	
4.02702703e+06 	 6.732471e-06 	 1.265829e+07 	
4.02752753e+06 	 6.729113e-06 	 1.265647e+07 	
4.02802803e+06 	 6.725757e-06 	 1.265465e+07 	
4.02852853e+06 	 6.722402e-06 	 1.265283e+07 	
4.02902903e+06 	 6.719050e-06 	 1.265101e+07 	
4.02952953e+06 	 6.715699e-06 	 1.264919e+07 	
4.03003003e+06 	 6.712351e-06 	 1.264737e+07 	
4.03053053e+06 	 6.709004e-06 	 1.264555e+07 	
4.03103103e+06 	 6.705660e-06 	 1.264374e+07 	
4.03153153e+06 	 6.702317e-06 	 1.264192e+07 	
4.03203203e+06 	 6.698976e-06 	 1.264010e+07 	
4.03253253e+06 	 6.695638e-06 	 1.263829e+07 	
4.03303303e+06 	 6.692301e-06 	 1.263647e+07 	
4.03353353e+06 	 6.688966e-06 	 1.263465e+07 	
4.03403403e+06 	 6.685633e-06 	 1.263284e+07 	
4.03453453e+06 	 6.682302e-06 	 1.263103e+07 	
4.03503504e+06 	 6.678973e-06 	 1.262921e+07 	
4.03553554e+06 	 6.675646e-06 	 1.262740e+07 	
4.03603604e+06 	 6.672321e-06 	 1.262559e+07 	
4.03653654e+06 	 6.668998e-06 	 1.262377e+07 	
4.03703704e+06 	 6.665677e-06 	 1.262196e+07 	
4.03753754e+06 	 6.662358e-06 	 1.262015e+07 	
4.03803804e+06 	 6.659040e-06 	 1.261834e+07 	
4.03853854e+06 	 6.655725e-06 	 1.261653e+07 	
4.03903904e+06 	 6.652411e-06 	 1.261472e+07 	
4.03953954e+06 	 6.649100e-06 	 1.261291e+07 	
4.04004004e+06 	 6.645790e-06 	 1.261110e+07 	
4.04054054e+06 	 6.642483e-06 	 1.260929e+07 	
4.04104104e+06 	 6.639177e-06 	 1.260749e+07 	
4.04154154e+06 	 6.635873e-06 	 1.260568e+07 	
4.04204204e+06 	 6.632571e-06 	 1.260387e+07 	
4.04254254e+06 	 6.629271e-06 	 1.260207e+07 	
4.04304304e+06 	 6.625973e-06 	 1.260026e+07 	
4.04354354e+06 	 6.622677e-06 	 1.259846e+07 	
4.04404404e+06 	 6.619383e-06 	 1.259665e+07 	
4.04454454e+06 	 6.616090e-06 	 1.259485e+07 	
4.04504505e+06 	 6.612800e-06 	 1.259305e+07 	
4.04554555e+06 	 6.609511e-06 	 1.259124e+07 	
4.04604605e+06 	 6.606225e-06 	 1.258944e+07 	
4.04654655e+06 	 6.602940e-06 	 1.258764e+07 	
4.04704705e+06 	 6.599658e-06 	 1.258584e+07 	
4.04754755e+06 	 6.596377e-06 	 1.258404e+07 	
4.04804805e+06 	 6.593098e-06 	 1.258224e+07 	
4.04854855e+06 	 6.589821e-06 	 1.258044e+07 	
4.04904905e+06 	 6.586546e-06 	 1.257864e+07 	
4.04954955e+06 	 6.583272e-06 	 1.257684e+07 	
4.05005005e+06 	 6.580001e-06 	 1.257504e+07 	
4.05055055e+06 	 6.576732e-06 	 1.257324e+07 	
4.05105105e+06 	 6.573464e-06 	 1.257145e+07 	
4.05155155e+06 	 6.570199e-06 	 1.256965e+07 	
4.05205205e+06 	 6.566935e-06 	 1.256785e+07 	
4.05255255e+06 	 6.563673e-06 	 1.256606e+07 	
4.05305305e+06 	 6.560413e-06 	 1.256426e+07 	
4.05355355e+06 	 6.557155e-06 	 1.256247e+07 	
4.05405405e+06 	 6.553899e-06 	 1.256067e+07 	
4.05455455e+06 	 6.550645e-06 	 1.255888e+07 	
4.05505506e+06 	 6.547393e-06 	 1.255709e+07 	
4.05555556e+06 	 6.544143e-06 	 1.255529e+07 	
4.05605606e+06 	 6.540894e-06 	 1.255350e+07 	
4.05655656e+06 	 6.537647e-06 	 1.255171e+07 	
4.05705706e+06 	 6.534403e-06 	 1.254992e+07 	
4.05755756e+06 	 6.531160e-06 	 1.254813e+07 	
4.05805806e+06 	 6.527919e-06 	 1.254634e+07 	
4.05855856e+06 	 6.524680e-06 	 1.254455e+07 	
4.05905906e+06 	 6.521442e-06 	 1.254276e+07 	
4.05955956e+06 	 6.518207e-06 	 1.254097e+07 	
4.06006006e+06 	 6.514974e-06 	 1.253918e+07 	
4.06056056e+06 	 6.511742e-06 	 1.253739e+07 	
4.06106106e+06 	 6.508512e-06 	 1.253561e+07 	
4.06156156e+06 	 6.505284e-06 	 1.253382e+07 	
4.06206206e+06 	 6.502058e-06 	 1.253203e+07 	
4.06256256e+06 	 6.498834e-06 	 1.253025e+07 	
4.06306306e+06 	 6.495612e-06 	 1.252846e+07 	
4.06356356e+06 	 6.492391e-06 	 1.252668e+07 	
4.06406406e+06 	 6.489173e-06 	 1.252490e+07 	
4.06456456e+06 	 6.485956e-06 	 1.252311e+07 	
4.06506507e+06 	 6.482741e-06 	 1.252133e+07 	
4.06556557e+06 	 6.479528e-06 	 1.251955e+07 	
4.06606607e+06 	 6.476317e-06 	 1.251776e+07 	
4.06656657e+06 	 6.473108e-06 	 1.251598e+07 	
4.06706707e+06 	 6.469900e-06 	 1.251420e+07 	
4.06756757e+06 	 6.466695e-06 	 1.251242e+07 	
4.06806807e+06 	 6.463491e-06 	 1.251064e+07 	
4.06856857e+06 	 6.460289e-06 	 1.250886e+07 	
4.06906907e+06 	 6.457089e-06 	 1.250708e+07 	
4.06956957e+06 	 6.453891e-06 	 1.250530e+07 	
4.07007007e+06 	 6.450694e-06 	 1.250353e+07 	
4.07057057e+06 	 6.447500e-06 	 1.250175e+07 	
4.07107107e+06 	 6.444307e-06 	 1.249997e+07 	
4.07157157e+06 	 6.441116e-06 	 1.249819e+07 	
4.07207207e+06 	 6.437927e-06 	 1.249642e+07 	
4.07257257e+06 	 6.434740e-06 	 1.249464e+07 	
4.07307307e+06 	 6.431555e-06 	 1.249287e+07 	
4.07357357e+06 	 6.428372e-06 	 1.249109e+07 	
4.07407407e+06 	 6.425190e-06 	 1.248932e+07 	
4.07457457e+06 	 6.422010e-06 	 1.248755e+07 	
4.07507508e+06 	 6.418832e-06 	 1.248577e+07 	
4.07557558e+06 	 6.415656e-06 	 1.248400e+07 	
4.07607608e+06 	 6.412482e-06 	 1.248223e+07 	
4.07657658e+06 	 6.409309e-06 	 1.248046e+07 	
4.07707708e+06 	 6.406139e-06 	 1.247869e+07 	
4.07757758e+06 	 6.402970e-06 	 1.247692e+07 	
4.07807808e+06 	 6.399803e-06 	 1.247515e+07 	
4.07857858e+06 	 6.396638e-06 	 1.247338e+07 	
4.07907908e+06 	 6.393474e-06 	 1.247161e+07 	
4.07957958e+06 	 6.390313e-06 	 1.246984e+07 	
4.08008008e+06 	 6.387153e-06 	 1.246807e+07 	
4.08058058e+06 	 6.383995e-06 	 1.246630e+07 	
4.08108108e+06 	 6.380839e-06 	 1.246454e+07 	
4.08158158e+06 	 6.377685e-06 	 1.246277e+07 	
4.08208208e+06 	 6.374533e-06 	 1.246100e+07 	
4.08258258e+06 	 6.371382e-06 	 1.245924e+07 	
4.08308308e+06 	 6.368233e-06 	 1.245747e+07 	
4.08358358e+06 	 6.365086e-06 	 1.245571e+07 	
4.08408408e+06 	 6.361941e-06 	 1.245394e+07 	
4.08458458e+06 	 6.358798e-06 	 1.245218e+07 	
4.08508509e+06 	 6.355656e-06 	 1.245042e+07 	
4.08558559e+06 	 6.352517e-06 	 1.244865e+07 	
4.08608609e+06 	 6.349379e-06 	 1.244689e+07 	
4.08658659e+06 	 6.346243e-06 	 1.244513e+07 	
4.08708709e+06 	 6.343108e-06 	 1.244337e+07 	
4.08758759e+06 	 6.339976e-06 	 1.244161e+07 	
4.08808809e+06 	 6.336845e-06 	 1.243985e+07 	
4.08858859e+06 	 6.333716e-06 	 1.243809e+07 	
4.08908909e+06 	 6.330589e-06 	 1.243633e+07 	
4.08958959e+06 	 6.327464e-06 	 1.243457e+07 	
4.09009009e+06 	 6.324340e-06 	 1.243281e+07 	
4.09059059e+06 	 6.321219e-06 	 1.243106e+07 	
4.09109109e+06 	 6.318099e-06 	 1.242930e+07 	
4.09159159e+06 	 6.314980e-06 	 1.242754e+07 	
4.09209209e+06 	 6.311864e-06 	 1.242579e+07 	
4.09259259e+06 	 6.308750e-06 	 1.242403e+07 	
4.09309309e+06 	 6.305637e-06 	 1.242228e+07 	
4.09359359e+06 	 6.302526e-06 	 1.242052e+07 	
4.09409409e+06 	 6.299417e-06 	 1.241877e+07 	
4.09459459e+06 	 6.296309e-06 	 1.241701e+07 	
4.09509510e+06 	 6.293204e-06 	 1.241526e+07 	
4.09559560e+06 	 6.290100e-06 	 1.241351e+07 	
4.09609610e+06 	 6.286998e-06 	 1.241175e+07 	
4.09659660e+06 	 6.283897e-06 	 1.241000e+07 	
4.09709710e+06 	 6.280799e-06 	 1.240825e+07 	
4.09759760e+06 	 6.277702e-06 	 1.240650e+07 	
4.09809810e+06 	 6.274607e-06 	 1.240475e+07 	
4.09859860e+06 	 6.271514e-06 	 1.240300e+07 	
4.09909910e+06 	 6.268423e-06 	 1.240125e+07 	
4.09959960e+06 	 6.265333e-06 	 1.239950e+07 	
4.10010010e+06 	 6.262245e-06 	 1.239776e+07 	
4.10060060e+06 	 6.259159e-06 	 1.239601e+07 	
4.10110110e+06 	 6.256075e-06 	 1.239426e+07 	
4.10160160e+06 	 6.252992e-06 	 1.239251e+07 	
4.10210210e+06 	 6.249912e-06 	 1.239077e+07 	
4.10260260e+06 	 6.246833e-06 	 1.238902e+07 	
4.10310310e+06 	 6.243755e-06 	 1.238728e+07 	
4.10360360e+06 	 6.240680e-06 	 1.238553e+07 	
4.10410410e+06 	 6.237606e-06 	 1.238379e+07 	
4.10460460e+06 	 6.234534e-06 	 1.238204e+07 	
4.10510511e+06 	 6.231464e-06 	 1.238030e+07 	
4.10560561e+06 	 6.228396e-06 	 1.237856e+07 	
4.10610611e+06 	 6.225329e-06 	 1.237681e+07 	
4.10660661e+06 	 6.222264e-06 	 1.237507e+07 	
4.10710711e+06 	 6.219201e-06 	 1.237333e+07 	
4.10760761e+06 	 6.216139e-06 	 1.237159e+07 	
4.10810811e+06 	 6.213080e-06 	 1.236985e+07 	
4.10860861e+06 	 6.210022e-06 	 1.236811e+07 	
4.10910911e+06 	 6.206966e-06 	 1.236637e+07 	
4.10960961e+06 	 6.203911e-06 	 1.236463e+07 	
4.11011011e+06 	 6.200859e-06 	 1.236289e+07 	
4.11061061e+06 	 6.197808e-06 	 1.236115e+07 	
4.11111111e+06 	 6.194758e-06 	 1.235942e+07 	
4.11161161e+06 	 6.191711e-06 	 1.235768e+07 	
4.11211211e+06 	 6.188665e-06 	 1.235594e+07 	
4.11261261e+06 	 6.185621e-06 	 1.235421e+07 	
4.11311311e+06 	 6.182579e-06 	 1.235247e+07 	
4.11361361e+06 	 6.179539e-06 	 1.235074e+07 	
4.11411411e+06 	 6.176500e-06 	 1.234900e+07 	
4.11461461e+06 	 6.173463e-06 	 1.234727e+07 	
4.11511512e+06 	 6.170428e-06 	 1.234553e+07 	
4.11561562e+06 	 6.167394e-06 	 1.234380e+07 	
4.11611612e+06 	 6.164362e-06 	 1.234207e+07 	
4.11661662e+06 	 6.161332e-06 	 1.234034e+07 	
4.11711712e+06 	 6.158304e-06 	 1.233860e+07 	
4.11761762e+06 	 6.155277e-06 	 1.233687e+07 	
4.11811812e+06 	 6.152252e-06 	 1.233514e+07 	
4.11861862e+06 	 6.149229e-06 	 1.233341e+07 	
4.11911912e+06 	 6.146208e-06 	 1.233168e+07 	
4.11961962e+06 	 6.143188e-06 	 1.232995e+07 	
4.12012012e+06 	 6.140170e-06 	 1.232822e+07 	
4.12062062e+06 	 6.137154e-06 	 1.232650e+07 	
4.12112112e+06 	 6.134139e-06 	 1.232477e+07 	
4.12162162e+06 	 6.131126e-06 	 1.232304e+07 	
4.12212212e+06 	 6.128115e-06 	 1.232131e+07 	
4.12262262e+06 	 6.125106e-06 	 1.231959e+07 	
4.12312312e+06 	 6.122098e-06 	 1.231786e+07 	
4.12362362e+06 	 6.119092e-06 	 1.231614e+07 	
4.12412412e+06 	 6.116088e-06 	 1.231441e+07 	
4.12462462e+06 	 6.113085e-06 	 1.231269e+07 	
4.12512513e+06 	 6.110084e-06 	 1.231096e+07 	
4.12562563e+06 	 6.107085e-06 	 1.230924e+07 	
4.12612613e+06 	 6.104088e-06 	 1.230752e+07 	
4.12662663e+06 	 6.101092e-06 	 1.230579e+07 	
4.12712713e+06 	 6.098098e-06 	 1.230407e+07 	
4.12762763e+06 	 6.095106e-06 	 1.230235e+07 	
4.12812813e+06 	 6.092115e-06 	 1.230063e+07 	
4.12862863e+06 	 6.089126e-06 	 1.229891e+07 	
4.12912913e+06 	 6.086139e-06 	 1.229719e+07 	
4.12962963e+06 	 6.083153e-06 	 1.229547e+07 	
4.13013013e+06 	 6.080169e-06 	 1.229375e+07 	
4.13063063e+06 	 6.077187e-06 	 1.229203e+07 	
4.13113113e+06 	 6.074207e-06 	 1.229031e+07 	
4.13163163e+06 	 6.071228e-06 	 1.228859e+07 	
4.13213213e+06 	 6.068251e-06 	 1.228688e+07 	
4.13263263e+06 	 6.065276e-06 	 1.228516e+07 	
4.13313313e+06 	 6.062302e-06 	 1.228344e+07 	
4.13363363e+06 	 6.059330e-06 	 1.228173e+07 	
4.13413413e+06 	 6.056360e-06 	 1.228001e+07 	
4.13463463e+06 	 6.053391e-06 	 1.227830e+07 	
4.13513514e+06 	 6.050424e-06 	 1.227658e+07 	
4.13563564e+06 	 6.047459e-06 	 1.227487e+07 	
4.13613614e+06 	 6.044495e-06 	 1.227315e+07 	
4.13663664e+06 	 6.041533e-06 	 1.227144e+07 	
4.13713714e+06 	 6.038573e-06 	 1.226973e+07 	
4.13763764e+06 	 6.035615e-06 	 1.226802e+07 	
4.13813814e+06 	 6.032658e-06 	 1.226630e+07 	
4.13863864e+06 	 6.029703e-06 	 1.226459e+07 	
4.13913914e+06 	 6.026749e-06 	 1.226288e+07 	
4.13963964e+06 	 6.023797e-06 	 1.226117e+07 	
4.14014014e+06 	 6.020847e-06 	 1.225946e+07 	
4.14064064e+06 	 6.017899e-06 	 1.225775e+07 	
4.14114114e+06 	 6.014952e-06 	 1.225605e+07 	
4.14164164e+06 	 6.012007e-06 	 1.225434e+07 	
4.14214214e+06 	 6.009063e-06 	 1.225263e+07 	
4.14264264e+06 	 6.006121e-06 	 1.225092e+07 	
4.14314314e+06 	 6.003181e-06 	 1.224921e+07 	
4.14364364e+06 	 6.000243e-06 	 1.224751e+07 	
4.14414414e+06 	 5.997306e-06 	 1.224580e+07 	
4.14464464e+06 	 5.994371e-06 	 1.224410e+07 	
4.14514515e+06 	 5.991437e-06 	 1.224239e+07 	
4.14564565e+06 	 5.988505e-06 	 1.224069e+07 	
4.14614615e+06 	 5.985575e-06 	 1.223898e+07 	
4.14664665e+06 	 5.982646e-06 	 1.223728e+07 	
4.14714715e+06 	 5.979720e-06 	 1.223558e+07 	
4.14764765e+06 	 5.976794e-06 	 1.223387e+07 	
4.14814815e+06 	 5.973871e-06 	 1.223217e+07 	
4.14864865e+06 	 5.970949e-06 	 1.223047e+07 	
4.14914915e+06 	 5.968029e-06 	 1.222877e+07 	
4.14964965e+06 	 5.965110e-06 	 1.222707e+07 	
4.15015015e+06 	 5.962193e-06 	 1.222537e+07 	
4.15065065e+06 	 5.959278e-06 	 1.222367e+07 	
4.15115115e+06 	 5.956364e-06 	 1.222197e+07 	
4.15165165e+06 	 5.953452e-06 	 1.222027e+07 	
4.15215215e+06 	 5.950541e-06 	 1.221857e+07 	
4.15265265e+06 	 5.947633e-06 	 1.221687e+07 	
4.15315315e+06 	 5.944726e-06 	 1.221518e+07 	
4.15365365e+06 	 5.941820e-06 	 1.221348e+07 	
4.15415415e+06 	 5.938916e-06 	 1.221178e+07 	
4.15465465e+06 	 5.936014e-06 	 1.221009e+07 	
4.15515516e+06 	 5.933114e-06 	 1.220839e+07 	
4.15565566e+06 	 5.930215e-06 	 1.220670e+07 	
4.15615616e+06 	 5.927318e-06 	 1.220500e+07 	
4.15665666e+06 	 5.924422e-06 	 1.220331e+07 	
4.15715716e+06 	 5.921528e-06 	 1.220161e+07 	
4.15765766e+06 	 5.918636e-06 	 1.219992e+07 	
4.15815816e+06 	 5.915745e-06 	 1.219823e+07 	
4.15865866e+06 	 5.912856e-06 	 1.219654e+07 	
4.15915916e+06 	 5.909968e-06 	 1.219484e+07 	
4.15965966e+06 	 5.907082e-06 	 1.219315e+07 	
4.16016016e+06 	 5.904198e-06 	 1.219146e+07 	
4.16066066e+06 	 5.901315e-06 	 1.218977e+07 	
4.16116116e+06 	 5.898434e-06 	 1.218808e+07 	
4.16166166e+06 	 5.895555e-06 	 1.218639e+07 	
4.16216216e+06 	 5.892677e-06 	 1.218470e+07 	
4.16266266e+06 	 5.889801e-06 	 1.218301e+07 	
4.16316316e+06 	 5.886927e-06 	 1.218133e+07 	
4.16366366e+06 	 5.884054e-06 	 1.217964e+07 	
4.16416416e+06 	 5.881182e-06 	 1.217795e+07 	
4.16466466e+06 	 5.878313e-06 	 1.217626e+07 	
4.16516517e+06 	 5.875445e-06 	 1.217458e+07 	
4.16566567e+06 	 5.872578e-06 	 1.217289e+07 	
4.16616617e+06 	 5.869713e-06 	 1.217121e+07 	
4.16666667e+06 	 5.866850e-06 	 1.216952e+07 	
4.16716717e+06 	 5.863988e-06 	 1.216784e+07 	
4.16766767e+06 	 5.861128e-06 	 1.216615e+07 	
4.16816817e+06 	 5.858270e-06 	 1.216447e+07 	
4.16866867e+06 	 5.855413e-06 	 1.216279e+07 	
4.16916917e+06 	 5.852558e-06 	 1.216110e+07 	
4.16966967e+06 	 5.849704e-06 	 1.215942e+07 	
4.17017017e+06 	 5.846852e-06 	 1.215774e+07 	
4.17067067e+06 	 5.844002e-06 	 1.215606e+07 	
4.17117117e+06 	 5.841153e-06 	 1.215438e+07 	
4.17167167e+06 	 5.838306e-06 	 1.215270e+07 	
4.17217217e+06 	 5.835460e-06 	 1.215102e+07 	
4.17267267e+06 	 5.832616e-06 	 1.214934e+07 	
4.17317317e+06 	 5.829774e-06 	 1.214766e+07 	
4.17367367e+06 	 5.826933e-06 	 1.214598e+07 	
4.17417417e+06 	 5.824093e-06 	 1.214430e+07 	
4.17467467e+06 	 5.821256e-06 	 1.214263e+07 	
4.17517518e+06 	 5.818420e-06 	 1.214095e+07 	
4.17567568e+06 	 5.815585e-06 	 1.213927e+07 	
4.17617618e+06 	 5.812752e-06 	 1.213760e+07 	
4.17667668e+06 	 5.809921e-06 	 1.213592e+07 	
4.17717718e+06 	 5.807091e-06 	 1.213425e+07 	
4.17767768e+06 	 5.804263e-06 	 1.213257e+07 	
4.17817818e+06 	 5.801437e-06 	 1.213090e+07 	
4.17867868e+06 	 5.798612e-06 	 1.212922e+07 	
4.17917918e+06 	 5.795788e-06 	 1.212755e+07 	
4.17967968e+06 	 5.792967e-06 	 1.212588e+07 	
4.18018018e+06 	 5.790146e-06 	 1.212421e+07 	
4.18068068e+06 	 5.787328e-06 	 1.212253e+07 	
4.18118118e+06 	 5.784511e-06 	 1.212086e+07 	
4.18168168e+06 	 5.781695e-06 	 1.211919e+07 	
4.18218218e+06 	 5.778881e-06 	 1.211752e+07 	
4.18268268e+06 	 5.776069e-06 	 1.211585e+07 	
4.18318318e+06 	 5.773258e-06 	 1.211418e+07 	
4.18368368e+06 	 5.770449e-06 	 1.211251e+07 	
4.18418418e+06 	 5.767641e-06 	 1.211084e+07 	
4.18468468e+06 	 5.764835e-06 	 1.210917e+07 	
4.18518519e+06 	 5.762031e-06 	 1.210751e+07 	
4.18568569e+06 	 5.759228e-06 	 1.210584e+07 	
4.18618619e+06 	 5.756427e-06 	 1.210417e+07 	
4.18668669e+06 	 5.753627e-06 	 1.210251e+07 	
4.18718719e+06 	 5.750829e-06 	 1.210084e+07 	
4.18768769e+06 	 5.748032e-06 	 1.209917e+07 	
4.18818819e+06 	 5.745237e-06 	 1.209751e+07 	
4.18868869e+06 	 5.742443e-06 	 1.209584e+07 	
4.18918919e+06 	 5.739651e-06 	 1.209418e+07 	
4.18968969e+06 	 5.736861e-06 	 1.209252e+07 	
4.19019019e+06 	 5.734072e-06 	 1.209085e+07 	
4.19069069e+06 	 5.731285e-06 	 1.208919e+07 	
4.19119119e+06 	 5.728499e-06 	 1.208753e+07 	
4.19169169e+06 	 5.725715e-06 	 1.208587e+07 	
4.19219219e+06 	 5.722932e-06 	 1.208420e+07 	
4.19269269e+06 	 5.720151e-06 	 1.208254e+07 	
4.19319319e+06 	 5.717372e-06 	 1.208088e+07 	
4.19369369e+06 	 5.714594e-06 	 1.207922e+07 	
4.19419419e+06 	 5.711817e-06 	 1.207756e+07 	
4.19469469e+06 	 5.709043e-06 	 1.207590e+07 	
4.19519520e+06 	 5.706269e-06 	 1.207425e+07 	
4.19569570e+06 	 5.703498e-06 	 1.207259e+07 	
4.19619620e+06 	 5.700727e-06 	 1.207093e+07 	
4.19669670e+06 	 5.697959e-06 	 1.206927e+07 	
4.19719720e+06 	 5.695192e-06 	 1.206762e+07 	
4.19769770e+06 	 5.692426e-06 	 1.206596e+07 	
4.19819820e+06 	 5.689662e-06 	 1.206430e+07 	
4.19869870e+06 	 5.686900e-06 	 1.206265e+07 	
4.19919920e+06 	 5.684139e-06 	 1.206099e+07 	
4.19969970e+06 	 5.681379e-06 	 1.205934e+07 	
4.20020020e+06 	 5.678621e-06 	 1.205768e+07 	
4.20070070e+06 	 5.675865e-06 	 1.205603e+07 	
4.20120120e+06 	 5.673110e-06 	 1.205438e+07 	
4.20170170e+06 	 5.670357e-06 	 1.205272e+07 	
4.20220220e+06 	 5.667605e-06 	 1.205107e+07 	
4.20270270e+06 	 5.664855e-06 	 1.204942e+07 	
4.20320320e+06 	 5.662106e-06 	 1.204777e+07 	
4.20370370e+06 	 5.659359e-06 	 1.204612e+07 	
4.20420420e+06 	 5.656614e-06 	 1.204447e+07 	
4.20470470e+06 	 5.653869e-06 	 1.204282e+07 	
4.20520521e+06 	 5.651127e-06 	 1.204117e+07 	
4.20570571e+06 	 5.648386e-06 	 1.203952e+07 	
4.20620621e+06 	 5.645646e-06 	 1.203787e+07 	
4.20670671e+06 	 5.642908e-06 	 1.203622e+07 	
4.20720721e+06 	 5.640172e-06 	 1.203457e+07 	
4.20770771e+06 	 5.637437e-06 	 1.203292e+07 	
4.20820821e+06 	 5.634704e-06 	 1.203128e+07 	
4.20870871e+06 	 5.631972e-06 	 1.202963e+07 	
4.20920921e+06 	 5.629241e-06 	 1.202799e+07 	
4.20970971e+06 	 5.626513e-06 	 1.202634e+07 	
4.21021021e+06 	 5.623785e-06 	 1.202469e+07 	
4.21071071e+06 	 5.621059e-06 	 1.202305e+07 	
4.21121121e+06 	 5.618335e-06 	 1.202141e+07 	
4.21171171e+06 	 5.615612e-06 	 1.201976e+07 	
4.21221221e+06 	 5.612891e-06 	 1.201812e+07 	
4.21271271e+06 	 5.610171e-06 	 1.201648e+07 	
4.21321321e+06 	 5.607453e-06 	 1.201483e+07 	
4.21371371e+06 	 5.604736e-06 	 1.201319e+07 	
4.21421421e+06 	 5.602021e-06 	 1.201155e+07 	
4.21471471e+06 	 5.599307e-06 	 1.200991e+07 	
4.21521522e+06 	 5.596595e-06 	 1.200827e+07 	
4.21571572e+06 	 5.593884e-06 	 1.200663e+07 	
4.21621622e+06 	 5.591175e-06 	 1.200499e+07 	
4.21671672e+06 	 5.588468e-06 	 1.200335e+07 	
4.21721722e+06 	 5.585761e-06 	 1.200171e+07 	
4.21771772e+06 	 5.583057e-06 	 1.200007e+07 	
4.21821822e+06 	 5.580353e-06 	 1.199843e+07 	
4.21871872e+06 	 5.577652e-06 	 1.199679e+07 	
4.21921922e+06 	 5.574952e-06 	 1.199516e+07 	
4.21971972e+06 	 5.572253e-06 	 1.199352e+07 	
4.22022022e+06 	 5.569556e-06 	 1.199188e+07 	
4.22072072e+06 	 5.566860e-06 	 1.199025e+07 	
4.22122122e+06 	 5.564166e-06 	 1.198861e+07 	
4.22172172e+06 	 5.561473e-06 	 1.198698e+07 	
4.22222222e+06 	 5.558782e-06 	 1.198534e+07 	
4.22272272e+06 	 5.556092e-06 	 1.198371e+07 	
4.22322322e+06 	 5.553404e-06 	 1.198208e+07 	
4.22372372e+06 	 5.550717e-06 	 1.198044e+07 	
4.22422422e+06 	 5.548032e-06 	 1.197881e+07 	
4.22472472e+06 	 5.545348e-06 	 1.197718e+07 	
4.22522523e+06 	 5.542666e-06 	 1.197555e+07 	
4.22572573e+06 	 5.539985e-06 	 1.197392e+07 	
4.22622623e+06 	 5.537305e-06 	 1.197228e+07 	
4.22672673e+06 	 5.534628e-06 	 1.197065e+07 	
4.22722723e+06 	 5.531951e-06 	 1.196902e+07 	
4.22772773e+06 	 5.529276e-06 	 1.196739e+07 	
4.22822823e+06 	 5.526603e-06 	 1.196577e+07 	
4.22872873e+06 	 5.523931e-06 	 1.196414e+07 	
4.22922923e+06 	 5.521260e-06 	 1.196251e+07 	
4.22972973e+06 	 5.518591e-06 	 1.196088e+07 	
4.23023023e+06 	 5.515924e-06 	 1.195925e+07 	
4.23073073e+06 	 5.513258e-06 	 1.195763e+07 	
4.23123123e+06 	 5.510593e-06 	 1.195600e+07 	
4.23173173e+06 	 5.507930e-06 	 1.195437e+07 	
4.23223223e+06 	 5.505269e-06 	 1.195275e+07 	
4.23273273e+06 	 5.502608e-06 	 1.195112e+07 	
4.23323323e+06 	 5.499950e-06 	 1.194950e+07 	
4.23373373e+06 	 5.497293e-06 	 1.194787e+07 	
4.23423423e+06 	 5.494637e-06 	 1.194625e+07 	
4.23473473e+06 	 5.491982e-06 	 1.194463e+07 	
4.23523524e+06 	 5.489330e-06 	 1.194300e+07 	
4.23573574e+06 	 5.486678e-06 	 1.194138e+07 	
4.23623624e+06 	 5.484028e-06 	 1.193976e+07 	
4.23673674e+06 	 5.481380e-06 	 1.193814e+07 	
4.23723724e+06 	 5.478733e-06 	 1.193652e+07 	
4.23773774e+06 	 5.476087e-06 	 1.193489e+07 	
4.23823824e+06 	 5.473443e-06 	 1.193327e+07 	
4.23873874e+06 	 5.470801e-06 	 1.193165e+07 	
4.23923924e+06 	 5.468160e-06 	 1.193004e+07 	
4.23973974e+06 	 5.465520e-06 	 1.192842e+07 	
4.24024024e+06 	 5.462882e-06 	 1.192680e+07 	
4.24074074e+06 	 5.460245e-06 	 1.192518e+07 	
4.24124124e+06 	 5.457610e-06 	 1.192356e+07 	
4.24174174e+06 	 5.454976e-06 	 1.192194e+07 	
4.24224224e+06 	 5.452343e-06 	 1.192033e+07 	
4.24274274e+06 	 5.449712e-06 	 1.191871e+07 	
4.24324324e+06 	 5.447083e-06 	 1.191709e+07 	
4.24374374e+06 	 5.444455e-06 	 1.191548e+07 	
4.24424424e+06 	 5.441828e-06 	 1.191386e+07 	
4.24474474e+06 	 5.439203e-06 	 1.191225e+07 	
4.24524525e+06 	 5.436579e-06 	 1.191064e+07 	
4.24574575e+06 	 5.433957e-06 	 1.190902e+07 	
4.24624625e+06 	 5.431336e-06 	 1.190741e+07 	
4.24674675e+06 	 5.428717e-06 	 1.190580e+07 	
4.24724725e+06 	 5.426099e-06 	 1.190418e+07 	
4.24774775e+06 	 5.423482e-06 	 1.190257e+07 	
4.24824825e+06 	 5.420867e-06 	 1.190096e+07 	
4.24874875e+06 	 5.418253e-06 	 1.189935e+07 	
4.24924925e+06 	 5.415641e-06 	 1.189774e+07 	
4.24974975e+06 	 5.413030e-06 	 1.189613e+07 	
4.25025025e+06 	 5.410421e-06 	 1.189452e+07 	
4.25075075e+06 	 5.407813e-06 	 1.189291e+07 	
4.25125125e+06 	 5.405206e-06 	 1.189130e+07 	
4.25175175e+06 	 5.402601e-06 	 1.188969e+07 	
4.25225225e+06 	 5.399997e-06 	 1.188808e+07 	
4.25275275e+06 	 5.397395e-06 	 1.188647e+07 	
4.25325325e+06 	 5.394795e-06 	 1.188487e+07 	
4.25375375e+06 	 5.392195e-06 	 1.188326e+07 	
4.25425425e+06 	 5.389597e-06 	 1.188165e+07 	
4.25475475e+06 	 5.387001e-06 	 1.188005e+07 	
4.25525526e+06 	 5.384406e-06 	 1.187844e+07 	
4.25575576e+06 	 5.381812e-06 	 1.187684e+07 	
4.25625626e+06 	 5.379220e-06 	 1.187523e+07 	
4.25675676e+06 	 5.376629e-06 	 1.187363e+07 	
4.25725726e+06 	 5.374040e-06 	 1.187202e+07 	
4.25775776e+06 	 5.371452e-06 	 1.187042e+07 	
4.25825826e+06 	 5.368865e-06 	 1.186882e+07 	
4.25875876e+06 	 5.366280e-06 	 1.186722e+07 	
4.25925926e+06 	 5.363696e-06 	 1.186561e+07 	
4.25975976e+06 	 5.361114e-06 	 1.186401e+07 	
4.26026026e+06 	 5.358533e-06 	 1.186241e+07 	
4.26076076e+06 	 5.355953e-06 	 1.186081e+07 	
4.26126126e+06 	 5.353375e-06 	 1.185921e+07 	
4.26176176e+06 	 5.350799e-06 	 1.185761e+07 	
4.26226226e+06 	 5.348223e-06 	 1.185601e+07 	
4.26276276e+06 	 5.345649e-06 	 1.185441e+07 	
4.26326326e+06 	 5.343077e-06 	 1.185281e+07 	
4.26376376e+06 	 5.340506e-06 	 1.185121e+07 	
4.26426426e+06 	 5.337936e-06 	 1.184962e+07 	
4.26476476e+06 	 5.335368e-06 	 1.184802e+07 	
4.26526527e+06 	 5.332801e-06 	 1.184642e+07 	
4.26576577e+06 	 5.330236e-06 	 1.184483e+07 	
4.26626627e+06 	 5.327672e-06 	 1.184323e+07 	
4.26676677e+06 	 5.325109e-06 	 1.184163e+07 	
4.26726727e+06 	 5.322548e-06 	 1.184004e+07 	
4.26776777e+06 	 5.319988e-06 	 1.183844e+07 	
4.26826827e+06 	 5.317430e-06 	 1.183685e+07 	
4.26876877e+06 	 5.314872e-06 	 1.183526e+07 	
4.26926927e+06 	 5.312317e-06 	 1.183366e+07 	
4.26976977e+06 	 5.309763e-06 	 1.183207e+07 	
4.27027027e+06 	 5.307210e-06 	 1.183048e+07 	
4.27077077e+06 	 5.304658e-06 	 1.182888e+07 	
4.27127127e+06 	 5.302108e-06 	 1.182729e+07 	
4.27177177e+06 	 5.299559e-06 	 1.182570e+07 	
4.27227227e+06 	 5.297012e-06 	 1.182411e+07 	
4.27277277e+06 	 5.294466e-06 	 1.182252e+07 	
4.27327327e+06 	 5.291922e-06 	 1.182093e+07 	
4.27377377e+06 	 5.289379e-06 	 1.181934e+07 	
4.27427427e+06 	 5.286837e-06 	 1.181775e+07 	
4.27477477e+06 	 5.284297e-06 	 1.181616e+07 	
4.27527528e+06 	 5.281758e-06 	 1.181457e+07 	
4.27577578e+06 	 5.279220e-06 	 1.181298e+07 	
4.27627628e+06 	 5.276684e-06 	 1.181140e+07 	
4.27677678e+06 	 5.274149e-06 	 1.180981e+07 	
4.27727728e+06 	 5.271615e-06 	 1.180822e+07 	
4.27777778e+06 	 5.269083e-06 	 1.180664e+07 	
4.27827828e+06 	 5.266553e-06 	 1.180505e+07 	
4.27877878e+06 	 5.264023e-06 	 1.180347e+07 	
4.27927928e+06 	 5.261496e-06 	 1.180188e+07 	
4.27977978e+06 	 5.258969e-06 	 1.180030e+07 	
4.28028028e+06 	 5.256444e-06 	 1.179871e+07 	
4.28078078e+06 	 5.253920e-06 	 1.179713e+07 	
4.28128128e+06 	 5.251398e-06 	 1.179555e+07 	
4.28178178e+06 	 5.248877e-06 	 1.179396e+07 	
4.28228228e+06 	 5.246357e-06 	 1.179238e+07 	
4.28278278e+06 	 5.243839e-06 	 1.179080e+07 	
4.28328328e+06 	 5.241322e-06 	 1.178922e+07 	
4.28378378e+06 	 5.238806e-06 	 1.178764e+07 	
4.28428428e+06 	 5.236292e-06 	 1.178605e+07 	
4.28478478e+06 	 5.233779e-06 	 1.178447e+07 	
4.28528529e+06 	 5.231268e-06 	 1.178289e+07 	
4.28578579e+06 	 5.228757e-06 	 1.178131e+07 	
4.28628629e+06 	 5.226249e-06 	 1.177974e+07 	
4.28678679e+06 	 5.223741e-06 	 1.177816e+07 	
4.28728729e+06 	 5.221235e-06 	 1.177658e+07 	
4.28778779e+06 	 5.218731e-06 	 1.177500e+07 	
4.28828829e+06 	 5.216227e-06 	 1.177342e+07 	
4.28878879e+06 	 5.213726e-06 	 1.177185e+07 	
4.28928929e+06 	 5.211225e-06 	 1.177027e+07 	
4.28978979e+06 	 5.208726e-06 	 1.176869e+07 	
4.29029029e+06 	 5.206228e-06 	 1.176712e+07 	
4.29079079e+06 	 5.203731e-06 	 1.176554e+07 	
4.29129129e+06 	 5.201236e-06 	 1.176397e+07 	
4.29179179e+06 	 5.198743e-06 	 1.176239e+07 	
4.29229229e+06 	 5.196250e-06 	 1.176082e+07 	
4.29279279e+06 	 5.193759e-06 	 1.175925e+07 	
4.29329329e+06 	 5.191269e-06 	 1.175767e+07 	
4.29379379e+06 	 5.188781e-06 	 1.175610e+07 	
4.29429429e+06 	 5.186294e-06 	 1.175453e+07 	
4.29479479e+06 	 5.183808e-06 	 1.175296e+07 	
4.29529530e+06 	 5.181324e-06 	 1.175138e+07 	
4.29579580e+06 	 5.178841e-06 	 1.174981e+07 	
4.29629630e+06 	 5.176359e-06 	 1.174824e+07 	
4.29679680e+06 	 5.173879e-06 	 1.174667e+07 	
4.29729730e+06 	 5.171400e-06 	 1.174510e+07 	
4.29779780e+06 	 5.168923e-06 	 1.174353e+07 	
4.29829830e+06 	 5.166446e-06 	 1.174196e+07 	
4.29879880e+06 	 5.163972e-06 	 1.174040e+07 	
4.29929930e+06 	 5.161498e-06 	 1.173883e+07 	
4.29979980e+06 	 5.159026e-06 	 1.173726e+07 	
4.30030030e+06 	 5.156555e-06 	 1.173569e+07 	
4.30080080e+06 	 5.154085e-06 	 1.173413e+07 	
4.30130130e+06 	 5.151617e-06 	 1.173256e+07 	
4.30180180e+06 	 5.149150e-06 	 1.173099e+07 	
4.30230230e+06 	 5.146685e-06 	 1.172943e+07 	
4.30280280e+06 	 5.144221e-06 	 1.172786e+07 	
4.30330330e+06 	 5.141758e-06 	 1.172630e+07 	
4.30380380e+06 	 5.139296e-06 	 1.172473e+07 	
4.30430430e+06 	 5.136836e-06 	 1.172317e+07 	
4.30480480e+06 	 5.134377e-06 	 1.172161e+07 	
4.30530531e+06 	 5.131920e-06 	 1.172004e+07 	
4.30580581e+06 	 5.129464e-06 	 1.171848e+07 	
4.30630631e+06 	 5.127009e-06 	 1.171692e+07 	
4.30680681e+06 	 5.124555e-06 	 1.171536e+07 	
4.30730731e+06 	 5.122103e-06 	 1.171379e+07 	
4.30780781e+06 	 5.119652e-06 	 1.171223e+07 	
4.30830831e+06 	 5.117203e-06 	 1.171067e+07 	
4.30880881e+06 	 5.114754e-06 	 1.170911e+07 	
4.30930931e+06 	 5.112307e-06 	 1.170755e+07 	
4.30980981e+06 	 5.109862e-06 	 1.170599e+07 	
4.31031031e+06 	 5.107418e-06 	 1.170443e+07 	
4.31081081e+06 	 5.104975e-06 	 1.170288e+07 	
4.31131131e+06 	 5.102533e-06 	 1.170132e+07 	
4.31181181e+06 	 5.100093e-06 	 1.169976e+07 	
4.31231231e+06 	 5.097654e-06 	 1.169820e+07 	
4.31281281e+06 	 5.095216e-06 	 1.169665e+07 	
4.31331331e+06 	 5.092780e-06 	 1.169509e+07 	
4.31381381e+06 	 5.090345e-06 	 1.169353e+07 	
4.31431431e+06 	 5.087911e-06 	 1.169198e+07 	
4.31481481e+06 	 5.085479e-06 	 1.169042e+07 	
4.31531532e+06 	 5.083048e-06 	 1.168887e+07 	
4.31581582e+06 	 5.080618e-06 	 1.168731e+07 	
4.31631632e+06 	 5.078189e-06 	 1.168576e+07 	
4.31681682e+06 	 5.075762e-06 	 1.168420e+07 	
4.31731732e+06 	 5.073336e-06 	 1.168265e+07 	
4.31781782e+06 	 5.070912e-06 	 1.168110e+07 	
4.31831832e+06 	 5.068489e-06 	 1.167955e+07 	
4.31881882e+06 	 5.066067e-06 	 1.167799e+07 	
4.31931932e+06 	 5.063646e-06 	 1.167644e+07 	
4.31981982e+06 	 5.061227e-06 	 1.167489e+07 	
4.32032032e+06 	 5.058809e-06 	 1.167334e+07 	
4.32082082e+06 	 5.056392e-06 	 1.167179e+07 	
4.32132132e+06 	 5.053977e-06 	 1.167024e+07 	
4.32182182e+06 	 5.051563e-06 	 1.166869e+07 	
4.32232232e+06 	 5.049150e-06 	 1.166714e+07 	
4.32282282e+06 	 5.046738e-06 	 1.166559e+07 	
4.32332332e+06 	 5.044328e-06 	 1.166405e+07 	
4.32382382e+06 	 5.041919e-06 	 1.166250e+07 	
4.32432432e+06 	 5.039512e-06 	 1.166095e+07 	
4.32482482e+06 	 5.037105e-06 	 1.165940e+07 	
4.32532533e+06 	 5.034700e-06 	 1.165786e+07 	
4.32582583e+06 	 5.032297e-06 	 1.165631e+07 	
4.32632633e+06 	 5.029894e-06 	 1.165476e+07 	
4.32682683e+06 	 5.027493e-06 	 1.165322e+07 	
4.32732733e+06 	 5.025093e-06 	 1.165167e+07 	
4.32782783e+06 	 5.022695e-06 	 1.165013e+07 	
4.32832833e+06 	 5.020298e-06 	 1.164859e+07 	
4.32882883e+06 	 5.017902e-06 	 1.164704e+07 	
4.32932933e+06 	 5.015507e-06 	 1.164550e+07 	
4.32982983e+06 	 5.013114e-06 	 1.164396e+07 	
4.33033033e+06 	 5.010721e-06 	 1.164241e+07 	
4.33083083e+06 	 5.008331e-06 	 1.164087e+07 	
4.33133133e+06 	 5.005941e-06 	 1.163933e+07 	
4.33183183e+06 	 5.003553e-06 	 1.163779e+07 	
4.33233233e+06 	 5.001166e-06 	 1.163625e+07 	
4.33283283e+06 	 4.998780e-06 	 1.163471e+07 	
4.33333333e+06 	 4.996396e-06 	 1.163317e+07 	
4.33383383e+06 	 4.994013e-06 	 1.163163e+07 	
4.33433433e+06 	 4.991631e-06 	 1.163009e+07 	
4.33483483e+06 	 4.989250e-06 	 1.162855e+07 	
4.33533534e+06 	 4.986871e-06 	 1.162701e+07 	
4.33583584e+06 	 4.984493e-06 	 1.162547e+07 	
4.33633634e+06 	 4.982116e-06 	 1.162393e+07 	
4.33683684e+06 	 4.979741e-06 	 1.162240e+07 	
4.33733734e+06 	 4.977367e-06 	 1.162086e+07 	
4.33783784e+06 	 4.974994e-06 	 1.161932e+07 	
4.33833834e+06 	 4.972622e-06 	 1.161779e+07 	
4.33883884e+06 	 4.970252e-06 	 1.161625e+07 	
4.33933934e+06 	 4.967883e-06 	 1.161472e+07 	
4.33983984e+06 	 4.965515e-06 	 1.161318e+07 	
4.34034034e+06 	 4.963148e-06 	 1.161165e+07 	
4.34084084e+06 	 4.960783e-06 	 1.161011e+07 	
4.34134134e+06 	 4.958419e-06 	 1.160858e+07 	
4.34184184e+06 	 4.956056e-06 	 1.160705e+07 	
4.34234234e+06 	 4.953695e-06 	 1.160551e+07 	
4.34284284e+06 	 4.951334e-06 	 1.160398e+07 	
4.34334334e+06 	 4.948975e-06 	 1.160245e+07 	
4.34384384e+06 	 4.946618e-06 	 1.160092e+07 	
4.34434434e+06 	 4.944261e-06 	 1.159939e+07 	
4.34484484e+06 	 4.941906e-06 	 1.159786e+07 	
4.34534535e+06 	 4.939552e-06 	 1.159633e+07 	
4.34584585e+06 	 4.937199e-06 	 1.159480e+07 	
4.34634635e+06 	 4.934848e-06 	 1.159327e+07 	
4.34684685e+06 	 4.932498e-06 	 1.159174e+07 	
4.34734735e+06 	 4.930149e-06 	 1.159021e+07 	
4.34784785e+06 	 4.927801e-06 	 1.158868e+07 	
4.34834835e+06 	 4.925455e-06 	 1.158715e+07 	
4.34884885e+06 	 4.923110e-06 	 1.158562e+07 	
4.34934935e+06 	 4.920766e-06 	 1.158410e+07 	
4.34984985e+06 	 4.918423e-06 	 1.158257e+07 	
4.35035035e+06 	 4.916082e-06 	 1.158104e+07 	
4.35085085e+06 	 4.913742e-06 	 1.157952e+07 	
4.35135135e+06 	 4.911403e-06 	 1.157799e+07 	
4.35185185e+06 	 4.909065e-06 	 1.157647e+07 	
4.35235235e+06 	 4.906729e-06 	 1.157494e+07 	
4.35285285e+06 	 4.904394e-06 	 1.157342e+07 	
4.35335335e+06 	 4.902060e-06 	 1.157189e+07 	
4.35385385e+06 	 4.899727e-06 	 1.157037e+07 	
4.35435435e+06 	 4.897396e-06 	 1.156885e+07 	
4.35485485e+06 	 4.895066e-06 	 1.156733e+07 	
4.35535536e+06 	 4.892737e-06 	 1.156580e+07 	
4.35585586e+06 	 4.890409e-06 	 1.156428e+07 	
4.35635636e+06 	 4.888083e-06 	 1.156276e+07 	
4.35685686e+06 	 4.885758e-06 	 1.156124e+07 	
4.35735736e+06 	 4.883434e-06 	 1.155972e+07 	
4.35785786e+06 	 4.881111e-06 	 1.155820e+07 	
4.35835836e+06 	 4.878789e-06 	 1.155668e+07 	
4.35885886e+06 	 4.876469e-06 	 1.155516e+07 	
4.35935936e+06 	 4.874150e-06 	 1.155364e+07 	
4.35985986e+06 	 4.871832e-06 	 1.155212e+07 	
4.36036036e+06 	 4.869516e-06 	 1.155060e+07 	
4.36086086e+06 	 4.867201e-06 	 1.154908e+07 	
4.36136136e+06 	 4.864887e-06 	 1.154757e+07 	
4.36186186e+06 	 4.862574e-06 	 1.154605e+07 	
4.36236236e+06 	 4.860262e-06 	 1.154453e+07 	
4.36286286e+06 	 4.857952e-06 	 1.154302e+07 	
4.36336336e+06 	 4.855643e-06 	 1.154150e+07 	
4.36386386e+06 	 4.853335e-06 	 1.153998e+07 	
4.36436436e+06 	 4.851028e-06 	 1.153847e+07 	
4.36486486e+06 	 4.848723e-06 	 1.153695e+07 	
4.36536537e+06 	 4.846418e-06 	 1.153544e+07 	
4.36586587e+06 	 4.844115e-06 	 1.153393e+07 	
4.36636637e+06 	 4.841814e-06 	 1.153241e+07 	
4.36686687e+06 	 4.839513e-06 	 1.153090e+07 	
4.36736737e+06 	 4.837214e-06 	 1.152939e+07 	
4.36786787e+06 	 4.834916e-06 	 1.152787e+07 	
4.36836837e+06 	 4.832619e-06 	 1.152636e+07 	
4.36886887e+06 	 4.830323e-06 	 1.152485e+07 	
4.36936937e+06 	 4.828028e-06 	 1.152334e+07 	
4.36986987e+06 	 4.825735e-06 	 1.152183e+07 	
4.37037037e+06 	 4.823443e-06 	 1.152032e+07 	
4.37087087e+06 	 4.821152e-06 	 1.151881e+07 	
4.37137137e+06 	 4.818863e-06 	 1.151730e+07 	
4.37187187e+06 	 4.816574e-06 	 1.151579e+07 	
4.37237237e+06 	 4.814287e-06 	 1.151428e+07 	
4.37287287e+06 	 4.812001e-06 	 1.151277e+07 	
4.37337337e+06 	 4.809717e-06 	 1.151126e+07 	
4.37387387e+06 	 4.807433e-06 	 1.150976e+07 	
4.37437437e+06 	 4.805151e-06 	 1.150825e+07 	
4.37487487e+06 	 4.802870e-06 	 1.150674e+07 	
4.37537538e+06 	 4.800590e-06 	 1.150524e+07 	
4.37587588e+06 	 4.798311e-06 	 1.150373e+07 	
4.37637638e+06 	 4.796034e-06 	 1.150222e+07 	
4.37687688e+06 	 4.793757e-06 	 1.150072e+07 	
4.37737738e+06 	 4.791482e-06 	 1.149921e+07 	
4.37787788e+06 	 4.789208e-06 	 1.149771e+07 	
4.37837838e+06 	 4.786936e-06 	 1.149621e+07 	
4.37887888e+06 	 4.784664e-06 	 1.149470e+07 	
4.37937938e+06 	 4.782394e-06 	 1.149320e+07 	
4.37987988e+06 	 4.780125e-06 	 1.149170e+07 	
4.38038038e+06 	 4.777857e-06 	 1.149019e+07 	
4.38088088e+06 	 4.775591e-06 	 1.148869e+07 	
4.38138138e+06 	 4.773325e-06 	 1.148719e+07 	
4.38188188e+06 	 4.771061e-06 	 1.148569e+07 	
4.38238238e+06 	 4.768798e-06 	 1.148419e+07 	
4.38288288e+06 	 4.766536e-06 	 1.148269e+07 	
4.38338338e+06 	 4.764275e-06 	 1.148119e+07 	
4.38388388e+06 	 4.762016e-06 	 1.147969e+07 	
4.38438438e+06 	 4.759758e-06 	 1.147819e+07 	
4.38488488e+06 	 4.757501e-06 	 1.147669e+07 	
4.38538539e+06 	 4.755245e-06 	 1.147519e+07 	
4.38588589e+06 	 4.752990e-06 	 1.147369e+07 	
4.38638639e+06 	 4.750737e-06 	 1.147219e+07 	
4.38688689e+06 	 4.748484e-06 	 1.147070e+07 	
4.38738739e+06 	 4.746233e-06 	 1.146920e+07 	
4.38788789e+06 	 4.743983e-06 	 1.146770e+07 	
4.38838839e+06 	 4.741735e-06 	 1.146621e+07 	
4.38888889e+06 	 4.739487e-06 	 1.146471e+07 	
4.38938939e+06 	 4.737241e-06 	 1.146321e+07 	
4.38988989e+06 	 4.734996e-06 	 1.146172e+07 	
4.39039039e+06 	 4.732752e-06 	 1.146023e+07 	
4.39089089e+06 	 4.730746e-06 	 1.145872e+07 	
4.39139139e+06 	 4.728506e-06 	 1.145722e+07 	
4.39189189e+06 	 4.726267e-06 	 1.145573e+07 	
4.39239239e+06 	 4.724029e-06 	 1.145424e+07 	
4.39289289e+06 	 4.721792e-06 	 1.145274e+07 	
4.39339339e+06 	 4.719556e-06 	 1.145125e+07 	
4.39389389e+06 	 4.717322e-06 	 1.144976e+07 	
4.39439439e+06 	 4.715089e-06 	 1.144827e+07 	
4.39489489e+06 	 4.712856e-06 	 1.144677e+07 	
4.39539540e+06 	 4.710626e-06 	 1.144528e+07 	
4.39589590e+06 	 4.708396e-06 	 1.144379e+07 	
4.39639640e+06 	 4.706167e-06 	 1.144230e+07 	
4.39689690e+06 	 4.703940e-06 	 1.144081e+07 	
4.39739740e+06 	 4.701714e-06 	 1.143932e+07 	
4.39789790e+06 	 4.699489e-06 	 1.143784e+07 	
4.39839840e+06 	 4.697265e-06 	 1.143635e+07 	
4.39889890e+06 	 4.695042e-06 	 1.143486e+07 	
4.39939940e+06 	 4.692821e-06 	 1.143337e+07 	
4.39989990e+06 	 4.690601e-06 	 1.143188e+07 	
4.40040040e+06 	 4.688382e-06 	 1.143040e+07 	
4.40090090e+06 	 4.686164e-06 	 1.142891e+07 	
4.40140140e+06 	 4.683947e-06 	 1.142742e+07 	
4.40190190e+06 	 4.681731e-06 	 1.142594e+07 	
4.40240240e+06 	 4.679517e-06 	 1.142445e+07 	
4.40290290e+06 	 4.677304e-06 	 1.142297e+07 	
4.40340340e+06 	 4.675092e-06 	 1.142148e+07 	
4.40390390e+06 	 4.672881e-06 	 1.142000e+07 	
4.40440440e+06 	 4.670671e-06 	 1.141851e+07 	
4.40490490e+06 	 4.668463e-06 	 1.141703e+07 	
4.40540541e+06 	 4.666255e-06 	 1.141555e+07 	
4.40590591e+06 	 4.664049e-06 	 1.141406e+07 	
4.40640641e+06 	 4.661844e-06 	 1.141258e+07 	
4.40690691e+06 	 4.659640e-06 	 1.141110e+07 	
4.40740741e+06 	 4.657438e-06 	 1.140962e+07 	
4.40790791e+06 	 4.655236e-06 	 1.140814e+07 	
4.40840841e+06 	 4.653036e-06 	 1.140666e+07 	
4.40890891e+06 	 4.650836e-06 	 1.140518e+07 	
4.40940941e+06 	 4.648638e-06 	 1.140370e+07 	
4.40990991e+06 	 4.646442e-06 	 1.140222e+07 	
4.41041041e+06 	 4.644246e-06 	 1.140074e+07 	
4.41091091e+06 	 4.642051e-06 	 1.139926e+07 	
4.41141141e+06 	 4.639858e-06 	 1.139778e+07 	
4.41191191e+06 	 4.637666e-06 	 1.139630e+07 	
4.41241241e+06 	 4.635475e-06 	 1.139482e+07 	
4.41291291e+06 	 4.633285e-06 	 1.139335e+07 	
4.41341341e+06 	 4.631096e-06 	 1.139187e+07 	
4.41391391e+06 	 4.628908e-06 	 1.139039e+07 	
4.41441441e+06 	 4.626722e-06 	 1.138892e+07 	
4.41491491e+06 	 4.624537e-06 	 1.138744e+07 	
4.41541542e+06 	 4.622352e-06 	 1.138597e+07 	
4.41591592e+06 	 4.620169e-06 	 1.138449e+07 	
4.41641642e+06 	 4.617988e-06 	 1.138302e+07 	
4.41691692e+06 	 4.615807e-06 	 1.138154e+07 	
4.41741742e+06 	 4.613627e-06 	 1.138007e+07 	
4.41791792e+06 	 4.611449e-06 	 1.137859e+07 	
4.41841842e+06 	 4.609272e-06 	 1.137712e+07 	
4.41891892e+06 	 4.607096e-06 	 1.137565e+07 	
4.41941942e+06 	 4.604921e-06 	 1.137418e+07 	
4.41991992e+06 	 4.602747e-06 	 1.137270e+07 	
4.42042042e+06 	 4.600575e-06 	 1.137123e+07 	
4.42092092e+06 	 4.598403e-06 	 1.136976e+07 	
4.42142142e+06 	 4.596233e-06 	 1.136829e+07 	
4.42192192e+06 	 4.594064e-06 	 1.136682e+07 	
4.42242242e+06 	 4.591895e-06 	 1.136535e+07 	
4.42292292e+06 	 4.589729e-06 	 1.136388e+07 	
4.42342342e+06 	 4.587563e-06 	 1.136241e+07 	
4.42392392e+06 	 4.585398e-06 	 1.136094e+07 	
4.42442442e+06 	 4.583235e-06 	 1.135947e+07 	
4.42492492e+06 	 4.581072e-06 	 1.135800e+07 	
4.42542543e+06 	 4.578911e-06 	 1.135654e+07 	
4.42592593e+06 	 4.576751e-06 	 1.135507e+07 	
4.42642643e+06 	 4.574592e-06 	 1.135360e+07 	
4.42692693e+06 	 4.572434e-06 	 1.135213e+07 	
4.42742743e+06 	 4.570278e-06 	 1.135067e+07 	
4.42792793e+06 	 4.568122e-06 	 1.134920e+07 	
4.42842843e+06 	 4.565968e-06 	 1.134774e+07 	
4.42892893e+06 	 4.563815e-06 	 1.134627e+07 	
4.42942943e+06 	 4.561663e-06 	 1.134481e+07 	
4.42992993e+06 	 4.559512e-06 	 1.134334e+07 	
4.43043043e+06 	 4.557362e-06 	 1.134188e+07 	
4.43093093e+06 	 4.555213e-06 	 1.134041e+07 	
4.43143143e+06 	 4.553066e-06 	 1.133895e+07 	
4.43193193e+06 	 4.550919e-06 	 1.133749e+07 	
4.43243243e+06 	 4.548774e-06 	 1.133603e+07 	
4.43293293e+06 	 4.546630e-06 	 1.133456e+07 	
4.43343343e+06 	 4.544487e-06 	 1.133310e+07 	
4.43393393e+06 	 4.542345e-06 	 1.133164e+07 	
4.43443443e+06 	 4.540204e-06 	 1.133018e+07 	
4.43493493e+06 	 4.538064e-06 	 1.132872e+07 	
4.43543544e+06 	 4.535926e-06 	 1.132726e+07 	
4.43593594e+06 	 4.533788e-06 	 1.132580e+07 	
4.43643644e+06 	 4.531652e-06 	 1.132434e+07 	
4.43693694e+06 	 4.529517e-06 	 1.132288e+07 	
4.43743744e+06 	 4.527383e-06 	 1.132142e+07 	
4.43793794e+06 	 4.525250e-06 	 1.131996e+07 	
4.43843844e+06 	 4.523118e-06 	 1.131850e+07 	
4.43893894e+06 	 4.520987e-06 	 1.131705e+07 	
4.43943944e+06 	 4.518858e-06 	 1.131559e+07 	
4.43993994e+06 	 4.516729e-06 	 1.131413e+07 	
4.44044044e+06 	 4.514602e-06 	 1.131267e+07 	
4.44094094e+06 	 4.512476e-06 	 1.131122e+07 	
4.44144144e+06 	 4.510351e-06 	 1.130976e+07 	
4.44194194e+06 	 4.508227e-06 	 1.130831e+07 	
4.44244244e+06 	 4.506104e-06 	 1.130685e+07 	
4.44294294e+06 	 4.503982e-06 	 1.130540e+07 	
4.44344344e+06 	 4.501862e-06 	 1.130394e+07 	
4.44394394e+06 	 4.499742e-06 	 1.130249e+07 	
4.44444444e+06 	 4.497624e-06 	 1.130104e+07 	
4.44494494e+06 	 4.495507e-06 	 1.129958e+07 	
4.44544545e+06 	 4.493390e-06 	 1.129813e+07 	
4.44594595e+06 	 4.491275e-06 	 1.129668e+07 	
4.44644645e+06 	 4.489161e-06 	 1.129523e+07 	
4.44694695e+06 	 4.487049e-06 	 1.129377e+07 	
4.44744745e+06 	 4.484937e-06 	 1.129232e+07 	
4.44794795e+06 	 4.482826e-06 	 1.129087e+07 	
4.44844845e+06 	 4.480717e-06 	 1.128942e+07 	
4.44894895e+06 	 4.478608e-06 	 1.128797e+07 	
4.44944945e+06 	 4.476501e-06 	 1.128652e+07 	
4.44994995e+06 	 4.474395e-06 	 1.128507e+07 	
4.45045045e+06 	 4.472290e-06 	 1.128362e+07 	
4.45095095e+06 	 4.470186e-06 	 1.128217e+07 	
4.45145145e+06 	 4.468083e-06 	 1.128072e+07 	
4.45195195e+06 	 4.465981e-06 	 1.127928e+07 	
4.45245245e+06 	 4.463880e-06 	 1.127783e+07 	
4.45295295e+06 	 4.461781e-06 	 1.127638e+07 	
4.45345345e+06 	 4.459682e-06 	 1.127493e+07 	
4.45395395e+06 	 4.457585e-06 	 1.127349e+07 	
4.45445445e+06 	 4.455489e-06 	 1.127204e+07 	
4.45495495e+06 	 4.453394e-06 	 1.127060e+07 	
4.45545546e+06 	 4.451300e-06 	 1.126915e+07 	
4.45595596e+06 	 4.448984e-06 	 1.126772e+07 	
4.45645646e+06 	 4.446891e-06 	 1.126628e+07 	
4.45695696e+06 	 4.444799e-06 	 1.126483e+07 	
4.45745746e+06 	 4.442708e-06 	 1.126339e+07 	
4.45795796e+06 	 4.440618e-06 	 1.126194e+07 	
4.45845846e+06 	 4.438530e-06 	 1.126050e+07 	
4.45895896e+06 	 4.436442e-06 	 1.125906e+07 	
4.45945946e+06 	 4.434356e-06 	 1.125762e+07 	
4.45995996e+06 	 4.432271e-06 	 1.125617e+07 	
4.46046046e+06 	 4.430186e-06 	 1.125473e+07 	
4.46096096e+06 	 4.428103e-06 	 1.125329e+07 	
4.46146146e+06 	 4.426021e-06 	 1.125185e+07 	
4.46196196e+06 	 4.423940e-06 	 1.125041e+07 	
4.46246246e+06 	 4.421860e-06 	 1.124897e+07 	
4.46296296e+06 	 4.419781e-06 	 1.124753e+07 	
4.46346346e+06 	 4.417704e-06 	 1.124609e+07 	
4.46396396e+06 	 4.415627e-06 	 1.124465e+07 	
4.46446446e+06 	 4.413551e-06 	 1.124321e+07 	
4.46496496e+06 	 4.411477e-06 	 1.124178e+07 	
4.46546547e+06 	 4.409404e-06 	 1.124034e+07 	
4.46596597e+06 	 4.407331e-06 	 1.123890e+07 	
4.46646647e+06 	 4.405260e-06 	 1.123746e+07 	
4.46696697e+06 	 4.403190e-06 	 1.123603e+07 	
4.46746747e+06 	 4.401121e-06 	 1.123459e+07 	
4.46796797e+06 	 4.399053e-06 	 1.123315e+07 	
4.46846847e+06 	 4.396986e-06 	 1.123172e+07 	
4.46896897e+06 	 4.394920e-06 	 1.123028e+07 	
4.46946947e+06 	 4.392855e-06 	 1.122885e+07 	
4.46996997e+06 	 4.390791e-06 	 1.122741e+07 	
4.47047047e+06 	 4.388729e-06 	 1.122598e+07 	
4.47097097e+06 	 4.386667e-06 	 1.122454e+07 	
4.47147147e+06 	 4.384607e-06 	 1.122311e+07 	
4.47197197e+06 	 4.382547e-06 	 1.122168e+07 	
4.47247247e+06 	 4.380489e-06 	 1.122024e+07 	
4.47297297e+06 	 4.378431e-06 	 1.121881e+07 	
4.47347347e+06 	 4.376375e-06 	 1.121738e+07 	
4.47397397e+06 	 4.374320e-06 	 1.121595e+07 	
4.47447447e+06 	 4.372266e-06 	 1.121452e+07 	
4.47497497e+06 	 4.370213e-06 	 1.121309e+07 	
4.47547548e+06 	 4.368161e-06 	 1.121166e+07 	
4.47597598e+06 	 4.366110e-06 	 1.121023e+07 	
4.47647648e+06 	 4.364060e-06 	 1.120880e+07 	
4.47697698e+06 	 4.362012e-06 	 1.120737e+07 	
4.47747748e+06 	 4.359964e-06 	 1.120594e+07 	
4.47797798e+06 	 4.357917e-06 	 1.120451e+07 	
4.47847848e+06 	 4.355872e-06 	 1.120308e+07 	
4.47897898e+06 	 4.353827e-06 	 1.120165e+07 	
4.47947948e+06 	 4.351784e-06 	 1.120022e+07 	
4.47997998e+06 	 4.349741e-06 	 1.119880e+07 	
4.48048048e+06 	 4.347700e-06 	 1.119737e+07 	
4.48098098e+06 	 4.345660e-06 	 1.119594e+07 	
4.48148148e+06 	 4.343621e-06 	 1.119452e+07 	
4.48198198e+06 	 4.341582e-06 	 1.119309e+07 	
4.48248248e+06 	 4.339545e-06 	 1.119167e+07 	
4.48298298e+06 	 4.337509e-06 	 1.119024e+07 	
4.48348348e+06 	 4.335474e-06 	 1.118882e+07 	
4.48398398e+06 	 4.333440e-06 	 1.118739e+07 	
4.48448448e+06 	 4.331407e-06 	 1.118597e+07 	
4.48498498e+06 	 4.329376e-06 	 1.118454e+07 	
4.48548549e+06 	 4.327345e-06 	 1.118312e+07 	
4.48598599e+06 	 4.325315e-06 	 1.118170e+07 	
4.48648649e+06 	 4.323286e-06 	 1.118027e+07 	
4.48698699e+06 	 4.321259e-06 	 1.117885e+07 	
4.48748749e+06 	 4.319232e-06 	 1.117743e+07 	
4.48798799e+06 	 4.317207e-06 	 1.117601e+07 	
4.48848849e+06 	 4.315182e-06 	 1.117459e+07 	
4.48898899e+06 	 4.313159e-06 	 1.117317e+07 	
4.48948949e+06 	 4.311137e-06 	 1.117175e+07 	
4.48998999e+06 	 4.309115e-06 	 1.117033e+07 	
4.49049049e+06 	 4.307095e-06 	 1.116891e+07 	
4.49099099e+06 	 4.305076e-06 	 1.116749e+07 	
4.49149149e+06 	 4.303058e-06 	 1.116607e+07 	
4.49199199e+06 	 4.301040e-06 	 1.116465e+07 	
4.49249249e+06 	 4.299024e-06 	 1.116323e+07 	
4.49299299e+06 	 4.297009e-06 	 1.116181e+07 	
4.49349349e+06 	 4.294995e-06 	 1.116040e+07 	
4.49399399e+06 	 4.292982e-06 	 1.115898e+07 	
4.49449449e+06 	 4.290970e-06 	 1.115756e+07 	
4.49499499e+06 	 4.288959e-06 	 1.115615e+07 	
4.49549550e+06 	 4.286950e-06 	 1.115473e+07 	
4.49599600e+06 	 4.284941e-06 	 1.115331e+07 	
4.49649650e+06 	 4.282933e-06 	 1.115190e+07 	
4.49699700e+06 	 4.280926e-06 	 1.115048e+07 	
4.49749750e+06 	 4.278921e-06 	 1.114907e+07 	
4.49799800e+06 	 4.276916e-06 	 1.114765e+07 	
4.49849850e+06 	 4.274912e-06 	 1.114624e+07 	
4.49899900e+06 	 4.272910e-06 	 1.114483e+07 	
4.49949950e+06 	 4.270908e-06 	 1.114341e+07 	
4.50000000e+06 	 4.268908e-06 	 1.114200e+07 	
4.52440684e+06 	 4.172381e-06 	 1.107355e+07 	
4.54894606e+06 	 4.077896e-06 	 1.100556e+07 	
4.57361837e+06 	 3.985246e-06 	 1.093804e+07 	
4.59842450e+06 	 3.894183e-06 	 1.087100e+07 	
4.62336517e+06 	 3.805043e-06 	 1.080441e+07 	
4.64844111e+06 	 3.717623e-06 	 1.073829e+07 	
4.67365306e+06 	 3.631677e-06 	 1.067263e+07 	
4.69900175e+06 	 3.547539e-06 	 1.060742e+07 	
4.72448793e+06 	 3.465006e-06 	 1.054266e+07 	
4.75011233e+06 	 3.384250e-06 	 1.047833e+07 	
4.77587572e+06 	 3.304877e-06 	 1.041445e+07 	
4.80177884e+06 	 3.226858e-06 	 1.035104e+07 	
4.82782245e+06 	 3.150445e-06 	 1.028805e+07 	
4.85400732e+06 	 3.075478e-06 	 1.022549e+07 	
4.88033420e+06 	 3.002082e-06 	 1.016335e+07 	
4.90680388e+06 	 2.929951e-06 	 1.010166e+07 	
4.93341712e+06 	 2.859182e-06 	 1.004039e+07 	
4.96017470e+06 	 2.789595e-06 	 9.979553e+06 	
4.98707741e+06 	 2.721430e-06 	 9.919130e+06 	
5.01412604e+06 	 2.654534e-06 	 9.859126e+06 	
5.04132136e+06 	 2.589026e-06 	 9.799523e+06 	
5.06866419e+06 	 2.524621e-06 	 9.740345e+06 	
5.09615532e+06 	 2.461408e-06 	 9.681577e+06 	
5.12379556e+06 	 2.399500e-06 	 9.623202e+06 	
5.15158570e+06 	 2.338625e-06 	 9.565244e+06 	
5.17952658e+06 	 2.278870e-06 	 9.507690e+06 	
5.20761900e+06 	 2.220343e-06 	 9.450519e+06 	
5.23586378e+06 	 2.162783e-06 	 9.393759e+06 	
5.26426176e+06 	 2.106275e-06 	 9.337394e+06 	
5.29281376e+06 	 2.050920e-06 	 9.281407e+06 	
5.32152062e+06 	 1.996474e-06 	 9.225822e+06 	
5.35038317e+06 	 1.943015e-06 	 9.170626e+06 	
5.37940228e+06 	 1.890639e-06 	 9.115799e+06 	
5.40857877e+06 	 1.839117e-06 	 9.061370e+06 	
5.43791351e+06 	 1.788613e-06 	 9.007309e+06 	
5.46740735e+06 	 1.738947e-06 	 8.953637e+06 	
5.49706116e+06 	 1.690175e-06 	 8.900342e+06 	
5.52687580e+06 	 1.642193e-06 	 8.847436e+06 	
5.55685215e+06 	 1.595131e-06 	 8.794894e+06 	
5.58699109e+06 	 1.548902e-06 	 8.742724e+06 	
5.61729349e+06 	 1.503567e-06 	 8.690912e+06 	
5.64776024e+06 	 1.458969e-06 	 8.639480e+06 	
5.67839224e+06 	 1.415155e-06 	 8.588415e+06 	
5.70919038e+06 	 1.372039e-06 	 8.537729e+06 	
5.74015556e+06 	 1.329729e-06 	 8.487399e+06 	
5.77128868e+06 	 1.288152e-06 	 8.437434e+06 	
5.80259067e+06 	 1.247227e-06 	 8.387845e+06 	
5.83406242e+06 	 1.207056e-06 	 8.338610e+06 	
5.86570488e+06 	 1.167569e-06 	 8.289738e+06 	
5.89751895e+06 	 1.128694e-06 	 8.241243e+06 	
5.92950557e+06 	 1.090521e-06 	 8.193100e+06 	
5.96166568e+06 	 1.052987e-06 	 8.145322e+06 	
5.99400022e+06 	 1.016026e-06 	 8.097922e+06 	
6.02651014e+06 	 9.797206e-07 	 8.050877e+06 	
6.05919638e+06 	 9.440128e-07 	 8.004199e+06 	
6.09205990e+06 	 9.088436e-07 	 7.957904e+06 	
6.12510166e+06 	 8.742858e-07 	 7.911970e+06 	
6.15832264e+06 	 8.402891e-07 	 7.866410e+06 	
6.19172379e+06 	 8.068009e-07 	 7.821240e+06 	
6.22530611e+06 	 7.738866e-07 	 7.776442e+06 	
6.25907056e+06 	 7.415024e-07 	 7.732029e+06 	
6.29301815e+06 	 7.096772e-07 	 7.687995e+06 	
6.32714986e+06 	 6.783375e-07 	 7.644367e+06 	
6.36146669e+06 	 6.475083e-07 	 7.601141e+06 	
6.39596965e+06 	 6.172180e-07 	 7.558312e+06 	
6.43065974e+06 	 5.874059e-07 	 7.515911e+06 	
6.46553798e+06 	 5.580987e-07 	 7.473935e+06 	
6.50060540e+06 	 5.293259e-07 	 7.432383e+06 	
6.53586301e+06 	 5.010414e-07 	 7.391288e+06 	
6.57131185e+06 	 4.732752e-07 	 7.350652e+06 	
6.60695295e+06 	 4.460612e-07 	 7.310474e+06 	
6.64278736e+06 	 4.193690e-07 	 7.270793e+06 	
6.67881613e+06 	 3.932352e-07 	 7.231614e+06 	
6.71504031e+06 	 3.676597e-07 	 7.192967e+06 	
6.75146096e+06 	 3.427030e-07 	 7.154846e+06 	
6.78807914e+06 	 3.183761e-07 	 7.117282e+06 	
6.82489594e+06 	 2.946939e-07 	 7.080310e+06 	
6.86191241e+06 	 2.717229e-07 	 7.043927e+06 	
6.89912966e+06 	 2.494880e-07 	 7.008166e+06 	
6.93654876e+06 	 2.280179e-07 	 6.973068e+06 	
6.97417082e+06 	 2.073833e-07 	 6.938628e+06 	
7.01199692e+06 	 1.876289e-07 	 6.904868e+06 	
7.05002819e+06 	 1.687848e-07 	 6.871838e+06 	
7.08826573e+06 	 1.509061e-07 	 6.839548e+06 	
7.12671065e+06 	 1.340299e-07 	 6.808039e+06 	
7.16536410e+06 	 1.182114e-07 	 6.777299e+06 	
7.20422719e+06 	 1.034848e-07 	 6.747342e+06 	
7.24330106e+06 	 8.986712e-08 	 6.718209e+06 	
7.28258686e+06 	 7.737663e-08 	 6.689918e+06 	
7.32208574e+06 	 6.602713e-08 	 6.662440e+06 	
7.36179884e+06 	 5.580579e-08 	 6.635814e+06 	
7.40172734e+06 	 4.669841e-08 	 6.609998e+06 	
7.44187241e+06 	 3.867025e-08 	 6.584978e+06 	
7.48223521e+06 	 3.167216e-08 	 6.560764e+06 	
7.52281692e+06 	 2.564670e-08 	 6.537303e+06 	
7.56361875e+06 	 2.052307e-08 	 6.514588e+06 	
7.60464187e+06 	 1.622407e-08 	 6.492555e+06 	
7.64588749e+06 	 1.266583e-08 	 6.471159e+06 	
7.68735681e+06 	 9.761368e-09 	 6.450437e+06 	
7.72905105e+06 	 7.425442e-09 	 6.430218e+06 	
7.77097144e+06 	 5.573946e-09 	 6.410525e+06 	
7.81311919e+06 	 4.128190e-09 	 6.391400e+06 	
7.85549553e+06 	 3.016659e-09 	 6.372367e+06 	
7.89810172e+06 	 2.174638e-09 	 6.353779e+06 	
7.94093899e+06 	 1.546503e-09 	 6.335552e+06 	
7.98400859e+06 	 1.085021e-09 	 6.317680e+06 	
8.02731180e+06 	 7.511075e-10 	 6.299692e+06 	
8.07084987e+06 	 5.130615e-10 	 6.281879e+06 	
8.90502622e+06 	 1.000000e-20 	 5.974044e+06 	
9.82542026e+06 	 1.000000e-20 	 5.682295e+06 	
1.08409432e+07 	 1.000000e-20 	 5.405260e+06 	
1.19614272e+07 	 1.000000e-20 	 5.142131e+06 	
1.31977208e+07 	 1.000000e-20 	 4.892152e+06 	
1.45617935e+07 	 1.000000e-20 	 4.654620e+06 	
1.60668523e+07 	 1.000000e-20 	 4.428871e+06 	
1.77274690e+07 	 1.000000e-20 	 4.214288e+06 	
1.95597216e+07 	 1.000000e-20 	 4.010287e+06 	
2.15813497e+07 	 1.000000e-20 	 3.816321e+06 	
2.38119266e+07 	 1.000000e-20 	 3.631874e+06 	
2.62730486e+07 	 1.000000e-20 	 3.456459e+06 	
2.89885439e+07 	 1.000000e-20 	 3.289618e+06 	
3.19847039e+07 	 1.000000e-20 	 3.130918e+06 	
3.52905371e+07 	 1.000000e-20 	 2.979949e+06 	
3.89380503e+07 	 1.000000e-20 	 2.836324e+06 	
4.29625583e+07 	 1.000000e-20 	 2.699677e+06 	
4.74030262e+07 	 1.000000e-20 	 2.569662e+06 	
5.23024462e+07 	 1.000000e-20 	 2.445949e+06 	
5.77082540e+07 	 1.000000e-20 	 2.328229e+06 	
6.36727882e+07 	 1.000000e-20 	 2.216204e+06 	
7.02537970e+07 	 1.000000e-20 	 2.109596e+06 	
7.75149970e+07 	 1.000000e-20 	 2.008140e+06 	
8.55266907e+07 	 1.000000e-20 	 1.911582e+06 	
9.43664465e+07 	 1.000000e-20 	 1.819684e+06 	
1.04119850e+08 	 1.000000e-20 	 1.732218e+06 	
1.14881333e+08 	 1.000000e-20 	 1.648970e+06 	
1.26755088e+08 	 1.000000e-20 	 1.569733e+06 	
1.39856075e+08 	 1.000000e-20 	 1.494313e+06 	
1.54311136e+08 	 1.000000e-20 	 1.422524e+06 	
1.70260224e+08 	 1.000000e-20 	 1.354192e+06 	
1.87857758e+08 	 1.000000e-20 	 1.289148e+06 	
2.07274114e+08 	 1.000000e-20 	 1.227233e+06 	
2.28697281e+08 	 1.000000e-20 	 1.168296e+06 	
2.52334675e+08 	 1.000000e-20 	 1.112194e+06 	
2.78415152e+08 	 1.000000e-20 	 1.058789e+06 	
3.07191221e+08 	 1.000000e-20 	 1.007951e+06 	
3.38941490e+08 	 1.000000e-20 	 9.595565e+05 	
3.73973361e+08 	 1.000000e-20 	 9.134879e+05 	
4.12626010e+08 	 1.000000e-20 	 8.696328e+05 	
4.55273669e+08 	 1.000000e-20 	 8.278848e+05 	
5.02329250e+08 	 1.000000e-20 	 7.881423e+05 	
5.54248339e+08 	 1.000000e-20 	 7.503088e+05 	
6.11533614e+08 	 1.000000e-20 	 7.142925e+05 	
6.74739705e+08 	 1.000000e-20 	 6.800059e+05 	
7.44478569e+08 	 1.000000e-20 	 6.473658e+05 	
8.21425410e+08 	 1.000000e-20 	 6.162932e+05 	
9.06325223e+08 	 1.000000e-20 	 5.867125e+05 	
1.00000000e+09 	 1.000000e-20 	 5.585521e+05 	
