r (cm)        	 rho (g/cm3) 	 T (K)       		 Linf = 2.640760e+38
1.29998956e+06 	 8.734671e+04 	 1.118545e+09 	
1.30004741e+06 	 8.303838e+04 	 1.104170e+09 	
1.30020727e+06 	 7.203672e+04 	 1.064772e+09 	
1.30036713e+06 	 6.227060e+04 	 1.025864e+09 	
1.30052386e+06 	 5.378868e+04 	 9.882105e+08 	
1.30068059e+06 	 4.629085e+04 	 9.510610e+08 	
1.30083733e+06 	 3.968572e+04 	 9.144331e+08 	
1.30096554e+06 	 3.488640e+04 	 8.848701e+08 	
1.30109375e+06 	 3.058335e+04 	 8.556781e+08 	
1.30122197e+06 	 2.673521e+04 	 8.268676e+08 	
1.30135018e+06 	 2.330313e+04 	 7.984492e+08 	
1.30147840e+06 	 2.025059e+04 	 7.704337e+08 	
1.30160523e+06 	 1.757090e+04 	 7.431279e+08 	
1.30173206e+06 	 1.519825e+04 	 7.162385e+08 	
1.30185889e+06 	 1.310377e+04 	 6.897767e+08 	
1.30196413e+06 	 1.155773e+04 	 6.681523e+08 	
1.30206937e+06 	 1.017036e+04 	 6.468369e+08 	
1.30217461e+06 	 8.928211e+03 	 6.258372e+08 	
1.30227985e+06 	 7.818684e+03 	 6.051600e+08 	
1.30238509e+06 	 6.830001e+03 	 5.848122e+08 	
1.30249018e+06 	 5.952385e+03 	 5.648297e+08 	
1.30259527e+06 	 5.174122e+03 	 5.451892e+08 	
1.30270035e+06 	 4.485756e+03 	 5.258978e+08 	
1.30278724e+06 	 3.978255e+03 	 5.102163e+08 	
1.30287412e+06 	 3.521592e+03 	 4.947819e+08 	
1.30296101e+06 	 3.111455e+03 	 4.795985e+08 	
1.30304789e+06 	 2.743816e+03 	 4.646697e+08 	
1.30313478e+06 	 2.414922e+03 	 4.499994e+08 	
1.30322166e+06 	 2.121281e+03 	 4.355911e+08 	
1.30330933e+06 	 1.857426e+03 	 4.213222e+08 	
1.30339700e+06 	 1.623075e+03 	 4.073273e+08 	
1.30348467e+06 	 1.415378e+03 	 3.936099e+08 	
1.30355747e+06 	 1.261265e+03 	 3.824320e+08 	
1.30363027e+06 	 1.122321e+03 	 3.714496e+08 	
1.30370307e+06 	 9.972447e+02 	 3.606645e+08 	
1.30377587e+06 	 8.848283e+02 	 3.500784e+08 	
1.30384868e+06 	 7.839492e+02 	 3.396928e+08 	
1.30392148e+06 	 6.935670e+02 	 3.295092e+08 	
1.30399428e+06 	 6.127191e+02 	 3.195292e+08 	
1.30406975e+06 	 5.380228e+02 	 3.093993e+08 	
1.30414522e+06 	 4.717051e+02 	 2.994908e+08 	
1.30420782e+06 	 4.224519e+02 	 2.914406e+08 	
1.30427042e+06 	 3.779458e+02 	 2.835440e+08 	
1.30433302e+06 	 3.377779e+02 	 2.758015e+08 	
1.30439563e+06 	 3.015692e+02 	 2.682135e+08 	
1.30445823e+06 	 2.689689e+02 	 2.607804e+08 	
1.30452083e+06 	 2.396527e+02 	 2.535023e+08 	
1.30458343e+06 	 2.133215e+02 	 2.463795e+08 	
1.30464603e+06 	 1.896998e+02 	 2.394120e+08 	
1.30470863e+06 	 1.685339e+02 	 2.325998e+08 	
1.30477485e+06 	 1.485602e+02 	 2.255629e+08 	
1.30482987e+06 	 1.336740e+02 	 2.198477e+08 	
1.30488489e+06 	 1.201978e+02 	 2.142518e+08 	
1.30493991e+06 	 1.080089e+02 	 2.087750e+08 	
1.30499493e+06 	 9.699387e+01 	 2.034170e+08 	
1.30504996e+06 	 8.704829e+01 	 1.981773e+08 	
1.30510498e+06 	 7.807596e+01 	 1.930553e+08 	
1.30516000e+06 	 6.998839e+01 	 1.880506e+08 	
1.30521502e+06 	 6.270430e+01 	 1.831626e+08 	
1.30527004e+06 	 5.614914e+01 	 1.783905e+08 	
1.30532506e+06 	 5.025456e+01 	 1.737335e+08 	
1.30538008e+06 	 4.495804e+01 	 1.691909e+08 	
1.30543510e+06 	 4.020244e+01 	 1.647618e+08 	
1.30549012e+06 	 3.593557e+01 	 1.604452e+08 	
1.30554234e+06 	 3.229464e+01 	 1.564515e+08 	
1.30559456e+06 	 2.901395e+01 	 1.525574e+08 	
1.30564678e+06 	 2.605957e+01 	 1.487617e+08 	
1.30569900e+06 	 2.340052e+01 	 1.450636e+08 	
1.30575122e+06 	 2.100853e+01 	 1.414619e+08 	
1.30580344e+06 	 1.885787e+01 	 1.379556e+08 	
1.30585566e+06 	 1.692511e+01 	 1.345434e+08 	
1.30590788e+06 	 1.518895e+01 	 1.312242e+08 	
1.30596010e+06 	 1.363003e+01 	 1.279968e+08 	
1.30601232e+06 	 1.223081e+01 	 1.248597e+08 	
1.30606454e+06 	 1.097536e+01 	 1.218118e+08 	
1.30611676e+06 	 9.849285e+00 	 1.188516e+08 	
1.30616898e+06 	 8.839532e+00 	 1.159777e+08 	
1.30622120e+06 	 7.934318e+00 	 1.131887e+08 	
1.30627342e+06 	 7.122998e+00 	 1.104832e+08 	
1.30632564e+06 	 6.395965e+00 	 1.078596e+08 	
1.30638216e+06 	 5.694079e+00 	 1.051107e+08 	
1.30643868e+06 	 5.070940e+00 	 1.024541e+08 	
1.30649519e+06 	 4.517756e+00 	 9.988771e+07 	
1.30655171e+06 	 4.026691e+00 	 9.740959e+07 	
1.30660823e+06 	 3.590761e+00 	 9.501770e+07 	
1.30666474e+06 	 3.203750e+00 	 9.270997e+07 	
1.30672126e+06 	 2.860130e+00 	 9.048436e+07 	
1.30677778e+06 	 2.554987e+00 	 8.833878e+07 	
1.30683429e+06 	 2.283954e+00 	 8.627115e+07 	
1.30689081e+06 	 2.043157e+00 	 8.427940e+07 	
1.30694733e+06 	 1.829157e+00 	 8.236142e+07 	
1.30700384e+06 	 1.638903e+00 	 8.051515e+07 	
1.30706036e+06 	 1.469695e+00 	 7.873850e+07 	
1.30712858e+06 	 1.290091e+00 	 7.668378e+07 	
1.30719680e+06 	 1.133988e+00 	 7.472390e+07 	
1.30726502e+06 	 9.982016e-01 	 7.285528e+07 	
1.30733324e+06 	 8.799841e-01 	 7.107440e+07 	
1.30740146e+06 	 7.769654e-01 	 6.937777e+07 	
1.30746967e+06 	 6.871002e-01 	 6.776199e+07 	
1.30753789e+06 	 6.086246e-01 	 6.622369e+07 	
1.30760611e+06 	 5.400168e-01 	 6.475960e+07 	
1.30767433e+06 	 4.799642e-01 	 6.336648e+07 	
1.30775907e+06 	 4.155891e-01 	 6.173006e+07 	
1.30784382e+06 	 3.608351e-01 	 6.019250e+07 	
1.30792856e+06 	 3.141662e-01 	 5.874818e+07 	
1.30801331e+06 	 2.743014e-01 	 5.739169e+07 	
1.30809805e+06 	 2.401720e-01 	 5.611783e+07 	
1.30818279e+06 	 2.108851e-01 	 5.492162e+07 	
1.30828541e+06 	 1.808428e-01 	 5.357025e+07 	
1.30838803e+06 	 1.557224e-01 	 5.231783e+07 	
1.30849065e+06 	 1.346422e-01 	 5.115685e+07 	
1.30859327e+06 	 1.168882e-01 	 5.008029e+07 	
1.30871448e+06 	 9.941890e-02 	 4.890859e+07 	
1.30883569e+06 	 8.502256e-02 	 4.783558e+07 	
1.30895689e+06 	 7.309842e-02 	 4.685211e+07 	
1.30910419e+06 	 6.125896e-02 	 4.576550e+07 	
1.30925149e+06 	 5.171560e-02 	 4.478538e+07 	
1.30939878e+06 	 4.396768e-02 	 4.389977e+07 	
1.30956657e+06 	 3.684672e-02 	 4.299262e+07 	
1.30973435e+06 	 3.113600e-02 	 4.218059e+07 	
1.30992564e+06 	 2.594308e-02 	 4.135568e+07 	
1.31011692e+06 	 2.182316e-02 	 4.062376e+07 	
1.31033479e+06 	 1.811622e-02 	 3.988706e+07 	
1.31055266e+06 	 1.520022e-02 	 3.923840e+07 	
1.31080151e+06 	 1.258949e-02 	 3.858836e+07 	
1.31105036e+06 	 1.055015e-02 	 3.801979e+07 	
1.31133214e+06 	 8.748667e-03 	 3.745785e+07 	
1.31161392e+06 	 7.345302e-03 	 3.696824e+07 	
1.31196719e+06 	 5.992943e-03 	 3.643805e+07 	
1.31232046e+06 	 4.966454e-03 	 3.598355e+07 	
1.31267373e+06 	 4.173190e-03 	 3.559022e+07 	
1.31312920e+06 	 3.395115e-03 	 3.515556e+07 	
1.31358467e+06 	 2.811743e-03 	 3.478592e+07 	
1.31404014e+06 	 2.365087e-03 	 3.446782e+07 	
1.31464117e+06 	 1.921615e-03 	 3.411006e+07 	
1.31524221e+06 	 1.593213e-03 	 3.380744e+07 	
1.31584324e+06 	 1.344074e-03 	 3.354767e+07 	
1.31668566e+06 	 1.085698e-03 	 3.323903e+07 	
1.31752808e+06 	 8.987374e-04 	 3.297973e+07 	
1.31822009e+06 	 7.815365e-04 	 3.279506e+07 	
1.31940394e+06 	 6.323551e-04 	 3.252421e+07 	
1.32058778e+06 	 5.264956e-04 	 3.229629e+07 	
1.32177163e+06 	 4.487471e-04 	 3.210011e+07 	
1.32329048e+06 	 3.759703e-04 	 3.188292e+07 	
1.32480933e+06 	 3.232068e-04 	 3.169465e+07 	
1.32632818e+06 	 2.837309e-04 	 3.152802e+07 	
1.32847642e+06 	 2.428855e-04 	 3.131979e+07 	
1.33062465e+06 	 2.135868e-04 	 3.113534e+07 	
1.33277288e+06 	 1.918439e-04 	 3.096840e+07 	
1.33600655e+06 	 1.683239e-04 	 3.074109e+07 	
1.33792931e+06 	 1.578909e-04 	 3.061619e+07 	
1.34188353e+06 	 1.418258e-04 	 3.037670e+07 	
1.34511952e+06 	 1.323310e-04 	 3.019370e+07 	
1.35029303e+06 	 1.213618e-04 	 2.991805e+07 	
1.35444816e+06 	 1.149506e-04 	 2.970748e+07 	
1.36132763e+06 	 1.071151e-04 	 2.937337e+07 	
1.36645859e+06 	 1.026636e-04 	 2.913269e+07 	
1.37636859e+06 	 9.592687e-05 	 2.868221e+07 	
1.38090128e+06 	 9.334503e-05 	 2.848107e+07 	
1.39380661e+06 	 8.693952e-05 	 2.792153e+07 	
1.40219898e+06 	 8.324757e-05 	 2.756662e+07 	
1.40895328e+06 	 8.045581e-05 	 2.728559e+07 	
1.41570759e+06 	 7.779172e-05 	 2.700843e+07 	
1.41993600e+06 	 7.618045e-05 	 2.683682e+07 	
1.42400000e+06 	 7.466951e-05 	 2.667324e+07 	
1.43200000e+06 	 7.179307e-05 	 2.635501e+07 	
1.44000000e+06 	 6.903822e-05 	 2.604168e+07 	
1.44800000e+06 	 6.639501e-05 	 2.573310e+07 	
1.45600000e+06 	 6.385713e-05 	 2.542918e+07 	
1.46400000e+06 	 6.141933e-05 	 2.512981e+07 	
1.47200000e+06 	 5.907567e-05 	 2.483489e+07 	
1.48000000e+06 	 5.682197e-05 	 2.454432e+07 	
1.48800000e+06 	 5.465402e-05 	 2.425801e+07 	
1.49600000e+06 	 5.256839e-05 	 2.397588e+07 	
1.50400000e+06 	 5.056107e-05 	 2.369783e+07 	
1.51200000e+06 	 4.862861e-05 	 2.342379e+07 	
1.52000000e+06 	 4.676769e-05 	 2.315367e+07 	
1.52800000e+06 	 4.497549e-05 	 2.288740e+07 	
1.53600000e+06 	 4.324880e-05 	 2.262489e+07 	
1.54400000e+06 	 4.158480e-05 	 2.236608e+07 	
1.55200000e+06 	 3.998075e-05 	 2.211089e+07 	
1.56000000e+06 	 3.843426e-05 	 2.185925e+07 	
1.56800000e+06 	 3.694271e-05 	 2.161110e+07 	
1.57600000e+06 	 3.550379e-05 	 2.136636e+07 	
1.58400000e+06 	 3.411525e-05 	 2.112497e+07 	
1.60000000e+06 	 3.148075e-05 	 2.065199e+07 	
1.60050050e+06 	 3.140128e-05 	 2.063740e+07 	
1.60100100e+06 	 3.132197e-05 	 2.062282e+07 	
1.60150150e+06 	 3.124284e-05 	 2.060826e+07 	
1.60200200e+06 	 3.116388e-05 	 2.059371e+07 	
1.60250250e+06 	 3.108509e-05 	 2.057917e+07 	
1.60300300e+06 	 3.100647e-05 	 2.056464e+07 	
1.60350350e+06 	 3.092803e-05 	 2.055013e+07 	
1.60400400e+06 	 3.084975e-05 	 2.053563e+07 	
1.60450450e+06 	 3.077164e-05 	 2.052114e+07 	
1.60500501e+06 	 3.069370e-05 	 2.050666e+07 	
1.60550551e+06 	 3.061593e-05 	 2.049219e+07 	
1.60600601e+06 	 3.053833e-05 	 2.047774e+07 	
1.60650651e+06 	 3.046089e-05 	 2.046330e+07 	
1.60700701e+06 	 3.038362e-05 	 2.044887e+07 	
1.60750751e+06 	 3.030652e-05 	 2.043445e+07 	
1.60800801e+06 	 3.022958e-05 	 2.042005e+07 	
1.60850851e+06 	 3.015281e-05 	 2.040566e+07 	
1.60900901e+06 	 3.007620e-05 	 2.039128e+07 	
1.60950951e+06 	 2.999975e-05 	 2.037691e+07 	
1.61001001e+06 	 2.992348e-05 	 2.036255e+07 	
1.61051051e+06 	 2.984736e-05 	 2.034821e+07 	
1.61101101e+06 	 2.977141e-05 	 2.033388e+07 	
1.61151151e+06 	 2.969562e-05 	 2.031956e+07 	
1.61201201e+06 	 2.961999e-05 	 2.030525e+07 	
1.61251251e+06 	 2.954452e-05 	 2.029095e+07 	
1.61301301e+06 	 2.946922e-05 	 2.027667e+07 	
1.61351351e+06 	 2.939408e-05 	 2.026240e+07 	
1.61401401e+06 	 2.931910e-05 	 2.024814e+07 	
1.61451451e+06 	 2.924427e-05 	 2.023389e+07 	
1.61501502e+06 	 2.916961e-05 	 2.021966e+07 	
1.61551552e+06 	 2.909511e-05 	 2.020543e+07 	
1.61601602e+06 	 2.902077e-05 	 2.019122e+07 	
1.61651652e+06 	 2.894658e-05 	 2.017702e+07 	
1.61701702e+06 	 2.887255e-05 	 2.016283e+07 	
1.61751752e+06 	 2.879868e-05 	 2.014866e+07 	
1.61801802e+06 	 2.872497e-05 	 2.013449e+07 	
1.61851852e+06 	 2.865142e-05 	 2.012034e+07 	
1.61901902e+06 	 2.857802e-05 	 2.010620e+07 	
1.61951952e+06 	 2.850478e-05 	 2.009207e+07 	
1.62002002e+06 	 2.843169e-05 	 2.007796e+07 	
1.62052052e+06 	 2.835876e-05 	 2.006385e+07 	
1.62102102e+06 	 2.828598e-05 	 2.004976e+07 	
1.62152152e+06 	 2.821336e-05 	 2.003568e+07 	
1.62202202e+06 	 2.814089e-05 	 2.002161e+07 	
1.62252252e+06 	 2.806857e-05 	 2.000755e+07 	
1.62302302e+06 	 2.799641e-05 	 1.999351e+07 	
1.62352352e+06 	 2.792440e-05 	 1.997947e+07 	
1.62402402e+06 	 2.785254e-05 	 1.996545e+07 	
1.62452452e+06 	 2.778084e-05 	 1.995144e+07 	
1.62502503e+06 	 2.770928e-05 	 1.993744e+07 	
1.62552553e+06 	 2.763788e-05 	 1.992346e+07 	
1.62602603e+06 	 2.756663e-05 	 1.990948e+07 	
1.62652653e+06 	 2.749553e-05 	 1.989552e+07 	
1.62702703e+06 	 2.742457e-05 	 1.988157e+07 	
1.62752753e+06 	 2.735377e-05 	 1.986763e+07 	
1.62802803e+06 	 2.728311e-05 	 1.985370e+07 	
1.62852853e+06 	 2.721261e-05 	 1.983978e+07 	
1.62902903e+06 	 2.714225e-05 	 1.982588e+07 	
1.62952953e+06 	 2.707204e-05 	 1.981198e+07 	
1.63003003e+06 	 2.700197e-05 	 1.979810e+07 	
1.63053053e+06 	 2.693206e-05 	 1.978423e+07 	
1.63103103e+06 	 2.686229e-05 	 1.977037e+07 	
1.63153153e+06 	 2.679266e-05 	 1.975652e+07 	
1.63203203e+06 	 2.672318e-05 	 1.974269e+07 	
1.63253253e+06 	 2.665385e-05 	 1.972886e+07 	
1.63303303e+06 	 2.658466e-05 	 1.971505e+07 	
1.63353353e+06 	 2.651561e-05 	 1.970125e+07 	
1.63403403e+06 	 2.644671e-05 	 1.968746e+07 	
1.63453453e+06 	 2.637795e-05 	 1.967368e+07 	
1.63503504e+06 	 2.630934e-05 	 1.965991e+07 	
1.63553554e+06 	 2.624087e-05 	 1.964616e+07 	
1.63603604e+06 	 2.617254e-05 	 1.963241e+07 	
1.63653654e+06 	 2.610435e-05 	 1.961868e+07 	
1.63703704e+06 	 2.603630e-05 	 1.960496e+07 	
1.63753754e+06 	 2.596840e-05 	 1.959125e+07 	
1.63803804e+06 	 2.590063e-05 	 1.957755e+07 	
1.63853854e+06 	 2.583301e-05 	 1.956386e+07 	
1.63903904e+06 	 2.576552e-05 	 1.955019e+07 	
1.63953954e+06 	 2.569818e-05 	 1.953652e+07 	
1.64004004e+06 	 2.563097e-05 	 1.952287e+07 	
1.64054054e+06 	 2.556390e-05 	 1.950923e+07 	
1.64104104e+06 	 2.549697e-05 	 1.949560e+07 	
1.64154154e+06 	 2.543018e-05 	 1.948198e+07 	
1.64204204e+06 	 2.536353e-05 	 1.946837e+07 	
1.64254254e+06 	 2.529702e-05 	 1.945477e+07 	
1.64304304e+06 	 2.523064e-05 	 1.944119e+07 	
1.64354354e+06 	 2.516440e-05 	 1.942761e+07 	
1.64404404e+06 	 2.509829e-05 	 1.941405e+07 	
1.64454454e+06 	 2.503232e-05 	 1.940050e+07 	
1.64504505e+06 	 2.496649e-05 	 1.938696e+07 	
1.64554555e+06 	 2.490079e-05 	 1.937343e+07 	
1.64604605e+06 	 2.483522e-05 	 1.935991e+07 	
1.64654655e+06 	 2.476979e-05 	 1.934640e+07 	
1.64704705e+06 	 2.470450e-05 	 1.933291e+07 	
1.64754755e+06 	 2.463933e-05 	 1.931942e+07 	
1.64804805e+06 	 2.457430e-05 	 1.930595e+07 	
1.64854855e+06 	 2.450941e-05 	 1.929249e+07 	
1.64904905e+06 	 2.444464e-05 	 1.927903e+07 	
1.64954955e+06 	 2.438001e-05 	 1.926559e+07 	
1.65005005e+06 	 2.431551e-05 	 1.925216e+07 	
1.65055055e+06 	 2.425114e-05 	 1.923875e+07 	
1.65105105e+06 	 2.418691e-05 	 1.922534e+07 	
1.65155155e+06 	 2.412280e-05 	 1.921194e+07 	
1.65205205e+06 	 2.405882e-05 	 1.919856e+07 	
1.65255255e+06 	 2.399498e-05 	 1.918518e+07 	
1.65305305e+06 	 2.393126e-05 	 1.917182e+07 	
1.65355355e+06 	 2.386767e-05 	 1.915847e+07 	
1.65405405e+06 	 2.380421e-05 	 1.914513e+07 	
1.65455455e+06 	 2.374088e-05 	 1.913180e+07 	
1.65505506e+06 	 2.367768e-05 	 1.911848e+07 	
1.65555556e+06 	 2.361461e-05 	 1.910517e+07 	
1.65605606e+06 	 2.355166e-05 	 1.909187e+07 	
1.65655656e+06 	 2.348884e-05 	 1.907859e+07 	
1.65705706e+06 	 2.342614e-05 	 1.906531e+07 	
1.65755756e+06 	 2.336358e-05 	 1.905205e+07 	
1.65805806e+06 	 2.330113e-05 	 1.903879e+07 	
1.65855856e+06 	 2.323882e-05 	 1.902555e+07 	
1.65905906e+06 	 2.317662e-05 	 1.901232e+07 	
1.65955956e+06 	 2.311456e-05 	 1.899910e+07 	
1.66006006e+06 	 2.305262e-05 	 1.898589e+07 	
1.66056056e+06 	 2.299080e-05 	 1.897269e+07 	
1.66106106e+06 	 2.292910e-05 	 1.895950e+07 	
1.66156156e+06 	 2.286753e-05 	 1.894632e+07 	
1.66206206e+06 	 2.280608e-05 	 1.893316e+07 	
1.66256256e+06 	 2.274476e-05 	 1.892000e+07 	
1.66306306e+06 	 2.268355e-05 	 1.890686e+07 	
1.66356356e+06 	 2.262247e-05 	 1.889372e+07 	
1.66406406e+06 	 2.256151e-05 	 1.888060e+07 	
1.66456456e+06 	 2.250067e-05 	 1.886748e+07 	
1.66506507e+06 	 2.243996e-05 	 1.885438e+07 	
1.66556557e+06 	 2.237936e-05 	 1.884129e+07 	
1.66606607e+06 	 2.231888e-05 	 1.882821e+07 	
1.66656657e+06 	 2.225966e-05 	 1.881512e+07 	
1.66706707e+06 	 2.219945e-05 	 1.880206e+07 	
1.66756757e+06 	 2.213937e-05 	 1.878901e+07 	
1.66806807e+06 	 2.207941e-05 	 1.877597e+07 	
1.66856857e+06 	 2.201957e-05 	 1.876294e+07 	
1.66906907e+06 	 2.195984e-05 	 1.874993e+07 	
1.66956957e+06 	 2.190024e-05 	 1.873692e+07 	
1.67007007e+06 	 2.184075e-05 	 1.872392e+07 	
1.67057057e+06 	 2.178139e-05 	 1.871094e+07 	
1.67107107e+06 	 2.172214e-05 	 1.869796e+07 	
1.67157157e+06 	 2.166301e-05 	 1.868500e+07 	
1.67207207e+06 	 2.160399e-05 	 1.867204e+07 	
1.67257257e+06 	 2.154510e-05 	 1.865910e+07 	
1.67307307e+06 	 2.148632e-05 	 1.864617e+07 	
1.67357357e+06 	 2.142765e-05 	 1.863324e+07 	
1.67407407e+06 	 2.136911e-05 	 1.862033e+07 	
1.67457457e+06 	 2.131067e-05 	 1.860743e+07 	
1.67507508e+06 	 2.125236e-05 	 1.859454e+07 	
1.67557558e+06 	 2.119416e-05 	 1.858166e+07 	
1.67607608e+06 	 2.113607e-05 	 1.856879e+07 	
1.67657658e+06 	 2.107810e-05 	 1.855593e+07 	
1.67707708e+06 	 2.101919e-05 	 1.854310e+07 	
1.67757758e+06 	 2.096141e-05 	 1.853026e+07 	
1.67807808e+06 	 2.090375e-05 	 1.851744e+07 	
1.67857858e+06 	 2.084620e-05 	 1.850462e+07 	
1.67907908e+06 	 2.078877e-05 	 1.849181e+07 	
1.67957958e+06 	 2.073144e-05 	 1.847902e+07 	
1.68008008e+06 	 2.067423e-05 	 1.846623e+07 	
1.68058058e+06 	 2.061713e-05 	 1.845345e+07 	
1.68108108e+06 	 2.056014e-05 	 1.844069e+07 	
1.68158158e+06 	 2.050326e-05 	 1.842794e+07 	
1.68208208e+06 	 2.044649e-05 	 1.841519e+07 	
1.68258258e+06 	 2.038983e-05 	 1.840246e+07 	
1.68308308e+06 	 2.033328e-05 	 1.838973e+07 	
1.68358358e+06 	 2.027684e-05 	 1.837702e+07 	
1.68408408e+06 	 2.022051e-05 	 1.836432e+07 	
1.68458458e+06 	 2.016429e-05 	 1.835162e+07 	
1.68508509e+06 	 2.010818e-05 	 1.833894e+07 	
1.68558559e+06 	 2.005217e-05 	 1.832627e+07 	
1.68608609e+06 	 1.999627e-05 	 1.831361e+07 	
1.68658659e+06 	 1.994049e-05 	 1.830095e+07 	
1.68708709e+06 	 1.988480e-05 	 1.828831e+07 	
1.68758759e+06 	 1.982822e-05 	 1.827570e+07 	
1.68808809e+06 	 1.977272e-05 	 1.826308e+07 	
1.68858859e+06 	 1.971733e-05 	 1.825047e+07 	
1.68908909e+06 	 1.966204e-05 	 1.823787e+07 	
1.68958959e+06 	 1.960686e-05 	 1.822528e+07 	
1.69009009e+06 	 1.955178e-05 	 1.821270e+07 	
1.69059059e+06 	 1.949681e-05 	 1.820013e+07 	
1.69109109e+06 	 1.944194e-05 	 1.818758e+07 	
1.69159159e+06 	 1.938717e-05 	 1.817503e+07 	
1.69209209e+06 	 1.933251e-05 	 1.816249e+07 	
1.69259259e+06 	 1.927795e-05 	 1.814996e+07 	
1.69309309e+06 	 1.922349e-05 	 1.813744e+07 	
1.69359359e+06 	 1.916913e-05 	 1.812493e+07 	
1.69409409e+06 	 1.911488e-05 	 1.811243e+07 	
1.69459459e+06 	 1.906073e-05 	 1.809995e+07 	
1.69509510e+06 	 1.900668e-05 	 1.808747e+07 	
1.69559560e+06 	 1.895273e-05 	 1.807500e+07 	
1.69609610e+06 	 1.889888e-05 	 1.806254e+07 	
1.69659660e+06 	 1.884513e-05 	 1.805010e+07 	
1.69709710e+06 	 1.879149e-05 	 1.803766e+07 	
1.69759760e+06 	 1.873794e-05 	 1.802523e+07 	
1.69809810e+06 	 1.868544e-05 	 1.801279e+07 	
1.69859860e+06 	 1.863211e-05 	 1.800038e+07 	
1.69909910e+06 	 1.857889e-05 	 1.798799e+07 	
1.69959960e+06 	 1.852577e-05 	 1.797560e+07 	
1.70010010e+06 	 1.847275e-05 	 1.796322e+07 	
1.70060060e+06 	 1.841982e-05 	 1.795085e+07 	
1.70110110e+06 	 1.836700e-05 	 1.793849e+07 	
1.70160160e+06 	 1.831427e-05 	 1.792615e+07 	
1.70210210e+06 	 1.826164e-05 	 1.791381e+07 	
1.70260260e+06 	 1.820911e-05 	 1.790148e+07 	
1.70310310e+06 	 1.815667e-05 	 1.788916e+07 	
1.70360360e+06 	 1.810433e-05 	 1.787685e+07 	
1.70410410e+06 	 1.805209e-05 	 1.786456e+07 	
1.70460460e+06 	 1.799995e-05 	 1.785227e+07 	
1.70510511e+06 	 1.794790e-05 	 1.783999e+07 	
1.70560561e+06 	 1.789594e-05 	 1.782772e+07 	
1.70610611e+06 	 1.784409e-05 	 1.781546e+07 	
1.70660661e+06 	 1.779232e-05 	 1.780321e+07 	
1.70710711e+06 	 1.774065e-05 	 1.779097e+07 	
1.70760761e+06 	 1.768908e-05 	 1.777874e+07 	
1.70810811e+06 	 1.763760e-05 	 1.776652e+07 	
1.70860861e+06 	 1.758710e-05 	 1.775430e+07 	
1.70910911e+06 	 1.753583e-05 	 1.774210e+07 	
1.70960961e+06 	 1.748466e-05 	 1.772991e+07 	
1.71011011e+06 	 1.743358e-05 	 1.771772e+07 	
1.71061061e+06 	 1.738260e-05 	 1.770555e+07 	
1.71111111e+06 	 1.733171e-05 	 1.769339e+07 	
1.71161161e+06 	 1.728091e-05 	 1.768124e+07 	
1.71211211e+06 	 1.723020e-05 	 1.766910e+07 	
1.71261261e+06 	 1.717959e-05 	 1.765697e+07 	
1.71311311e+06 	 1.712907e-05 	 1.764485e+07 	
1.71361361e+06 	 1.707864e-05 	 1.763273e+07 	
1.71411411e+06 	 1.702830e-05 	 1.762063e+07 	
1.71461461e+06 	 1.697806e-05 	 1.760854e+07 	
1.71511512e+06 	 1.692790e-05 	 1.759646e+07 	
1.71561562e+06 	 1.687784e-05 	 1.758438e+07 	
1.71611612e+06 	 1.682787e-05 	 1.757232e+07 	
1.71661662e+06 	 1.677799e-05 	 1.756027e+07 	
1.71711712e+06 	 1.672819e-05 	 1.754822e+07 	
1.71761762e+06 	 1.667849e-05 	 1.753619e+07 	
1.71811812e+06 	 1.662888e-05 	 1.752416e+07 	
1.71861862e+06 	 1.657935e-05 	 1.751215e+07 	
1.71911912e+06 	 1.652992e-05 	 1.750014e+07 	
1.71961962e+06 	 1.647974e-05 	 1.748816e+07 	
1.72012012e+06 	 1.643045e-05 	 1.747618e+07 	
1.72062062e+06 	 1.638126e-05 	 1.746420e+07 	
1.72112112e+06 	 1.633215e-05 	 1.745224e+07 	
1.72162162e+06 	 1.628313e-05 	 1.744028e+07 	
1.72212212e+06 	 1.623420e-05 	 1.742833e+07 	
1.72262262e+06 	 1.618535e-05 	 1.741639e+07 	
1.72312312e+06 	 1.613659e-05 	 1.740447e+07 	
1.72362362e+06 	 1.608791e-05 	 1.739255e+07 	
1.72412412e+06 	 1.603932e-05 	 1.738064e+07 	
1.72462462e+06 	 1.599082e-05 	 1.736874e+07 	
1.72512513e+06 	 1.594240e-05 	 1.735685e+07 	
1.72562563e+06 	 1.589406e-05 	 1.734497e+07 	
1.72612613e+06 	 1.584581e-05 	 1.733310e+07 	
1.72662663e+06 	 1.579764e-05 	 1.732124e+07 	
1.72712713e+06 	 1.574956e-05 	 1.730939e+07 	
1.72762763e+06 	 1.570156e-05 	 1.729754e+07 	
1.72812813e+06 	 1.565365e-05 	 1.728571e+07 	
1.72862863e+06 	 1.560581e-05 	 1.727389e+07 	
1.72912913e+06 	 1.555806e-05 	 1.726207e+07 	
1.72962963e+06 	 1.551040e-05 	 1.725027e+07 	
1.73013013e+06 	 1.546281e-05 	 1.723848e+07 	
1.73063063e+06 	 1.541610e-05 	 1.722667e+07 	
1.73113113e+06 	 1.536870e-05 	 1.721489e+07 	
1.73163163e+06 	 1.532139e-05 	 1.720313e+07 	
1.73213213e+06 	 1.527415e-05 	 1.719137e+07 	
1.73263263e+06 	 1.522700e-05 	 1.717962e+07 	
1.73313313e+06 	 1.517993e-05 	 1.716788e+07 	
1.73363363e+06 	 1.513294e-05 	 1.715616e+07 	
1.73413413e+06 	 1.508603e-05 	 1.714444e+07 	
1.73463463e+06 	 1.503920e-05 	 1.713273e+07 	
1.73513514e+06 	 1.499245e-05 	 1.712102e+07 	
1.73563564e+06 	 1.494578e-05 	 1.710933e+07 	
1.73613614e+06 	 1.489919e-05 	 1.709765e+07 	
1.73663664e+06 	 1.485268e-05 	 1.708598e+07 	
1.73713714e+06 	 1.480625e-05 	 1.707431e+07 	
1.73763764e+06 	 1.475989e-05 	 1.706266e+07 	
1.73813814e+06 	 1.471362e-05 	 1.705102e+07 	
1.73863864e+06 	 1.466743e-05 	 1.703938e+07 	
1.73913914e+06 	 1.462131e-05 	 1.702776e+07 	
1.73963964e+06 	 1.457527e-05 	 1.701614e+07 	
1.74014014e+06 	 1.452931e-05 	 1.700453e+07 	
1.74064064e+06 	 1.448342e-05 	 1.699293e+07 	
1.74114114e+06 	 1.443689e-05 	 1.698136e+07 	
1.74164164e+06 	 1.439114e-05 	 1.696979e+07 	
1.74214214e+06 	 1.434546e-05 	 1.695822e+07 	
1.74264264e+06 	 1.429986e-05 	 1.694666e+07 	
1.74314314e+06 	 1.425434e-05 	 1.693511e+07 	
1.74364364e+06 	 1.420889e-05 	 1.692356e+07 	
1.74414414e+06 	 1.416352e-05 	 1.691203e+07 	
1.74464464e+06 	 1.411822e-05 	 1.690051e+07 	
1.74514515e+06 	 1.407300e-05 	 1.688900e+07 	
1.74564565e+06 	 1.402784e-05 	 1.687749e+07 	
1.74614615e+06 	 1.398277e-05 	 1.686600e+07 	
1.74664665e+06 	 1.393777e-05 	 1.685451e+07 	
1.74714715e+06 	 1.389284e-05 	 1.684303e+07 	
1.74764765e+06 	 1.384798e-05 	 1.683157e+07 	
1.74814815e+06 	 1.380320e-05 	 1.682011e+07 	
1.74864865e+06 	 1.375848e-05 	 1.680866e+07 	
1.74914915e+06 	 1.371384e-05 	 1.679722e+07 	
1.74964965e+06 	 1.366928e-05 	 1.678579e+07 	
1.75015015e+06 	 1.362478e-05 	 1.677437e+07 	
1.75065065e+06 	 1.358036e-05 	 1.676296e+07 	
1.75115115e+06 	 1.353601e-05 	 1.675155e+07 	
1.75165165e+06 	 1.349172e-05 	 1.674016e+07 	
1.75215215e+06 	 1.344819e-05 	 1.672876e+07 	
1.75265265e+06 	 1.340407e-05 	 1.671738e+07 	
1.75315315e+06 	 1.336002e-05 	 1.670602e+07 	
1.75365365e+06 	 1.331604e-05 	 1.669466e+07 	
1.75415415e+06 	 1.327213e-05 	 1.668331e+07 	
1.75465465e+06 	 1.322829e-05 	 1.667197e+07 	
1.75515516e+06 	 1.318452e-05 	 1.666064e+07 	
1.75565566e+06 	 1.314082e-05 	 1.664932e+07 	
1.75615616e+06 	 1.309718e-05 	 1.663801e+07 	
1.75665666e+06 	 1.305362e-05 	 1.662671e+07 	
1.75715716e+06 	 1.301012e-05 	 1.661541e+07 	
1.75765766e+06 	 1.296670e-05 	 1.660413e+07 	
1.75815816e+06 	 1.292334e-05 	 1.659286e+07 	
1.75865866e+06 	 1.288004e-05 	 1.658159e+07 	
1.75915916e+06 	 1.283682e-05 	 1.657033e+07 	
1.75965966e+06 	 1.279366e-05 	 1.655909e+07 	
1.76016016e+06 	 1.275057e-05 	 1.654785e+07 	
1.76066066e+06 	 1.270755e-05 	 1.653662e+07 	
1.76116116e+06 	 1.266459e-05 	 1.652540e+07 	
1.76166166e+06 	 1.262170e-05 	 1.651419e+07 	
1.76216216e+06 	 1.257887e-05 	 1.650298e+07 	
1.76266266e+06 	 1.253611e-05 	 1.649179e+07 	
1.76316316e+06 	 1.249405e-05 	 1.648059e+07 	
1.76366366e+06 	 1.245144e-05 	 1.646941e+07 	
1.76416416e+06 	 1.240890e-05 	 1.645825e+07 	
1.76466466e+06 	 1.236642e-05 	 1.644709e+07 	
1.76516517e+06 	 1.232400e-05 	 1.643594e+07 	
1.76566567e+06 	 1.228165e-05 	 1.642480e+07 	
1.76616617e+06 	 1.223936e-05 	 1.641367e+07 	
1.76666667e+06 	 1.219714e-05 	 1.640255e+07 	
1.76716717e+06 	 1.215498e-05 	 1.639144e+07 	
1.76766767e+06 	 1.211288e-05 	 1.638034e+07 	
1.76816817e+06 	 1.207085e-05 	 1.636924e+07 	
1.76866867e+06 	 1.202888e-05 	 1.635816e+07 	
1.76916917e+06 	 1.198697e-05 	 1.634708e+07 	
1.76966967e+06 	 1.194512e-05 	 1.633602e+07 	
1.77017017e+06 	 1.190334e-05 	 1.632496e+07 	
1.77067067e+06 	 1.186162e-05 	 1.631391e+07 	
1.77117117e+06 	 1.181996e-05 	 1.630287e+07 	
1.77167167e+06 	 1.177836e-05 	 1.629184e+07 	
1.77217217e+06 	 1.173682e-05 	 1.628082e+07 	
1.77267267e+06 	 1.169535e-05 	 1.626981e+07 	
1.77317317e+06 	 1.165393e-05 	 1.625880e+07 	
1.77367367e+06 	 1.161258e-05 	 1.624781e+07 	
1.77417417e+06 	 1.157187e-05 	 1.623681e+07 	
1.77467467e+06 	 1.153065e-05 	 1.622583e+07 	
1.77517518e+06 	 1.148950e-05 	 1.621486e+07 	
1.77567568e+06 	 1.144840e-05 	 1.620390e+07 	
1.77617618e+06 	 1.140736e-05 	 1.619295e+07 	
1.77667668e+06 	 1.136638e-05 	 1.618201e+07 	
1.77717718e+06 	 1.132546e-05 	 1.617108e+07 	
1.77767768e+06 	 1.128460e-05 	 1.616016e+07 	
1.77817818e+06 	 1.124379e-05 	 1.614924e+07 	
1.77867868e+06 	 1.120305e-05 	 1.613834e+07 	
1.77917918e+06 	 1.116236e-05 	 1.612744e+07 	
1.77967968e+06 	 1.112173e-05 	 1.611655e+07 	
1.78018018e+06 	 1.108116e-05 	 1.610568e+07 	
1.78068068e+06 	 1.104065e-05 	 1.609481e+07 	
1.78118118e+06 	 1.100019e-05 	 1.608395e+07 	
1.78168168e+06 	 1.095979e-05 	 1.607310e+07 	
1.78218218e+06 	 1.091945e-05 	 1.606225e+07 	
1.78268268e+06 	 1.087916e-05 	 1.605142e+07 	
1.78318318e+06 	 1.083893e-05 	 1.604060e+07 	
1.78368368e+06 	 1.079876e-05 	 1.602978e+07 	
1.78418418e+06 	 1.075864e-05 	 1.601897e+07 	
1.78468468e+06 	 1.071857e-05 	 1.600818e+07 	
1.78518519e+06 	 1.067911e-05 	 1.599737e+07 	
1.78568569e+06 	 1.063917e-05 	 1.598659e+07 	
1.78618619e+06 	 1.059928e-05 	 1.597582e+07 	
1.78668669e+06 	 1.055945e-05 	 1.596506e+07 	
1.78718719e+06 	 1.051968e-05 	 1.595430e+07 	
1.78768769e+06 	 1.047996e-05 	 1.594356e+07 	
1.78818819e+06 	 1.044029e-05 	 1.593282e+07 	
1.78868869e+06 	 1.040068e-05 	 1.592210e+07 	
1.78918919e+06 	 1.036112e-05 	 1.591138e+07 	
1.78968969e+06 	 1.032162e-05 	 1.590067e+07 	
1.79019019e+06 	 1.028216e-05 	 1.588997e+07 	
1.79069069e+06 	 1.024276e-05 	 1.587928e+07 	
1.79119119e+06 	 1.020342e-05 	 1.586860e+07 	
1.79169169e+06 	 1.016412e-05 	 1.585793e+07 	
1.79219219e+06 	 1.012488e-05 	 1.584727e+07 	
1.79269269e+06 	 1.008569e-05 	 1.583661e+07 	
1.79319319e+06 	 1.004655e-05 	 1.582597e+07 	
1.79369369e+06 	 1.000746e-05 	 1.581533e+07 	
1.79419419e+06 	 9.968426e-06 	 1.580470e+07 	
1.79469469e+06 	 9.929441e-06 	 1.579408e+07 	
1.79519520e+06 	 9.890507e-06 	 1.578347e+07 	
1.79569570e+06 	 9.851622e-06 	 1.577287e+07 	
1.79619620e+06 	 9.812293e-06 	 1.576230e+07 	
1.79669670e+06 	 9.773495e-06 	 1.575172e+07 	
1.79719720e+06 	 9.734747e-06 	 1.574114e+07 	
1.79769770e+06 	 9.696048e-06 	 1.573058e+07 	
1.79819820e+06 	 9.657398e-06 	 1.572003e+07 	
1.79869870e+06 	 9.618797e-06 	 1.570948e+07 	
1.79919920e+06 	 9.580244e-06 	 1.569894e+07 	
1.79969970e+06 	 9.541740e-06 	 1.568841e+07 	
1.80020020e+06 	 9.503283e-06 	 1.567790e+07 	
1.80070070e+06 	 9.464874e-06 	 1.566739e+07 	
1.80120120e+06 	 9.426512e-06 	 1.565688e+07 	
1.80170170e+06 	 9.388198e-06 	 1.564639e+07 	
1.80220220e+06 	 9.349931e-06 	 1.563591e+07 	
1.80270270e+06 	 9.311710e-06 	 1.562544e+07 	
1.80320320e+06 	 9.273536e-06 	 1.561497e+07 	
1.80370370e+06 	 9.235408e-06 	 1.560452e+07 	
1.80420420e+06 	 9.197326e-06 	 1.559407e+07 	
1.80470470e+06 	 9.159290e-06 	 1.558363e+07 	
1.80520521e+06 	 9.121300e-06 	 1.557320e+07 	
1.80570571e+06 	 9.083354e-06 	 1.556278e+07 	
1.80620621e+06 	 9.045454e-06 	 1.555237e+07 	
1.80670671e+06 	 9.007599e-06 	 1.554197e+07 	
1.80720721e+06 	 8.969337e-06 	 1.553160e+07 	
1.80770771e+06 	 8.931558e-06 	 1.552122e+07 	
1.80820821e+06 	 8.893823e-06 	 1.551084e+07 	
1.80870871e+06 	 8.856131e-06 	 1.550048e+07 	
1.80920921e+06 	 8.818483e-06 	 1.549012e+07 	
1.80970971e+06 	 8.780877e-06 	 1.547978e+07 	
1.81021021e+06 	 8.743315e-06 	 1.546944e+07 	
1.81071071e+06 	 8.705794e-06 	 1.545911e+07 	
1.81121121e+06 	 8.668316e-06 	 1.544880e+07 	
1.81171171e+06 	 8.630880e-06 	 1.543849e+07 	
1.81221221e+06 	 8.593486e-06 	 1.542819e+07 	
1.81271271e+06 	 8.556133e-06 	 1.541790e+07 	
1.81321321e+06 	 8.518821e-06 	 1.540761e+07 	
1.81371371e+06 	 8.481551e-06 	 1.539734e+07 	
1.81421421e+06 	 8.444321e-06 	 1.538708e+07 	
1.81471471e+06 	 8.407132e-06 	 1.537683e+07 	
1.81521522e+06 	 8.369982e-06 	 1.536658e+07 	
1.81571572e+06 	 8.332873e-06 	 1.535635e+07 	
1.81621622e+06 	 8.295804e-06 	 1.534612e+07 	
1.81671672e+06 	 8.258774e-06 	 1.533590e+07 	
1.81721722e+06 	 8.221783e-06 	 1.532570e+07 	
1.81771772e+06 	 8.184831e-06 	 1.531550e+07 	
1.81821822e+06 	 8.147919e-06 	 1.530531e+07 	
1.81871872e+06 	 8.110627e-06 	 1.529515e+07 	
1.81921922e+06 	 8.073780e-06 	 1.528498e+07 	
1.81971972e+06 	 8.036970e-06 	 1.527482e+07 	
1.82022022e+06 	 8.000198e-06 	 1.526467e+07 	
1.82072072e+06 	 7.963463e-06 	 1.525453e+07 	
1.82122122e+06 	 7.926765e-06 	 1.524440e+07 	
1.82172172e+06 	 7.890104e-06 	 1.523428e+07 	
1.82222222e+06 	 7.853479e-06 	 1.522417e+07 	
1.82272272e+06 	 7.816891e-06 	 1.521407e+07 	
1.82322322e+06 	 7.780338e-06 	 1.520397e+07 	
1.82372372e+06 	 7.743821e-06 	 1.519389e+07 	
1.82422422e+06 	 7.707340e-06 	 1.518381e+07 	
1.82472472e+06 	 7.670894e-06 	 1.517375e+07 	
1.82522523e+06 	 7.634482e-06 	 1.516370e+07 	
1.82572573e+06 	 7.598106e-06 	 1.515365e+07 	
1.82622623e+06 	 7.561764e-06 	 1.514362e+07 	
1.82672673e+06 	 7.525456e-06 	 1.513359e+07 	
1.82722723e+06 	 7.489182e-06 	 1.512357e+07 	
1.82772773e+06 	 7.452942e-06 	 1.511357e+07 	
1.82822823e+06 	 7.416736e-06 	 1.510357e+07 	
1.82872873e+06 	 7.380562e-06 	 1.509358e+07 	
1.82922923e+06 	 7.344422e-06 	 1.508361e+07 	
1.82972973e+06 	 7.308687e-06 	 1.507362e+07 	
1.83023023e+06 	 7.272621e-06 	 1.506366e+07 	
1.83073073e+06 	 7.236589e-06 	 1.505372e+07 	
1.83123123e+06 	 7.200589e-06 	 1.504378e+07 	
1.83173173e+06 	 7.164621e-06 	 1.503385e+07 	
1.83223223e+06 	 7.128684e-06 	 1.502393e+07 	
1.83273273e+06 	 7.092780e-06 	 1.501402e+07 	
1.83323323e+06 	 7.056906e-06 	 1.500412e+07 	
1.83373373e+06 	 7.021064e-06 	 1.499424e+07 	
1.83423423e+06 	 6.985253e-06 	 1.498436e+07 	
1.83473473e+06 	 6.949473e-06 	 1.497449e+07 	
1.83523524e+06 	 6.913723e-06 	 1.496463e+07 	
1.83573574e+06 	 6.878004e-06 	 1.495478e+07 	
1.83623624e+06 	 6.842315e-06 	 1.494495e+07 	
1.83673674e+06 	 6.806655e-06 	 1.493512e+07 	
1.83723724e+06 	 6.771025e-06 	 1.492530e+07 	
1.83773774e+06 	 6.735425e-06 	 1.491549e+07 	
1.83823824e+06 	 6.699854e-06 	 1.490570e+07 	
1.83873874e+06 	 6.664312e-06 	 1.489591e+07 	
1.83923924e+06 	 6.628799e-06 	 1.488613e+07 	
1.83973974e+06 	 6.593315e-06 	 1.487637e+07 	
1.84024024e+06 	 6.557859e-06 	 1.486661e+07 	
1.84074074e+06 	 6.522103e-06 	 1.485689e+07 	
1.84124124e+06 	 6.486694e-06 	 1.484715e+07 	
1.84174174e+06 	 6.451314e-06 	 1.483743e+07 	
1.84224224e+06 	 6.415961e-06 	 1.482772e+07 	
1.84274274e+06 	 6.380636e-06 	 1.481801e+07 	
1.84324324e+06 	 6.345337e-06 	 1.480832e+07 	
1.84374374e+06 	 6.310066e-06 	 1.479864e+07 	
1.84424424e+06 	 6.274821e-06 	 1.478897e+07 	
1.84474474e+06 	 6.239603e-06 	 1.477931e+07 	
1.84524525e+06 	 6.204412e-06 	 1.476967e+07 	
1.84574575e+06 	 6.169246e-06 	 1.476003e+07 	
1.84624625e+06 	 6.134107e-06 	 1.475040e+07 	
1.84674675e+06 	 6.098994e-06 	 1.474079e+07 	
1.84724725e+06 	 6.063907e-06 	 1.473118e+07 	
1.84774775e+06 	 6.028845e-06 	 1.472159e+07 	
1.84824825e+06 	 5.993809e-06 	 1.471201e+07 	
1.84874875e+06 	 5.958798e-06 	 1.470244e+07 	
1.84924925e+06 	 5.923813e-06 	 1.469288e+07 	
1.84974975e+06 	 5.888852e-06 	 1.468333e+07 	
1.85025025e+06 	 5.853917e-06 	 1.467379e+07 	
1.85075075e+06 	 5.819007e-06 	 1.466427e+07 	
1.85125125e+06 	 5.784121e-06 	 1.465475e+07 	
1.85175175e+06 	 5.749260e-06 	 1.464525e+07 	
1.85225225e+06 	 5.714130e-06 	 1.463578e+07 	
1.85275275e+06 	 5.679311e-06 	 1.462630e+07 	
1.85325325e+06 	 5.644516e-06 	 1.461683e+07 	
1.85375375e+06 	 5.609746e-06 	 1.460738e+07 	
1.85425425e+06 	 5.574999e-06 	 1.459793e+07 	
1.85475475e+06 	 5.540276e-06 	 1.458850e+07 	
1.85525526e+06 	 5.505578e-06 	 1.457908e+07 	
1.85575576e+06 	 5.470903e-06 	 1.456967e+07 	
1.85625626e+06 	 5.436252e-06 	 1.456028e+07 	
1.85675676e+06 	 5.401625e-06 	 1.455090e+07 	
1.85725726e+06 	 5.367022e-06 	 1.454152e+07 	
1.85775776e+06 	 5.332442e-06 	 1.453217e+07 	
1.85825826e+06 	 5.297886e-06 	 1.452282e+07 	
1.85875876e+06 	 5.263354e-06 	 1.451349e+07 	
1.85925926e+06 	 5.228846e-06 	 1.450416e+07 	
1.85975976e+06 	 5.194362e-06 	 1.449486e+07 	
1.86026026e+06 	 5.159901e-06 	 1.448556e+07 	
1.86076076e+06 	 5.125464e-06 	 1.447628e+07 	
1.86126126e+06 	 5.091051e-06 	 1.446700e+07 	
1.86176176e+06 	 5.056662e-06 	 1.445775e+07 	
1.86226226e+06 	 5.022297e-06 	 1.444850e+07 	
1.86276276e+06 	 4.987956e-06 	 1.443927e+07 	
1.86326326e+06 	 4.953387e-06 	 1.443007e+07 	
1.86376376e+06 	 4.919089e-06 	 1.442086e+07 	
1.86426426e+06 	 4.884814e-06 	 1.441167e+07 	
1.86476476e+06 	 4.850564e-06 	 1.440250e+07 	
1.86526527e+06 	 4.816339e-06 	 1.439333e+07 	
1.86576577e+06 	 4.782138e-06 	 1.438418e+07 	
1.86626627e+06 	 4.747961e-06 	 1.437504e+07 	
1.86676677e+06 	 4.713810e-06 	 1.436592e+07 	
1.86726727e+06 	 4.679684e-06 	 1.435681e+07 	
1.86776777e+06 	 4.645583e-06 	 1.434771e+07 	
1.86826827e+06 	 4.611508e-06 	 1.433863e+07 	
1.86876877e+06 	 4.577459e-06 	 1.432956e+07 	
1.86926927e+06 	 4.543435e-06 	 1.432051e+07 	
1.86976977e+06 	 4.509438e-06 	 1.431147e+07 	
1.87027027e+06 	 4.475468e-06 	 1.430245e+07 	
1.87077077e+06 	 4.441524e-06 	 1.429344e+07 	
1.87127127e+06 	 4.407608e-06 	 1.428444e+07 	
1.87177177e+06 	 4.373719e-06 	 1.427546e+07 	
1.87227227e+06 	 4.339858e-06 	 1.426650e+07 	
1.87277277e+06 	 4.306026e-06 	 1.425755e+07 	
1.87327327e+06 	 4.272222e-06 	 1.424862e+07 	
1.87377377e+06 	 4.238447e-06 	 1.423970e+07 	
1.87427427e+06 	 4.204913e-06 	 1.423077e+07 	
1.87477477e+06 	 4.171202e-06 	 1.422188e+07 	
1.87527528e+06 	 4.137522e-06 	 1.421301e+07 	
1.87577578e+06 	 4.103873e-06 	 1.420415e+07 	
1.87627628e+06 	 4.070255e-06 	 1.419531e+07 	
1.87677678e+06 	 4.036669e-06 	 1.418649e+07 	
1.87727728e+06 	 4.003116e-06 	 1.417768e+07 	
1.87777778e+06 	 3.969595e-06 	 1.416888e+07 	
1.87827828e+06 	 3.936109e-06 	 1.416011e+07 	
1.87877878e+06 	 3.902657e-06 	 1.415135e+07 	
1.87927928e+06 	 3.869240e-06 	 1.414260e+07 	
1.87977978e+06 	 3.835858e-06 	 1.413388e+07 	
1.88028028e+06 	 3.802513e-06 	 1.412517e+07 	
1.88078078e+06 	 3.769205e-06 	 1.411647e+07 	
1.88128128e+06 	 3.735934e-06 	 1.410780e+07 	
1.88178178e+06 	 3.702703e-06 	 1.409914e+07 	
1.88228228e+06 	 3.669510e-06 	 1.409050e+07 	
1.88278278e+06 	 3.636358e-06 	 1.408188e+07 	
1.88328328e+06 	 3.603247e-06 	 1.407327e+07 	
1.88378378e+06 	 3.570178e-06 	 1.406469e+07 	
1.88428428e+06 	 3.537151e-06 	 1.405612e+07 	
1.88478478e+06 	 3.504169e-06 	 1.404757e+07 	
1.88528529e+06 	 3.471404e-06 	 1.403902e+07 	
1.88578579e+06 	 3.438516e-06 	 1.403051e+07 	
1.88628629e+06 	 3.405675e-06 	 1.402201e+07 	
1.88678679e+06 	 3.372881e-06 	 1.401354e+07 	
1.88728729e+06 	 3.340137e-06 	 1.400508e+07 	
1.88778779e+06 	 3.307442e-06 	 1.399664e+07 	
1.88828829e+06 	 3.274799e-06 	 1.398823e+07 	
1.88878879e+06 	 3.242208e-06 	 1.397983e+07 	
1.88928929e+06 	 3.209671e-06 	 1.397145e+07 	
1.88978979e+06 	 3.177189e-06 	 1.396309e+07 	
1.89029029e+06 	 3.144764e-06 	 1.395476e+07 	
1.89079079e+06 	 3.112395e-06 	 1.394644e+07 	
1.89129129e+06 	 3.080086e-06 	 1.393815e+07 	
1.89179179e+06 	 3.047837e-06 	 1.392987e+07 	
1.89229229e+06 	 3.015650e-06 	 1.392162e+07 	
1.89279279e+06 	 2.983525e-06 	 1.391338e+07 	
1.89329329e+06 	 2.951466e-06 	 1.390517e+07 	
1.89379379e+06 	 2.919473e-06 	 1.389698e+07 	
1.89429429e+06 	 2.887548e-06 	 1.388882e+07 	
1.89479479e+06 	 2.855692e-06 	 1.388067e+07 	
1.89529530e+06 	 2.823907e-06 	 1.387255e+07 	
1.89579580e+06 	 2.792195e-06 	 1.386445e+07 	
1.89629630e+06 	 2.760557e-06 	 1.385637e+07 	
1.89679680e+06 	 2.729136e-06 	 1.384829e+07 	
1.89729730e+06 	 2.697655e-06 	 1.384026e+07 	
1.89779780e+06 	 2.666254e-06 	 1.383225e+07 	
1.89829830e+06 	 2.634935e-06 	 1.382427e+07 	
1.89879880e+06 	 2.603700e-06 	 1.381631e+07 	
1.89929930e+06 	 2.572550e-06 	 1.380837e+07 	
1.89979980e+06 	 2.541488e-06 	 1.380045e+07 	
1.90030030e+06 	 2.510516e-06 	 1.379256e+07 	
1.90080080e+06 	 2.479635e-06 	 1.378470e+07 	
1.90130130e+06 	 2.448848e-06 	 1.377686e+07 	
1.90180180e+06 	 2.418156e-06 	 1.376905e+07 	
1.90230230e+06 	 2.387563e-06 	 1.376126e+07 	
1.90280280e+06 	 2.357070e-06 	 1.375349e+07 	
1.90330330e+06 	 2.326680e-06 	 1.374576e+07 	
1.90380380e+06 	 2.296394e-06 	 1.373805e+07 	
1.90430430e+06 	 2.266216e-06 	 1.373036e+07 	
1.90480480e+06 	 2.236147e-06 	 1.372270e+07 	
1.90530531e+06 	 2.206189e-06 	 1.371507e+07 	
1.90580581e+06 	 2.176347e-06 	 1.370747e+07 	
1.90630631e+06 	 2.146620e-06 	 1.369989e+07 	
1.90680681e+06 	 2.117013e-06 	 1.369234e+07 	
1.90730731e+06 	 2.087528e-06 	 1.368482e+07 	
1.90780781e+06 	 2.058060e-06 	 1.367735e+07 	
1.90830831e+06 	 2.028824e-06 	 1.366988e+07 	
1.90880881e+06 	 1.999717e-06 	 1.366245e+07 	
1.90930931e+06 	 1.970743e-06 	 1.365504e+07 	
1.90980981e+06 	 1.941903e-06 	 1.364766e+07 	
1.91031031e+06 	 1.913200e-06 	 1.364032e+07 	
1.91081081e+06 	 1.884638e-06 	 1.363300e+07 	
1.91131131e+06 	 1.856218e-06 	 1.362571e+07 	
1.91181181e+06 	 1.827944e-06 	 1.361845e+07 	
1.91231231e+06 	 1.799818e-06 	 1.361123e+07 	
1.91281281e+06 	 1.771844e-06 	 1.360403e+07 	
1.91331331e+06 	 1.744024e-06 	 1.359686e+07 	
1.91381381e+06 	 1.716360e-06 	 1.358973e+07 	
1.91431431e+06 	 1.688857e-06 	 1.358263e+07 	
1.91481481e+06 	 1.661515e-06 	 1.357556e+07 	
1.91531532e+06 	 1.634340e-06 	 1.356852e+07 	
1.91581582e+06 	 1.607333e-06 	 1.356151e+07 	
1.91631632e+06 	 1.580497e-06 	 1.355454e+07 	
1.91681682e+06 	 1.553835e-06 	 1.354760e+07 	
1.91731732e+06 	 1.527351e-06 	 1.354069e+07 	
1.91781782e+06 	 1.501047e-06 	 1.353381e+07 	
1.91831832e+06 	 1.475000e-06 	 1.352695e+07 	
1.91881882e+06 	 1.449066e-06 	 1.352015e+07 	
1.91931932e+06 	 1.423320e-06 	 1.351337e+07 	
1.91981982e+06 	 1.397766e-06 	 1.350663e+07 	
1.92032032e+06 	 1.372407e-06 	 1.349993e+07 	
1.92082082e+06 	 1.347246e-06 	 1.349326e+07 	
1.92132132e+06 	 1.322284e-06 	 1.348663e+07 	
1.92182182e+06 	 1.297526e-06 	 1.348003e+07 	
1.92232232e+06 	 1.272975e-06 	 1.347347e+07 	
1.92282282e+06 	 1.248632e-06 	 1.346694e+07 	
1.92332332e+06 	 1.224501e-06 	 1.346045e+07 	
1.92382382e+06 	 1.200584e-06 	 1.345400e+07 	
1.92432432e+06 	 1.176885e-06 	 1.344758e+07 	
1.92482482e+06 	 1.153405e-06 	 1.344120e+07 	
1.92532533e+06 	 1.130149e-06 	 1.343485e+07 	
1.92582583e+06 	 1.107117e-06 	 1.342855e+07 	
1.92632633e+06 	 1.084314e-06 	 1.342228e+07 	
1.92682683e+06 	 1.061740e-06 	 1.341605e+07 	
1.92732733e+06 	 1.039400e-06 	 1.340986e+07 	
1.92782783e+06 	 1.017295e-06 	 1.340370e+07 	
1.92832833e+06 	 9.954281e-07 	 1.339759e+07 	
1.92882883e+06 	 9.737521e-07 	 1.339153e+07 	
1.92932933e+06 	 9.523670e-07 	 1.338549e+07 	
1.92982983e+06 	 9.312265e-07 	 1.337950e+07 	
1.93033033e+06 	 9.103328e-07 	 1.337354e+07 	
1.93083083e+06 	 8.896881e-07 	 1.336762e+07 	
1.93133133e+06 	 8.692942e-07 	 1.336174e+07 	
1.93183183e+06 	 8.491532e-07 	 1.335590e+07 	
1.93233233e+06 	 8.292670e-07 	 1.335010e+07 	
1.93283283e+06 	 8.096372e-07 	 1.334434e+07 	
1.93333333e+06 	 7.902657e-07 	 1.333862e+07 	
1.93383383e+06 	 7.711541e-07 	 1.333295e+07 	
1.93433433e+06 	 7.523038e-07 	 1.332731e+07 	
1.93483483e+06 	 7.337164e-07 	 1.332171e+07 	
1.93533534e+06 	 7.153931e-07 	 1.331616e+07 	
1.93583584e+06 	 6.973352e-07 	 1.331065e+07 	
1.93633634e+06 	 6.795440e-07 	 1.330517e+07 	
1.93683684e+06 	 6.620204e-07 	 1.329974e+07 	
1.93733734e+06 	 6.447654e-07 	 1.329435e+07 	
1.93783784e+06 	 6.277798e-07 	 1.328901e+07 	
1.93833834e+06 	 6.110644e-07 	 1.328370e+07 	
1.93883884e+06 	 5.945901e-07 	 1.327846e+07 	
1.93933934e+06 	 5.784167e-07 	 1.327324e+07 	
1.93983984e+06 	 5.625150e-07 	 1.326806e+07 	
1.94034034e+06 	 5.468853e-07 	 1.326292e+07 	
1.94084084e+06 	 5.315279e-07 	 1.325783e+07 	
1.94134134e+06 	 5.164427e-07 	 1.325277e+07 	
1.94184184e+06 	 5.016298e-07 	 1.324776e+07 	
1.94234234e+06 	 4.870889e-07 	 1.324280e+07 	
1.94284284e+06 	 4.728199e-07 	 1.323787e+07 	
1.94334334e+06 	 4.588222e-07 	 1.323299e+07 	
1.94384384e+06 	 4.450953e-07 	 1.322815e+07 	
1.94434434e+06 	 4.316386e-07 	 1.322335e+07 	
1.94484484e+06 	 4.184513e-07 	 1.321860e+07 	
1.94534535e+06 	 4.055325e-07 	 1.321389e+07 	
1.94584585e+06 	 3.928813e-07 	 1.320922e+07 	
1.94634635e+06 	 3.804964e-07 	 1.320459e+07 	
1.94684685e+06 	 3.683766e-07 	 1.320000e+07 	
1.94734735e+06 	 3.565205e-07 	 1.319546e+07 	
1.94784785e+06 	 3.449268e-07 	 1.319096e+07 	
1.94834835e+06 	 3.336105e-07 	 1.318648e+07 	
1.94884885e+06 	 3.225364e-07 	 1.318206e+07 	
1.94934935e+06 	 3.117194e-07 	 1.317769e+07 	
1.94984985e+06 	 3.011576e-07 	 1.317335e+07 	
1.95035035e+06 	 2.908489e-07 	 1.316906e+07 	
1.95085085e+06 	 2.807912e-07 	 1.316481e+07 	
1.95135135e+06 	 2.709821e-07 	 1.316060e+07 	
1.95185185e+06 	 2.614193e-07 	 1.315644e+07 	
1.95235235e+06 	 2.521004e-07 	 1.315231e+07 	
1.95285285e+06 	 2.430228e-07 	 1.314823e+07 	
1.95335335e+06 	 2.341838e-07 	 1.314418e+07 	
1.95385385e+06 	 2.255806e-07 	 1.314018e+07 	
1.95435435e+06 	 2.172105e-07 	 1.313622e+07 	
1.95485485e+06 	 2.090704e-07 	 1.313230e+07 	
1.95535536e+06 	 2.011574e-07 	 1.312842e+07 	
1.95585586e+06 	 1.934685e-07 	 1.312457e+07 	
1.95635636e+06 	 1.860003e-07 	 1.312077e+07 	
1.95685686e+06 	 1.787589e-07 	 1.311698e+07 	
1.95735736e+06 	 1.717227e-07 	 1.311326e+07 	
1.95785786e+06 	 1.648974e-07 	 1.310957e+07 	
1.95835836e+06 	 1.582796e-07 	 1.310593e+07 	
1.95885886e+06 	 1.518658e-07 	 1.310232e+07 	
1.95935936e+06 	 1.456525e-07 	 1.309875e+07 	
1.95985986e+06 	 1.396361e-07 	 1.309522e+07 	
1.96036036e+06 	 1.338130e-07 	 1.309172e+07 	
1.96086086e+06 	 1.281796e-07 	 1.308826e+07 	
1.96136136e+06 	 1.227321e-07 	 1.308484e+07 	
1.96186186e+06 	 1.174667e-07 	 1.308146e+07 	
1.96236236e+06 	 1.123799e-07 	 1.307811e+07 	
1.96286286e+06 	 1.074677e-07 	 1.307480e+07 	
1.96336336e+06 	 1.027265e-07 	 1.307152e+07 	
1.96386386e+06 	 9.814726e-08 	 1.306832e+07 	
1.96436436e+06 	 9.373637e-08 	 1.306511e+07 	
1.96486486e+06 	 8.948496e-08 	 1.306194e+07 	
1.96536537e+06 	 8.538922e-08 	 1.305881e+07 	
1.96586587e+06 	 8.144533e-08 	 1.305571e+07 	
1.96636637e+06 	 7.764951e-08 	 1.305264e+07 	
1.96686687e+06 	 7.399795e-08 	 1.304961e+07 	
1.96736737e+06 	 7.048688e-08 	 1.304660e+07 	
1.96786787e+06 	 6.711254e-08 	 1.304363e+07 	
1.96836837e+06 	 6.387120e-08 	 1.304070e+07 	
1.96886887e+06 	 6.075915e-08 	 1.303779e+07 	
1.96936937e+06 	 5.776970e-08 	 1.303496e+07 	
1.96986987e+06 	 5.490517e-08 	 1.303212e+07 	
1.97037037e+06 	 5.215897e-08 	 1.302931e+07 	
1.97087087e+06 	 4.952756e-08 	 1.302653e+07 	
1.97137137e+06 	 4.700739e-08 	 1.302378e+07 	
1.97187187e+06 	 4.459498e-08 	 1.302105e+07 	
1.97237237e+06 	 4.228689e-08 	 1.301836e+07 	
1.97287287e+06 	 4.007972e-08 	 1.301570e+07 	
1.97337337e+06 	 3.797015e-08 	 1.301306e+07 	
1.97387387e+06 	 3.595682e-08 	 1.301040e+07 	
1.97437437e+06 	 3.403270e-08 	 1.300781e+07 	
1.97487487e+06 	 3.219649e-08 	 1.300525e+07 	
1.97537538e+06 	 3.044507e-08 	 1.300271e+07 	
1.97587588e+06 	 2.877540e-08 	 1.300020e+07 	
1.97637638e+06 	 2.718449e-08 	 1.299772e+07 	
1.97687688e+06 	 2.566810e-08 	 1.299532e+07 	
1.97737738e+06 	 2.422589e-08 	 1.299290e+07 	
1.97787788e+06 	 2.285385e-08 	 1.299050e+07 	
1.97837838e+06 	 2.154923e-08 	 1.298812e+07 	
1.97887888e+06 	 2.030936e-08 	 1.298577e+07 	
1.97937938e+06 	 1.913166e-08 	 1.298345e+07 	
1.97987988e+06 	 1.801459e-08 	 1.298106e+07 	
1.98038038e+06 	 1.695377e-08 	 1.297877e+07 	
1.98088088e+06 	 1.594773e-08 	 1.297651e+07 	
1.98138138e+06 	 1.499413e-08 	 1.297427e+07 	
1.98188188e+06 	 1.409150e-08 	 1.297194e+07 	
1.98238238e+06 	 1.323619e-08 	 1.296973e+07 	
1.98288288e+06 	 1.242677e-08 	 1.296755e+07 	
1.98338338e+06 	 1.166117e-08 	 1.296538e+07 	
1.98388388e+06 	 1.093808e-08 	 1.296309e+07 	
1.98438438e+06 	 1.025435e-08 	 1.296093e+07 	
1.98488488e+06 	 9.608690e-09 	 1.295879e+07 	
1.98538539e+06 	 8.998737e-09 	 1.295685e+07 	
1.98588589e+06 	 8.423777e-09 	 1.295481e+07 	
1.98638639e+06 	 7.882093e-09 	 1.295263e+07 	
1.98688689e+06 	 7.371307e-09 	 1.295062e+07 	
1.98738739e+06 	 6.890567e-09 	 1.294846e+07 	
1.98788789e+06 	 6.437770e-09 	 1.294646e+07 	
1.98838839e+06 	 6.012070e-09 	 1.294429e+07 	
1.98888889e+06 	 5.611566e-09 	 1.294228e+07 	
1.98938939e+06 	 5.235495e-09 	 1.293999e+07 	
1.98988989e+06 	 4.882107e-09 	 1.293780e+07 	
1.99039039e+06 	 4.549892e-09 	 1.293618e+07 	
1.99089089e+06 	 4.238539e-09 	 1.293416e+07 	
1.99139139e+06 	 3.946471e-09 	 1.293227e+07 	
1.99189189e+06 	 3.672803e-09 	 1.293028e+07 	
1.99239239e+06 	 3.416461e-09 	 1.292825e+07 	
1.99289289e+06 	 3.176350e-09 	 1.292644e+07 	
1.99339339e+06 	 2.951753e-09 	 1.292446e+07 	
1.99389389e+06 	 2.741657e-09 	 1.292258e+07 	
1.99439439e+06 	 2.545317e-09 	 1.292057e+07 	
1.99489489e+06 	 2.361822e-09 	 1.291876e+07 	
1.99539540e+06 	 2.190548e-09 	 1.291672e+07 	
1.99589590e+06 	 2.030577e-09 	 1.291528e+07 	
1.99639640e+06 	 1.881391e-09 	 1.291372e+07 	
1.99689690e+06 	 1.742477e-09 	 1.291129e+07 	
1.99739740e+06 	 1.612954e-09 	 1.290932e+07 	
1.99789790e+06 	 1.492308e-09 	 1.290754e+07 	
1.99839840e+06 	 1.380052e-09 	 1.290536e+07 	
1.99889890e+06 	 1.275558e-09 	 1.290389e+07 	
1.99939940e+06 	 1.178440e-09 	 1.290197e+07 	
1.99989990e+06 	 1.088175e-09 	 1.290022e+07 	
2.00040040e+06 	 1.004348e-09 	 1.289830e+07 	
2.00090090e+06 	 9.265175e-10 	 1.289657e+07 	
2.00140140e+06 	 8.543131e-10 	 1.289468e+07 	
2.00190190e+06 	 7.873473e-10 	 1.289293e+07 	
2.00240240e+06 	 7.252887e-10 	 1.289096e+07 	
2.00290290e+06 	 6.677884e-10 	 1.288931e+07 	
2.00340340e+06 	 6.145618e-10 	 1.288723e+07 	
2.00390390e+06 	 5.652900e-10 	 1.288571e+07 	
2.00440440e+06 	 5.197257e-10 	 1.288391e+07 	
2.00490490e+06 	 4.776039e-10 	 1.288212e+07 	
2.00540541e+06 	 4.386860e-10 	 1.288027e+07 	
2.00590591e+06 	 4.027441e-10 	 1.287854e+07 	
2.00640641e+06 	 3.695708e-10 	 1.287672e+07 	
2.00690691e+06 	 3.389668e-10 	 1.287497e+07 	
2.00740741e+06 	 3.107499e-10 	 1.287308e+07 	
2.00790791e+06 	 2.847434e-10 	 1.287141e+07 	
2.00840841e+06 	 2.607901e-10 	 1.286962e+07 	
2.00890891e+06 	 2.387377e-10 	 1.286785e+07 	
2.00940941e+06 	 2.184464e-10 	 1.286606e+07 	
2.00990991e+06 	 1.997843e-10 	 1.286431e+07 	
2.01041041e+06 	 1.826302e-10 	 1.286250e+07 	
2.01091091e+06 	 1.668694e-10 	 1.286077e+07 	
2.01141141e+06 	 1.523968e-10 	 1.285899e+07 	
2.28313454e+06 	 1.000000e-20 	 1.200083e+07 	
2.59156495e+06 	 1.000000e-20 	 1.120881e+07 	
2.94166146e+06 	 1.000000e-20 	 1.047602e+07 	
3.33905278e+06 	 1.000000e-20 	 9.796679e+06 	
3.79012801e+06 	 1.000000e-20 	 9.165819e+06 	
4.30213933e+06 	 1.000000e-20 	 8.579145e+06 	
4.88331867e+06 	 1.000000e-20 	 8.032895e+06 	
5.54300996e+06 	 1.000000e-20 	 7.523750e+06 	
6.29181947e+06 	 1.000000e-20 	 7.048762e+06 	
7.14178623e+06 	 1.000000e-20 	 6.605295e+06 	
8.10657566e+06 	 1.000000e-20 	 6.190979e+06 	
9.20169923e+06 	 1.000000e-20 	 5.803671e+06 	
1.04447639e+07 	 1.000000e-20 	 5.441429e+06 	
1.18557551e+07 	 1.000000e-20 	 5.102479e+06 	
1.34573583e+07 	 1.000000e-20 	 4.785204e+06 	
1.52753232e+07 	 1.000000e-20 	 4.488117e+06 	
1.73388785e+07 	 1.000000e-20 	 4.209852e+06 	
1.96812010e+07 	 1.000000e-20 	 3.949151e+06 	
2.23399496e+07 	 1.000000e-20 	 3.704849e+06 	
2.53578707e+07 	 1.000000e-20 	 3.475871e+06 	
2.87834851e+07 	 1.000000e-20 	 3.261218e+06 	
3.26718684e+07 	 1.000000e-20 	 3.059964e+06 	
3.70855363e+07 	 1.000000e-20 	 2.871247e+06 	
4.20954501e+07 	 1.000000e-20 	 2.694267e+06 	
4.77821571e+07 	 1.000000e-20 	 2.528275e+06 	
5.42370857e+07 	 1.000000e-20 	 2.372575e+06 	
6.15640155e+07 	 1.000000e-20 	 2.226519e+06 	
6.98807460e+07 	 1.000000e-20 	 2.089499e+06 	
7.93209901e+07 	 1.000000e-20 	 1.960949e+06 	
9.00365240e+07 	 1.000000e-20 	 1.840338e+06 	
1.02199628e+08 	 1.000000e-20 	 1.727171e+06 	
1.16005855e+08 	 1.000000e-20 	 1.620983e+06 	
1.31677175e+08 	 1.000000e-20 	 1.521342e+06 	
1.49465547e+08 	 1.000000e-20 	 1.427839e+06 	
1.69656963e+08 	 1.000000e-20 	 1.340095e+06 	
1.92576053e+08 	 1.000000e-20 	 1.257753e+06 	
2.18591301e+08 	 1.000000e-20 	 1.180479e+06 	
2.48120970e+08 	 1.000000e-20 	 1.107959e+06 	
2.81639823e+08 	 1.000000e-20 	 1.039899e+06 	
3.19686765e+08 	 1.000000e-20 	 9.760251e+05 	
3.62873497e+08 	 1.000000e-20 	 9.160780e+05 	
4.11894359e+08 	 1.000000e-20 	 8.598160e+05 	
4.67537487e+08 	 1.000000e-20 	 8.070119e+05 	
5.30697488e+08 	 1.000000e-20 	 7.574529e+05 	
6.02389822e+08 	 1.000000e-20 	 7.109391e+05 	
6.83767129e+08 	 1.000000e-20 	 6.672830e+05 	
7.76137760e+08 	 1.000000e-20 	 6.263089e+05 	
8.80986810e+08 	 1.000000e-20 	 5.878518e+05 	
1.00000000e+09 	 1.000000e-20 	 5.517569e+05 	
