r (cm)        	 rho (g/cm3) 	 T (K)       		 Linf = 2.748523e+38
1.29995633e+06 	 8.458924e+04 	 1.128459e+09 	
1.30005201e+06 	 7.795515e+04 	 1.105280e+09 	
1.30022461e+06 	 6.708103e+04 	 1.063902e+09 	
1.30039721e+06 	 5.750279e+04 	 1.023107e+09 	
1.30053833e+06 	 5.054772e+04 	 9.901995e+08 	
1.30067944e+06 	 4.431224e+04 	 9.577073e+08 	
1.30082056e+06 	 3.873641e+04 	 9.256417e+08 	
1.30096168e+06 	 3.376384e+04 	 8.940150e+08 	
1.30110280e+06 	 2.934158e+04 	 8.628400e+08 	
1.30123892e+06 	 2.555099e+04 	 8.332096e+08 	
1.30137503e+06 	 2.218463e+04 	 8.040233e+08 	
1.30151115e+06 	 1.920356e+04 	 7.752933e+08 	
1.30164727e+06 	 1.657151e+04 	 7.470317e+08 	
1.30176042e+06 	 1.462485e+04 	 7.239041e+08 	
1.30187357e+06 	 1.287788e+04 	 7.011163e+08 	
1.30198672e+06 	 1.131361e+04 	 6.786756e+08 	
1.30209988e+06 	 9.916141e+03 	 6.565895e+08 	
1.30221303e+06 	 8.670618e+03 	 6.348656e+08 	
1.30232617e+06 	 7.563296e+03 	 6.135134e+08 	
1.30243931e+06 	 6.581158e+03 	 5.925383e+08 	
1.30255245e+06 	 5.712248e+03 	 5.719478e+08 	
1.30264628e+06 	 5.069608e+03 	 5.551693e+08 	
1.30274010e+06 	 4.491335e+03 	 5.386646e+08 	
1.30283393e+06 	 3.971940e+03 	 5.224379e+08 	
1.30292775e+06 	 3.506301e+03 	 5.064932e+08 	
1.30302158e+06 	 3.089650e+03 	 4.908347e+08 	
1.30311541e+06 	 2.717551e+03 	 4.754662e+08 	
1.30321207e+06 	 2.376460e+03 	 4.599407e+08 	
1.30330873e+06 	 2.074131e+03 	 4.447313e+08 	
1.30338807e+06 	 1.852231e+03 	 4.324857e+08 	
1.30346741e+06 	 1.651895e+03 	 4.204576e+08 	
1.30354675e+06 	 1.471291e+03 	 4.086492e+08 	
1.30362610e+06 	 1.308716e+03 	 3.970622e+08 	
1.30370544e+06 	 1.162586e+03 	 3.856984e+08 	
1.30378478e+06 	 1.031435e+03 	 3.745596e+08 	
1.30386412e+06 	 9.139024e+02 	 3.636472e+08 	
1.30394347e+06 	 8.087323e+02 	 3.529626e+08 	
1.30402586e+06 	 7.113636e+02 	 3.421099e+08 	
1.30410825e+06 	 6.248828e+02 	 3.315056e+08 	
1.30417650e+06 	 5.607057e+02 	 3.229100e+08 	
1.30424475e+06 	 5.026752e+02 	 3.144860e+08 	
1.30431300e+06 	 4.502604e+02 	 3.062341e+08 	
1.30438125e+06 	 4.029696e+02 	 2.981545e+08 	
1.30444950e+06 	 3.603481e+02 	 2.902474e+08 	
1.30451776e+06 	 3.219761e+02 	 2.825130e+08 	
1.30458601e+06 	 2.874666e+02 	 2.749512e+08 	
1.30465426e+06 	 2.564633e+02 	 2.675619e+08 	
1.30472251e+06 	 2.286389e+02 	 2.603449e+08 	
1.30479076e+06 	 2.036926e+02 	 2.532997e+08 	
1.30485120e+06 	 1.837823e+02 	 2.472039e+08 	
1.30491164e+06 	 1.657370e+02 	 2.412420e+08 	
1.30497209e+06 	 1.493941e+02 	 2.354136e+08 	
1.30503253e+06 	 1.346038e+02 	 2.297182e+08 	
1.30509297e+06 	 1.212284e+02 	 2.241550e+08 	
1.30515341e+06 	 1.091406e+02 	 2.187233e+08 	
1.30521385e+06 	 9.822401e+01 	 2.134224e+08 	
1.30527429e+06 	 8.837142e+01 	 2.082513e+08 	
1.30533473e+06 	 7.948469e+01 	 2.032090e+08 	
1.30539517e+06 	 7.147393e+01 	 1.982946e+08 	
1.30545561e+06 	 6.425691e+01 	 1.935068e+08 	
1.30551606e+06 	 5.775851e+01 	 1.888446e+08 	
1.30557650e+06 	 5.191018e+01 	 1.843065e+08 	
1.30563694e+06 	 4.664942e+01 	 1.798913e+08 	
1.30569738e+06 	 4.191932e+01 	 1.755976e+08 	
1.30575782e+06 	 3.766813e+01 	 1.714238e+08 	
1.30581826e+06 	 3.384882e+01 	 1.673684e+08 	
1.30587870e+06 	 3.041871e+01 	 1.634298e+08 	
1.30594000e+06 	 2.729780e+01 	 1.595529e+08 	
1.30600130e+06 	 2.450085e+01 	 1.557926e+08 	
1.30606259e+06 	 2.199482e+01 	 1.521470e+08 	
1.30612389e+06 	 1.974990e+01 	 1.486141e+08 	
1.30618519e+06 	 1.773921e+01 	 1.451919e+08 	
1.30624649e+06 	 1.593851e+01 	 1.418785e+08 	
1.30630778e+06 	 1.432599e+01 	 1.386716e+08 	
1.30636908e+06 	 1.288203e+01 	 1.355692e+08 	
1.30643038e+06 	 1.158899e+01 	 1.325692e+08 	
1.30649168e+06 	 1.043104e+01 	 1.296693e+08 	
1.30655297e+06 	 9.393947e+00 	 1.268672e+08 	
1.30661427e+06 	 8.464972e+00 	 1.241608e+08 	
1.30667557e+06 	 7.632687e+00 	 1.215478e+08 	
1.30673686e+06 	 6.886855e+00 	 1.190258e+08 	
1.30679816e+06 	 6.218313e+00 	 1.165926e+08 	
1.30685946e+06 	 5.618863e+00 	 1.142458e+08 	
1.30692076e+06 	 5.081173e+00 	 1.119832e+08 	
1.30699562e+06 	 4.498783e+00 	 1.093306e+08 	
1.30707048e+06 	 3.988229e+00 	 1.067958e+08 	
1.30714534e+06 	 3.540324e+00 	 1.043746e+08 	
1.30722020e+06 	 3.147068e+00 	 1.020629e+08 	
1.30729506e+06 	 2.801494e+00 	 9.985656e+07 	
1.30736992e+06 	 2.497539e+00 	 9.775146e+07 	
1.30744479e+06 	 2.229928e+00 	 9.574363e+07 	
1.30751965e+06 	 1.994069e+00 	 9.382910e+07 	
1.30759451e+06 	 1.785967e+00 	 9.200402e+07 	
1.30766937e+06 	 1.602146e+00 	 9.026459e+07 	
1.30774423e+06 	 1.439579e+00 	 8.860711e+07 	
1.30781909e+06 	 1.295632e+00 	 8.702798e+07 	
1.30789395e+06 	 1.168009e+00 	 8.552367e+07 	
1.30796882e+06 	 1.054712e+00 	 8.409078e+07 	
1.30806031e+06 	 9.331717e-01 	 8.243170e+07 	
1.30815180e+06 	 8.277047e-01 	 8.086855e+07 	
1.30824330e+06 	 7.359943e-01 	 7.939577e+07 	
1.30833479e+06 	 6.560768e-01 	 7.800804e+07 	
1.30842629e+06 	 5.862858e-01 	 7.670028e+07 	
1.30851778e+06 	 5.252058e-01 	 7.546768e+07 	
1.30863201e+06 	 4.593627e-01 	 7.402734e+07 	
1.30874624e+06 	 4.032726e-01 	 7.268864e+07 	
1.30886047e+06 	 3.553272e-01 	 7.144376e+07 	
1.30897470e+06 	 3.142038e-01 	 7.028545e+07 	
1.30908893e+06 	 2.788119e-01 	 6.920696e+07 	
1.30920316e+06 	 2.482503e-01 	 6.820208e+07 	
1.30933925e+06 	 2.171153e-01 	 6.709295e+07 	
1.30947535e+06 	 1.907495e-01 	 6.607125e+07 	
1.30961144e+06 	 1.683207e-01 	 6.512890e+07 	
1.30974754e+06 	 1.491563e-01 	 6.425860e+07 	
1.30988364e+06 	 1.327101e-01 	 6.345375e+07 	
1.31007357e+06 	 1.134749e-01 	 6.242873e+07 	
1.31026351e+06 	 9.772293e-02 	 6.150533e+07 	
1.31045345e+06 	 8.472542e-02 	 6.067114e+07 	
1.31064339e+06 	 7.392291e-02 	 5.991541e+07 	
1.31090587e+06 	 6.182203e-02 	 5.898319e+07 	
1.31116834e+06 	 5.224445e-02 	 5.816248e+07 	
1.31143082e+06 	 4.457584e-02 	 5.743621e+07 	
1.31169330e+06 	 3.836927e-02 	 5.679030e+07 	
1.31203273e+06 	 3.198536e-02 	 5.605545e+07 	
1.31237216e+06 	 2.699046e-02 	 5.541523e+07 	
1.31271159e+06 	 2.302706e-02 	 5.485343e+07 	
1.31315867e+06 	 1.896278e-02 	 5.421165e+07 	
1.31360575e+06 	 1.585413e-02 	 5.366063e+07 	
1.31405284e+06 	 1.343361e-02 	 5.318283e+07 	
1.31465317e+06 	 1.095446e-02 	 5.263323e+07 	
1.31525350e+06 	 9.098776e-03 	 5.216710e+07 	
1.31585382e+06 	 7.678829e-03 	 5.176655e+07 	
1.31667260e+06 	 6.228388e-03 	 5.130254e+07 	
1.31749139e+06 	 5.162919e-03 	 5.091189e+07 	
1.31831017e+06 	 4.359418e-03 	 5.057755e+07 	
1.31950698e+06 	 3.500640e-03 	 5.016553e+07 	
1.32070379e+06 	 2.889517e-03 	 4.982172e+07 	
1.32190061e+06 	 2.439910e-03 	 4.952851e+07 	
1.32309742e+06 	 2.099829e-03 	 4.927385e+07 	
1.32479958e+06 	 1.742888e-03 	 4.896180e+07 	
1.32650174e+06 	 1.485095e-03 	 4.869390e+07 	
1.32847941e+06 	 1.266372e-03 	 4.842345e+07 	
1.33045709e+06 	 1.105296e-03 	 4.818574e+07 	
1.33243476e+06 	 9.831988e-04 	 4.797280e+07 	
1.33546609e+06 	 8.463175e-04 	 4.768221e+07 	
1.33797874e+06 	 7.637369e-04 	 4.746591e+07 	
1.34191942e+06 	 6.700693e-04 	 4.715893e+07 	
1.34498101e+06 	 6.173709e-04 	 4.694057e+07 	
1.35077557e+06 	 5.471623e-04 	 4.656095e+07 	
1.35657012e+06 	 5.005880e-04 	 4.621193e+07 	
1.36236467e+06 	 4.678429e-04 	 4.588358e+07 	
1.36815922e+06 	 4.436369e-04 	 4.556992e+07 	
1.37821805e+06 	 4.135410e-04 	 4.504975e+07 	
1.38209725e+06 	 4.044785e-04 	 4.485534e+07 	
1.39471702e+06 	 3.805859e-04 	 4.424053e+07 	
1.40265979e+06 	 3.683019e-04 	 4.386479e+07 	
1.42067683e+06 	 3.445661e-04 	 4.303799e+07 	
1.43267012e+06 	 3.306649e-04 	 4.250467e+07 	
1.44466341e+06 	 3.177412e-04 	 4.198367e+07 	
1.45119247e+06 	 3.110356e-04 	 4.170496e+07 	
1.45500000e+06 	 3.072234e-04 	 4.154399e+07 	
1.47000000e+06 	 2.928051e-04 	 4.092062e+07 	
1.48500000e+06 	 2.792754e-04 	 4.031391e+07 	
1.50000000e+06 	 2.665355e-04 	 3.972314e+07 	
1.51500000e+06 	 2.545237e-04 	 3.914770e+07 	
1.53000000e+06 	 2.431856e-04 	 3.858699e+07 	
1.54500000e+06 	 2.324717e-04 	 3.804046e+07 	
1.56000000e+06 	 2.223407e-04 	 3.750759e+07 	
1.57500000e+06 	 2.127548e-04 	 3.698789e+07 	
1.59000000e+06 	 2.036783e-04 	 3.648088e+07 	
1.60500000e+06 	 1.950794e-04 	 3.598611e+07 	
1.62000000e+06 	 1.869282e-04 	 3.550317e+07 	
1.63500000e+06 	 1.791964e-04 	 3.503163e+07 	
1.65000000e+06 	 1.718590e-04 	 3.457112e+07 	
1.66500000e+06 	 1.648916e-04 	 3.412125e+07 	
1.68000000e+06 	 1.582714e-04 	 3.368167e+07 	
1.69500000e+06 	 1.519788e-04 	 3.325205e+07 	
1.71000000e+06 	 1.459936e-04 	 3.283204e+07 	
1.72500000e+06 	 1.402984e-04 	 3.242135e+07 	
1.74000000e+06 	 1.348765e-04 	 3.201968e+07 	
1.75500000e+06 	 1.297120e-04 	 3.162673e+07 	
1.77000000e+06 	 1.247904e-04 	 3.124224e+07 	
1.78500000e+06 	 1.200978e-04 	 3.086593e+07 	
1.80000000e+06 	 1.156221e-04 	 3.049757e+07 	
1.81500000e+06 	 1.113510e-04 	 3.013689e+07 	
1.83000000e+06 	 1.072734e-04 	 2.978369e+07 	
1.84500000e+06 	 1.033787e-04 	 2.943772e+07 	
1.86000000e+06 	 9.965701e-05 	 2.909877e+07 	
1.87500000e+06 	 9.609945e-05 	 2.876664e+07 	
1.89000000e+06 	 9.269737e-05 	 2.844114e+07 	
1.90500000e+06 	 8.944245e-05 	 2.812206e+07 	
1.92000000e+06 	 8.632733e-05 	 2.780923e+07 	
1.93500000e+06 	 8.334479e-05 	 2.750246e+07 	
1.95000000e+06 	 8.048811e-05 	 2.720159e+07 	
1.96500000e+06 	 7.775092e-05 	 2.690646e+07 	
1.98000000e+06 	 7.512700e-05 	 2.661690e+07 	
1.99500000e+06 	 7.261109e-05 	 2.633277e+07 	
2.01000000e+06 	 7.019797e-05 	 2.605391e+07 	
2.02500000e+06 	 6.788223e-05 	 2.578018e+07 	
2.04000000e+06 	 6.565962e-05 	 2.551146e+07 	
2.05500000e+06 	 6.352532e-05 	 2.524760e+07 	
2.07000000e+06 	 6.147516e-05 	 2.498847e+07 	
2.08500000e+06 	 5.950536e-05 	 2.473396e+07 	
2.10000000e+06 	 5.761212e-05 	 2.448395e+07 	
2.11500000e+06 	 5.579171e-05 	 2.423832e+07 	
2.13000000e+06 	 5.404097e-05 	 2.399695e+07 	
2.14500000e+06 	 5.235678e-05 	 2.375975e+07 	
2.16000000e+06 	 5.073598e-05 	 2.352661e+07 	
2.17500000e+06 	 4.917566e-05 	 2.329743e+07 	
2.19000000e+06 	 4.767312e-05 	 2.307211e+07 	
2.20500000e+06 	 4.622597e-05 	 2.285055e+07 	
2.22000000e+06 	 4.483170e-05 	 2.263267e+07 	
2.23500000e+06 	 4.348793e-05 	 2.241837e+07 	
2.25000000e+06 	 4.219254e-05 	 2.220758e+07 	
2.26500000e+06 	 4.094348e-05 	 2.200021e+07 	
2.28000000e+06 	 3.973872e-05 	 2.179617e+07 	
2.29500000e+06 	 3.857628e-05 	 2.159540e+07 	
2.31000000e+06 	 3.745460e-05 	 2.139781e+07 	
2.32500000e+06 	 3.637178e-05 	 2.120334e+07 	
2.34000000e+06 	 3.532623e-05 	 2.101190e+07 	
2.35500000e+06 	 3.431653e-05 	 2.082344e+07 	
2.37000000e+06 	 3.334115e-05 	 2.063789e+07 	
2.38500000e+06 	 3.239853e-05 	 2.045517e+07 	
2.40000000e+06 	 3.148759e-05 	 2.027523e+07 	
2.41500000e+06 	 3.060696e-05 	 2.009801e+07 	
2.43000000e+06 	 2.975549e-05 	 1.992345e+07 	
2.44500000e+06 	 2.893197e-05 	 1.975149e+07 	
2.46000000e+06 	 2.813517e-05 	 1.958207e+07 	
2.47500000e+06 	 2.736425e-05 	 1.941514e+07 	
2.49000000e+06 	 2.661813e-05 	 1.925064e+07 	
2.50500000e+06 	 2.589585e-05 	 1.908854e+07 	
2.52000000e+06 	 2.519647e-05 	 1.892876e+07 	
2.53500000e+06 	 2.451917e-05 	 1.877128e+07 	
2.55000000e+06 	 2.386308e-05 	 1.861603e+07 	
2.56500000e+06 	 2.322734e-05 	 1.846298e+07 	
2.58000000e+06 	 2.261133e-05 	 1.831207e+07 	
2.59500000e+06 	 2.201414e-05 	 1.816327e+07 	
2.61000000e+06 	 2.143523e-05 	 1.801653e+07 	
2.62500000e+06 	 2.087387e-05 	 1.787181e+07 	
2.64000000e+06 	 2.032942e-05 	 1.772907e+07 	
2.65500000e+06 	 1.980124e-05 	 1.758828e+07 	
2.67000000e+06 	 1.928878e-05 	 1.744938e+07 	
2.68500000e+06 	 1.879147e-05 	 1.731236e+07 	
2.70000000e+06 	 1.830876e-05 	 1.717716e+07 	
2.71500000e+06 	 1.784009e-05 	 1.704376e+07 	
2.73000000e+06 	 1.738507e-05 	 1.691212e+07 	
2.74500000e+06 	 1.694308e-05 	 1.678220e+07 	
2.76000000e+06 	 1.651379e-05 	 1.665398e+07 	
2.77500000e+06 	 1.609671e-05 	 1.652742e+07 	
2.79000000e+06 	 1.569143e-05 	 1.640249e+07 	
2.80500000e+06 	 1.529752e-05 	 1.627917e+07 	
2.82000000e+06 	 1.491463e-05 	 1.615741e+07 	
2.83500000e+06 	 1.454237e-05 	 1.603720e+07 	
2.85000000e+06 	 1.418033e-05 	 1.591849e+07 	
2.86500000e+06 	 1.382824e-05 	 1.580128e+07 	
2.88000000e+06 	 1.348574e-05 	 1.568553e+07 	
2.89500000e+06 	 1.315252e-05 	 1.557121e+07 	
2.91000000e+06 	 1.282825e-05 	 1.545829e+07 	
2.92500000e+06 	 1.251267e-05 	 1.534676e+07 	
2.94000000e+06 	 1.220548e-05 	 1.523659e+07 	
2.95500000e+06 	 1.190637e-05 	 1.512775e+07 	
2.97000000e+06 	 1.161513e-05 	 1.502023e+07 	
3.00000000e+06 	 1.105522e-05 	 1.480902e+07 	
3.00050050e+06 	 1.104612e-05 	 1.480554e+07 	
3.00100100e+06 	 1.103703e-05 	 1.480206e+07 	
3.00150150e+06 	 1.102796e-05 	 1.479858e+07 	
3.00200200e+06 	 1.101888e-05 	 1.479511e+07 	
3.00250250e+06 	 1.100982e-05 	 1.479163e+07 	
3.00300300e+06 	 1.100077e-05 	 1.478816e+07 	
3.00350350e+06 	 1.099172e-05 	 1.478469e+07 	
3.00400400e+06 	 1.098268e-05 	 1.478121e+07 	
3.00450450e+06 	 1.097365e-05 	 1.477774e+07 	
3.00500501e+06 	 1.096463e-05 	 1.477428e+07 	
3.00550551e+06 	 1.095561e-05 	 1.477081e+07 	
3.00600601e+06 	 1.094660e-05 	 1.476734e+07 	
3.00650651e+06 	 1.093760e-05 	 1.476388e+07 	
3.00700701e+06 	 1.092861e-05 	 1.476042e+07 	
3.00750751e+06 	 1.091962e-05 	 1.475695e+07 	
3.00800801e+06 	 1.091065e-05 	 1.475349e+07 	
3.00850851e+06 	 1.090168e-05 	 1.475003e+07 	
3.00900901e+06 	 1.089272e-05 	 1.474658e+07 	
3.00950951e+06 	 1.088376e-05 	 1.474312e+07 	
3.01001001e+06 	 1.087482e-05 	 1.473967e+07 	
3.01051051e+06 	 1.086588e-05 	 1.473621e+07 	
3.01101101e+06 	 1.085695e-05 	 1.473276e+07 	
3.01151151e+06 	 1.084803e-05 	 1.472931e+07 	
3.01201201e+06 	 1.083911e-05 	 1.472586e+07 	
3.01251251e+06 	 1.083021e-05 	 1.472241e+07 	
3.01301301e+06 	 1.082131e-05 	 1.471897e+07 	
3.01351351e+06 	 1.081242e-05 	 1.471552e+07 	
3.01401401e+06 	 1.080353e-05 	 1.471208e+07 	
3.01451451e+06 	 1.079466e-05 	 1.470864e+07 	
3.01501502e+06 	 1.078579e-05 	 1.470519e+07 	
3.01551552e+06 	 1.077693e-05 	 1.470175e+07 	
3.01601602e+06 	 1.076807e-05 	 1.469832e+07 	
3.01651652e+06 	 1.075923e-05 	 1.469488e+07 	
3.01701702e+06 	 1.075039e-05 	 1.469144e+07 	
3.01751752e+06 	 1.074156e-05 	 1.468801e+07 	
3.01801802e+06 	 1.073274e-05 	 1.468458e+07 	
3.01851852e+06 	 1.072392e-05 	 1.468114e+07 	
3.01901902e+06 	 1.071512e-05 	 1.467771e+07 	
3.01951952e+06 	 1.070632e-05 	 1.467429e+07 	
3.02002002e+06 	 1.069753e-05 	 1.467086e+07 	
3.02052052e+06 	 1.068874e-05 	 1.466743e+07 	
3.02102102e+06 	 1.067996e-05 	 1.466401e+07 	
3.02152152e+06 	 1.067119e-05 	 1.466058e+07 	
3.02202202e+06 	 1.066243e-05 	 1.465716e+07 	
3.02252252e+06 	 1.065368e-05 	 1.465374e+07 	
3.02302302e+06 	 1.064493e-05 	 1.465032e+07 	
3.02352352e+06 	 1.063619e-05 	 1.464690e+07 	
3.02402402e+06 	 1.062746e-05 	 1.464349e+07 	
3.02452452e+06 	 1.061874e-05 	 1.464007e+07 	
3.02502503e+06 	 1.061002e-05 	 1.463666e+07 	
3.02552553e+06 	 1.060131e-05 	 1.463324e+07 	
3.02602603e+06 	 1.059261e-05 	 1.462983e+07 	
3.02652653e+06 	 1.058392e-05 	 1.462642e+07 	
3.02702703e+06 	 1.057523e-05 	 1.462301e+07 	
3.02752753e+06 	 1.056655e-05 	 1.461961e+07 	
3.02802803e+06 	 1.055788e-05 	 1.461620e+07 	
3.02852853e+06 	 1.054922e-05 	 1.461280e+07 	
3.02902903e+06 	 1.054056e-05 	 1.460939e+07 	
3.02952953e+06 	 1.053191e-05 	 1.460599e+07 	
3.03003003e+06 	 1.052327e-05 	 1.460259e+07 	
3.03053053e+06 	 1.051463e-05 	 1.459919e+07 	
3.03103103e+06 	 1.050601e-05 	 1.459579e+07 	
3.03153153e+06 	 1.049739e-05 	 1.459240e+07 	
3.03203203e+06 	 1.048878e-05 	 1.458900e+07 	
3.03253253e+06 	 1.048017e-05 	 1.458561e+07 	
3.03303303e+06 	 1.047157e-05 	 1.458222e+07 	
3.03353353e+06 	 1.046298e-05 	 1.457883e+07 	
3.03403403e+06 	 1.045440e-05 	 1.457544e+07 	
3.03453453e+06 	 1.044583e-05 	 1.457205e+07 	
3.03503504e+06 	 1.043726e-05 	 1.456866e+07 	
3.03553554e+06 	 1.042870e-05 	 1.456527e+07 	
3.03603604e+06 	 1.042015e-05 	 1.456189e+07 	
3.03653654e+06 	 1.041160e-05 	 1.455851e+07 	
3.03703704e+06 	 1.040306e-05 	 1.455512e+07 	
3.03753754e+06 	 1.039453e-05 	 1.455174e+07 	
3.03803804e+06 	 1.038601e-05 	 1.454836e+07 	
3.03853854e+06 	 1.037749e-05 	 1.454499e+07 	
3.03903904e+06 	 1.036898e-05 	 1.454161e+07 	
3.03953954e+06 	 1.036048e-05 	 1.453823e+07 	
3.04004004e+06 	 1.035199e-05 	 1.453486e+07 	
3.04054054e+06 	 1.034350e-05 	 1.453149e+07 	
3.04104104e+06 	 1.033502e-05 	 1.452812e+07 	
3.04154154e+06 	 1.032655e-05 	 1.452475e+07 	
3.04204204e+06 	 1.031808e-05 	 1.452138e+07 	
3.04254254e+06 	 1.030962e-05 	 1.451801e+07 	
3.04304304e+06 	 1.030117e-05 	 1.451465e+07 	
3.04354354e+06 	 1.029273e-05 	 1.451128e+07 	
3.04404404e+06 	 1.028429e-05 	 1.450792e+07 	
3.04454454e+06 	 1.027586e-05 	 1.450456e+07 	
3.04504505e+06 	 1.026744e-05 	 1.450119e+07 	
3.04554555e+06 	 1.025902e-05 	 1.449783e+07 	
3.04604605e+06 	 1.025062e-05 	 1.449448e+07 	
3.04654655e+06 	 1.024222e-05 	 1.449112e+07 	
3.04704705e+06 	 1.023382e-05 	 1.448776e+07 	
3.04754755e+06 	 1.022544e-05 	 1.448441e+07 	
3.04804805e+06 	 1.021706e-05 	 1.448106e+07 	
3.04854855e+06 	 1.020869e-05 	 1.447771e+07 	
3.04904905e+06 	 1.020032e-05 	 1.447436e+07 	
3.04954955e+06 	 1.019197e-05 	 1.447101e+07 	
3.05005005e+06 	 1.018362e-05 	 1.446766e+07 	
3.05055055e+06 	 1.017527e-05 	 1.446431e+07 	
3.05105105e+06 	 1.016694e-05 	 1.446097e+07 	
3.05155155e+06 	 1.015861e-05 	 1.445763e+07 	
3.05205205e+06 	 1.015029e-05 	 1.445428e+07 	
3.05255255e+06 	 1.014197e-05 	 1.445094e+07 	
3.05305305e+06 	 1.013366e-05 	 1.444760e+07 	
3.05355355e+06 	 1.012536e-05 	 1.444426e+07 	
3.05405405e+06 	 1.011707e-05 	 1.444093e+07 	
3.05455455e+06 	 1.010878e-05 	 1.443759e+07 	
3.05505506e+06 	 1.010050e-05 	 1.443426e+07 	
3.05555556e+06 	 1.009223e-05 	 1.443092e+07 	
3.05605606e+06 	 1.008396e-05 	 1.442759e+07 	
3.05655656e+06 	 1.007571e-05 	 1.442426e+07 	
3.05705706e+06 	 1.006745e-05 	 1.442093e+07 	
3.05755756e+06 	 1.005921e-05 	 1.441760e+07 	
3.05805806e+06 	 1.005097e-05 	 1.441428e+07 	
3.05855856e+06 	 1.004274e-05 	 1.441095e+07 	
3.05905906e+06 	 1.003452e-05 	 1.440763e+07 	
3.05955956e+06 	 1.002630e-05 	 1.440430e+07 	
3.06006006e+06 	 1.001809e-05 	 1.440098e+07 	
3.06056056e+06 	 1.000989e-05 	 1.439766e+07 	
3.06106106e+06 	 1.000169e-05 	 1.439434e+07 	
3.06156156e+06 	 9.993504e-06 	 1.439103e+07 	
3.06206206e+06 	 9.985322e-06 	 1.438771e+07 	
3.06256256e+06 	 9.977147e-06 	 1.438439e+07 	
3.06306306e+06 	 9.968979e-06 	 1.438108e+07 	
3.06356356e+06 	 9.960818e-06 	 1.437777e+07 	
3.06406406e+06 	 9.952664e-06 	 1.437446e+07 	
3.06456456e+06 	 9.944516e-06 	 1.437115e+07 	
3.06506507e+06 	 9.936376e-06 	 1.436784e+07 	
3.06556557e+06 	 9.928242e-06 	 1.436453e+07 	
3.06606607e+06 	 9.920116e-06 	 1.436123e+07 	
3.06656657e+06 	 9.911996e-06 	 1.435792e+07 	
3.06706707e+06 	 9.903883e-06 	 1.435462e+07 	
3.06756757e+06 	 9.895777e-06 	 1.435131e+07 	
3.06806807e+06 	 9.887678e-06 	 1.434801e+07 	
3.06856857e+06 	 9.879585e-06 	 1.434471e+07 	
3.06906907e+06 	 9.871500e-06 	 1.434142e+07 	
3.06956957e+06 	 9.863421e-06 	 1.433812e+07 	
3.07007007e+06 	 9.855349e-06 	 1.433482e+07 	
3.07057057e+06 	 9.847284e-06 	 1.433153e+07 	
3.07107107e+06 	 9.839226e-06 	 1.432824e+07 	
3.07157157e+06 	 9.831175e-06 	 1.432494e+07 	
3.07207207e+06 	 9.823130e-06 	 1.432165e+07 	
3.07257257e+06 	 9.815092e-06 	 1.431836e+07 	
3.07307307e+06 	 9.807061e-06 	 1.431508e+07 	
3.07357357e+06 	 9.799037e-06 	 1.431179e+07 	
3.07407407e+06 	 9.791020e-06 	 1.430850e+07 	
3.07457457e+06 	 9.783009e-06 	 1.430522e+07 	
3.07507508e+06 	 9.775005e-06 	 1.430194e+07 	
3.07557558e+06 	 9.767008e-06 	 1.429865e+07 	
3.07607608e+06 	 9.759017e-06 	 1.429537e+07 	
3.07657658e+06 	 9.751034e-06 	 1.429209e+07 	
3.07707708e+06 	 9.743057e-06 	 1.428882e+07 	
3.07757758e+06 	 9.735087e-06 	 1.428554e+07 	
3.07807808e+06 	 9.727123e-06 	 1.428226e+07 	
3.07857858e+06 	 9.719166e-06 	 1.427899e+07 	
3.07907908e+06 	 9.711216e-06 	 1.427572e+07 	
3.07957958e+06 	 9.703273e-06 	 1.427245e+07 	
3.08008008e+06 	 9.695336e-06 	 1.426918e+07 	
3.08058058e+06 	 9.687406e-06 	 1.426591e+07 	
3.08108108e+06 	 9.679483e-06 	 1.426264e+07 	
3.08158158e+06 	 9.671566e-06 	 1.425937e+07 	
3.08208208e+06 	 9.663656e-06 	 1.425611e+07 	
3.08258258e+06 	 9.655753e-06 	 1.425284e+07 	
3.08308308e+06 	 9.647856e-06 	 1.424958e+07 	
3.08358358e+06 	 9.639966e-06 	 1.424632e+07 	
3.08408408e+06 	 9.632083e-06 	 1.424306e+07 	
3.08458458e+06 	 9.624206e-06 	 1.423980e+07 	
3.08508509e+06 	 9.616336e-06 	 1.423654e+07 	
3.08558559e+06 	 9.608472e-06 	 1.423328e+07 	
3.08608609e+06 	 9.600616e-06 	 1.423003e+07 	
3.08658659e+06 	 9.592765e-06 	 1.422678e+07 	
3.08708709e+06 	 9.584922e-06 	 1.422352e+07 	
3.08758759e+06 	 9.577085e-06 	 1.422027e+07 	
3.08808809e+06 	 9.569254e-06 	 1.421702e+07 	
3.08858859e+06 	 9.561430e-06 	 1.421377e+07 	
3.08908909e+06 	 9.553613e-06 	 1.421052e+07 	
3.08958959e+06 	 9.545802e-06 	 1.420728e+07 	
3.09009009e+06 	 9.537998e-06 	 1.420403e+07 	
3.09059059e+06 	 9.530200e-06 	 1.420079e+07 	
3.09109109e+06 	 9.522409e-06 	 1.419755e+07 	
3.09159159e+06 	 9.514624e-06 	 1.419431e+07 	
3.09209209e+06 	 9.506846e-06 	 1.419107e+07 	
3.09259259e+06 	 9.499075e-06 	 1.418783e+07 	
3.09309309e+06 	 9.491310e-06 	 1.418459e+07 	
3.09359359e+06 	 9.483551e-06 	 1.418135e+07 	
3.09409409e+06 	 9.475799e-06 	 1.417812e+07 	
3.09459459e+06 	 9.468054e-06 	 1.417488e+07 	
3.09509510e+06 	 9.460315e-06 	 1.417165e+07 	
3.09559560e+06 	 9.452582e-06 	 1.416842e+07 	
3.09609610e+06 	 9.444856e-06 	 1.416519e+07 	
3.09659660e+06 	 9.437137e-06 	 1.416196e+07 	
3.09709710e+06 	 9.429424e-06 	 1.415873e+07 	
3.09759760e+06 	 9.421717e-06 	 1.415551e+07 	
3.09809810e+06 	 9.414017e-06 	 1.415228e+07 	
3.09859860e+06 	 9.406323e-06 	 1.414906e+07 	
3.09909910e+06 	 9.398636e-06 	 1.414583e+07 	
3.09959960e+06 	 9.390955e-06 	 1.414261e+07 	
3.10010010e+06 	 9.383281e-06 	 1.413939e+07 	
3.10060060e+06 	 9.375613e-06 	 1.413617e+07 	
3.10110110e+06 	 9.367951e-06 	 1.413296e+07 	
3.10160160e+06 	 9.360296e-06 	 1.412974e+07 	
3.10210210e+06 	 9.352647e-06 	 1.412652e+07 	
3.10260260e+06 	 9.345005e-06 	 1.412331e+07 	
3.10310310e+06 	 9.337369e-06 	 1.412010e+07 	
3.10360360e+06 	 9.329739e-06 	 1.411689e+07 	
3.10410410e+06 	 9.322116e-06 	 1.411368e+07 	
3.10460460e+06 	 9.314499e-06 	 1.411047e+07 	
3.10510511e+06 	 9.306888e-06 	 1.410726e+07 	
3.10560561e+06 	 9.299284e-06 	 1.410405e+07 	
3.10610611e+06 	 9.291686e-06 	 1.410085e+07 	
3.10660661e+06 	 9.284095e-06 	 1.409764e+07 	
3.10710711e+06 	 9.276510e-06 	 1.409444e+07 	
3.10760761e+06 	 9.268931e-06 	 1.409124e+07 	
3.10810811e+06 	 9.261358e-06 	 1.408804e+07 	
3.10860861e+06 	 9.253792e-06 	 1.408484e+07 	
3.10910911e+06 	 9.246232e-06 	 1.408164e+07 	
3.10960961e+06 	 9.238679e-06 	 1.407844e+07 	
3.11011011e+06 	 9.231131e-06 	 1.407525e+07 	
3.11061061e+06 	 9.223590e-06 	 1.407205e+07 	
3.11111111e+06 	 9.216056e-06 	 1.406886e+07 	
3.11161161e+06 	 9.208527e-06 	 1.406567e+07 	
3.11211211e+06 	 9.201005e-06 	 1.406248e+07 	
3.11261261e+06 	 9.193489e-06 	 1.405929e+07 	
3.11311311e+06 	 9.185979e-06 	 1.405610e+07 	
3.11361361e+06 	 9.178476e-06 	 1.405291e+07 	
3.11411411e+06 	 9.170979e-06 	 1.404973e+07 	
3.11461461e+06 	 9.163488e-06 	 1.404654e+07 	
3.11511512e+06 	 9.156003e-06 	 1.404336e+07 	
3.11561562e+06 	 9.148524e-06 	 1.404018e+07 	
3.11611612e+06 	 9.141052e-06 	 1.403700e+07 	
3.11661662e+06 	 9.133586e-06 	 1.403382e+07 	
3.11711712e+06 	 9.126126e-06 	 1.403064e+07 	
3.11761762e+06 	 9.118672e-06 	 1.402746e+07 	
3.11811812e+06 	 9.111225e-06 	 1.402428e+07 	
3.11861862e+06 	 9.103783e-06 	 1.402111e+07 	
3.11911912e+06 	 9.096348e-06 	 1.401794e+07 	
3.11961962e+06 	 9.088919e-06 	 1.401476e+07 	
3.12012012e+06 	 9.081496e-06 	 1.401159e+07 	
3.12062062e+06 	 9.074079e-06 	 1.400842e+07 	
3.12112112e+06 	 9.066669e-06 	 1.400525e+07 	
3.12162162e+06 	 9.059264e-06 	 1.400209e+07 	
3.12212212e+06 	 9.051866e-06 	 1.399892e+07 	
3.12262262e+06 	 9.044474e-06 	 1.399575e+07 	
3.12312312e+06 	 9.037088e-06 	 1.399259e+07 	
3.12362362e+06 	 9.029708e-06 	 1.398943e+07 	
3.12412412e+06 	 9.022334e-06 	 1.398627e+07 	
3.12462462e+06 	 9.014966e-06 	 1.398311e+07 	
3.12512513e+06 	 9.007604e-06 	 1.397995e+07 	
3.12562563e+06 	 9.000249e-06 	 1.397679e+07 	
3.12612613e+06 	 8.992899e-06 	 1.397363e+07 	
3.12662663e+06 	 8.985556e-06 	 1.397048e+07 	
3.12712713e+06 	 8.978218e-06 	 1.396732e+07 	
3.12762763e+06 	 8.970887e-06 	 1.396417e+07 	
3.12812813e+06 	 8.963562e-06 	 1.396102e+07 	
3.12862863e+06 	 8.956243e-06 	 1.395787e+07 	
3.12912913e+06 	 8.948929e-06 	 1.395472e+07 	
3.12962963e+06 	 8.941622e-06 	 1.395157e+07 	
3.13013013e+06 	 8.934321e-06 	 1.394842e+07 	
3.13063063e+06 	 8.927026e-06 	 1.394528e+07 	
3.13113113e+06 	 8.919737e-06 	 1.394213e+07 	
3.13163163e+06 	 8.912454e-06 	 1.393899e+07 	
3.13213213e+06 	 8.905177e-06 	 1.393585e+07 	
3.13263263e+06 	 8.897905e-06 	 1.393270e+07 	
3.13313313e+06 	 8.890640e-06 	 1.392956e+07 	
3.13363363e+06 	 8.883381e-06 	 1.392643e+07 	
3.13413413e+06 	 8.876128e-06 	 1.392329e+07 	
3.13463463e+06 	 8.868881e-06 	 1.392015e+07 	
3.13513514e+06 	 8.861639e-06 	 1.391702e+07 	
3.13563564e+06 	 8.854404e-06 	 1.391388e+07 	
3.13613614e+06 	 8.847175e-06 	 1.391075e+07 	
3.13663664e+06 	 8.839951e-06 	 1.390762e+07 	
3.13713714e+06 	 8.832734e-06 	 1.390449e+07 	
3.13763764e+06 	 8.825522e-06 	 1.390136e+07 	
3.13813814e+06 	 8.818316e-06 	 1.389823e+07 	
3.13863864e+06 	 8.811117e-06 	 1.389510e+07 	
3.13913914e+06 	 8.803923e-06 	 1.389198e+07 	
3.13963964e+06 	 8.796735e-06 	 1.388885e+07 	
3.14014014e+06 	 8.789553e-06 	 1.388573e+07 	
3.14064064e+06 	 8.782376e-06 	 1.388261e+07 	
3.14114114e+06 	 8.775206e-06 	 1.387949e+07 	
3.14164164e+06 	 8.768042e-06 	 1.387637e+07 	
3.14214214e+06 	 8.760883e-06 	 1.387325e+07 	
3.14264264e+06 	 8.753730e-06 	 1.387013e+07 	
3.14314314e+06 	 8.746583e-06 	 1.386702e+07 	
3.14364364e+06 	 8.739442e-06 	 1.386390e+07 	
3.14414414e+06 	 8.732307e-06 	 1.386079e+07 	
3.14464464e+06 	 8.725178e-06 	 1.385767e+07 	
3.14514515e+06 	 8.718054e-06 	 1.385456e+07 	
3.14564565e+06 	 8.710937e-06 	 1.385145e+07 	
3.14614615e+06 	 8.703825e-06 	 1.384834e+07 	
3.14664665e+06 	 8.696719e-06 	 1.384524e+07 	
3.14714715e+06 	 8.689619e-06 	 1.384213e+07 	
3.14764765e+06 	 8.682524e-06 	 1.383902e+07 	
3.14814815e+06 	 8.675436e-06 	 1.383592e+07 	
3.14864865e+06 	 8.668353e-06 	 1.383282e+07 	
3.14914915e+06 	 8.661276e-06 	 1.382971e+07 	
3.14964965e+06 	 8.654205e-06 	 1.382661e+07 	
3.15015015e+06 	 8.647140e-06 	 1.382351e+07 	
3.15065065e+06 	 8.640080e-06 	 1.382041e+07 	
3.15115115e+06 	 8.633026e-06 	 1.381732e+07 	
3.15165165e+06 	 8.625978e-06 	 1.381422e+07 	
3.15215215e+06 	 8.618936e-06 	 1.381113e+07 	
3.15265265e+06 	 8.611899e-06 	 1.380803e+07 	
3.15315315e+06 	 8.604868e-06 	 1.380494e+07 	
3.15365365e+06 	 8.597843e-06 	 1.380185e+07 	
3.15415415e+06 	 8.590824e-06 	 1.379876e+07 	
3.15465465e+06 	 8.583810e-06 	 1.379567e+07 	
3.15515516e+06 	 8.576802e-06 	 1.379258e+07 	
3.15565566e+06 	 8.569799e-06 	 1.378949e+07 	
3.15615616e+06 	 8.562803e-06 	 1.378641e+07 	
3.15665666e+06 	 8.555812e-06 	 1.378332e+07 	
3.15715716e+06 	 8.548826e-06 	 1.378024e+07 	
3.15765766e+06 	 8.541847e-06 	 1.377716e+07 	
3.15815816e+06 	 8.534873e-06 	 1.377408e+07 	
3.15865866e+06 	 8.527904e-06 	 1.377100e+07 	
3.15915916e+06 	 8.520942e-06 	 1.376792e+07 	
3.15965966e+06 	 8.513985e-06 	 1.376484e+07 	
3.16016016e+06 	 8.507033e-06 	 1.376176e+07 	
3.16066066e+06 	 8.500088e-06 	 1.375869e+07 	
3.16116116e+06 	 8.493148e-06 	 1.375562e+07 	
3.16166166e+06 	 8.486213e-06 	 1.375254e+07 	
3.16216216e+06 	 8.479284e-06 	 1.374947e+07 	
3.16266266e+06 	 8.472361e-06 	 1.374640e+07 	
3.16316316e+06 	 8.465444e-06 	 1.374333e+07 	
3.16366366e+06 	 8.458532e-06 	 1.374026e+07 	
3.16416416e+06 	 8.451625e-06 	 1.373719e+07 	
3.16466466e+06 	 8.444725e-06 	 1.373413e+07 	
3.16516517e+06 	 8.437830e-06 	 1.373106e+07 	
3.16566567e+06 	 8.430940e-06 	 1.372800e+07 	
3.16616617e+06 	 8.424056e-06 	 1.372494e+07 	
3.16666667e+06 	 8.417178e-06 	 1.372188e+07 	
3.16716717e+06 	 8.410305e-06 	 1.371882e+07 	
3.16766767e+06 	 8.403438e-06 	 1.371576e+07 	
3.16816817e+06 	 8.396576e-06 	 1.371270e+07 	
3.16866867e+06 	 8.389720e-06 	 1.370964e+07 	
3.16916917e+06 	 8.382869e-06 	 1.370659e+07 	
3.16966967e+06 	 8.376024e-06 	 1.370353e+07 	
3.17017017e+06 	 8.369185e-06 	 1.370048e+07 	
3.17067067e+06 	 8.362351e-06 	 1.369743e+07 	
3.17117117e+06 	 8.355523e-06 	 1.369438e+07 	
3.17167167e+06 	 8.348700e-06 	 1.369133e+07 	
3.17217217e+06 	 8.341882e-06 	 1.368828e+07 	
3.17267267e+06 	 8.335071e-06 	 1.368523e+07 	
3.17317317e+06 	 8.328264e-06 	 1.368218e+07 	
3.17367367e+06 	 8.321464e-06 	 1.367914e+07 	
3.17417417e+06 	 8.314668e-06 	 1.367609e+07 	
3.17467467e+06 	 8.307878e-06 	 1.367305e+07 	
3.17517518e+06 	 8.301094e-06 	 1.367001e+07 	
3.17567568e+06 	 8.294315e-06 	 1.366697e+07 	
3.17617618e+06 	 8.287542e-06 	 1.366393e+07 	
3.17667668e+06 	 8.280774e-06 	 1.366089e+07 	
3.17717718e+06 	 8.274012e-06 	 1.365785e+07 	
3.17767768e+06 	 8.267255e-06 	 1.365482e+07 	
3.17817818e+06 	 8.260503e-06 	 1.365178e+07 	
3.17867868e+06 	 8.253757e-06 	 1.364875e+07 	
3.17917918e+06 	 8.247017e-06 	 1.364571e+07 	
3.17967968e+06 	 8.240281e-06 	 1.364268e+07 	
3.18018018e+06 	 8.233552e-06 	 1.363965e+07 	
3.18068068e+06 	 8.226827e-06 	 1.363662e+07 	
3.18118118e+06 	 8.220109e-06 	 1.363360e+07 	
3.18168168e+06 	 8.213395e-06 	 1.363057e+07 	
3.18218218e+06 	 8.206687e-06 	 1.362754e+07 	
3.18268268e+06 	 8.199984e-06 	 1.362452e+07 	
3.18318318e+06 	 8.193287e-06 	 1.362149e+07 	
3.18368368e+06 	 8.186595e-06 	 1.361847e+07 	
3.18418418e+06 	 8.179909e-06 	 1.361545e+07 	
3.18468468e+06 	 8.173228e-06 	 1.361243e+07 	
3.18518519e+06 	 8.166552e-06 	 1.360941e+07 	
3.18568569e+06 	 8.159882e-06 	 1.360639e+07 	
3.18618619e+06 	 8.153217e-06 	 1.360338e+07 	
3.18668669e+06 	 8.146558e-06 	 1.360036e+07 	
3.18718719e+06 	 8.139903e-06 	 1.359734e+07 	
3.18768769e+06 	 8.133255e-06 	 1.359433e+07 	
3.18818819e+06 	 8.126611e-06 	 1.359132e+07 	
3.18868869e+06 	 8.119973e-06 	 1.358831e+07 	
3.18918919e+06 	 8.113340e-06 	 1.358530e+07 	
3.18968969e+06 	 8.106713e-06 	 1.358229e+07 	
3.19019019e+06 	 8.100091e-06 	 1.357928e+07 	
3.19069069e+06 	 8.093474e-06 	 1.357627e+07 	
3.19119119e+06 	 8.086862e-06 	 1.357327e+07 	
3.19169169e+06 	 8.080256e-06 	 1.357026e+07 	
3.19219219e+06 	 8.073655e-06 	 1.356726e+07 	
3.19269269e+06 	 8.067060e-06 	 1.356426e+07 	
3.19319319e+06 	 8.060469e-06 	 1.356126e+07 	
3.19369369e+06 	 8.053884e-06 	 1.355826e+07 	
3.19419419e+06 	 8.047305e-06 	 1.355526e+07 	
3.19469469e+06 	 8.040730e-06 	 1.355226e+07 	
3.19519520e+06 	 8.034161e-06 	 1.354926e+07 	
3.19569570e+06 	 8.027597e-06 	 1.354627e+07 	
3.19619620e+06 	 8.021039e-06 	 1.354327e+07 	
3.19669670e+06 	 8.014485e-06 	 1.354028e+07 	
3.19719720e+06 	 8.007937e-06 	 1.353729e+07 	
3.19769770e+06 	 8.001394e-06 	 1.353430e+07 	
3.19819820e+06 	 7.994857e-06 	 1.353131e+07 	
3.19869870e+06 	 7.988324e-06 	 1.352832e+07 	
3.19919920e+06 	 7.981797e-06 	 1.352533e+07 	
3.19969970e+06 	 7.975275e-06 	 1.352234e+07 	
3.20020020e+06 	 7.968758e-06 	 1.351936e+07 	
3.20070070e+06 	 7.962247e-06 	 1.351637e+07 	
3.20120120e+06 	 7.955741e-06 	 1.351339e+07 	
3.20170170e+06 	 7.949240e-06 	 1.351041e+07 	
3.20220220e+06 	 7.942744e-06 	 1.350743e+07 	
3.20270270e+06 	 7.936253e-06 	 1.350445e+07 	
3.20320320e+06 	 7.929768e-06 	 1.350147e+07 	
3.20370370e+06 	 7.923287e-06 	 1.349849e+07 	
3.20420420e+06 	 7.916812e-06 	 1.349551e+07 	
3.20470470e+06 	 7.910342e-06 	 1.349254e+07 	
3.20520521e+06 	 7.903877e-06 	 1.348956e+07 	
3.20570571e+06 	 7.897418e-06 	 1.348659e+07 	
3.20620621e+06 	 7.890963e-06 	 1.348362e+07 	
3.20670671e+06 	 7.884514e-06 	 1.348065e+07 	
3.20720721e+06 	 7.878070e-06 	 1.347768e+07 	
3.20770771e+06 	 7.871631e-06 	 1.347471e+07 	
3.20820821e+06 	 7.865197e-06 	 1.347174e+07 	
3.20870871e+06 	 7.858768e-06 	 1.346877e+07 	
3.20920921e+06 	 7.852344e-06 	 1.346581e+07 	
3.20970971e+06 	 7.845926e-06 	 1.346284e+07 	
3.21021021e+06 	 7.839512e-06 	 1.345988e+07 	
3.21071071e+06 	 7.833104e-06 	 1.345692e+07 	
3.21121121e+06 	 7.826701e-06 	 1.345396e+07 	
3.21171171e+06 	 7.820303e-06 	 1.345100e+07 	
3.21221221e+06 	 7.813910e-06 	 1.344804e+07 	
3.21271271e+06 	 7.807522e-06 	 1.344508e+07 	
3.21321321e+06 	 7.801139e-06 	 1.344212e+07 	
3.21371371e+06 	 7.794761e-06 	 1.343917e+07 	
3.21421421e+06 	 7.788388e-06 	 1.343621e+07 	
3.21471471e+06 	 7.782021e-06 	 1.343326e+07 	
3.21521522e+06 	 7.775658e-06 	 1.343031e+07 	
3.21571572e+06 	 7.769301e-06 	 1.342735e+07 	
3.21621622e+06 	 7.762948e-06 	 1.342440e+07 	
3.21671672e+06 	 7.756601e-06 	 1.342145e+07 	
3.21721722e+06 	 7.750258e-06 	 1.341851e+07 	
3.21771772e+06 	 7.743921e-06 	 1.341556e+07 	
3.21821822e+06 	 7.737589e-06 	 1.341261e+07 	
3.21871872e+06 	 7.731261e-06 	 1.340967e+07 	
3.21921922e+06 	 7.724939e-06 	 1.340673e+07 	
3.21971972e+06 	 7.718622e-06 	 1.340378e+07 	
3.22022022e+06 	 7.712309e-06 	 1.340084e+07 	
3.22072072e+06 	 7.706002e-06 	 1.339790e+07 	
3.22122122e+06 	 7.699700e-06 	 1.339496e+07 	
3.22172172e+06 	 7.693402e-06 	 1.339202e+07 	
3.22222222e+06 	 7.687110e-06 	 1.338909e+07 	
3.22272272e+06 	 7.680823e-06 	 1.338615e+07 	
3.22322322e+06 	 7.674540e-06 	 1.338321e+07 	
3.22372372e+06 	 7.668263e-06 	 1.338028e+07 	
3.22422422e+06 	 7.661990e-06 	 1.337735e+07 	
3.22472472e+06 	 7.655723e-06 	 1.337442e+07 	
3.22522523e+06 	 7.649460e-06 	 1.337149e+07 	
3.22572573e+06 	 7.643203e-06 	 1.336856e+07 	
3.22622623e+06 	 7.637335e-06 	 1.336561e+07 	
3.22672673e+06 	 7.631090e-06 	 1.336268e+07 	
3.22722723e+06 	 7.624851e-06 	 1.335976e+07 	
3.22772773e+06 	 7.618616e-06 	 1.335683e+07 	
3.22822823e+06 	 7.612386e-06 	 1.335391e+07 	
3.22872873e+06 	 7.606162e-06 	 1.335098e+07 	
3.22922923e+06 	 7.599942e-06 	 1.334806e+07 	
3.22972973e+06 	 7.593727e-06 	 1.334514e+07 	
3.23023023e+06 	 7.587517e-06 	 1.334222e+07 	
3.23073073e+06 	 7.581312e-06 	 1.333930e+07 	
3.23123123e+06 	 7.575112e-06 	 1.333638e+07 	
3.23173173e+06 	 7.568917e-06 	 1.333347e+07 	
3.23223223e+06 	 7.562726e-06 	 1.333055e+07 	
3.23273273e+06 	 7.556541e-06 	 1.332764e+07 	
3.23323323e+06 	 7.550361e-06 	 1.332472e+07 	
3.23373373e+06 	 7.544185e-06 	 1.332181e+07 	
3.23423423e+06 	 7.538014e-06 	 1.331890e+07 	
3.23473473e+06 	 7.531849e-06 	 1.331599e+07 	
3.23523524e+06 	 7.525688e-06 	 1.331308e+07 	
3.23573574e+06 	 7.519532e-06 	 1.331017e+07 	
3.23623624e+06 	 7.513380e-06 	 1.330726e+07 	
3.23673674e+06 	 7.507234e-06 	 1.330436e+07 	
3.23723724e+06 	 7.501093e-06 	 1.330145e+07 	
3.23773774e+06 	 7.494956e-06 	 1.329855e+07 	
3.23823824e+06 	 7.488824e-06 	 1.329565e+07 	
3.23873874e+06 	 7.482697e-06 	 1.329274e+07 	
3.23923924e+06 	 7.476575e-06 	 1.328984e+07 	
3.23973974e+06 	 7.470458e-06 	 1.328694e+07 	
3.24024024e+06 	 7.464346e-06 	 1.328404e+07 	
3.24074074e+06 	 7.458238e-06 	 1.328115e+07 	
3.24124124e+06 	 7.452136e-06 	 1.327825e+07 	
3.24174174e+06 	 7.446038e-06 	 1.327535e+07 	
3.24224224e+06 	 7.439945e-06 	 1.327246e+07 	
3.24274274e+06 	 7.433856e-06 	 1.326957e+07 	
3.24324324e+06 	 7.427773e-06 	 1.326667e+07 	
3.24374374e+06 	 7.421694e-06 	 1.326378e+07 	
3.24424424e+06 	 7.415620e-06 	 1.326089e+07 	
3.24474474e+06 	 7.409551e-06 	 1.325800e+07 	
3.24524525e+06 	 7.403487e-06 	 1.325512e+07 	
3.24574575e+06 	 7.397428e-06 	 1.325223e+07 	
3.24624625e+06 	 7.391373e-06 	 1.324934e+07 	
3.24674675e+06 	 7.385323e-06 	 1.324646e+07 	
3.24724725e+06 	 7.379278e-06 	 1.324357e+07 	
3.24774775e+06 	 7.373237e-06 	 1.324069e+07 	
3.24824825e+06 	 7.367202e-06 	 1.323781e+07 	
3.24874875e+06 	 7.361171e-06 	 1.323493e+07 	
3.24924925e+06 	 7.355145e-06 	 1.323205e+07 	
3.24974975e+06 	 7.349123e-06 	 1.322917e+07 	
3.25025025e+06 	 7.343106e-06 	 1.322629e+07 	
3.25075075e+06 	 7.337095e-06 	 1.322342e+07 	
3.25125125e+06 	 7.331087e-06 	 1.322054e+07 	
3.25175175e+06 	 7.325085e-06 	 1.321767e+07 	
3.25225225e+06 	 7.319087e-06 	 1.321479e+07 	
3.25275275e+06 	 7.313094e-06 	 1.321192e+07 	
3.25325325e+06 	 7.307106e-06 	 1.320905e+07 	
3.25375375e+06 	 7.301122e-06 	 1.320618e+07 	
3.25425425e+06 	 7.295143e-06 	 1.320331e+07 	
3.25475475e+06 	 7.289169e-06 	 1.320044e+07 	
3.25525526e+06 	 7.283200e-06 	 1.319758e+07 	
3.25575576e+06 	 7.277235e-06 	 1.319471e+07 	
3.25625626e+06 	 7.271275e-06 	 1.319185e+07 	
3.25675676e+06 	 7.265319e-06 	 1.318898e+07 	
3.25725726e+06 	 7.259369e-06 	 1.318612e+07 	
3.25775776e+06 	 7.253422e-06 	 1.318326e+07 	
3.25825826e+06 	 7.247481e-06 	 1.318040e+07 	
3.25875876e+06 	 7.241544e-06 	 1.317754e+07 	
3.25925926e+06 	 7.235612e-06 	 1.317468e+07 	
3.25975976e+06 	 7.229685e-06 	 1.317182e+07 	
3.26026026e+06 	 7.223762e-06 	 1.316896e+07 	
3.26076076e+06 	 7.217844e-06 	 1.316611e+07 	
3.26126126e+06 	 7.211930e-06 	 1.316325e+07 	
3.26176176e+06 	 7.206022e-06 	 1.316040e+07 	
3.26226226e+06 	 7.200117e-06 	 1.315755e+07 	
3.26276276e+06 	 7.193855e-06 	 1.315471e+07 	
3.26326326e+06 	 7.187957e-06 	 1.315186e+07 	
3.26376376e+06 	 7.182063e-06 	 1.314902e+07 	
3.26426426e+06 	 7.176174e-06 	 1.314617e+07 	
3.26476476e+06 	 7.170290e-06 	 1.314332e+07 	
3.26526527e+06 	 7.164410e-06 	 1.314047e+07 	
3.26576577e+06 	 7.158535e-06 	 1.313763e+07 	
3.26626627e+06 	 7.152664e-06 	 1.313479e+07 	
3.26676677e+06 	 7.146798e-06 	 1.313194e+07 	
3.26726727e+06 	 7.140936e-06 	 1.312910e+07 	
3.26776777e+06 	 7.135079e-06 	 1.312626e+07 	
3.26826827e+06 	 7.129227e-06 	 1.312342e+07 	
3.26876877e+06 	 7.123379e-06 	 1.312058e+07 	
3.26926927e+06 	 7.117536e-06 	 1.311774e+07 	
3.26976977e+06 	 7.111697e-06 	 1.311491e+07 	
3.27027027e+06 	 7.105863e-06 	 1.311207e+07 	
3.27077077e+06 	 7.100033e-06 	 1.310924e+07 	
3.27127127e+06 	 7.094208e-06 	 1.310640e+07 	
3.27177177e+06 	 7.088387e-06 	 1.310357e+07 	
3.27227227e+06 	 7.082571e-06 	 1.310074e+07 	
3.27277277e+06 	 7.076759e-06 	 1.309791e+07 	
3.27327327e+06 	 7.070952e-06 	 1.309508e+07 	
3.27377377e+06 	 7.065149e-06 	 1.309225e+07 	
3.27427427e+06 	 7.059351e-06 	 1.308942e+07 	
3.27477477e+06 	 7.053557e-06 	 1.308660e+07 	
3.27527528e+06 	 7.047768e-06 	 1.308377e+07 	
3.27577578e+06 	 7.041984e-06 	 1.308095e+07 	
3.27627628e+06 	 7.036203e-06 	 1.307812e+07 	
3.27677678e+06 	 7.030428e-06 	 1.307530e+07 	
3.27727728e+06 	 7.024656e-06 	 1.307248e+07 	
3.27777778e+06 	 7.018890e-06 	 1.306966e+07 	
3.27827828e+06 	 7.013127e-06 	 1.306684e+07 	
3.27877878e+06 	 7.007370e-06 	 1.306402e+07 	
3.27927928e+06 	 7.001616e-06 	 1.306121e+07 	
3.27977978e+06 	 6.995867e-06 	 1.305839e+07 	
3.28028028e+06 	 6.990123e-06 	 1.305557e+07 	
3.28078078e+06 	 6.984383e-06 	 1.305276e+07 	
3.28128128e+06 	 6.978647e-06 	 1.304995e+07 	
3.28178178e+06 	 6.972916e-06 	 1.304714e+07 	
3.28228228e+06 	 6.967189e-06 	 1.304432e+07 	
3.28278278e+06 	 6.961467e-06 	 1.304151e+07 	
3.28328328e+06 	 6.955749e-06 	 1.303871e+07 	
3.28378378e+06 	 6.950035e-06 	 1.303590e+07 	
3.28428428e+06 	 6.944326e-06 	 1.303309e+07 	
3.28478478e+06 	 6.938622e-06 	 1.303028e+07 	
3.28528529e+06 	 6.932921e-06 	 1.302748e+07 	
3.28578579e+06 	 6.927225e-06 	 1.302468e+07 	
3.28628629e+06 	 6.921534e-06 	 1.302187e+07 	
3.28678679e+06 	 6.915847e-06 	 1.301907e+07 	
3.28728729e+06 	 6.910164e-06 	 1.301627e+07 	
3.28778779e+06 	 6.904486e-06 	 1.301347e+07 	
3.28828829e+06 	 6.898812e-06 	 1.301067e+07 	
3.28878879e+06 	 6.893142e-06 	 1.300787e+07 	
3.28928929e+06 	 6.887477e-06 	 1.300508e+07 	
3.28978979e+06 	 6.881816e-06 	 1.300228e+07 	
3.29029029e+06 	 6.876160e-06 	 1.299949e+07 	
3.29079079e+06 	 6.870507e-06 	 1.299669e+07 	
3.29129129e+06 	 6.864860e-06 	 1.299390e+07 	
3.29179179e+06 	 6.859216e-06 	 1.299111e+07 	
3.29229229e+06 	 6.853577e-06 	 1.298832e+07 	
3.29279279e+06 	 6.847942e-06 	 1.298553e+07 	
3.29329329e+06 	 6.842312e-06 	 1.298274e+07 	
3.29379379e+06 	 6.836686e-06 	 1.297995e+07 	
3.29429429e+06 	 6.831064e-06 	 1.297717e+07 	
3.29479479e+06 	 6.825447e-06 	 1.297438e+07 	
3.29529530e+06 	 6.819833e-06 	 1.297159e+07 	
3.29579580e+06 	 6.814225e-06 	 1.296881e+07 	
3.29629630e+06 	 6.808620e-06 	 1.296603e+07 	
3.29679680e+06 	 6.803020e-06 	 1.296325e+07 	
3.29729730e+06 	 6.797424e-06 	 1.296047e+07 	
3.29779780e+06 	 6.791832e-06 	 1.295769e+07 	
3.29829830e+06 	 6.786245e-06 	 1.295491e+07 	
3.29879880e+06 	 6.780662e-06 	 1.295213e+07 	
3.29929930e+06 	 6.775083e-06 	 1.294935e+07 	
3.29979980e+06 	 6.769169e-06 	 1.294659e+07 	
3.30030030e+06 	 6.763597e-06 	 1.294382e+07 	
3.30080080e+06 	 6.758028e-06 	 1.294105e+07 	
3.30130130e+06 	 6.752463e-06 	 1.293827e+07 	
3.30180180e+06 	 6.746903e-06 	 1.293550e+07 	
3.30230230e+06 	 6.741347e-06 	 1.293273e+07 	
3.30280280e+06 	 6.735795e-06 	 1.292996e+07 	
3.30330330e+06 	 6.730248e-06 	 1.292719e+07 	
3.30380380e+06 	 6.724704e-06 	 1.292443e+07 	
3.30430430e+06 	 6.719165e-06 	 1.292166e+07 	
3.30480480e+06 	 6.713630e-06 	 1.291889e+07 	
3.30530531e+06 	 6.708099e-06 	 1.291613e+07 	
3.30580581e+06 	 6.702573e-06 	 1.291337e+07 	
3.30630631e+06 	 6.697051e-06 	 1.291060e+07 	
3.30680681e+06 	 6.691532e-06 	 1.290784e+07 	
3.30730731e+06 	 6.686018e-06 	 1.290508e+07 	
3.30780781e+06 	 6.680509e-06 	 1.290232e+07 	
3.30830831e+06 	 6.675003e-06 	 1.289956e+07 	
3.30880881e+06 	 6.669502e-06 	 1.289681e+07 	
3.30930931e+06 	 6.664004e-06 	 1.289405e+07 	
3.30980981e+06 	 6.658511e-06 	 1.289129e+07 	
3.31031031e+06 	 6.653022e-06 	 1.288854e+07 	
3.31081081e+06 	 6.647538e-06 	 1.288579e+07 	
3.31131131e+06 	 6.642057e-06 	 1.288303e+07 	
3.31181181e+06 	 6.636581e-06 	 1.288028e+07 	
3.31231231e+06 	 6.631108e-06 	 1.287753e+07 	
3.31281281e+06 	 6.625640e-06 	 1.287478e+07 	
3.31331331e+06 	 6.620176e-06 	 1.287203e+07 	
3.31381381e+06 	 6.614716e-06 	 1.286929e+07 	
3.31431431e+06 	 6.609261e-06 	 1.286654e+07 	
3.31481481e+06 	 6.603809e-06 	 1.286379e+07 	
3.31531532e+06 	 6.598361e-06 	 1.286105e+07 	
3.31581582e+06 	 6.592918e-06 	 1.285831e+07 	
3.31631632e+06 	 6.587479e-06 	 1.285556e+07 	
3.31681682e+06 	 6.582043e-06 	 1.285282e+07 	
3.31731732e+06 	 6.576612e-06 	 1.285008e+07 	
3.31781782e+06 	 6.571185e-06 	 1.284734e+07 	
3.31831832e+06 	 6.565762e-06 	 1.284460e+07 	
3.31881882e+06 	 6.560344e-06 	 1.284186e+07 	
3.31931932e+06 	 6.554929e-06 	 1.283913e+07 	
3.31981982e+06 	 6.549518e-06 	 1.283639e+07 	
3.32032032e+06 	 6.544112e-06 	 1.283366e+07 	
3.32082082e+06 	 6.538709e-06 	 1.283092e+07 	
3.32132132e+06 	 6.533311e-06 	 1.282819e+07 	
3.32182182e+06 	 6.527916e-06 	 1.282546e+07 	
3.32232232e+06 	 6.522526e-06 	 1.282273e+07 	
3.32282282e+06 	 6.517140e-06 	 1.282000e+07 	
3.32332332e+06 	 6.511758e-06 	 1.281727e+07 	
3.32382382e+06 	 6.506379e-06 	 1.281454e+07 	
3.32432432e+06 	 6.501005e-06 	 1.281181e+07 	
3.32482482e+06 	 6.495635e-06 	 1.280909e+07 	
3.32532533e+06 	 6.490269e-06 	 1.280636e+07 	
3.32582583e+06 	 6.484907e-06 	 1.280364e+07 	
3.32632633e+06 	 6.479549e-06 	 1.280092e+07 	
3.32682683e+06 	 6.474195e-06 	 1.279819e+07 	
3.32732733e+06 	 6.468845e-06 	 1.279547e+07 	
3.32782783e+06 	 6.463499e-06 	 1.279275e+07 	
3.32832833e+06 	 6.458157e-06 	 1.279003e+07 	
3.32882883e+06 	 6.452819e-06 	 1.278732e+07 	
3.32932933e+06 	 6.447486e-06 	 1.278460e+07 	
3.32982983e+06 	 6.442156e-06 	 1.278188e+07 	
3.33033033e+06 	 6.436830e-06 	 1.277917e+07 	
3.33083083e+06 	 6.431508e-06 	 1.277645e+07 	
3.33133133e+06 	 6.426190e-06 	 1.277374e+07 	
3.33183183e+06 	 6.420876e-06 	 1.277103e+07 	
3.33233233e+06 	 6.415566e-06 	 1.276832e+07 	
3.33283283e+06 	 6.410260e-06 	 1.276561e+07 	
3.33333333e+06 	 6.404958e-06 	 1.276290e+07 	
3.33383383e+06 	 6.399659e-06 	 1.276019e+07 	
3.33433433e+06 	 6.394365e-06 	 1.275748e+07 	
3.33483483e+06 	 6.389075e-06 	 1.275477e+07 	
3.33533534e+06 	 6.383789e-06 	 1.275207e+07 	
3.33583584e+06 	 6.378506e-06 	 1.274936e+07 	
3.33633634e+06 	 6.373228e-06 	 1.274666e+07 	
3.33683684e+06 	 6.367954e-06 	 1.274396e+07 	
3.33733734e+06 	 6.362683e-06 	 1.274126e+07 	
3.33783784e+06 	 6.357416e-06 	 1.273856e+07 	
3.33833834e+06 	 6.352471e-06 	 1.273584e+07 	
3.33883884e+06 	 6.347215e-06 	 1.273314e+07 	
3.33933934e+06 	 6.341963e-06 	 1.273044e+07 	
3.33983984e+06 	 6.336715e-06 	 1.272775e+07 	
3.34034034e+06 	 6.331470e-06 	 1.272505e+07 	
3.34084084e+06 	 6.326230e-06 	 1.272236e+07 	
3.34134134e+06 	 6.320994e-06 	 1.271966e+07 	
3.34184184e+06 	 6.315761e-06 	 1.271697e+07 	
3.34234234e+06 	 6.310532e-06 	 1.271428e+07 	
3.34284284e+06 	 6.305307e-06 	 1.271158e+07 	
3.34334334e+06 	 6.300087e-06 	 1.270889e+07 	
3.34384384e+06 	 6.294870e-06 	 1.270621e+07 	
3.34434434e+06 	 6.289657e-06 	 1.270352e+07 	
3.34484484e+06 	 6.284447e-06 	 1.270083e+07 	
3.34534535e+06 	 6.279242e-06 	 1.269814e+07 	
3.34584585e+06 	 6.274041e-06 	 1.269546e+07 	
3.34634635e+06 	 6.268843e-06 	 1.269277e+07 	
3.34684685e+06 	 6.263649e-06 	 1.269009e+07 	
3.34734735e+06 	 6.258460e-06 	 1.268741e+07 	
3.34784785e+06 	 6.253274e-06 	 1.268473e+07 	
3.34834835e+06 	 6.248092e-06 	 1.268204e+07 	
3.34884885e+06 	 6.242913e-06 	 1.267937e+07 	
3.34934935e+06 	 6.237739e-06 	 1.267669e+07 	
3.34984985e+06 	 6.232569e-06 	 1.267401e+07 	
3.35035035e+06 	 6.227402e-06 	 1.267133e+07 	
3.35085085e+06 	 6.222239e-06 	 1.266866e+07 	
3.35135135e+06 	 6.217080e-06 	 1.266598e+07 	
3.35185185e+06 	 6.211925e-06 	 1.266331e+07 	
3.35235235e+06 	 6.206774e-06 	 1.266063e+07 	
3.35285285e+06 	 6.201626e-06 	 1.265796e+07 	
3.35335335e+06 	 6.196483e-06 	 1.265529e+07 	
3.35385385e+06 	 6.191343e-06 	 1.265262e+07 	
3.35435435e+06 	 6.186207e-06 	 1.264995e+07 	
3.35485485e+06 	 6.181075e-06 	 1.264728e+07 	
3.35535536e+06 	 6.175946e-06 	 1.264462e+07 	
3.35585586e+06 	 6.170822e-06 	 1.264195e+07 	
3.35635636e+06 	 6.165701e-06 	 1.263928e+07 	
3.35685686e+06 	 6.160584e-06 	 1.263662e+07 	
3.35735736e+06 	 6.155471e-06 	 1.263396e+07 	
3.35785786e+06 	 6.150361e-06 	 1.263129e+07 	
3.35835836e+06 	 6.145256e-06 	 1.262863e+07 	
3.35885886e+06 	 6.140154e-06 	 1.262597e+07 	
3.35935936e+06 	 6.135056e-06 	 1.262331e+07 	
3.35985986e+06 	 6.129962e-06 	 1.262065e+07 	
3.36036036e+06 	 6.124871e-06 	 1.261800e+07 	
3.36086086e+06 	 6.119784e-06 	 1.261534e+07 	
3.36136136e+06 	 6.114701e-06 	 1.261268e+07 	
3.36186186e+06 	 6.109622e-06 	 1.261003e+07 	
3.36236236e+06 	 6.104547e-06 	 1.260737e+07 	
3.36286286e+06 	 6.099475e-06 	 1.260472e+07 	
3.36336336e+06 	 6.094407e-06 	 1.260207e+07 	
3.36386386e+06 	 6.089343e-06 	 1.259942e+07 	
3.36436436e+06 	 6.084282e-06 	 1.259677e+07 	
3.36486486e+06 	 6.079225e-06 	 1.259412e+07 	
3.36536537e+06 	 6.074172e-06 	 1.259147e+07 	
3.36586587e+06 	 6.069123e-06 	 1.258882e+07 	
3.36636637e+06 	 6.064077e-06 	 1.258617e+07 	
3.36686687e+06 	 6.059035e-06 	 1.258353e+07 	
3.36736737e+06 	 6.053997e-06 	 1.258088e+07 	
3.36786787e+06 	 6.048963e-06 	 1.257824e+07 	
3.36836837e+06 	 6.043932e-06 	 1.257560e+07 	
3.36886887e+06 	 6.038905e-06 	 1.257296e+07 	
3.36936937e+06 	 6.033881e-06 	 1.257031e+07 	
3.36986987e+06 	 6.028862e-06 	 1.256767e+07 	
3.37037037e+06 	 6.023846e-06 	 1.256504e+07 	
3.37087087e+06 	 6.018834e-06 	 1.256240e+07 	
3.37137137e+06 	 6.013825e-06 	 1.255976e+07 	
3.37187187e+06 	 6.008820e-06 	 1.255712e+07 	
3.37237237e+06 	 6.003819e-06 	 1.255449e+07 	
3.37287287e+06 	 5.998821e-06 	 1.255185e+07 	
3.37337337e+06 	 5.993827e-06 	 1.254922e+07 	
3.37387387e+06 	 5.988837e-06 	 1.254659e+07 	
3.37437437e+06 	 5.983850e-06 	 1.254396e+07 	
3.37487487e+06 	 5.978867e-06 	 1.254133e+07 	
3.37537538e+06 	 5.973888e-06 	 1.253870e+07 	
3.37587588e+06 	 5.968912e-06 	 1.253607e+07 	
3.37637638e+06 	 5.963940e-06 	 1.253344e+07 	
3.37687688e+06 	 5.958972e-06 	 1.253081e+07 	
3.37737738e+06 	 5.954307e-06 	 1.252817e+07 	
3.37787788e+06 	 5.949348e-06 	 1.252555e+07 	
3.37837838e+06 	 5.944393e-06 	 1.252292e+07 	
3.37887888e+06 	 5.939442e-06 	 1.252030e+07 	
3.37937938e+06 	 5.934494e-06 	 1.251768e+07 	
3.37987988e+06 	 5.929550e-06 	 1.251505e+07 	
3.38038038e+06 	 5.924610e-06 	 1.251243e+07 	
3.38088088e+06 	 5.919673e-06 	 1.250981e+07 	
3.38138138e+06 	 5.914740e-06 	 1.250720e+07 	
3.38188188e+06 	 5.909810e-06 	 1.250458e+07 	
3.38238238e+06 	 5.904884e-06 	 1.250196e+07 	
3.38288288e+06 	 5.899962e-06 	 1.249934e+07 	
3.38338338e+06 	 5.895043e-06 	 1.249673e+07 	
3.38388388e+06 	 5.890128e-06 	 1.249412e+07 	
3.38438438e+06 	 5.885216e-06 	 1.249150e+07 	
3.38488488e+06 	 5.880309e-06 	 1.248889e+07 	
3.38538539e+06 	 5.875404e-06 	 1.248628e+07 	
3.38588589e+06 	 5.870503e-06 	 1.248367e+07 	
3.38638639e+06 	 5.865606e-06 	 1.248106e+07 	
3.38688689e+06 	 5.860713e-06 	 1.247845e+07 	
3.38738739e+06 	 5.855823e-06 	 1.247584e+07 	
3.38788789e+06 	 5.850936e-06 	 1.247324e+07 	
3.38838839e+06 	 5.846054e-06 	 1.247063e+07 	
3.38888889e+06 	 5.841174e-06 	 1.246803e+07 	
3.38938939e+06 	 5.836299e-06 	 1.246542e+07 	
3.38988989e+06 	 5.831426e-06 	 1.246282e+07 	
3.39039039e+06 	 5.826558e-06 	 1.246022e+07 	
3.39089089e+06 	 5.821693e-06 	 1.245761e+07 	
3.39139139e+06 	 5.816831e-06 	 1.245501e+07 	
3.39189189e+06 	 5.811973e-06 	 1.245242e+07 	
3.39239239e+06 	 5.807119e-06 	 1.244982e+07 	
3.39289289e+06 	 5.802268e-06 	 1.244722e+07 	
3.39339339e+06 	 5.797421e-06 	 1.244462e+07 	
3.39389389e+06 	 5.792577e-06 	 1.244203e+07 	
3.39439439e+06 	 5.787737e-06 	 1.243943e+07 	
3.39489489e+06 	 5.782900e-06 	 1.243684e+07 	
3.39539540e+06 	 5.778067e-06 	 1.243424e+07 	
3.39589590e+06 	 5.773237e-06 	 1.243165e+07 	
3.39639640e+06 	 5.768411e-06 	 1.242906e+07 	
3.39689690e+06 	 5.763589e-06 	 1.242647e+07 	
3.39739740e+06 	 5.758770e-06 	 1.242388e+07 	
3.39789790e+06 	 5.753954e-06 	 1.242129e+07 	
3.39839840e+06 	 5.749142e-06 	 1.241871e+07 	
3.39889890e+06 	 5.744333e-06 	 1.241612e+07 	
3.39939940e+06 	 5.739528e-06 	 1.241353e+07 	
3.39989990e+06 	 5.734726e-06 	 1.241095e+07 	
3.40040040e+06 	 5.729928e-06 	 1.240836e+07 	
3.40090090e+06 	 5.725134e-06 	 1.240578e+07 	
3.40140140e+06 	 5.720342e-06 	 1.240320e+07 	
3.40190190e+06 	 5.715555e-06 	 1.240062e+07 	
3.40240240e+06 	 5.710770e-06 	 1.239804e+07 	
3.40290290e+06 	 5.705990e-06 	 1.239546e+07 	
3.40340340e+06 	 5.701212e-06 	 1.239288e+07 	
3.40390390e+06 	 5.696439e-06 	 1.239030e+07 	
3.40440440e+06 	 5.691668e-06 	 1.238773e+07 	
3.40490490e+06 	 5.686901e-06 	 1.238515e+07 	
3.40540541e+06 	 5.682138e-06 	 1.238258e+07 	
3.40590591e+06 	 5.677378e-06 	 1.238000e+07 	
3.40640641e+06 	 5.672621e-06 	 1.237743e+07 	
3.40690691e+06 	 5.667868e-06 	 1.237486e+07 	
3.40740741e+06 	 5.663118e-06 	 1.237228e+07 	
3.40790791e+06 	 5.658372e-06 	 1.236971e+07 	
3.40840841e+06 	 5.653629e-06 	 1.236715e+07 	
3.40890891e+06 	 5.648890e-06 	 1.236458e+07 	
3.40940941e+06 	 5.644154e-06 	 1.236201e+07 	
3.40990991e+06 	 5.639421e-06 	 1.235944e+07 	
3.41041041e+06 	 5.634692e-06 	 1.235688e+07 	
3.41091091e+06 	 5.629966e-06 	 1.235431e+07 	
3.41141141e+06 	 5.625244e-06 	 1.235175e+07 	
3.41191191e+06 	 5.620525e-06 	 1.234918e+07 	
3.41241241e+06 	 5.615809e-06 	 1.234662e+07 	
3.41291291e+06 	 5.611097e-06 	 1.234406e+07 	
3.41341341e+06 	 5.606389e-06 	 1.234150e+07 	
3.41391391e+06 	 5.601683e-06 	 1.233894e+07 	
3.41441441e+06 	 5.596981e-06 	 1.233638e+07 	
3.41491491e+06 	 5.592283e-06 	 1.233382e+07 	
3.41541542e+06 	 5.587588e-06 	 1.233127e+07 	
3.41591592e+06 	 5.582896e-06 	 1.232871e+07 	
3.41641642e+06 	 5.578488e-06 	 1.232614e+07 	
3.41691692e+06 	 5.573805e-06 	 1.232359e+07 	
3.41741742e+06 	 5.569125e-06 	 1.232103e+07 	
3.41791792e+06 	 5.564449e-06 	 1.231848e+07 	
3.41841842e+06 	 5.559776e-06 	 1.231593e+07 	
3.41891892e+06 	 5.555107e-06 	 1.231338e+07 	
3.41941942e+06 	 5.550441e-06 	 1.231083e+07 	
3.41991992e+06 	 5.545779e-06 	 1.230828e+07 	
3.42042042e+06 	 5.541119e-06 	 1.230573e+07 	
3.42092092e+06 	 5.536463e-06 	 1.230318e+07 	
3.42142142e+06 	 5.531811e-06 	 1.230064e+07 	
3.42192192e+06 	 5.527162e-06 	 1.229809e+07 	
3.42242242e+06 	 5.522516e-06 	 1.229555e+07 	
3.42292292e+06 	 5.517874e-06 	 1.229300e+07 	
3.42342342e+06 	 5.513234e-06 	 1.229046e+07 	
3.42392392e+06 	 5.508599e-06 	 1.228792e+07 	
3.42442442e+06 	 5.503966e-06 	 1.228538e+07 	
3.42492492e+06 	 5.499337e-06 	 1.228284e+07 	
3.42542543e+06 	 5.494711e-06 	 1.228030e+07 	
3.42592593e+06 	 5.490089e-06 	 1.227776e+07 	
3.42642643e+06 	 5.485470e-06 	 1.227522e+07 	
3.42692693e+06 	 5.480854e-06 	 1.227269e+07 	
3.42742743e+06 	 5.476241e-06 	 1.227015e+07 	
3.42792793e+06 	 5.471632e-06 	 1.226762e+07 	
3.42842843e+06 	 5.467026e-06 	 1.226508e+07 	
3.42892893e+06 	 5.462424e-06 	 1.226255e+07 	
3.42942943e+06 	 5.457824e-06 	 1.226002e+07 	
3.42992993e+06 	 5.453228e-06 	 1.225749e+07 	
3.43043043e+06 	 5.448636e-06 	 1.225496e+07 	
3.43093093e+06 	 5.444046e-06 	 1.225243e+07 	
3.43143143e+06 	 5.439460e-06 	 1.224990e+07 	
3.43193193e+06 	 5.434877e-06 	 1.224737e+07 	
3.43243243e+06 	 5.430298e-06 	 1.224484e+07 	
3.43293293e+06 	 5.425722e-06 	 1.224232e+07 	
3.43343343e+06 	 5.421149e-06 	 1.223979e+07 	
3.43393393e+06 	 5.416579e-06 	 1.223727e+07 	
3.43443443e+06 	 5.412013e-06 	 1.223474e+07 	
3.43493493e+06 	 5.407449e-06 	 1.223222e+07 	
3.43543544e+06 	 5.402890e-06 	 1.222970e+07 	
3.43593594e+06 	 5.398333e-06 	 1.222718e+07 	
3.43643644e+06 	 5.393779e-06 	 1.222466e+07 	
3.43693694e+06 	 5.389229e-06 	 1.222214e+07 	
3.43743744e+06 	 5.384682e-06 	 1.221962e+07 	
3.43793794e+06 	 5.380139e-06 	 1.221711e+07 	
3.43843844e+06 	 5.375598e-06 	 1.221459e+07 	
3.43893894e+06 	 5.371061e-06 	 1.221207e+07 	
3.43943944e+06 	 5.366527e-06 	 1.220956e+07 	
3.43993994e+06 	 5.361997e-06 	 1.220705e+07 	
3.44044044e+06 	 5.357469e-06 	 1.220453e+07 	
3.44094094e+06 	 5.352945e-06 	 1.220202e+07 	
3.44144144e+06 	 5.348424e-06 	 1.219951e+07 	
3.44194194e+06 	 5.343906e-06 	 1.219700e+07 	
3.44244244e+06 	 5.339392e-06 	 1.219449e+07 	
3.44294294e+06 	 5.334880e-06 	 1.219198e+07 	
3.44344344e+06 	 5.330372e-06 	 1.218947e+07 	
3.44394394e+06 	 5.325867e-06 	 1.218697e+07 	
3.44444444e+06 	 5.321365e-06 	 1.218446e+07 	
3.44494494e+06 	 5.316867e-06 	 1.218196e+07 	
3.44544545e+06 	 5.312372e-06 	 1.217945e+07 	
3.44594595e+06 	 5.307879e-06 	 1.217695e+07 	
3.44644645e+06 	 5.303390e-06 	 1.217445e+07 	
3.44694695e+06 	 5.298905e-06 	 1.217195e+07 	
3.44744745e+06 	 5.294422e-06 	 1.216944e+07 	
3.44794795e+06 	 5.289943e-06 	 1.216694e+07 	
3.44844845e+06 	 5.285466e-06 	 1.216445e+07 	
3.44894895e+06 	 5.280993e-06 	 1.216195e+07 	
3.44944945e+06 	 5.276523e-06 	 1.215945e+07 	
3.44994995e+06 	 5.272057e-06 	 1.215695e+07 	
3.45045045e+06 	 5.267593e-06 	 1.215446e+07 	
3.45095095e+06 	 5.263133e-06 	 1.215196e+07 	
3.45145145e+06 	 5.258676e-06 	 1.214947e+07 	
3.45195195e+06 	 5.254221e-06 	 1.214698e+07 	
3.45245245e+06 	 5.249771e-06 	 1.214449e+07 	
3.45295295e+06 	 5.245323e-06 	 1.214199e+07 	
3.45345345e+06 	 5.240878e-06 	 1.213950e+07 	
3.45395395e+06 	 5.236437e-06 	 1.213702e+07 	
3.45445445e+06 	 5.231998e-06 	 1.213453e+07 	
3.45495495e+06 	 5.227563e-06 	 1.213204e+07 	
3.45545546e+06 	 5.223131e-06 	 1.212955e+07 	
3.45595596e+06 	 5.218964e-06 	 1.212705e+07 	
3.45645646e+06 	 5.214540e-06 	 1.212457e+07 	
3.45695696e+06 	 5.210119e-06 	 1.212208e+07 	
3.45745746e+06 	 5.205702e-06 	 1.211960e+07 	
3.45795796e+06 	 5.201287e-06 	 1.211711e+07 	
3.45845846e+06 	 5.196876e-06 	 1.211463e+07 	
3.45895896e+06 	 5.192468e-06 	 1.211215e+07 	
3.45945946e+06 	 5.188063e-06 	 1.210967e+07 	
3.45995996e+06 	 5.183661e-06 	 1.210719e+07 	
3.46046046e+06 	 5.179262e-06 	 1.210471e+07 	
3.46096096e+06 	 5.174867e-06 	 1.210224e+07 	
3.46146146e+06 	 5.170474e-06 	 1.209976e+07 	
3.46196196e+06 	 5.166085e-06 	 1.209728e+07 	
3.46246246e+06 	 5.161698e-06 	 1.209481e+07 	
3.46296296e+06 	 5.157315e-06 	 1.209234e+07 	
3.46346346e+06 	 5.152935e-06 	 1.208986e+07 	
3.46396396e+06 	 5.148558e-06 	 1.208739e+07 	
3.46446446e+06 	 5.144184e-06 	 1.208492e+07 	
3.46496496e+06 	 5.139813e-06 	 1.208245e+07 	
3.46546547e+06 	 5.135445e-06 	 1.207998e+07 	
3.46596597e+06 	 5.131081e-06 	 1.207751e+07 	
3.46646647e+06 	 5.126719e-06 	 1.207504e+07 	
3.46696697e+06 	 5.122361e-06 	 1.207257e+07 	
3.46746747e+06 	 5.118005e-06 	 1.207011e+07 	
3.46796797e+06 	 5.113653e-06 	 1.206764e+07 	
3.46846847e+06 	 5.109303e-06 	 1.206518e+07 	
3.46896897e+06 	 5.104957e-06 	 1.206271e+07 	
3.46946947e+06 	 5.100614e-06 	 1.206025e+07 	
3.46996997e+06 	 5.096274e-06 	 1.205779e+07 	
3.47047047e+06 	 5.091937e-06 	 1.205533e+07 	
3.47097097e+06 	 5.087603e-06 	 1.205287e+07 	
3.47147147e+06 	 5.083272e-06 	 1.205041e+07 	
3.47197197e+06 	 5.078944e-06 	 1.204795e+07 	
3.47247247e+06 	 5.074619e-06 	 1.204549e+07 	
3.47297297e+06 	 5.070297e-06 	 1.204303e+07 	
3.47347347e+06 	 5.065978e-06 	 1.204058e+07 	
3.47397397e+06 	 5.061662e-06 	 1.203812e+07 	
3.47447447e+06 	 5.057350e-06 	 1.203567e+07 	
3.47497497e+06 	 5.053040e-06 	 1.203321e+07 	
3.47547548e+06 	 5.048733e-06 	 1.203076e+07 	
3.47597598e+06 	 5.044429e-06 	 1.202831e+07 	
3.47647648e+06 	 5.040129e-06 	 1.202586e+07 	
3.47697698e+06 	 5.035831e-06 	 1.202341e+07 	
3.47747748e+06 	 5.031537e-06 	 1.202096e+07 	
3.47797798e+06 	 5.027245e-06 	 1.201851e+07 	
3.47847848e+06 	 5.022956e-06 	 1.201606e+07 	
3.47897898e+06 	 5.018671e-06 	 1.201361e+07 	
3.47947948e+06 	 5.014388e-06 	 1.201117e+07 	
3.47997998e+06 	 5.010108e-06 	 1.200872e+07 	
3.48048048e+06 	 5.005832e-06 	 1.200628e+07 	
3.48098098e+06 	 5.001558e-06 	 1.200384e+07 	
3.48148148e+06 	 4.997288e-06 	 1.200139e+07 	
3.48198198e+06 	 4.993020e-06 	 1.199895e+07 	
3.48248248e+06 	 4.988755e-06 	 1.199651e+07 	
3.48298298e+06 	 4.984494e-06 	 1.199407e+07 	
3.48348348e+06 	 4.980235e-06 	 1.199163e+07 	
3.48398398e+06 	 4.975979e-06 	 1.198919e+07 	
3.48448448e+06 	 4.971726e-06 	 1.198675e+07 	
3.48498498e+06 	 4.967476e-06 	 1.198432e+07 	
3.48548549e+06 	 4.963230e-06 	 1.198188e+07 	
3.48598599e+06 	 4.958986e-06 	 1.197945e+07 	
3.48648649e+06 	 4.954745e-06 	 1.197701e+07 	
3.48698699e+06 	 4.950507e-06 	 1.197458e+07 	
3.48748749e+06 	 4.946272e-06 	 1.197215e+07 	
3.48798799e+06 	 4.942040e-06 	 1.196971e+07 	
3.48848849e+06 	 4.937811e-06 	 1.196728e+07 	
3.48898899e+06 	 4.933585e-06 	 1.196485e+07 	
3.48948949e+06 	 4.929361e-06 	 1.196242e+07 	
3.48998999e+06 	 4.925141e-06 	 1.195999e+07 	
3.49049049e+06 	 4.920924e-06 	 1.195757e+07 	
3.49099099e+06 	 4.916709e-06 	 1.195514e+07 	
3.49149149e+06 	 4.912498e-06 	 1.195271e+07 	
3.49199199e+06 	 4.908289e-06 	 1.195029e+07 	
3.49249249e+06 	 4.904083e-06 	 1.194786e+07 	
3.49299299e+06 	 4.899881e-06 	 1.194544e+07 	
3.49349349e+06 	 4.895681e-06 	 1.194302e+07 	
3.49399399e+06 	 4.891484e-06 	 1.194060e+07 	
3.49449449e+06 	 4.887290e-06 	 1.193818e+07 	
3.49499499e+06 	 4.883099e-06 	 1.193576e+07 	
3.49549550e+06 	 4.878911e-06 	 1.193334e+07 	
3.49599600e+06 	 4.874726e-06 	 1.193092e+07 	
3.49649650e+06 	 4.870789e-06 	 1.192848e+07 	
3.49699700e+06 	 4.866611e-06 	 1.192607e+07 	
3.49749750e+06 	 4.862436e-06 	 1.192365e+07 	
3.49799800e+06 	 4.858265e-06 	 1.192124e+07 	
3.49849850e+06 	 4.854096e-06 	 1.191882e+07 	
3.49899900e+06 	 4.849930e-06 	 1.191641e+07 	
3.49949950e+06 	 4.845767e-06 	 1.191399e+07 	
3.50000000e+06 	 4.841607e-06 	 1.191158e+07 	
3.51986847e+06 	 4.678766e-06 	 1.181649e+07 	
3.53984972e+06 	 4.519660e-06 	 1.172214e+07 	
3.55994440e+06 	 4.363796e-06 	 1.162853e+07 	
3.58015316e+06 	 4.211040e-06 	 1.153568e+07 	
3.60047663e+06 	 4.061661e-06 	 1.144356e+07 	
3.62091547e+06 	 3.915602e-06 	 1.135215e+07 	
3.64147034e+06 	 3.772443e-06 	 1.126148e+07 	
3.66214189e+06 	 3.632248e-06 	 1.117153e+07 	
3.68293079e+06 	 3.494691e-06 	 1.108232e+07 	
3.70383770e+06 	 3.360094e-06 	 1.099382e+07 	
3.72486329e+06 	 3.227978e-06 	 1.090606e+07 	
3.74600824e+06 	 3.098625e-06 	 1.081900e+07 	
3.76727322e+06 	 2.971594e-06 	 1.073268e+07 	
3.78865892e+06 	 2.847130e-06 	 1.064706e+07 	
3.81016602e+06 	 2.725177e-06 	 1.056215e+07 	
3.83179521e+06 	 2.605358e-06 	 1.047798e+07 	
3.85354718e+06 	 2.487569e-06 	 1.039456e+07 	
3.87542263e+06 	 2.371994e-06 	 1.031185e+07 	
3.89742226e+06 	 2.258572e-06 	 1.022987e+07 	
3.91954677e+06 	 2.146996e-06 	 1.014866e+07 	
3.94179688e+06 	 2.037173e-06 	 1.006823e+07 	
3.96417330e+06 	 1.929240e-06 	 9.988557e+06 	
3.98667674e+06 	 1.822930e-06 	 9.909701e+06 	
4.00930793e+06 	 1.718361e-06 	 9.831655e+06 	
4.03206758e+06 	 1.615491e-06 	 9.754440e+06 	
4.05495644e+06 	 1.514116e-06 	 9.678115e+06 	
4.07797523e+06 	 1.414358e-06 	 9.602693e+06 	
4.10112469e+06 	 1.316070e-06 	 9.528244e+06 	
4.12440557e+06 	 1.219394e-06 	 9.454797e+06 	
4.14781860e+06 	 1.124258e-06 	 9.382440e+06 	
4.17136454e+06 	 1.030855e-06 	 9.311221e+06 	
4.19504415e+06 	 9.392184e-07 	 9.241251e+06 	
4.21885817e+06 	 8.495350e-07 	 9.172635e+06 	
4.24280739e+06 	 7.621405e-07 	 9.105459e+06 	
4.26689255e+06 	 6.772908e-07 	 9.039880e+06 	
4.29111444e+06 	 5.954618e-07 	 8.976013e+06 	
4.31547383e+06 	 5.171437e-07 	 8.914008e+06 	
4.33997150e+06 	 4.428473e-07 	 8.854056e+06 	
4.36460824e+06 	 3.732349e-07 	 8.796298e+06 	
4.38938483e+06 	 3.089039e-07 	 8.740931e+06 	
4.41430207e+06 	 2.504584e-07 	 8.688134e+06 	
4.43936076e+06 	 1.984687e-07 	 8.637995e+06 	
4.46456170e+06 	 1.532888e-07 	 8.590644e+06 	
4.48990570e+06 	 1.150692e-07 	 8.546180e+06 	
4.51539357e+06 	 8.373328e-08 	 8.504557e+06 	
4.54102612e+06 	 5.889691e-08 	 8.465777e+06 	
4.56680419e+06 	 3.994547e-08 	 8.429668e+06 	
4.59272859e+06 	 2.606020e-08 	 8.396063e+06 	
4.61880015e+06 	 1.632110e-08 	 8.364649e+06 	
4.64501972e+06 	 9.794645e-09 	 8.335315e+06 	
4.67138812e+06 	 5.626155e-09 	 8.307430e+06 	
4.69790621e+06 	 3.090200e-09 	 8.280972e+06 	
4.72457484e+06 	 1.622430e-09 	 8.254972e+06 	
5.27017113e+06 	 1.000000e-20 	 7.799918e+06 	
5.87877316e+06 	 1.000000e-20 	 7.372569e+06 	
6.55765686e+06 	 1.000000e-20 	 6.969932e+06 	
7.31493839e+06 	 1.000000e-20 	 6.590371e+06 	
8.15967118e+06 	 1.000000e-20 	 6.232391e+06 	
9.10195414e+06 	 1.000000e-20 	 5.894622e+06 	
1.01530524e+07 	 1.000000e-20 	 5.575802e+06 	
1.13255320e+07 	 1.000000e-20 	 5.274768e+06 	
1.26334102e+07 	 1.000000e-20 	 4.990442e+06 	
1.40923228e+07 	 1.000000e-20 	 4.721827e+06 	
1.57197114e+07 	 1.000000e-20 	 4.467995e+06 	
1.75350316e+07 	 1.000000e-20 	 4.228082e+06 	
1.95599859e+07 	 1.000000e-20 	 4.001283e+06 	
2.18187830e+07 	 1.000000e-20 	 3.786845e+06 	
2.43384271e+07 	 1.000000e-20 	 3.584064e+06 	
2.71490410e+07 	 1.000000e-20 	 3.392283e+06 	
3.02842260e+07 	 1.000000e-20 	 3.210881e+06 	
3.37814637e+07 	 1.000000e-20 	 3.039280e+06 	
3.76825643e+07 	 1.000000e-20 	 2.876935e+06 	
4.20341659e+07 	 1.000000e-20 	 2.723333e+06 	
4.68882926e+07 	 1.000000e-20 	 2.577993e+06 	
5.23029764e+07 	 1.000000e-20 	 2.440462e+06 	
5.83429506e+07 	 1.000000e-20 	 2.310311e+06 	
6.50804240e+07 	 1.000000e-20 	 2.187138e+06 	
7.25959443e+07 	 1.000000e-20 	 2.070563e+06 	
8.09793607e+07 	 1.000000e-20 	 1.960228e+06 	
9.03308983e+07 	 1.000000e-20 	 1.855796e+06 	
1.00762356e+08 	 1.000000e-20 	 1.756946e+06 	
1.12398444e+08 	 1.000000e-20 	 1.663377e+06 	
1.25378273e+08 	 1.000000e-20 	 1.574806e+06 	
1.39857020e+08 	 1.000000e-20 	 1.490962e+06 	
1.56007779e+08 	 1.000000e-20 	 1.411593e+06 	
1.74023636e+08 	 1.000000e-20 	 1.336456e+06 	
1.94119974e+08 	 1.000000e-20 	 1.265327e+06 	
2.16537047e+08 	 1.000000e-20 	 1.197989e+06 	
2.41542854e+08 	 1.000000e-20 	 1.134240e+06 	
2.69436346e+08 	 1.000000e-20 	 1.073887e+06 	
3.00550991e+08 	 1.000000e-20 	 1.016749e+06 	
3.35258772e+08 	 1.000000e-20 	 9.626551e+05 	
3.73974624e+08 	 1.000000e-20 	 9.114414e+05 	
4.17161403e+08 	 1.000000e-20 	 8.629546e+05 	
4.65335413e+08 	 1.000000e-20 	 8.170491e+05 	
5.19072582e+08 	 1.000000e-20 	 7.735871e+05 	
5.79015347e+08 	 1.000000e-20 	 7.324385e+05 	
6.45880332e+08 	 1.000000e-20 	 6.934798e+05 	
7.20466920e+08 	 1.000000e-20 	 6.565944e+05 	
8.03666804e+08 	 1.000000e-20 	 6.216717e+05 	
8.96474653e+08 	 1.000000e-20 	 5.886071e+05 	
1.00000000e+09 	 1.000000e-20 	 5.573018e+05 	
