r (cm)        	 rho (g/cm3) 	 T (K)       		 Linf = 2.786100e+38
1.30003512e+06 	 8.364703e+04 	 1.131841e+09 	
1.30019873e+06 	 7.279019e+04 	 1.092644e+09 	
1.30034755e+06 	 6.396273e+04 	 1.057439e+09 	
1.30049637e+06 	 5.604945e+04 	 1.022671e+09 	
1.30064518e+06 	 4.897435e+04 	 9.883544e+08 	
1.30079400e+06 	 4.266587e+04 	 9.545015e+08 	
1.30094281e+06 	 3.705684e+04 	 9.211265e+08 	
1.30108983e+06 	 3.214072e+04 	 8.886372e+08 	
1.30123685e+06 	 2.778901e+04 	 8.566422e+08 	
1.30138387e+06 	 2.394870e+04 	 8.251558e+08 	
1.30150566e+06 	 2.111945e+04 	 7.994693e+08 	
1.30162745e+06 	 1.858094e+04 	 7.741504e+08 	
1.30174923e+06 	 1.630854e+04 	 7.492075e+08 	
1.30187102e+06 	 1.427917e+04 	 7.246496e+08 	
1.30199280e+06 	 1.247124e+04 	 7.004853e+08 	
1.30211431e+06 	 1.086809e+04 	 6.767778e+08 	
1.30223581e+06 	 9.446696e+03 	 6.534799e+08 	
1.30235732e+06 	 8.189735e+03 	 6.306005e+08 	
1.30245769e+06 	 7.264001e+03 	 6.120229e+08 	
1.30255806e+06 	 6.431082e+03 	 5.937418e+08 	
1.30265843e+06 	 5.683099e+03 	 5.757624e+08 	
1.30275880e+06 	 5.012693e+03 	 5.580895e+08 	
1.30285917e+06 	 4.413003e+03 	 5.407281e+08 	
1.30295954e+06 	 3.877646e+03 	 5.236828e+08 	
1.30306080e+06 	 3.396685e+03 	 5.068107e+08 	
1.30316207e+06 	 2.969536e+03 	 4.902700e+08 	
1.30326333e+06 	 2.590988e+03 	 4.740652e+08 	
1.30334750e+06 	 2.309873e+03 	 4.608551e+08 	
1.30343167e+06 	 2.056452e+03 	 4.478826e+08 	
1.30351584e+06 	 1.828342e+03 	 4.351501e+08 	
1.30360001e+06 	 1.623331e+03 	 4.226597e+08 	
1.30368417e+06 	 1.439363e+03 	 4.104135e+08 	
1.30376834e+06 	 1.274534e+03 	 3.984136e+08 	
1.30385251e+06 	 1.127083e+03 	 3.866619e+08 	
1.30393982e+06 	 9.907542e+02 	 3.747357e+08 	
1.30402713e+06 	 8.697038e+02 	 3.630801e+08 	
1.30409913e+06 	 7.802835e+02 	 3.536728e+08 	
1.30417112e+06 	 6.994167e+02 	 3.444512e+08 	
1.30424312e+06 	 6.263680e+02 	 3.354159e+08 	
1.30431512e+06 	 5.604560e+02 	 3.265676e+08 	
1.30438712e+06 	 5.010500e+02 	 3.179066e+08 	
1.30445912e+06 	 4.475673e+02 	 3.094332e+08 	
1.30453112e+06 	 3.994702e+02 	 3.011476e+08 	
1.30460312e+06 	 3.562633e+02 	 2.930499e+08 	
1.30467512e+06 	 3.174911e+02 	 2.851399e+08 	
1.30474712e+06 	 2.827349e+02 	 2.774174e+08 	
1.30482335e+06 	 2.498891e+02 	 2.694456e+08 	
1.30488665e+06 	 2.254072e+02 	 2.629843e+08 	
1.30494995e+06 	 2.032275e+02 	 2.566669e+08 	
1.30501326e+06 	 1.831487e+02 	 2.504929e+08 	
1.30507656e+06 	 1.649849e+02 	 2.444616e+08 	
1.30513986e+06 	 1.485652e+02 	 2.385723e+08 	
1.30520317e+06 	 1.337322e+02 	 2.328243e+08 	
1.30526647e+06 	 1.203415e+02 	 2.272168e+08 	
1.30532977e+06 	 1.082606e+02 	 2.217486e+08 	
1.30539307e+06 	 9.736794e+01 	 2.164189e+08 	
1.30545638e+06 	 8.755245e+01 	 2.112264e+08 	
1.30551968e+06 	 7.871252e+01 	 2.061699e+08 	
1.30558298e+06 	 7.075534e+01 	 2.012482e+08 	
1.30564629e+06 	 6.359630e+01 	 1.964598e+08 	
1.30570959e+06 	 5.715831e+01 	 1.918033e+08 	
1.30577289e+06 	 5.137121e+01 	 1.872771e+08 	
1.30583620e+06 	 4.617122e+01 	 1.828795e+08 	
1.30589950e+06 	 4.150044e+01 	 1.786089e+08 	
1.30596349e+06 	 3.726340e+01 	 1.744193e+08 	
1.30602748e+06 	 3.346428e+01 	 1.703557e+08 	
1.30609146e+06 	 3.005863e+01 	 1.664161e+08 	
1.30615545e+06 	 2.700633e+01 	 1.625985e+08 	
1.30621944e+06 	 2.427115e+01 	 1.589007e+08 	
1.30628343e+06 	 2.182042e+01 	 1.553205e+08 	
1.30634742e+06 	 1.962473e+01 	 1.518557e+08 	
1.30641140e+06 	 1.765759e+01 	 1.485042e+08 	
1.30647539e+06 	 1.589518e+01 	 1.452634e+08 	
1.30653938e+06 	 1.431611e+01 	 1.421311e+08 	
1.30660337e+06 	 1.290114e+01 	 1.391049e+08 	
1.30666736e+06 	 1.163305e+01 	 1.361823e+08 	
1.30673134e+06 	 1.049636e+01 	 1.333609e+08 	
1.30679533e+06 	 9.477220e+00 	 1.306382e+08 	
1.30685932e+06 	 8.563216e+00 	 1.280117e+08 	
1.30692331e+06 	 7.743238e+00 	 1.254789e+08 	
1.30698730e+06 	 7.007345e+00 	 1.230372e+08 	
1.30705128e+06 	 6.346646e+00 	 1.206843e+08 	
1.30713037e+06 	 5.622197e+00 	 1.178949e+08 	
1.30720945e+06 	 4.987280e+00 	 1.152325e+08 	
1.30728854e+06 	 4.430374e+00 	 1.126922e+08 	
1.30736762e+06 	 3.941458e+00 	 1.102694e+08 	
1.30744670e+06 	 3.511823e+00 	 1.079595e+08 	
1.30752579e+06 	 3.133896e+00 	 1.057580e+08 	
1.30760487e+06 	 2.801096e+00 	 1.036604e+08 	
1.30768396e+06 	 2.507704e+00 	 1.016624e+08 	
1.30776304e+06 	 2.248746e+00 	 9.975949e+07 	
1.30784213e+06 	 2.019901e+00 	 9.794767e+07 	
1.30792121e+06 	 1.817408e+00 	 9.622279e+07 	
1.30800029e+06 	 1.637999e+00 	 9.458090e+07 	
1.30807938e+06 	 1.478826e+00 	 9.301813e+07 	
1.30815846e+06 	 1.337413e+00 	 9.153075e+07 	
1.30823755e+06 	 1.211601e+00 	 9.011516e+07 	
1.30833760e+06 	 1.071875e+00 	 8.842167e+07 	
1.30843765e+06 	 9.508594e-01 	 8.683076e+07 	
1.30853771e+06 	 8.457995e-01 	 8.533600e+07 	
1.30863776e+06 	 7.543743e-01 	 8.393130e+07 	
1.30873781e+06 	 6.746227e-01 	 8.261088e+07 	
1.30883786e+06 	 6.048864e-01 	 8.136931e+07 	
1.30893792e+06 	 5.437604e-01 	 8.020145e+07 	
1.30906420e+06 	 4.770699e-01 	 7.882520e+07 	
1.30919048e+06 	 4.202115e-01 	 7.754965e+07 	
1.30931676e+06 	 3.715522e-01 	 7.636650e+07 	
1.30944304e+06 	 3.297539e-01 	 7.526807e+07 	
1.30956933e+06 	 2.937170e-01 	 7.424734e+07 	
1.30969561e+06 	 2.625350e-01 	 7.329788e+07 	
1.30984630e+06 	 2.306435e-01 	 7.225000e+07 	
1.30999699e+06 	 2.035636e-01 	 7.128616e+07 	
1.31014768e+06 	 1.804593e-01 	 7.039824e+07 	
1.31029837e+06 	 1.606552e-01 	 6.957894e+07 	
1.31044906e+06 	 1.436037e-01 	 6.882173e+07 	
1.31066323e+06 	 1.232465e-01 	 6.784100e+07 	
1.31087740e+06 	 1.065499e-01 	 6.695926e+07 	
1.31109158e+06 	 9.274618e-02 	 6.616389e+07 	
1.31130575e+06 	 8.124777e-02 	 6.544410e+07 	
1.31156140e+06 	 6.991558e-02 	 6.467106e+07 	
1.31181705e+06 	 6.063860e-02 	 6.397924e+07 	
1.31207270e+06 	 5.297594e-02 	 6.335748e+07 	
1.31232835e+06 	 4.659364e-02 	 6.279638e+07 	
1.31269739e+06 	 3.913466e-02 	 6.207767e+07 	
1.31306644e+06 	 3.325492e-02 	 6.144965e+07 	
1.31343549e+06 	 2.855650e-02 	 6.089690e+07 	
1.31392795e+06 	 2.364666e-02 	 6.025556e+07 	
1.31442041e+06 	 1.987301e-02 	 5.970378e+07 	
1.31491287e+06 	 1.692105e-02 	 5.922425e+07 	
1.31558507e+06 	 1.383911e-02 	 5.866277e+07 	
1.31625726e+06 	 1.152960e-02 	 5.818622e+07 	
1.31692946e+06 	 9.759957e-03 	 5.777626e+07 	
1.31786597e+06 	 7.916073e-03 	 5.729121e+07 	
1.31880249e+06 	 6.566744e-03 	 5.688326e+07 	
1.31973900e+06 	 5.551992e-03 	 5.653413e+07 	
1.32110486e+06 	 4.471946e-03 	 5.610443e+07 	
1.32247072e+06 	 3.704235e-03 	 5.574506e+07 	
1.32383657e+06 	 3.139704e-03 	 5.543771e+07 	
1.32568418e+06 	 2.586734e-03 	 5.508315e+07 	
1.32753179e+06 	 2.191754e-03 	 5.478057e+07 	
1.32937939e+06 	 1.899805e-03 	 5.451638e+07 	
1.33122700e+06 	 1.677868e-03 	 5.428136e+07 	
1.33405022e+06 	 1.428997e-03 	 5.396440e+07 	
1.33687344e+06 	 1.251849e-03 	 5.368511e+07 	
1.33969666e+06 	 1.121204e-03 	 5.343338e+07 	
1.34404632e+06 	 9.780843e-04 	 5.308448e+07 	
1.34638602e+06 	 9.207979e-04 	 5.291147e+07 	
1.35174097e+06 	 8.230210e-04 	 5.254340e+07 	
1.35574994e+06 	 7.704889e-04 	 5.228698e+07 	
1.36278786e+06 	 7.044780e-04 	 5.186452e+07 	
1.36796451e+06 	 6.696561e-04 	 5.157019e+07 	
1.37732812e+06 	 6.240714e-04 	 5.106228e+07 	
1.38400151e+06 	 6.000644e-04 	 5.071444e+07 	
1.39661329e+06 	 5.653913e-04 	 5.008006e+07 	
1.40614954e+06 	 5.445943e-04 	 4.961583e+07 	
1.42469319e+06 	 5.110147e-04 	 4.874283e+07 	
1.43776497e+06 	 4.904537e-04 	 4.814756e+07 	
1.44127653e+06 	 4.852228e-04 	 4.799024e+07 	
1.44162769e+06 	 4.847055e-04 	 4.797457e+07 	
1.44166280e+06 	 4.846539e-04 	 4.797300e+07 	
1.44166632e+06 	 4.846487e-04 	 4.797284e+07 	
1.44166667e+06 	 4.846482e-04 	 4.797283e+07 	
1.46666667e+06 	 4.500944e-04 	 4.688303e+07 	
1.48333333e+06 	 4.290832e-04 	 4.618354e+07 	
1.50833333e+06 	 4.000471e-04 	 4.517219e+07 	
1.53333333e+06 	 3.735687e-04 	 4.420358e+07 	
1.55000000e+06 	 3.571976e-04 	 4.358029e+07 	
1.57500000e+06 	 3.343425e-04 	 4.267713e+07 	
1.59166667e+06 	 3.201693e-04 	 4.209527e+07 	
1.61666667e+06 	 3.003342e-04 	 4.125124e+07 	
1.64166667e+06 	 2.820790e-04 	 4.043998e+07 	
1.65833333e+06 	 2.707115e-04 	 3.991645e+07 	
1.68333333e+06 	 2.547524e-04 	 3.915580e+07 	
1.70833333e+06 	 2.400093e-04 	 3.842334e+07 	
1.73333333e+06 	 2.263668e-04 	 3.771754e+07 	
1.75000000e+06 	 2.178265e-04 	 3.726111e+07 	
1.77500000e+06 	 2.058014e-04 	 3.659669e+07 	
1.80000000e+06 	 1.946383e-04 	 3.595541e+07 	
1.82500000e+06 	 1.842530e-04 	 3.533608e+07 	
1.85000000e+06 	 1.745817e-04 	 3.473763e+07 	
1.87500000e+06 	 1.655661e-04 	 3.415904e+07 	
1.90000000e+06 	 1.571503e-04 	 3.359934e+07 	
1.92500000e+06 	 1.492892e-04 	 3.305765e+07 	
1.95000000e+06 	 1.419399e-04 	 3.253315e+07 	
1.97500000e+06 	 1.350585e-04 	 3.202503e+07 	
2.00000000e+06 	 1.286092e-04 	 3.153255e+07 	
2.02500000e+06 	 1.225590e-04 	 3.105501e+07 	
2.05000000e+06 	 1.168780e-04 	 3.059176e+07 	
2.07500000e+06 	 1.115382e-04 	 3.014217e+07 	
2.10000000e+06 	 1.065164e-04 	 2.970567e+07 	
2.12500000e+06 	 1.017877e-04 	 2.928170e+07 	
2.15000000e+06 	 9.733276e-05 	 2.886974e+07 	
2.17500000e+06 	 9.313067e-05 	 2.846929e+07 	
2.20000000e+06 	 8.916490e-05 	 2.807989e+07 	
2.22500000e+06 	 8.541958e-05 	 2.770111e+07 	
2.25000000e+06 	 8.187883e-05 	 2.733250e+07 	
2.27500000e+06 	 7.852934e-05 	 2.697369e+07 	
2.30000000e+06 	 7.535820e-05 	 2.662428e+07 	
2.32500000e+06 	 7.235447e-05 	 2.628393e+07 	
2.35000000e+06 	 6.950657e-05 	 2.595229e+07 	
2.37500000e+06 	 6.680510e-05 	 2.562904e+07 	
2.40000000e+06 	 6.424105e-05 	 2.531388e+07 	
2.42500000e+06 	 6.180540e-05 	 2.500650e+07 	
2.45000000e+06 	 5.949025e-05 	 2.470662e+07 	
2.47500000e+06 	 5.728854e-05 	 2.441399e+07 	
2.50000000e+06 	 5.519327e-05 	 2.412834e+07 	
2.52500000e+06 	 5.319835e-05 	 2.384944e+07 	
2.55000000e+06 	 5.129770e-05 	 2.357705e+07 	
2.57500000e+06 	 4.948599e-05 	 2.331095e+07 	
2.60000000e+06 	 4.775808e-05 	 2.305093e+07 	
2.62500000e+06 	 4.610911e-05 	 2.279679e+07 	
2.65000000e+06 	 4.453463e-05 	 2.254833e+07 	
2.67500000e+06 	 4.303067e-05 	 2.230537e+07 	
2.70000000e+06 	 4.159322e-05 	 2.206774e+07 	
2.72500000e+06 	 4.021879e-05 	 2.183525e+07 	
2.75000000e+06 	 3.890384e-05 	 2.160776e+07 	
2.77500000e+06 	 3.764534e-05 	 2.138510e+07 	
2.80000000e+06 	 3.644020e-05 	 2.116713e+07 	
2.82500000e+06 	 3.528562e-05 	 2.095370e+07 	
2.85000000e+06 	 3.417908e-05 	 2.074467e+07 	
2.87500000e+06 	 3.311808e-05 	 2.053991e+07 	
2.90000000e+06 	 3.210031e-05 	 2.033930e+07 	
2.92500000e+06 	 3.112359e-05 	 2.014271e+07 	
2.95000000e+06 	 3.018590e-05 	 1.995002e+07 	
2.97500000e+06 	 2.928528e-05 	 1.976112e+07 	
3.00000000e+06 	 2.841998e-05 	 1.957591e+07 	
3.02500000e+06 	 2.758822e-05 	 1.939427e+07 	
3.05000000e+06 	 2.678847e-05 	 1.921611e+07 	
3.07500000e+06 	 2.601912e-05 	 1.904133e+07 	
3.10000000e+06 	 2.527883e-05 	 1.886984e+07 	
3.12500000e+06 	 2.456622e-05 	 1.870154e+07 	
3.15000000e+06 	 2.387998e-05 	 1.853636e+07 	
3.17500000e+06 	 2.321894e-05 	 1.837420e+07 	
3.20000000e+06 	 2.258192e-05 	 1.821498e+07 	
3.22500000e+06 	 2.196788e-05 	 1.805863e+07 	
3.25000000e+06 	 2.137575e-05 	 1.790507e+07 	
3.27500000e+06 	 2.080460e-05 	 1.775424e+07 	
3.30000000e+06 	 2.025352e-05 	 1.760605e+07 	
3.32500000e+06 	 1.972160e-05 	 1.746044e+07 	
3.35000000e+06 	 1.920802e-05 	 1.731734e+07 	
3.37500000e+06 	 1.871202e-05 	 1.717670e+07 	
3.40000000e+06 	 1.823283e-05 	 1.703845e+07 	
3.42500000e+06 	 1.776978e-05 	 1.690253e+07 	
3.45000000e+06 	 1.732215e-05 	 1.676889e+07 	
3.47500000e+06 	 1.688933e-05 	 1.663746e+07 	
3.50000000e+06 	 1.647072e-05 	 1.650820e+07 	
3.52500000e+06 	 1.606572e-05 	 1.638104e+07 	
3.55000000e+06 	 1.567380e-05 	 1.625596e+07 	
3.57500000e+06 	 1.529442e-05 	 1.613288e+07 	
3.60000000e+06 	 1.492709e-05 	 1.601177e+07 	
3.62500000e+06 	 1.457134e-05 	 1.589258e+07 	
3.65000000e+06 	 1.422671e-05 	 1.577527e+07 	
3.67500000e+06 	 1.389277e-05 	 1.565979e+07 	
3.70000000e+06 	 1.356911e-05 	 1.554609e+07 	
3.72500000e+06 	 1.325532e-05 	 1.543415e+07 	
3.75000000e+06 	 1.295105e-05 	 1.532392e+07 	
3.77500000e+06 	 1.265593e-05 	 1.521537e+07 	
3.80000000e+06 	 1.236962e-05 	 1.510844e+07 	
3.82500000e+06 	 1.209180e-05 	 1.500312e+07 	
3.85000000e+06 	 1.182214e-05 	 1.489936e+07 	
3.87500000e+06 	 1.156035e-05 	 1.479713e+07 	
3.90000000e+06 	 1.130615e-05 	 1.469640e+07 	
3.92500000e+06 	 1.105926e-05 	 1.459714e+07 	
3.95000000e+06 	 1.081942e-05 	 1.449931e+07 	
3.97500000e+06 	 1.058638e-05 	 1.440288e+07 	
4.00000000e+06 	 1.035990e-05 	 1.430783e+07 	
4.02500000e+06 	 1.013974e-05 	 1.421412e+07 	
4.05000000e+06 	 9.925701e-06 	 1.412173e+07 	
4.07500000e+06 	 9.717556e-06 	 1.403063e+07 	
4.10000000e+06 	 9.515108e-06 	 1.394080e+07 	
4.12500000e+06 	 9.318160e-06 	 1.385220e+07 	
4.15000000e+06 	 9.126526e-06 	 1.376482e+07 	
4.17500000e+06 	 8.940030e-06 	 1.367863e+07 	
4.20000000e+06 	 8.758496e-06 	 1.359361e+07 	
4.22500000e+06 	 8.581763e-06 	 1.350972e+07 	
4.25000000e+06 	 8.409672e-06 	 1.342696e+07 	
4.27500000e+06 	 8.242071e-06 	 1.334529e+07 	
4.30000000e+06 	 8.078813e-06 	 1.326471e+07 	
4.32500000e+06 	 7.919757e-06 	 1.318518e+07 	
4.35000000e+06 	 7.764771e-06 	 1.310668e+07 	
4.37500000e+06 	 7.613722e-06 	 1.302920e+07 	
4.40000000e+06 	 7.466485e-06 	 1.295272e+07 	
4.42500000e+06 	 7.322943e-06 	 1.287721e+07 	
4.45000000e+06 	 7.182976e-06 	 1.280267e+07 	
4.47500000e+06 	 7.046476e-06 	 1.272907e+07 	
4.50000000e+06 	 6.913336e-06 	 1.265639e+07 	
4.52500000e+06 	 6.783451e-06 	 1.258462e+07 	
4.55000000e+06 	 6.656722e-06 	 1.251374e+07 	
4.57500000e+06 	 6.533053e-06 	 1.244374e+07 	
4.60000000e+06 	 6.412352e-06 	 1.237459e+07 	
4.62500000e+06 	 6.294532e-06 	 1.230629e+07 	
4.65000000e+06 	 6.179503e-06 	 1.223882e+07 	
4.67500000e+06 	 6.067185e-06 	 1.217216e+07 	
4.70000000e+06 	 5.957498e-06 	 1.210630e+07 	
4.72500000e+06 	 5.850364e-06 	 1.204122e+07 	
4.75000000e+06 	 5.745709e-06 	 1.197692e+07 	
4.77500000e+06 	 5.643462e-06 	 1.191337e+07 	
4.80000000e+06 	 5.543553e-06 	 1.185057e+07 	
4.82500000e+06 	 5.445916e-06 	 1.178851e+07 	
4.85000000e+06 	 5.350486e-06 	 1.172716e+07 	
4.87500000e+06 	 5.257200e-06 	 1.166652e+07 	
4.90000000e+06 	 5.165998e-06 	 1.160658e+07 	
4.92500000e+06 	 5.076821e-06 	 1.154731e+07 	
4.95000000e+06 	 4.989614e-06 	 1.148873e+07 	
5.00000000e+06 	 4.820893e-06 	 1.137352e+07 	
5.00050050e+06 	 4.819241e-06 	 1.137238e+07 	
5.00100100e+06 	 4.817590e-06 	 1.137124e+07 	
5.00150150e+06 	 4.815940e-06 	 1.137011e+07 	
5.00200200e+06 	 4.814291e-06 	 1.136897e+07 	
5.00250250e+06 	 4.812642e-06 	 1.136783e+07 	
5.00300300e+06 	 4.810994e-06 	 1.136669e+07 	
5.00350350e+06 	 4.809347e-06 	 1.136555e+07 	
5.00400400e+06 	 4.807700e-06 	 1.136441e+07 	
5.00450450e+06 	 4.806055e-06 	 1.136327e+07 	
5.00500501e+06 	 4.804410e-06 	 1.136214e+07 	
5.00550551e+06 	 4.802765e-06 	 1.136100e+07 	
5.00600601e+06 	 4.801122e-06 	 1.135986e+07 	
5.00650651e+06 	 4.799479e-06 	 1.135872e+07 	
5.00700701e+06 	 4.797837e-06 	 1.135759e+07 	
5.00750751e+06 	 4.796195e-06 	 1.135645e+07 	
5.00800801e+06 	 4.794554e-06 	 1.135531e+07 	
5.00850851e+06 	 4.792914e-06 	 1.135418e+07 	
5.00900901e+06 	 4.791275e-06 	 1.135304e+07 	
5.00950951e+06 	 4.789636e-06 	 1.135191e+07 	
5.01001001e+06 	 4.787999e-06 	 1.135077e+07 	
5.01051051e+06 	 4.786361e-06 	 1.134964e+07 	
5.01101101e+06 	 4.784725e-06 	 1.134850e+07 	
5.01151151e+06 	 4.783089e-06 	 1.134737e+07 	
5.01201201e+06 	 4.781454e-06 	 1.134623e+07 	
5.01251251e+06 	 4.779820e-06 	 1.134510e+07 	
5.01301301e+06 	 4.778186e-06 	 1.134397e+07 	
5.01351351e+06 	 4.776554e-06 	 1.134283e+07 	
5.01401401e+06 	 4.774922e-06 	 1.134170e+07 	
5.01451451e+06 	 4.773290e-06 	 1.134057e+07 	
5.01501502e+06 	 4.771659e-06 	 1.133943e+07 	
5.01551552e+06 	 4.770029e-06 	 1.133830e+07 	
5.01601602e+06 	 4.768400e-06 	 1.133717e+07 	
5.01651652e+06 	 4.766772e-06 	 1.133604e+07 	
5.01701702e+06 	 4.765144e-06 	 1.133490e+07 	
5.01751752e+06 	 4.763517e-06 	 1.133377e+07 	
5.01801802e+06 	 4.761890e-06 	 1.133264e+07 	
5.01851852e+06 	 4.760264e-06 	 1.133151e+07 	
5.01901902e+06 	 4.758639e-06 	 1.133038e+07 	
5.01951952e+06 	 4.757015e-06 	 1.132925e+07 	
5.02002002e+06 	 4.755392e-06 	 1.132812e+07 	
5.02052052e+06 	 4.753769e-06 	 1.132699e+07 	
5.02102102e+06 	 4.752147e-06 	 1.132586e+07 	
5.02152152e+06 	 4.750525e-06 	 1.132473e+07 	
5.02202202e+06 	 4.748904e-06 	 1.132360e+07 	
5.02252252e+06 	 4.747284e-06 	 1.132247e+07 	
5.02302302e+06 	 4.745665e-06 	 1.132134e+07 	
5.02352352e+06 	 4.744046e-06 	 1.132022e+07 	
5.02402402e+06 	 4.742428e-06 	 1.131909e+07 	
5.02452452e+06 	 4.740811e-06 	 1.131796e+07 	
5.02502503e+06 	 4.739195e-06 	 1.131683e+07 	
5.02552553e+06 	 4.737579e-06 	 1.131570e+07 	
5.02602603e+06 	 4.735964e-06 	 1.131458e+07 	
5.02652653e+06 	 4.734350e-06 	 1.131345e+07 	
5.02702703e+06 	 4.732736e-06 	 1.131232e+07 	
5.02752753e+06 	 4.731123e-06 	 1.131120e+07 	
5.02802803e+06 	 4.729511e-06 	 1.131007e+07 	
5.02852853e+06 	 4.727899e-06 	 1.130895e+07 	
5.02902903e+06 	 4.726288e-06 	 1.130782e+07 	
5.02952953e+06 	 4.724678e-06 	 1.130669e+07 	
5.03003003e+06 	 4.723069e-06 	 1.130557e+07 	
5.03053053e+06 	 4.721460e-06 	 1.130444e+07 	
5.03103103e+06 	 4.719852e-06 	 1.130332e+07 	
5.03153153e+06 	 4.718244e-06 	 1.130220e+07 	
5.03203203e+06 	 4.716638e-06 	 1.130107e+07 	
5.03253253e+06 	 4.715032e-06 	 1.129995e+07 	
5.03303303e+06 	 4.713427e-06 	 1.129882e+07 	
5.03353353e+06 	 4.711822e-06 	 1.129770e+07 	
5.03403403e+06 	 4.710218e-06 	 1.129658e+07 	
5.03453453e+06 	 4.708615e-06 	 1.129545e+07 	
5.03503504e+06 	 4.707013e-06 	 1.129433e+07 	
5.03553554e+06 	 4.705411e-06 	 1.129321e+07 	
5.03603604e+06 	 4.703810e-06 	 1.129209e+07 	
5.03653654e+06 	 4.702210e-06 	 1.129097e+07 	
5.03703704e+06 	 4.700610e-06 	 1.128984e+07 	
5.03753754e+06 	 4.699011e-06 	 1.128872e+07 	
5.03803804e+06 	 4.697413e-06 	 1.128760e+07 	
5.03853854e+06 	 4.695815e-06 	 1.128648e+07 	
5.03903904e+06 	 4.694218e-06 	 1.128536e+07 	
5.03953954e+06 	 4.692622e-06 	 1.128424e+07 	
5.04004004e+06 	 4.691027e-06 	 1.128312e+07 	
5.04054054e+06 	 4.689432e-06 	 1.128200e+07 	
5.04104104e+06 	 4.687838e-06 	 1.128088e+07 	
5.04154154e+06 	 4.686244e-06 	 1.127976e+07 	
5.04204204e+06 	 4.684652e-06 	 1.127864e+07 	
5.04254254e+06 	 4.683060e-06 	 1.127752e+07 	
5.04304304e+06 	 4.681468e-06 	 1.127640e+07 	
5.04354354e+06 	 4.679878e-06 	 1.127529e+07 	
5.04404404e+06 	 4.678288e-06 	 1.127417e+07 	
5.04454454e+06 	 4.676699e-06 	 1.127305e+07 	
5.04504505e+06 	 4.675110e-06 	 1.127193e+07 	
5.04554555e+06 	 4.673522e-06 	 1.127081e+07 	
5.04604605e+06 	 4.671935e-06 	 1.126970e+07 	
5.04654655e+06 	 4.670349e-06 	 1.126858e+07 	
5.04704705e+06 	 4.668763e-06 	 1.126746e+07 	
5.04754755e+06 	 4.667178e-06 	 1.126635e+07 	
5.04804805e+06 	 4.665593e-06 	 1.126523e+07 	
5.04854855e+06 	 4.664010e-06 	 1.126412e+07 	
5.04904905e+06 	 4.662427e-06 	 1.126300e+07 	
5.04954955e+06 	 4.660844e-06 	 1.126188e+07 	
5.05005005e+06 	 4.659263e-06 	 1.126077e+07 	
5.05055055e+06 	 4.657682e-06 	 1.125965e+07 	
5.05105105e+06 	 4.656101e-06 	 1.125854e+07 	
5.05155155e+06 	 4.654522e-06 	 1.125743e+07 	
5.05205205e+06 	 4.652943e-06 	 1.125631e+07 	
5.05255255e+06 	 4.651365e-06 	 1.125520e+07 	
5.05305305e+06 	 4.649787e-06 	 1.125408e+07 	
5.05355355e+06 	 4.648210e-06 	 1.125297e+07 	
5.05405405e+06 	 4.646634e-06 	 1.125186e+07 	
5.05455455e+06 	 4.645059e-06 	 1.125074e+07 	
5.05505506e+06 	 4.643484e-06 	 1.124963e+07 	
5.05555556e+06 	 4.641910e-06 	 1.124852e+07 	
5.05605606e+06 	 4.640336e-06 	 1.124741e+07 	
5.05655656e+06 	 4.638764e-06 	 1.124630e+07 	
5.05705706e+06 	 4.637191e-06 	 1.124518e+07 	
5.05755756e+06 	 4.635620e-06 	 1.124407e+07 	
5.05805806e+06 	 4.634049e-06 	 1.124296e+07 	
5.05855856e+06 	 4.632479e-06 	 1.124185e+07 	
5.05905906e+06 	 4.630910e-06 	 1.124074e+07 	
5.05955956e+06 	 4.629341e-06 	 1.123963e+07 	
5.06006006e+06 	 4.627773e-06 	 1.123852e+07 	
5.06056056e+06 	 4.626206e-06 	 1.123741e+07 	
5.06106106e+06 	 4.624640e-06 	 1.123630e+07 	
5.06156156e+06 	 4.623074e-06 	 1.123519e+07 	
5.06206206e+06 	 4.621508e-06 	 1.123408e+07 	
5.06256256e+06 	 4.619944e-06 	 1.123297e+07 	
5.06306306e+06 	 4.618380e-06 	 1.123186e+07 	
5.06356356e+06 	 4.616817e-06 	 1.123075e+07 	
5.06406406e+06 	 4.615254e-06 	 1.122965e+07 	
5.06456456e+06 	 4.613692e-06 	 1.122854e+07 	
5.06506507e+06 	 4.612131e-06 	 1.122743e+07 	
5.06556557e+06 	 4.610571e-06 	 1.122632e+07 	
5.06606607e+06 	 4.609011e-06 	 1.122522e+07 	
5.06656657e+06 	 4.607452e-06 	 1.122411e+07 	
5.06706707e+06 	 4.605893e-06 	 1.122300e+07 	
5.06756757e+06 	 4.604335e-06 	 1.122190e+07 	
5.06806807e+06 	 4.602778e-06 	 1.122079e+07 	
5.06856857e+06 	 4.601222e-06 	 1.121968e+07 	
5.06906907e+06 	 4.599666e-06 	 1.121858e+07 	
5.06956957e+06 	 4.598111e-06 	 1.121747e+07 	
5.07007007e+06 	 4.596556e-06 	 1.121637e+07 	
5.07057057e+06 	 4.595002e-06 	 1.121526e+07 	
5.07107107e+06 	 4.593449e-06 	 1.121416e+07 	
5.07157157e+06 	 4.591897e-06 	 1.121305e+07 	
5.07207207e+06 	 4.590345e-06 	 1.121195e+07 	
5.07257257e+06 	 4.588794e-06 	 1.121084e+07 	
5.07307307e+06 	 4.587244e-06 	 1.120974e+07 	
5.07357357e+06 	 4.585694e-06 	 1.120864e+07 	
5.07407407e+06 	 4.584145e-06 	 1.120753e+07 	
5.07457457e+06 	 4.582596e-06 	 1.120643e+07 	
5.07507508e+06 	 4.581049e-06 	 1.120533e+07 	
5.07557558e+06 	 4.579502e-06 	 1.120423e+07 	
5.07607608e+06 	 4.577955e-06 	 1.120312e+07 	
5.07657658e+06 	 4.576409e-06 	 1.120202e+07 	
5.07707708e+06 	 4.574864e-06 	 1.120092e+07 	
5.07757758e+06 	 4.573320e-06 	 1.119982e+07 	
5.07807808e+06 	 4.571776e-06 	 1.119872e+07 	
5.07857858e+06 	 4.570233e-06 	 1.119761e+07 	
5.07907908e+06 	 4.568691e-06 	 1.119651e+07 	
5.07957958e+06 	 4.567149e-06 	 1.119541e+07 	
5.08008008e+06 	 4.565608e-06 	 1.119431e+07 	
5.08058058e+06 	 4.564067e-06 	 1.119321e+07 	
5.08108108e+06 	 4.562528e-06 	 1.119211e+07 	
5.08158158e+06 	 4.560988e-06 	 1.119101e+07 	
5.08208208e+06 	 4.559450e-06 	 1.118991e+07 	
5.08258258e+06 	 4.557912e-06 	 1.118881e+07 	
5.08308308e+06 	 4.556375e-06 	 1.118772e+07 	
5.08358358e+06 	 4.554839e-06 	 1.118662e+07 	
5.08408408e+06 	 4.553303e-06 	 1.118552e+07 	
5.08458458e+06 	 4.551768e-06 	 1.118442e+07 	
5.08508509e+06 	 4.550233e-06 	 1.118332e+07 	
5.08558559e+06 	 4.548700e-06 	 1.118222e+07 	
5.08608609e+06 	 4.547166e-06 	 1.118113e+07 	
5.08658659e+06 	 4.545634e-06 	 1.118003e+07 	
5.08708709e+06 	 4.544102e-06 	 1.117893e+07 	
5.08758759e+06 	 4.542571e-06 	 1.117784e+07 	
5.08808809e+06 	 4.541041e-06 	 1.117674e+07 	
5.08858859e+06 	 4.539511e-06 	 1.117564e+07 	
5.08908909e+06 	 4.537982e-06 	 1.117455e+07 	
5.08958959e+06 	 4.536453e-06 	 1.117345e+07 	
5.09009009e+06 	 4.534925e-06 	 1.117236e+07 	
5.09059059e+06 	 4.533398e-06 	 1.117126e+07 	
5.09109109e+06 	 4.531871e-06 	 1.117017e+07 	
5.09159159e+06 	 4.530346e-06 	 1.116907e+07 	
5.09209209e+06 	 4.528820e-06 	 1.116798e+07 	
5.09259259e+06 	 4.527296e-06 	 1.116688e+07 	
5.09309309e+06 	 4.525772e-06 	 1.116579e+07 	
5.09359359e+06 	 4.524249e-06 	 1.116469e+07 	
5.09409409e+06 	 4.522726e-06 	 1.116360e+07 	
5.09459459e+06 	 4.521204e-06 	 1.116251e+07 	
5.09509510e+06 	 4.519683e-06 	 1.116141e+07 	
5.09559560e+06 	 4.518162e-06 	 1.116032e+07 	
5.09609610e+06 	 4.516642e-06 	 1.115923e+07 	
5.09659660e+06 	 4.515123e-06 	 1.115814e+07 	
5.09709710e+06 	 4.513604e-06 	 1.115704e+07 	
5.09759760e+06 	 4.512086e-06 	 1.115595e+07 	
5.09809810e+06 	 4.510569e-06 	 1.115486e+07 	
5.09859860e+06 	 4.509052e-06 	 1.115377e+07 	
5.09909910e+06 	 4.507536e-06 	 1.115268e+07 	
5.09959960e+06 	 4.506021e-06 	 1.115159e+07 	
5.10010010e+06 	 4.504506e-06 	 1.115050e+07 	
5.10060060e+06 	 4.502992e-06 	 1.114941e+07 	
5.10110110e+06 	 4.501478e-06 	 1.114832e+07 	
5.10160160e+06 	 4.499965e-06 	 1.114723e+07 	
5.10210210e+06 	 4.498453e-06 	 1.114614e+07 	
5.10260260e+06 	 4.496942e-06 	 1.114505e+07 	
5.10310310e+06 	 4.495431e-06 	 1.114396e+07 	
5.10360360e+06 	 4.493921e-06 	 1.114287e+07 	
5.10410410e+06 	 4.492411e-06 	 1.114178e+07 	
5.10460460e+06 	 4.490902e-06 	 1.114069e+07 	
5.10510511e+06 	 4.489394e-06 	 1.113960e+07 	
5.10560561e+06 	 4.487886e-06 	 1.113851e+07 	
5.10610611e+06 	 4.486379e-06 	 1.113743e+07 	
5.10660661e+06 	 4.484873e-06 	 1.113634e+07 	
5.10710711e+06 	 4.483367e-06 	 1.113525e+07 	
5.10760761e+06 	 4.481862e-06 	 1.113416e+07 	
5.10810811e+06 	 4.480358e-06 	 1.113308e+07 	
5.10860861e+06 	 4.478854e-06 	 1.113199e+07 	
5.10910911e+06 	 4.477351e-06 	 1.113090e+07 	
5.10960961e+06 	 4.475849e-06 	 1.112982e+07 	
5.11011011e+06 	 4.474347e-06 	 1.112873e+07 	
5.11061061e+06 	 4.472846e-06 	 1.112765e+07 	
5.11111111e+06 	 4.471345e-06 	 1.112656e+07 	
5.11161161e+06 	 4.469845e-06 	 1.112548e+07 	
5.11211211e+06 	 4.468346e-06 	 1.112439e+07 	
5.11261261e+06 	 4.466847e-06 	 1.112331e+07 	
5.11311311e+06 	 4.465349e-06 	 1.112222e+07 	
5.11361361e+06 	 4.463852e-06 	 1.112114e+07 	
5.11411411e+06 	 4.462355e-06 	 1.112005e+07 	
5.11461461e+06 	 4.460859e-06 	 1.111897e+07 	
5.11511512e+06 	 4.459364e-06 	 1.111789e+07 	
5.11561562e+06 	 4.457869e-06 	 1.111680e+07 	
5.11611612e+06 	 4.456375e-06 	 1.111572e+07 	
5.11661662e+06 	 4.454882e-06 	 1.111464e+07 	
5.11711712e+06 	 4.453389e-06 	 1.111355e+07 	
5.11761762e+06 	 4.451897e-06 	 1.111247e+07 	
5.11811812e+06 	 4.450405e-06 	 1.111139e+07 	
5.11861862e+06 	 4.448914e-06 	 1.111031e+07 	
5.11911912e+06 	 4.447424e-06 	 1.110923e+07 	
5.11961962e+06 	 4.445934e-06 	 1.110814e+07 	
5.12012012e+06 	 4.444445e-06 	 1.110706e+07 	
5.12062062e+06 	 4.442957e-06 	 1.110598e+07 	
5.12112112e+06 	 4.441469e-06 	 1.110490e+07 	
5.12162162e+06 	 4.439982e-06 	 1.110382e+07 	
5.12212212e+06 	 4.438496e-06 	 1.110274e+07 	
5.12262262e+06 	 4.437010e-06 	 1.110166e+07 	
5.12312312e+06 	 4.435525e-06 	 1.110058e+07 	
5.12362362e+06 	 4.434040e-06 	 1.109950e+07 	
5.12412412e+06 	 4.432556e-06 	 1.109842e+07 	
5.12462462e+06 	 4.431073e-06 	 1.109734e+07 	
5.12512513e+06 	 4.429590e-06 	 1.109626e+07 	
5.12562563e+06 	 4.428108e-06 	 1.109519e+07 	
5.12612613e+06 	 4.426627e-06 	 1.109411e+07 	
5.12662663e+06 	 4.425146e-06 	 1.109303e+07 	
5.12712713e+06 	 4.423666e-06 	 1.109195e+07 	
5.12762763e+06 	 4.422187e-06 	 1.109087e+07 	
5.12812813e+06 	 4.420708e-06 	 1.108980e+07 	
5.12862863e+06 	 4.419230e-06 	 1.108872e+07 	
5.12912913e+06 	 4.417752e-06 	 1.108764e+07 	
5.12962963e+06 	 4.416275e-06 	 1.108657e+07 	
5.13013013e+06 	 4.414799e-06 	 1.108549e+07 	
5.13063063e+06 	 4.413323e-06 	 1.108441e+07 	
5.13113113e+06 	 4.411848e-06 	 1.108334e+07 	
5.13163163e+06 	 4.410374e-06 	 1.108226e+07 	
5.13213213e+06 	 4.408900e-06 	 1.108119e+07 	
5.13263263e+06 	 4.407427e-06 	 1.108011e+07 	
5.13313313e+06 	 4.405954e-06 	 1.107904e+07 	
5.13363363e+06 	 4.404482e-06 	 1.107796e+07 	
5.13413413e+06 	 4.403011e-06 	 1.107689e+07 	
5.13463463e+06 	 4.401540e-06 	 1.107581e+07 	
5.13513514e+06 	 4.400070e-06 	 1.107474e+07 	
5.13563564e+06 	 4.398601e-06 	 1.107366e+07 	
5.13613614e+06 	 4.397132e-06 	 1.107259e+07 	
5.13663664e+06 	 4.395664e-06 	 1.107152e+07 	
5.13713714e+06 	 4.394196e-06 	 1.107044e+07 	
5.13763764e+06 	 4.392729e-06 	 1.106937e+07 	
5.13813814e+06 	 4.391263e-06 	 1.106830e+07 	
5.13863864e+06 	 4.389797e-06 	 1.106723e+07 	
5.13913914e+06 	 4.388332e-06 	 1.106615e+07 	
5.13963964e+06 	 4.386868e-06 	 1.106508e+07 	
5.14014014e+06 	 4.385404e-06 	 1.106401e+07 	
5.14064064e+06 	 4.383941e-06 	 1.106294e+07 	
5.14114114e+06 	 4.382479e-06 	 1.106187e+07 	
5.14164164e+06 	 4.381017e-06 	 1.106080e+07 	
5.14214214e+06 	 4.379555e-06 	 1.105972e+07 	
5.14264264e+06 	 4.378095e-06 	 1.105865e+07 	
5.14314314e+06 	 4.376635e-06 	 1.105758e+07 	
5.14364364e+06 	 4.375175e-06 	 1.105651e+07 	
5.14414414e+06 	 4.373716e-06 	 1.105544e+07 	
5.14464464e+06 	 4.372258e-06 	 1.105437e+07 	
5.14514515e+06 	 4.370801e-06 	 1.105330e+07 	
5.14564565e+06 	 4.369344e-06 	 1.105224e+07 	
5.14614615e+06 	 4.367887e-06 	 1.105117e+07 	
5.14664665e+06 	 4.366432e-06 	 1.105010e+07 	
5.14714715e+06 	 4.364977e-06 	 1.104903e+07 	
5.14764765e+06 	 4.363522e-06 	 1.104796e+07 	
5.14814815e+06 	 4.362068e-06 	 1.104689e+07 	
5.14864865e+06 	 4.360615e-06 	 1.104583e+07 	
5.14914915e+06 	 4.359162e-06 	 1.104476e+07 	
5.14964965e+06 	 4.357710e-06 	 1.104369e+07 	
5.15015015e+06 	 4.356259e-06 	 1.104262e+07 	
5.15065065e+06 	 4.354808e-06 	 1.104156e+07 	
5.15115115e+06 	 4.353358e-06 	 1.104049e+07 	
5.15165165e+06 	 4.351909e-06 	 1.103942e+07 	
5.15215215e+06 	 4.350460e-06 	 1.103836e+07 	
5.15265265e+06 	 4.349011e-06 	 1.103729e+07 	
5.15315315e+06 	 4.347564e-06 	 1.103623e+07 	
5.15365365e+06 	 4.346117e-06 	 1.103516e+07 	
5.15415415e+06 	 4.344670e-06 	 1.103410e+07 	
5.15465465e+06 	 4.343224e-06 	 1.103303e+07 	
5.15515516e+06 	 4.341779e-06 	 1.103197e+07 	
5.15565566e+06 	 4.340335e-06 	 1.103090e+07 	
5.15615616e+06 	 4.338891e-06 	 1.102984e+07 	
5.15665666e+06 	 4.337447e-06 	 1.102877e+07 	
5.15715716e+06 	 4.336004e-06 	 1.102771e+07 	
5.15765766e+06 	 4.334562e-06 	 1.102665e+07 	
5.15815816e+06 	 4.333121e-06 	 1.102558e+07 	
5.15865866e+06 	 4.331680e-06 	 1.102452e+07 	
5.15915916e+06 	 4.330239e-06 	 1.102346e+07 	
5.15965966e+06 	 4.328800e-06 	 1.102239e+07 	
5.16016016e+06 	 4.327361e-06 	 1.102133e+07 	
5.16066066e+06 	 4.325922e-06 	 1.102027e+07 	
5.16116116e+06 	 4.324484e-06 	 1.101921e+07 	
5.16166166e+06 	 4.323047e-06 	 1.101814e+07 	
5.16216216e+06 	 4.321610e-06 	 1.101708e+07 	
5.16266266e+06 	 4.320174e-06 	 1.101602e+07 	
5.16316316e+06 	 4.318739e-06 	 1.101496e+07 	
5.16366366e+06 	 4.317304e-06 	 1.101390e+07 	
5.16416416e+06 	 4.315870e-06 	 1.101284e+07 	
5.16466466e+06 	 4.314436e-06 	 1.101178e+07 	
5.16516517e+06 	 4.313003e-06 	 1.101072e+07 	
5.16566567e+06 	 4.311571e-06 	 1.100966e+07 	
5.16616617e+06 	 4.310139e-06 	 1.100860e+07 	
5.16666667e+06 	 4.308708e-06 	 1.100754e+07 	
5.16716717e+06 	 4.307277e-06 	 1.100648e+07 	
5.16766767e+06 	 4.305847e-06 	 1.100542e+07 	
5.16816817e+06 	 4.304418e-06 	 1.100436e+07 	
5.16866867e+06 	 4.302989e-06 	 1.100330e+07 	
5.16916917e+06 	 4.301561e-06 	 1.100225e+07 	
5.16966967e+06 	 4.300133e-06 	 1.100119e+07 	
5.17017017e+06 	 4.298706e-06 	 1.100013e+07 	
5.17067067e+06 	 4.297280e-06 	 1.099907e+07 	
5.17117117e+06 	 4.295854e-06 	 1.099801e+07 	
5.17167167e+06 	 4.294429e-06 	 1.099696e+07 	
5.17217217e+06 	 4.293004e-06 	 1.099590e+07 	
5.17267267e+06 	 4.291580e-06 	 1.099484e+07 	
5.17317317e+06 	 4.290157e-06 	 1.099379e+07 	
5.17367367e+06 	 4.288734e-06 	 1.099273e+07 	
5.17417417e+06 	 4.287312e-06 	 1.099168e+07 	
5.17467467e+06 	 4.285891e-06 	 1.099062e+07 	
5.17517518e+06 	 4.284470e-06 	 1.098956e+07 	
5.17567568e+06 	 4.283049e-06 	 1.098851e+07 	
5.17617618e+06 	 4.281630e-06 	 1.098745e+07 	
5.17667668e+06 	 4.280210e-06 	 1.098640e+07 	
5.17717718e+06 	 4.278792e-06 	 1.098534e+07 	
5.17767768e+06 	 4.277374e-06 	 1.098429e+07 	
5.17817818e+06 	 4.275956e-06 	 1.098324e+07 	
5.17867868e+06 	 4.274540e-06 	 1.098218e+07 	
5.17917918e+06 	 4.273124e-06 	 1.098113e+07 	
5.17967968e+06 	 4.271708e-06 	 1.098007e+07 	
5.18018018e+06 	 4.270293e-06 	 1.097902e+07 	
5.18068068e+06 	 4.268879e-06 	 1.097797e+07 	
5.18118118e+06 	 4.267465e-06 	 1.097692e+07 	
5.18168168e+06 	 4.266052e-06 	 1.097586e+07 	
5.18218218e+06 	 4.264639e-06 	 1.097481e+07 	
5.18268268e+06 	 4.263227e-06 	 1.097376e+07 	
5.18318318e+06 	 4.261816e-06 	 1.097271e+07 	
5.18368368e+06 	 4.260405e-06 	 1.097165e+07 	
5.18418418e+06 	 4.258995e-06 	 1.097060e+07 	
5.18468468e+06 	 4.257585e-06 	 1.096955e+07 	
5.18518519e+06 	 4.256176e-06 	 1.096850e+07 	
5.18568569e+06 	 4.254768e-06 	 1.096745e+07 	
5.18618619e+06 	 4.253360e-06 	 1.096640e+07 	
5.18668669e+06 	 4.251953e-06 	 1.096535e+07 	
5.18718719e+06 	 4.250546e-06 	 1.096430e+07 	
5.18768769e+06 	 4.249140e-06 	 1.096325e+07 	
5.18818819e+06 	 4.247735e-06 	 1.096220e+07 	
5.18868869e+06 	 4.246330e-06 	 1.096115e+07 	
5.18918919e+06 	 4.244925e-06 	 1.096010e+07 	
5.18968969e+06 	 4.243522e-06 	 1.095905e+07 	
5.19019019e+06 	 4.242119e-06 	 1.095800e+07 	
5.19069069e+06 	 4.240716e-06 	 1.095696e+07 	
5.19119119e+06 	 4.239314e-06 	 1.095591e+07 	
5.19169169e+06 	 4.237913e-06 	 1.095486e+07 	
5.19219219e+06 	 4.236512e-06 	 1.095381e+07 	
5.19269269e+06 	 4.235112e-06 	 1.095276e+07 	
5.19319319e+06 	 4.233713e-06 	 1.095172e+07 	
5.19369369e+06 	 4.232314e-06 	 1.095067e+07 	
5.19419419e+06 	 4.230915e-06 	 1.094962e+07 	
5.19469469e+06 	 4.229517e-06 	 1.094858e+07 	
5.19519520e+06 	 4.228120e-06 	 1.094753e+07 	
5.19569570e+06 	 4.226724e-06 	 1.094648e+07 	
5.19619620e+06 	 4.225328e-06 	 1.094544e+07 	
5.19669670e+06 	 4.223932e-06 	 1.094439e+07 	
5.19719720e+06 	 4.222537e-06 	 1.094335e+07 	
5.19769770e+06 	 4.221143e-06 	 1.094230e+07 	
5.19819820e+06 	 4.219750e-06 	 1.094125e+07 	
5.19869870e+06 	 4.218356e-06 	 1.094021e+07 	
5.19919920e+06 	 4.216964e-06 	 1.093917e+07 	
5.19969970e+06 	 4.215572e-06 	 1.093812e+07 	
5.20020020e+06 	 4.214181e-06 	 1.093708e+07 	
5.20070070e+06 	 4.212790e-06 	 1.093603e+07 	
5.20120120e+06 	 4.211400e-06 	 1.093499e+07 	
5.20170170e+06 	 4.210010e-06 	 1.093395e+07 	
5.20220220e+06 	 4.208621e-06 	 1.093290e+07 	
5.20270270e+06 	 4.207233e-06 	 1.093186e+07 	
5.20320320e+06 	 4.205845e-06 	 1.093082e+07 	
5.20370370e+06 	 4.204458e-06 	 1.092977e+07 	
5.20420420e+06 	 4.203071e-06 	 1.092873e+07 	
5.20470470e+06 	 4.201685e-06 	 1.092769e+07 	
5.20520521e+06 	 4.200300e-06 	 1.092665e+07 	
5.20570571e+06 	 4.198915e-06 	 1.092561e+07 	
5.20620621e+06 	 4.197530e-06 	 1.092456e+07 	
5.20670671e+06 	 4.196147e-06 	 1.092352e+07 	
5.20720721e+06 	 4.194763e-06 	 1.092248e+07 	
5.20770771e+06 	 4.193381e-06 	 1.092144e+07 	
5.20820821e+06 	 4.191999e-06 	 1.092040e+07 	
5.20870871e+06 	 4.190617e-06 	 1.091936e+07 	
5.20920921e+06 	 4.189237e-06 	 1.091832e+07 	
5.20970971e+06 	 4.187856e-06 	 1.091728e+07 	
5.21021021e+06 	 4.186477e-06 	 1.091624e+07 	
5.21071071e+06 	 4.185098e-06 	 1.091520e+07 	
5.21121121e+06 	 4.183719e-06 	 1.091416e+07 	
5.21171171e+06 	 4.182341e-06 	 1.091312e+07 	
5.21221221e+06 	 4.180964e-06 	 1.091208e+07 	
5.21271271e+06 	 4.179587e-06 	 1.091104e+07 	
5.21321321e+06 	 4.178211e-06 	 1.091001e+07 	
5.21371371e+06 	 4.176835e-06 	 1.090897e+07 	
5.21421421e+06 	 4.175460e-06 	 1.090793e+07 	
5.21471471e+06 	 4.174086e-06 	 1.090689e+07 	
5.21521522e+06 	 4.172712e-06 	 1.090585e+07 	
5.21571572e+06 	 4.171338e-06 	 1.090482e+07 	
5.21621622e+06 	 4.169966e-06 	 1.090378e+07 	
5.21671672e+06 	 4.168593e-06 	 1.090274e+07 	
5.21721722e+06 	 4.167222e-06 	 1.090171e+07 	
5.21771772e+06 	 4.165851e-06 	 1.090067e+07 	
5.21821822e+06 	 4.164480e-06 	 1.089963e+07 	
5.21871872e+06 	 4.163110e-06 	 1.089860e+07 	
5.21921922e+06 	 4.161741e-06 	 1.089756e+07 	
5.21971972e+06 	 4.160372e-06 	 1.089653e+07 	
5.22022022e+06 	 4.159004e-06 	 1.089549e+07 	
5.22072072e+06 	 4.157637e-06 	 1.089446e+07 	
5.22122122e+06 	 4.156270e-06 	 1.089342e+07 	
5.22172172e+06 	 4.154903e-06 	 1.089239e+07 	
5.22222222e+06 	 4.153537e-06 	 1.089135e+07 	
5.22272272e+06 	 4.152172e-06 	 1.089032e+07 	
5.22322322e+06 	 4.150807e-06 	 1.088929e+07 	
5.22372372e+06 	 4.149443e-06 	 1.088825e+07 	
5.22422422e+06 	 4.148079e-06 	 1.088722e+07 	
5.22472472e+06 	 4.146716e-06 	 1.088619e+07 	
5.22522523e+06 	 4.145354e-06 	 1.088515e+07 	
5.22572573e+06 	 4.143992e-06 	 1.088412e+07 	
5.22622623e+06 	 4.142631e-06 	 1.088309e+07 	
5.22672673e+06 	 4.141270e-06 	 1.088205e+07 	
5.22722723e+06 	 4.139910e-06 	 1.088102e+07 	
5.22772773e+06 	 4.138550e-06 	 1.087999e+07 	
5.22822823e+06 	 4.137191e-06 	 1.087896e+07 	
5.22872873e+06 	 4.135833e-06 	 1.087793e+07 	
5.22922923e+06 	 4.134475e-06 	 1.087690e+07 	
5.22972973e+06 	 4.133118e-06 	 1.087586e+07 	
5.23023023e+06 	 4.131761e-06 	 1.087483e+07 	
5.23073073e+06 	 4.130405e-06 	 1.087380e+07 	
5.23123123e+06 	 4.129049e-06 	 1.087277e+07 	
5.23173173e+06 	 4.127694e-06 	 1.087174e+07 	
5.23223223e+06 	 4.126339e-06 	 1.087071e+07 	
5.23273273e+06 	 4.124985e-06 	 1.086968e+07 	
5.23323323e+06 	 4.123632e-06 	 1.086865e+07 	
5.23373373e+06 	 4.122279e-06 	 1.086762e+07 	
5.23423423e+06 	 4.120927e-06 	 1.086660e+07 	
5.23473473e+06 	 4.119575e-06 	 1.086557e+07 	
5.23523524e+06 	 4.118224e-06 	 1.086454e+07 	
5.23573574e+06 	 4.116874e-06 	 1.086351e+07 	
5.23623624e+06 	 4.115524e-06 	 1.086248e+07 	
5.23673674e+06 	 4.114174e-06 	 1.086145e+07 	
5.23723724e+06 	 4.112825e-06 	 1.086043e+07 	
5.23773774e+06 	 4.111477e-06 	 1.085940e+07 	
5.23823824e+06 	 4.110129e-06 	 1.085837e+07 	
5.23873874e+06 	 4.108782e-06 	 1.085734e+07 	
5.23923924e+06 	 4.107436e-06 	 1.085632e+07 	
5.23973974e+06 	 4.106090e-06 	 1.085529e+07 	
5.24024024e+06 	 4.104744e-06 	 1.085426e+07 	
5.24074074e+06 	 4.103399e-06 	 1.085324e+07 	
5.24124124e+06 	 4.102055e-06 	 1.085221e+07 	
5.24174174e+06 	 4.100711e-06 	 1.085119e+07 	
5.24224224e+06 	 4.099368e-06 	 1.085016e+07 	
5.24274274e+06 	 4.098025e-06 	 1.084914e+07 	
5.24324324e+06 	 4.096683e-06 	 1.084811e+07 	
5.24374374e+06 	 4.095341e-06 	 1.084709e+07 	
5.24424424e+06 	 4.094000e-06 	 1.084606e+07 	
5.24474474e+06 	 4.092660e-06 	 1.084504e+07 	
5.24524525e+06 	 4.091320e-06 	 1.084401e+07 	
5.24574575e+06 	 4.089981e-06 	 1.084299e+07 	
5.24624625e+06 	 4.088642e-06 	 1.084196e+07 	
5.24674675e+06 	 4.087304e-06 	 1.084094e+07 	
5.24724725e+06 	 4.085966e-06 	 1.083992e+07 	
5.24774775e+06 	 4.084629e-06 	 1.083889e+07 	
5.24824825e+06 	 4.083292e-06 	 1.083787e+07 	
5.24874875e+06 	 4.081956e-06 	 1.083685e+07 	
5.24924925e+06 	 4.080621e-06 	 1.083583e+07 	
5.24974975e+06 	 4.079286e-06 	 1.083480e+07 	
5.25025025e+06 	 4.077952e-06 	 1.083378e+07 	
5.25075075e+06 	 4.076618e-06 	 1.083276e+07 	
5.25125125e+06 	 4.075285e-06 	 1.083174e+07 	
5.25175175e+06 	 4.073952e-06 	 1.083072e+07 	
5.25225225e+06 	 4.072620e-06 	 1.082970e+07 	
5.25275275e+06 	 4.071288e-06 	 1.082868e+07 	
5.25325325e+06 	 4.069957e-06 	 1.082765e+07 	
5.25375375e+06 	 4.068627e-06 	 1.082663e+07 	
5.25425425e+06 	 4.067297e-06 	 1.082561e+07 	
5.25475475e+06 	 4.065967e-06 	 1.082459e+07 	
5.25525526e+06 	 4.064639e-06 	 1.082357e+07 	
5.25575576e+06 	 4.063310e-06 	 1.082255e+07 	
5.25625626e+06 	 4.061983e-06 	 1.082153e+07 	
5.25675676e+06 	 4.060656e-06 	 1.082052e+07 	
5.25725726e+06 	 4.059329e-06 	 1.081950e+07 	
5.25775776e+06 	 4.058003e-06 	 1.081848e+07 	
5.25825826e+06 	 4.056677e-06 	 1.081746e+07 	
5.25875876e+06 	 4.055352e-06 	 1.081644e+07 	
5.25925926e+06 	 4.054028e-06 	 1.081542e+07 	
5.25975976e+06 	 4.052704e-06 	 1.081440e+07 	
5.26026026e+06 	 4.051381e-06 	 1.081339e+07 	
5.26076076e+06 	 4.050058e-06 	 1.081237e+07 	
5.26126126e+06 	 4.048736e-06 	 1.081135e+07 	
5.26176176e+06 	 4.047414e-06 	 1.081034e+07 	
5.26226226e+06 	 4.046093e-06 	 1.080932e+07 	
5.26276276e+06 	 4.044773e-06 	 1.080830e+07 	
5.26326326e+06 	 4.043453e-06 	 1.080729e+07 	
5.26376376e+06 	 4.042133e-06 	 1.080627e+07 	
5.26426426e+06 	 4.040814e-06 	 1.080525e+07 	
5.26476476e+06 	 4.039496e-06 	 1.080424e+07 	
5.26526527e+06 	 4.038178e-06 	 1.080322e+07 	
5.26576577e+06 	 4.036861e-06 	 1.080221e+07 	
5.26626627e+06 	 4.035544e-06 	 1.080119e+07 	
5.26676677e+06 	 4.034228e-06 	 1.080018e+07 	
5.26726727e+06 	 4.032912e-06 	 1.079916e+07 	
5.26776777e+06 	 4.031597e-06 	 1.079815e+07 	
5.26826827e+06 	 4.030283e-06 	 1.079713e+07 	
5.26876877e+06 	 4.028969e-06 	 1.079612e+07 	
5.26926927e+06 	 4.027655e-06 	 1.079511e+07 	
5.26976977e+06 	 4.026342e-06 	 1.079409e+07 	
5.27027027e+06 	 4.025030e-06 	 1.079308e+07 	
5.27077077e+06 	 4.023718e-06 	 1.079207e+07 	
5.27127127e+06 	 4.022407e-06 	 1.079105e+07 	
5.27177177e+06 	 4.021096e-06 	 1.079004e+07 	
5.27227227e+06 	 4.019786e-06 	 1.078903e+07 	
5.27277277e+06 	 4.018476e-06 	 1.078802e+07 	
5.27327327e+06 	 4.017167e-06 	 1.078700e+07 	
5.27377377e+06 	 4.015858e-06 	 1.078599e+07 	
5.27427427e+06 	 4.014550e-06 	 1.078498e+07 	
5.27477477e+06 	 4.013243e-06 	 1.078397e+07 	
5.27527528e+06 	 4.011936e-06 	 1.078296e+07 	
5.27577578e+06 	 4.010630e-06 	 1.078195e+07 	
5.27627628e+06 	 4.009324e-06 	 1.078094e+07 	
5.27677678e+06 	 4.008018e-06 	 1.077992e+07 	
5.27727728e+06 	 4.006713e-06 	 1.077891e+07 	
5.27777778e+06 	 4.005409e-06 	 1.077790e+07 	
5.27827828e+06 	 4.004105e-06 	 1.077689e+07 	
5.27877878e+06 	 4.002802e-06 	 1.077588e+07 	
5.27927928e+06 	 4.001500e-06 	 1.077488e+07 	
5.27977978e+06 	 4.000198e-06 	 1.077387e+07 	
5.28028028e+06 	 3.998896e-06 	 1.077286e+07 	
5.28078078e+06 	 3.997595e-06 	 1.077185e+07 	
5.28128128e+06 	 3.996294e-06 	 1.077084e+07 	
5.28178178e+06 	 3.994994e-06 	 1.076983e+07 	
5.28228228e+06 	 3.993695e-06 	 1.076882e+07 	
5.28278278e+06 	 3.992396e-06 	 1.076781e+07 	
5.28328328e+06 	 3.991098e-06 	 1.076681e+07 	
5.28378378e+06 	 3.989800e-06 	 1.076580e+07 	
5.28428428e+06 	 3.988503e-06 	 1.076479e+07 	
5.28478478e+06 	 3.987206e-06 	 1.076379e+07 	
5.28528529e+06 	 3.985910e-06 	 1.076278e+07 	
5.28578579e+06 	 3.984614e-06 	 1.076177e+07 	
5.28628629e+06 	 3.983319e-06 	 1.076077e+07 	
5.28678679e+06 	 3.982024e-06 	 1.075976e+07 	
5.28728729e+06 	 3.980730e-06 	 1.075875e+07 	
5.28778779e+06 	 3.979437e-06 	 1.075775e+07 	
5.28828829e+06 	 3.978144e-06 	 1.075674e+07 	
5.28878879e+06 	 3.976851e-06 	 1.075574e+07 	
5.28928929e+06 	 3.975559e-06 	 1.075473e+07 	
5.28978979e+06 	 3.974268e-06 	 1.075373e+07 	
5.29029029e+06 	 3.972977e-06 	 1.075272e+07 	
5.29079079e+06 	 3.971687e-06 	 1.075172e+07 	
5.29129129e+06 	 3.970397e-06 	 1.075071e+07 	
5.29179179e+06 	 3.969108e-06 	 1.074971e+07 	
5.29229229e+06 	 3.967819e-06 	 1.074870e+07 	
5.29279279e+06 	 3.966531e-06 	 1.074770e+07 	
5.29329329e+06 	 3.965243e-06 	 1.074670e+07 	
5.29379379e+06 	 3.963956e-06 	 1.074569e+07 	
5.29429429e+06 	 3.962669e-06 	 1.074469e+07 	
5.29479479e+06 	 3.961383e-06 	 1.074369e+07 	
5.29529530e+06 	 3.960097e-06 	 1.074268e+07 	
5.29579580e+06 	 3.958812e-06 	 1.074168e+07 	
5.29629630e+06 	 3.957528e-06 	 1.074068e+07 	
5.29679680e+06 	 3.956244e-06 	 1.073968e+07 	
5.29729730e+06 	 3.954960e-06 	 1.073868e+07 	
5.29779780e+06 	 3.953678e-06 	 1.073767e+07 	
5.29829830e+06 	 3.952395e-06 	 1.073667e+07 	
5.29879880e+06 	 3.951113e-06 	 1.073567e+07 	
5.29929930e+06 	 3.949832e-06 	 1.073467e+07 	
5.29979980e+06 	 3.948551e-06 	 1.073367e+07 	
5.30030030e+06 	 3.947271e-06 	 1.073267e+07 	
5.30080080e+06 	 3.945991e-06 	 1.073167e+07 	
5.30130130e+06 	 3.944712e-06 	 1.073067e+07 	
5.30180180e+06 	 3.943433e-06 	 1.072967e+07 	
5.30230230e+06 	 3.942155e-06 	 1.072867e+07 	
5.30280280e+06 	 3.940877e-06 	 1.072767e+07 	
5.30330330e+06 	 3.939600e-06 	 1.072667e+07 	
5.30380380e+06 	 3.938324e-06 	 1.072567e+07 	
5.30430430e+06 	 3.937048e-06 	 1.072467e+07 	
5.30480480e+06 	 3.935772e-06 	 1.072367e+07 	
5.30530531e+06 	 3.934497e-06 	 1.072268e+07 	
5.30580581e+06 	 3.933222e-06 	 1.072168e+07 	
5.30630631e+06 	 3.931948e-06 	 1.072068e+07 	
5.30680681e+06 	 3.930675e-06 	 1.071968e+07 	
5.30730731e+06 	 3.929402e-06 	 1.071868e+07 	
5.30780781e+06 	 3.928130e-06 	 1.071769e+07 	
5.30830831e+06 	 3.926858e-06 	 1.071669e+07 	
5.30880881e+06 	 3.925586e-06 	 1.071569e+07 	
5.30930931e+06 	 3.924316e-06 	 1.071470e+07 	
5.30980981e+06 	 3.923045e-06 	 1.071370e+07 	
5.31031031e+06 	 3.921775e-06 	 1.071270e+07 	
5.31081081e+06 	 3.920506e-06 	 1.071171e+07 	
5.31131131e+06 	 3.919237e-06 	 1.071071e+07 	
5.31181181e+06 	 3.917969e-06 	 1.070972e+07 	
5.31231231e+06 	 3.916701e-06 	 1.070872e+07 	
5.31281281e+06 	 3.915434e-06 	 1.070772e+07 	
5.31331331e+06 	 3.914168e-06 	 1.070673e+07 	
5.31381381e+06 	 3.912901e-06 	 1.070573e+07 	
5.31431431e+06 	 3.911636e-06 	 1.070474e+07 	
5.31481481e+06 	 3.910371e-06 	 1.070375e+07 	
5.31531532e+06 	 3.909106e-06 	 1.070275e+07 	
5.31581582e+06 	 3.907842e-06 	 1.070176e+07 	
5.31631632e+06 	 3.906578e-06 	 1.070076e+07 	
5.31681682e+06 	 3.905315e-06 	 1.069977e+07 	
5.31731732e+06 	 3.904053e-06 	 1.069878e+07 	
5.31781782e+06 	 3.902791e-06 	 1.069778e+07 	
5.31831832e+06 	 3.901529e-06 	 1.069679e+07 	
5.31881882e+06 	 3.900268e-06 	 1.069580e+07 	
5.31931932e+06 	 3.899008e-06 	 1.069480e+07 	
5.31981982e+06 	 3.897748e-06 	 1.069381e+07 	
5.32032032e+06 	 3.896488e-06 	 1.069282e+07 	
5.32082082e+06 	 3.895230e-06 	 1.069183e+07 	
5.32132132e+06 	 3.893971e-06 	 1.069084e+07 	
5.32182182e+06 	 3.892713e-06 	 1.068985e+07 	
5.32232232e+06 	 3.891456e-06 	 1.068885e+07 	
5.32282282e+06 	 3.890199e-06 	 1.068786e+07 	
5.32332332e+06 	 3.888943e-06 	 1.068687e+07 	
5.32382382e+06 	 3.887687e-06 	 1.068588e+07 	
5.32432432e+06 	 3.886432e-06 	 1.068489e+07 	
5.32482482e+06 	 3.885177e-06 	 1.068390e+07 	
5.32532533e+06 	 3.883923e-06 	 1.068291e+07 	
5.32582583e+06 	 3.882669e-06 	 1.068192e+07 	
5.32632633e+06 	 3.881416e-06 	 1.068093e+07 	
5.32682683e+06 	 3.880163e-06 	 1.067994e+07 	
5.32732733e+06 	 3.878911e-06 	 1.067895e+07 	
5.32782783e+06 	 3.877659e-06 	 1.067796e+07 	
5.32832833e+06 	 3.876408e-06 	 1.067697e+07 	
5.32882883e+06 	 3.875157e-06 	 1.067599e+07 	
5.32932933e+06 	 3.873907e-06 	 1.067500e+07 	
5.32982983e+06 	 3.872657e-06 	 1.067401e+07 	
5.33033033e+06 	 3.871408e-06 	 1.067302e+07 	
5.33083083e+06 	 3.870159e-06 	 1.067203e+07 	
5.33133133e+06 	 3.868911e-06 	 1.067105e+07 	
5.33183183e+06 	 3.867664e-06 	 1.067006e+07 	
5.33233233e+06 	 3.866416e-06 	 1.066907e+07 	
5.33283283e+06 	 3.865170e-06 	 1.066808e+07 	
5.33333333e+06 	 3.863924e-06 	 1.066710e+07 	
5.33383383e+06 	 3.862678e-06 	 1.066611e+07 	
5.33433433e+06 	 3.861433e-06 	 1.066513e+07 	
5.33483483e+06 	 3.860189e-06 	 1.066414e+07 	
5.33533534e+06 	 3.858944e-06 	 1.066315e+07 	
5.33583584e+06 	 3.857701e-06 	 1.066217e+07 	
5.33633634e+06 	 3.856458e-06 	 1.066118e+07 	
5.33683684e+06 	 3.855215e-06 	 1.066020e+07 	
5.33733734e+06 	 3.853973e-06 	 1.065921e+07 	
5.33783784e+06 	 3.852732e-06 	 1.065823e+07 	
5.33833834e+06 	 3.851491e-06 	 1.065724e+07 	
5.33883884e+06 	 3.850250e-06 	 1.065626e+07 	
5.33933934e+06 	 3.849010e-06 	 1.065527e+07 	
5.33983984e+06 	 3.847771e-06 	 1.065429e+07 	
5.34034034e+06 	 3.846532e-06 	 1.065331e+07 	
5.34084084e+06 	 3.845293e-06 	 1.065232e+07 	
5.34134134e+06 	 3.844055e-06 	 1.065134e+07 	
5.34184184e+06 	 3.842818e-06 	 1.065036e+07 	
5.34234234e+06 	 3.841581e-06 	 1.064937e+07 	
5.34284284e+06 	 3.840344e-06 	 1.064839e+07 	
5.34334334e+06 	 3.839108e-06 	 1.064741e+07 	
5.34384384e+06 	 3.837873e-06 	 1.064642e+07 	
5.34434434e+06 	 3.836638e-06 	 1.064544e+07 	
5.34484484e+06 	 3.835403e-06 	 1.064446e+07 	
5.34534535e+06 	 3.834169e-06 	 1.064348e+07 	
5.34584585e+06 	 3.832936e-06 	 1.064250e+07 	
5.34634635e+06 	 3.831703e-06 	 1.064152e+07 	
5.34684685e+06 	 3.830471e-06 	 1.064053e+07 	
5.34734735e+06 	 3.829239e-06 	 1.063955e+07 	
5.34784785e+06 	 3.828007e-06 	 1.063857e+07 	
5.34834835e+06 	 3.826776e-06 	 1.063759e+07 	
5.34884885e+06 	 3.825546e-06 	 1.063661e+07 	
5.34934935e+06 	 3.824316e-06 	 1.063563e+07 	
5.34984985e+06 	 3.823086e-06 	 1.063465e+07 	
5.35035035e+06 	 3.821858e-06 	 1.063367e+07 	
5.35085085e+06 	 3.820629e-06 	 1.063269e+07 	
5.35135135e+06 	 3.819401e-06 	 1.063171e+07 	
5.35185185e+06 	 3.818174e-06 	 1.063073e+07 	
5.35235235e+06 	 3.816947e-06 	 1.062976e+07 	
5.35285285e+06 	 3.815720e-06 	 1.062878e+07 	
5.35335335e+06 	 3.814494e-06 	 1.062780e+07 	
5.35385385e+06 	 3.813269e-06 	 1.062682e+07 	
5.35435435e+06 	 3.812044e-06 	 1.062584e+07 	
5.35485485e+06 	 3.810820e-06 	 1.062486e+07 	
5.35535536e+06 	 3.809596e-06 	 1.062389e+07 	
5.35585586e+06 	 3.808372e-06 	 1.062291e+07 	
5.35635636e+06 	 3.807149e-06 	 1.062193e+07 	
5.35685686e+06 	 3.805927e-06 	 1.062095e+07 	
5.35735736e+06 	 3.804705e-06 	 1.061998e+07 	
5.35785786e+06 	 3.803483e-06 	 1.061900e+07 	
5.35835836e+06 	 3.802262e-06 	 1.061802e+07 	
5.35885886e+06 	 3.801042e-06 	 1.061705e+07 	
5.35935936e+06 	 3.799822e-06 	 1.061607e+07 	
5.35985986e+06 	 3.798602e-06 	 1.061510e+07 	
5.36036036e+06 	 3.797383e-06 	 1.061412e+07 	
5.36086086e+06 	 3.796165e-06 	 1.061315e+07 	
5.36136136e+06 	 3.794947e-06 	 1.061217e+07 	
5.36186186e+06 	 3.793729e-06 	 1.061120e+07 	
5.36236236e+06 	 3.792512e-06 	 1.061022e+07 	
5.36286286e+06 	 3.791296e-06 	 1.060925e+07 	
5.36336336e+06 	 3.790080e-06 	 1.060827e+07 	
5.36386386e+06 	 3.788864e-06 	 1.060730e+07 	
5.36436436e+06 	 3.787649e-06 	 1.060632e+07 	
5.36486486e+06 	 3.786435e-06 	 1.060535e+07 	
5.36536537e+06 	 3.785221e-06 	 1.060438e+07 	
5.36586587e+06 	 3.784007e-06 	 1.060340e+07 	
5.36636637e+06 	 3.782794e-06 	 1.060243e+07 	
5.36686687e+06 	 3.781582e-06 	 1.060146e+07 	
5.36736737e+06 	 3.780369e-06 	 1.060048e+07 	
5.36786787e+06 	 3.779158e-06 	 1.059951e+07 	
5.36836837e+06 	 3.777947e-06 	 1.059854e+07 	
5.36886887e+06 	 3.776736e-06 	 1.059757e+07 	
5.36936937e+06 	 3.775526e-06 	 1.059659e+07 	
5.36986987e+06 	 3.774316e-06 	 1.059562e+07 	
5.37037037e+06 	 3.773107e-06 	 1.059465e+07 	
5.37087087e+06 	 3.771899e-06 	 1.059368e+07 	
5.37137137e+06 	 3.770690e-06 	 1.059271e+07 	
5.37187187e+06 	 3.769483e-06 	 1.059174e+07 	
5.37237237e+06 	 3.768276e-06 	 1.059077e+07 	
5.37287287e+06 	 3.767069e-06 	 1.058980e+07 	
5.37337337e+06 	 3.765863e-06 	 1.058883e+07 	
5.37387387e+06 	 3.764657e-06 	 1.058786e+07 	
5.37437437e+06 	 3.763452e-06 	 1.058689e+07 	
5.37487487e+06 	 3.762247e-06 	 1.058592e+07 	
5.37537538e+06 	 3.761043e-06 	 1.058495e+07 	
5.37587588e+06 	 3.759839e-06 	 1.058398e+07 	
5.37637638e+06 	 3.758636e-06 	 1.058301e+07 	
5.37687688e+06 	 3.757433e-06 	 1.058204e+07 	
5.37737738e+06 	 3.756231e-06 	 1.058107e+07 	
5.37787788e+06 	 3.755029e-06 	 1.058010e+07 	
5.37837838e+06 	 3.753827e-06 	 1.057913e+07 	
5.37887888e+06 	 3.752627e-06 	 1.057817e+07 	
5.37937938e+06 	 3.751426e-06 	 1.057720e+07 	
5.37987988e+06 	 3.750226e-06 	 1.057623e+07 	
5.38038038e+06 	 3.749027e-06 	 1.057526e+07 	
5.38088088e+06 	 3.747828e-06 	 1.057429e+07 	
5.38138138e+06 	 3.746630e-06 	 1.057333e+07 	
5.38188188e+06 	 3.745432e-06 	 1.057236e+07 	
5.38238238e+06 	 3.744234e-06 	 1.057139e+07 	
5.38288288e+06 	 3.743037e-06 	 1.057043e+07 	
5.38338338e+06 	 3.741841e-06 	 1.056946e+07 	
5.38388388e+06 	 3.740645e-06 	 1.056849e+07 	
5.38438438e+06 	 3.739449e-06 	 1.056753e+07 	
5.38488488e+06 	 3.738254e-06 	 1.056656e+07 	
5.38538539e+06 	 3.737060e-06 	 1.056560e+07 	
5.38588589e+06 	 3.735865e-06 	 1.056463e+07 	
5.38638639e+06 	 3.734672e-06 	 1.056367e+07 	
5.38688689e+06 	 3.733479e-06 	 1.056270e+07 	
5.38738739e+06 	 3.732286e-06 	 1.056174e+07 	
5.38788789e+06 	 3.731094e-06 	 1.056077e+07 	
5.38838839e+06 	 3.729902e-06 	 1.055981e+07 	
5.38888889e+06 	 3.728711e-06 	 1.055884e+07 	
5.38938939e+06 	 3.727520e-06 	 1.055788e+07 	
5.38988989e+06 	 3.726330e-06 	 1.055692e+07 	
5.39039039e+06 	 3.725140e-06 	 1.055595e+07 	
5.39089089e+06 	 3.723951e-06 	 1.055499e+07 	
5.39139139e+06 	 3.722762e-06 	 1.055403e+07 	
5.39189189e+06 	 3.721574e-06 	 1.055306e+07 	
5.39239239e+06 	 3.720386e-06 	 1.055210e+07 	
5.39289289e+06 	 3.719199e-06 	 1.055114e+07 	
5.39339339e+06 	 3.718012e-06 	 1.055018e+07 	
5.39389389e+06 	 3.716826e-06 	 1.054921e+07 	
5.39439439e+06 	 3.715640e-06 	 1.054825e+07 	
5.39489489e+06 	 3.714454e-06 	 1.054729e+07 	
5.39539540e+06 	 3.713269e-06 	 1.054633e+07 	
5.39589590e+06 	 3.712085e-06 	 1.054537e+07 	
5.39639640e+06 	 3.710901e-06 	 1.054441e+07 	
5.39689690e+06 	 3.709717e-06 	 1.054345e+07 	
5.39739740e+06 	 3.708534e-06 	 1.054249e+07 	
5.39789790e+06 	 3.707352e-06 	 1.054152e+07 	
5.39839840e+06 	 3.706170e-06 	 1.054056e+07 	
5.39889890e+06 	 3.704988e-06 	 1.053960e+07 	
5.39939940e+06 	 3.703807e-06 	 1.053864e+07 	
5.39989990e+06 	 3.702626e-06 	 1.053768e+07 	
5.40040040e+06 	 3.701446e-06 	 1.053673e+07 	
5.40090090e+06 	 3.700266e-06 	 1.053577e+07 	
5.40140140e+06 	 3.699087e-06 	 1.053481e+07 	
5.40190190e+06 	 3.697908e-06 	 1.053385e+07 	
5.40240240e+06 	 3.696730e-06 	 1.053289e+07 	
5.40290290e+06 	 3.695552e-06 	 1.053193e+07 	
5.40340340e+06 	 3.694375e-06 	 1.053097e+07 	
5.40390390e+06 	 3.693198e-06 	 1.053001e+07 	
5.40440440e+06 	 3.692022e-06 	 1.052906e+07 	
5.40490490e+06 	 3.690846e-06 	 1.052810e+07 	
5.40540541e+06 	 3.689670e-06 	 1.052714e+07 	
5.40590591e+06 	 3.688495e-06 	 1.052618e+07 	
5.40640641e+06 	 3.687321e-06 	 1.052523e+07 	
5.40690691e+06 	 3.686147e-06 	 1.052427e+07 	
5.40740741e+06 	 3.684973e-06 	 1.052331e+07 	
5.40790791e+06 	 3.683800e-06 	 1.052236e+07 	
5.40840841e+06 	 3.682628e-06 	 1.052140e+07 	
5.40890891e+06 	 3.681455e-06 	 1.052044e+07 	
5.40940941e+06 	 3.680284e-06 	 1.051949e+07 	
5.40990991e+06 	 3.679113e-06 	 1.051853e+07 	
5.41041041e+06 	 3.677942e-06 	 1.051758e+07 	
5.41091091e+06 	 3.676772e-06 	 1.051662e+07 	
5.41141141e+06 	 3.675602e-06 	 1.051567e+07 	
5.41191191e+06 	 3.674432e-06 	 1.051471e+07 	
5.41241241e+06 	 3.673264e-06 	 1.051376e+07 	
5.41291291e+06 	 3.672095e-06 	 1.051280e+07 	
5.41341341e+06 	 3.670927e-06 	 1.051185e+07 	
5.41391391e+06 	 3.669760e-06 	 1.051089e+07 	
5.41441441e+06 	 3.668593e-06 	 1.050994e+07 	
5.41491491e+06 	 3.667426e-06 	 1.050899e+07 	
5.41541542e+06 	 3.666260e-06 	 1.050803e+07 	
5.41591592e+06 	 3.665095e-06 	 1.050708e+07 	
5.41641642e+06 	 3.663930e-06 	 1.050612e+07 	
5.41691692e+06 	 3.662765e-06 	 1.050517e+07 	
5.41741742e+06 	 3.661601e-06 	 1.050422e+07 	
5.41791792e+06 	 3.660437e-06 	 1.050327e+07 	
5.41841842e+06 	 3.659274e-06 	 1.050231e+07 	
5.41891892e+06 	 3.658111e-06 	 1.050136e+07 	
5.41941942e+06 	 3.656949e-06 	 1.050041e+07 	
5.41991992e+06 	 3.655787e-06 	 1.049946e+07 	
5.42042042e+06 	 3.654626e-06 	 1.049851e+07 	
5.42092092e+06 	 3.653465e-06 	 1.049756e+07 	
5.42142142e+06 	 3.652304e-06 	 1.049660e+07 	
5.42192192e+06 	 3.651144e-06 	 1.049565e+07 	
5.42242242e+06 	 3.649985e-06 	 1.049470e+07 	
5.42292292e+06 	 3.648826e-06 	 1.049375e+07 	
5.42342342e+06 	 3.647667e-06 	 1.049280e+07 	
5.42392392e+06 	 3.646509e-06 	 1.049185e+07 	
5.42442442e+06 	 3.645352e-06 	 1.049090e+07 	
5.42492492e+06 	 3.644194e-06 	 1.048995e+07 	
5.42542543e+06 	 3.643038e-06 	 1.048900e+07 	
5.42592593e+06 	 3.641881e-06 	 1.048805e+07 	
5.42642643e+06 	 3.640726e-06 	 1.048710e+07 	
5.42692693e+06 	 3.639570e-06 	 1.048615e+07 	
5.42742743e+06 	 3.638416e-06 	 1.048520e+07 	
5.42792793e+06 	 3.637261e-06 	 1.048426e+07 	
5.42842843e+06 	 3.636107e-06 	 1.048331e+07 	
5.42892893e+06 	 3.634954e-06 	 1.048236e+07 	
5.42942943e+06 	 3.633801e-06 	 1.048141e+07 	
5.42992993e+06 	 3.632648e-06 	 1.048046e+07 	
5.43043043e+06 	 3.631496e-06 	 1.047952e+07 	
5.43093093e+06 	 3.630344e-06 	 1.047857e+07 	
5.43143143e+06 	 3.629193e-06 	 1.047762e+07 	
5.43193193e+06 	 3.628043e-06 	 1.047667e+07 	
5.43243243e+06 	 3.626892e-06 	 1.047573e+07 	
5.43293293e+06 	 3.625743e-06 	 1.047478e+07 	
5.43343343e+06 	 3.624593e-06 	 1.047383e+07 	
5.43393393e+06 	 3.623444e-06 	 1.047289e+07 	
5.43443443e+06 	 3.622296e-06 	 1.047194e+07 	
5.43493493e+06 	 3.621148e-06 	 1.047099e+07 	
5.43543544e+06 	 3.620001e-06 	 1.047005e+07 	
5.43593594e+06 	 3.618853e-06 	 1.046910e+07 	
5.43643644e+06 	 3.617707e-06 	 1.046816e+07 	
5.43693694e+06 	 3.616561e-06 	 1.046721e+07 	
5.43743744e+06 	 3.615415e-06 	 1.046627e+07 	
5.43793794e+06 	 3.614270e-06 	 1.046532e+07 	
5.43843844e+06 	 3.613125e-06 	 1.046438e+07 	
5.43893894e+06 	 3.611981e-06 	 1.046343e+07 	
5.43943944e+06 	 3.610837e-06 	 1.046249e+07 	
5.43993994e+06 	 3.609694e-06 	 1.046155e+07 	
5.44044044e+06 	 3.608551e-06 	 1.046060e+07 	
5.44094094e+06 	 3.607408e-06 	 1.045966e+07 	
5.44144144e+06 	 3.606266e-06 	 1.045872e+07 	
5.44194194e+06 	 3.605125e-06 	 1.045777e+07 	
5.44244244e+06 	 3.603984e-06 	 1.045683e+07 	
5.44294294e+06 	 3.602843e-06 	 1.045589e+07 	
5.44344344e+06 	 3.601703e-06 	 1.045494e+07 	
5.44394394e+06 	 3.600563e-06 	 1.045400e+07 	
5.44444444e+06 	 3.599424e-06 	 1.045306e+07 	
5.44494494e+06 	 3.598285e-06 	 1.045212e+07 	
5.44544545e+06 	 3.597147e-06 	 1.045117e+07 	
5.44594595e+06 	 3.596009e-06 	 1.045023e+07 	
5.44644645e+06 	 3.594871e-06 	 1.044929e+07 	
5.44694695e+06 	 3.593734e-06 	 1.044835e+07 	
5.44744745e+06 	 3.592598e-06 	 1.044741e+07 	
5.44794795e+06 	 3.591462e-06 	 1.044647e+07 	
5.44844845e+06 	 3.590326e-06 	 1.044553e+07 	
5.44894895e+06 	 3.589191e-06 	 1.044459e+07 	
5.44944945e+06 	 3.588056e-06 	 1.044365e+07 	
5.44994995e+06 	 3.586922e-06 	 1.044271e+07 	
5.45045045e+06 	 3.585788e-06 	 1.044177e+07 	
5.45095095e+06 	 3.584655e-06 	 1.044083e+07 	
5.45145145e+06 	 3.583522e-06 	 1.043989e+07 	
5.45195195e+06 	 3.582389e-06 	 1.043895e+07 	
5.45245245e+06 	 3.581257e-06 	 1.043801e+07 	
5.45295295e+06 	 3.580126e-06 	 1.043707e+07 	
5.45345345e+06 	 3.578995e-06 	 1.043613e+07 	
5.45395395e+06 	 3.577864e-06 	 1.043519e+07 	
5.45445445e+06 	 3.576734e-06 	 1.043425e+07 	
5.45495495e+06 	 3.575604e-06 	 1.043332e+07 	
5.45545546e+06 	 3.574475e-06 	 1.043238e+07 	
5.45595596e+06 	 3.573346e-06 	 1.043144e+07 	
5.45645646e+06 	 3.572217e-06 	 1.043050e+07 	
5.45695696e+06 	 3.571089e-06 	 1.042957e+07 	
5.45745746e+06 	 3.569962e-06 	 1.042863e+07 	
5.45795796e+06 	 3.568835e-06 	 1.042769e+07 	
5.45845846e+06 	 3.567708e-06 	 1.042675e+07 	
5.45895896e+06 	 3.566582e-06 	 1.042582e+07 	
5.45945946e+06 	 3.565456e-06 	 1.042488e+07 	
5.45995996e+06 	 3.564331e-06 	 1.042394e+07 	
5.46046046e+06 	 3.563206e-06 	 1.042301e+07 	
5.46096096e+06 	 3.562082e-06 	 1.042207e+07 	
5.46146146e+06 	 3.560958e-06 	 1.042114e+07 	
5.46196196e+06 	 3.559834e-06 	 1.042020e+07 	
5.46246246e+06 	 3.558711e-06 	 1.041927e+07 	
5.46296296e+06 	 3.557589e-06 	 1.041833e+07 	
5.46346346e+06 	 3.556466e-06 	 1.041740e+07 	
5.46396396e+06 	 3.555345e-06 	 1.041646e+07 	
5.46446446e+06 	 3.554223e-06 	 1.041553e+07 	
5.46496496e+06 	 3.553103e-06 	 1.041459e+07 	
5.46546547e+06 	 3.551982e-06 	 1.041366e+07 	
5.46596597e+06 	 3.550862e-06 	 1.041272e+07 	
5.46646647e+06 	 3.549743e-06 	 1.041179e+07 	
5.46696697e+06 	 3.548624e-06 	 1.041086e+07 	
5.46746747e+06 	 3.547505e-06 	 1.040992e+07 	
5.46796797e+06 	 3.546387e-06 	 1.040899e+07 	
5.46846847e+06 	 3.545269e-06 	 1.040806e+07 	
5.46896897e+06 	 3.544152e-06 	 1.040712e+07 	
5.46946947e+06 	 3.543035e-06 	 1.040619e+07 	
5.46996997e+06 	 3.541919e-06 	 1.040526e+07 	
5.47047047e+06 	 3.540803e-06 	 1.040433e+07 	
5.47097097e+06 	 3.539687e-06 	 1.040339e+07 	
5.47147147e+06 	 3.538572e-06 	 1.040246e+07 	
5.47197197e+06 	 3.537458e-06 	 1.040153e+07 	
5.47247247e+06 	 3.536344e-06 	 1.040060e+07 	
5.47297297e+06 	 3.535230e-06 	 1.039967e+07 	
5.47347347e+06 	 3.534117e-06 	 1.039874e+07 	
5.47397397e+06 	 3.533004e-06 	 1.039781e+07 	
5.47447447e+06 	 3.531891e-06 	 1.039688e+07 	
5.47497497e+06 	 3.530779e-06 	 1.039595e+07 	
5.47547548e+06 	 3.529668e-06 	 1.039501e+07 	
5.47597598e+06 	 3.528557e-06 	 1.039408e+07 	
5.47647648e+06 	 3.527446e-06 	 1.039315e+07 	
5.47697698e+06 	 3.526336e-06 	 1.039222e+07 	
5.47747748e+06 	 3.525226e-06 	 1.039130e+07 	
5.47797798e+06 	 3.524117e-06 	 1.039037e+07 	
5.47847848e+06 	 3.523008e-06 	 1.038944e+07 	
5.47897898e+06 	 3.521899e-06 	 1.038851e+07 	
5.47947948e+06 	 3.520791e-06 	 1.038758e+07 	
5.47997998e+06 	 3.519684e-06 	 1.038665e+07 	
5.48048048e+06 	 3.518577e-06 	 1.038572e+07 	
5.48098098e+06 	 3.517470e-06 	 1.038479e+07 	
5.48148148e+06 	 3.516364e-06 	 1.038387e+07 	
5.48198198e+06 	 3.515258e-06 	 1.038294e+07 	
5.48248248e+06 	 3.514153e-06 	 1.038201e+07 	
5.48298298e+06 	 3.513048e-06 	 1.038108e+07 	
5.48348348e+06 	 3.511943e-06 	 1.038015e+07 	
5.48398398e+06 	 3.510839e-06 	 1.037923e+07 	
5.48448448e+06 	 3.509735e-06 	 1.037830e+07 	
5.48498498e+06 	 3.508632e-06 	 1.037737e+07 	
5.48548549e+06 	 3.507530e-06 	 1.037645e+07 	
5.48598599e+06 	 3.506427e-06 	 1.037552e+07 	
5.48648649e+06 	 3.505325e-06 	 1.037459e+07 	
5.48698699e+06 	 3.504224e-06 	 1.037367e+07 	
5.48748749e+06 	 3.503123e-06 	 1.037274e+07 	
5.48798799e+06 	 3.502022e-06 	 1.037182e+07 	
5.48848849e+06 	 3.500922e-06 	 1.037089e+07 	
5.48898899e+06 	 3.499822e-06 	 1.036997e+07 	
5.48948949e+06 	 3.498723e-06 	 1.036904e+07 	
5.48998999e+06 	 3.497624e-06 	 1.036812e+07 	
5.49049049e+06 	 3.496526e-06 	 1.036719e+07 	
5.49099099e+06 	 3.495428e-06 	 1.036627e+07 	
5.49149149e+06 	 3.494330e-06 	 1.036534e+07 	
5.49199199e+06 	 3.493233e-06 	 1.036442e+07 	
5.49249249e+06 	 3.492137e-06 	 1.036350e+07 	
5.49299299e+06 	 3.491040e-06 	 1.036257e+07 	
5.49349349e+06 	 3.489945e-06 	 1.036165e+07 	
5.49399399e+06 	 3.488849e-06 	 1.036072e+07 	
5.49449449e+06 	 3.487754e-06 	 1.035980e+07 	
5.49499499e+06 	 3.486660e-06 	 1.035888e+07 	
5.49549550e+06 	 3.485566e-06 	 1.035796e+07 	
5.49599600e+06 	 3.484472e-06 	 1.035703e+07 	
5.49649650e+06 	 3.483379e-06 	 1.035611e+07 	
5.49699700e+06 	 3.482286e-06 	 1.035519e+07 	
5.49749750e+06 	 3.481194e-06 	 1.035427e+07 	
5.49799800e+06 	 3.480102e-06 	 1.035334e+07 	
5.49849850e+06 	 3.479010e-06 	 1.035242e+07 	
5.49899900e+06 	 3.477919e-06 	 1.035150e+07 	
5.49949950e+06 	 3.476829e-06 	 1.035058e+07 	
5.50000000e+06 	 3.475738e-06 	 1.034966e+07 	
5.52871991e+06 	 3.413894e-06 	 1.029711e+07 	
5.55758979e+06 	 3.353113e-06 	 1.024491e+07 	
5.58661042e+06 	 3.293377e-06 	 1.019303e+07 	
5.61578259e+06 	 3.234853e-06 	 1.014148e+07 	
5.64510710e+06 	 3.177186e-06 	 1.009026e+07 	
5.67458473e+06 	 3.120514e-06 	 1.003937e+07 	
5.70421628e+06 	 3.064660e-06 	 9.988822e+06 	
5.73400257e+06 	 3.009898e-06 	 9.938583e+06 	
5.76394439e+06 	 2.956077e-06 	 9.888664e+06 	
5.79404257e+06 	 2.903180e-06 	 9.839062e+06 	
5.82429791e+06 	 2.851026e-06 	 9.789793e+06 	
5.85471124e+06 	 2.799899e-06 	 9.740824e+06 	
5.88528338e+06 	 2.749645e-06 	 9.692166e+06 	
5.91601516e+06 	 2.700105e-06 	 9.643833e+06 	
5.94690742e+06 	 2.651522e-06 	 9.595796e+06 	
5.97796099e+06 	 2.603760e-06 	 9.548066e+06 	
6.00917672e+06 	 2.556804e-06 	 9.500639e+06 	
6.04055545e+06 	 2.510785e-06 	 9.453499e+06 	
6.07209803e+06 	 2.465423e-06 	 9.406672e+06 	
6.10380532e+06 	 2.420825e-06 	 9.360143e+06 	
6.13567819e+06 	 2.377102e-06 	 9.313896e+06 	
6.16771748e+06 	 2.334014e-06 	 9.267954e+06 	
6.19992408e+06 	 2.291652e-06 	 9.222304e+06 	
6.23229885e+06 	 2.250002e-06 	 9.176943e+06 	
6.26484268e+06 	 2.209175e-06 	 9.131856e+06 	
6.29755645e+06 	 2.168934e-06 	 9.087067e+06 	
6.33044104e+06 	 2.129368e-06 	 9.042562e+06 	
6.36349735e+06 	 2.090467e-06 	 8.998339e+06 	
6.39672627e+06 	 2.052342e-06 	 8.954381e+06 	
6.43012870e+06 	 2.014756e-06 	 8.910713e+06 	
6.46370556e+06 	 1.977801e-06 	 8.867322e+06 	
6.49745775e+06 	 1.941571e-06 	 8.824191e+06 	
6.53138619e+06 	 1.905865e-06 	 8.781344e+06 	
6.56549179e+06 	 1.870761e-06 	 8.738767e+06 	
6.59977549e+06 	 1.836249e-06 	 8.696459e+06 	
6.63423821e+06 	 1.802218e-06 	 8.654431e+06 	
6.66888088e+06 	 1.768841e-06 	 8.612657e+06 	
6.70370446e+06 	 1.736023e-06 	 8.571146e+06 	
6.73870987e+06 	 1.703755e-06 	 8.529897e+06 	
6.77389808e+06 	 1.672125e-06 	 8.488893e+06 	
6.80927003e+06 	 1.640944e-06 	 8.448159e+06 	
6.84482669e+06 	 1.610287e-06 	 8.407682e+06 	
6.88056902e+06 	 1.580064e-06 	 8.367471e+06 	
6.91649798e+06 	 1.550415e-06 	 8.327503e+06 	
6.95261457e+06 	 1.521262e-06 	 8.287786e+06 	
6.98891974e+06 	 1.492596e-06 	 8.248319e+06 	
7.02541449e+06 	 1.464333e-06 	 8.209113e+06 	
7.06209982e+06 	 1.436605e-06 	 8.170142e+06 	
7.09897670e+06 	 1.409338e-06 	 8.131417e+06 	
7.13604615e+06 	 1.382524e-06 	 8.092935e+06 	
7.17330917e+06 	 1.356229e-06 	 8.054682e+06 	
7.21076677e+06 	 1.330310e-06 	 8.016680e+06 	
7.24841996e+06 	 1.304824e-06 	 7.978917e+06 	
7.28626977e+06 	 1.279761e-06 	 7.941390e+06 	
7.32431723e+06 	 1.255047e-06 	 7.904113e+06 	
7.36256336e+06 	 1.230801e-06 	 7.867058e+06 	
7.40100921e+06 	 1.206956e-06 	 7.830236e+06 	
7.43965581e+06 	 1.183507e-06 	 7.793645e+06 	
7.47850422e+06 	 1.160510e-06 	 7.757271e+06 	
7.51755548e+06 	 1.137840e-06 	 7.721136e+06 	
7.55681067e+06 	 1.115546e-06 	 7.685228e+06 	
7.59627083e+06 	 1.093622e-06 	 7.649545e+06 	
7.63593705e+06 	 1.072002e-06 	 7.614099e+06 	
7.67581040e+06 	 1.050790e-06 	 7.578864e+06 	
7.71589196e+06 	 1.029928e-06 	 7.543850e+06 	
7.75618282e+06 	 1.009410e-06 	 7.509057e+06 	
7.79668407e+06 	 9.892862e-07 	 7.474468e+06 	
7.83739681e+06 	 9.694482e-07 	 7.440108e+06 	
7.87832214e+06 	 9.499384e-07 	 7.405963e+06 	
7.91946118e+06 	 9.307514e-07 	 7.372032e+06 	
7.96081503e+06 	 9.118306e-07 	 7.338327e+06 	
8.00238483e+06 	 8.932648e-07 	 7.304823e+06 	
8.04417170e+06 	 8.750047e-07 	 7.271529e+06 	
8.08617677e+06 	 8.570451e-07 	 7.238444e+06 	
8.12840118e+06 	 8.394275e-07 	 7.205555e+06 	
8.17084608e+06 	 8.220612e-07 	 7.172883e+06 	
8.21351262e+06 	 8.049815e-07 	 7.140416e+06 	
8.25640195e+06 	 7.881838e-07 	 7.108153e+06 	
8.29951525e+06 	 7.716214e-07 	 7.076106e+06 	
8.34285367e+06 	 7.553672e-07 	 7.044249e+06 	
8.38641840e+06 	 7.393803e-07 	 7.012593e+06 	
8.43021061e+06 	 7.236563e-07 	 6.981137e+06 	
8.47423150e+06 	 7.081534e-07 	 6.949890e+06 	
8.51848226e+06 	 6.929364e-07 	 6.918831e+06 	
8.56296408e+06 	 6.779686e-07 	 6.887969e+06 	
8.60767818e+06 	 6.632456e-07 	 6.857302e+06 	
8.65262577e+06 	 6.487967e-07 	 6.826817e+06 	
8.69780807e+06 	 6.345560e-07 	 6.796536e+06 	
8.74322630e+06 	 6.205485e-07 	 6.766447e+06 	
8.78888169e+06 	 6.067702e-07 	 6.736548e+06 	
8.83477549e+06 	 5.932171e-07 	 6.706840e+06 	
8.88090893e+06 	 5.799195e-07 	 6.677308e+06 	
8.92728328e+06 	 5.668107e-07 	 6.647975e+06 	
8.97389978e+06 	 5.539165e-07 	 6.618829e+06 	
9.02075971e+06 	 5.412333e-07 	 6.589870e+06 	
9.06786433e+06 	 5.287874e-07 	 6.561083e+06 	
9.11521492e+06 	 5.165201e-07 	 6.532491e+06 	
9.16281276e+06 	 5.044540e-07 	 6.504082e+06 	
9.21065915e+06 	 4.925857e-07 	 6.475855e+06 	
9.25875539e+06 	 4.809380e-07 	 6.447799e+06 	
9.30710277e+06 	 4.694596e-07 	 6.419933e+06 	
9.35570262e+06 	 4.581699e-07 	 6.392247e+06 	
9.40455624e+06 	 4.470660e-07 	 6.364740e+06 	
9.45366497e+06 	 4.361673e-07 	 6.337400e+06 	
9.50303014e+06 	 4.254293e-07 	 6.310246e+06 	
9.55265308e+06 	 4.148687e-07 	 6.283270e+06 	
9.60253514e+06 	 4.044829e-07 	 6.256469e+06 	
9.65267767e+06 	 3.942691e-07 	 6.229844e+06 	
9.70308204e+06 	 3.842026e-07 	 6.203405e+06 	
9.75374961e+06 	 3.743219e-07 	 6.177130e+06 	
9.80468176e+06 	 3.646051e-07 	 6.151029e+06 	
9.85587986e+06 	 3.550499e-07 	 6.125100e+06 	
9.90734531e+06 	 3.456726e-07 	 6.099333e+06 	
9.95907950e+06 	 3.364357e-07 	 6.073747e+06 	
1.00110838e+07 	 3.273536e-07 	 6.048333e+06 	
1.00633597e+07 	 3.184239e-07 	 6.023089e+06 	
1.01159086e+07 	 3.096608e-07 	 5.998005e+06 	
1.01687319e+07 	 3.010322e-07 	 5.973100e+06 	
1.02218310e+07 	 2.925501e-07 	 5.948365e+06 	
1.02752074e+07 	 2.842128e-07 	 5.923799e+06 	
1.03288624e+07 	 2.760183e-07 	 5.899401e+06 	
1.03827977e+07 	 2.679494e-07 	 5.875185e+06 	
1.04370146e+07 	 2.600332e-07 	 5.851127e+06 	
1.04915147e+07 	 2.522546e-07 	 5.827237e+06 	
1.05462993e+07 	 2.446119e-07 	 5.803515e+06 	
1.06013699e+07 	 2.370905e-07 	 5.779973e+06 	
1.06567282e+07 	 2.297134e-07 	 5.756589e+06 	
1.07123755e+07 	 2.224676e-07 	 5.733373e+06 	
1.07683134e+07 	 2.153520e-07 	 5.710326e+06 	
1.08245434e+07 	 2.083543e-07 	 5.687459e+06 	
1.08810670e+07 	 2.014937e-07 	 5.664750e+06 	
1.09378858e+07 	 1.947596e-07 	 5.642210e+06 	
1.09950013e+07 	 1.881508e-07 	 5.619840e+06 	
1.10524150e+07 	 1.816758e-07 	 5.597627e+06 	
1.11101285e+07 	 1.753163e-07 	 5.575593e+06 	
1.11681434e+07 	 1.690799e-07 	 5.553729e+06 	
1.12264612e+07 	 1.629656e-07 	 5.532036e+06 	
1.12850836e+07 	 1.569730e-07 	 5.510512e+06 	
1.13440121e+07 	 1.511103e-07 	 5.489146e+06 	
1.14032482e+07 	 1.453606e-07 	 5.467963e+06 	
1.14627937e+07 	 1.397312e-07 	 5.446951e+06 	
1.15226502e+07 	 1.342219e-07 	 5.426110e+06 	
1.15828192e+07 	 1.288251e-07 	 5.405456e+06 	
1.16433024e+07 	 1.235543e-07 	 5.384964e+06 	
1.17041014e+07 	 1.184028e-07 	 5.364645e+06 	
1.17652179e+07 	 1.133707e-07 	 5.344500e+06 	
1.18266535e+07 	 1.084518e-07 	 5.324545e+06 	
1.18884100e+07 	 1.036575e-07 	 5.304753e+06 	
1.19504889e+07 	 9.898263e-08 	 5.285137e+06 	
1.20128920e+07 	 9.442720e-08 	 5.265699e+06 	
1.20756209e+07 	 8.998598e-08 	 5.246453e+06 	
1.21386774e+07 	 8.566908e-08 	 5.227373e+06 	
1.22020632e+07 	 8.147195e-08 	 5.208472e+06 	
1.22657799e+07 	 7.739881e-08 	 5.189736e+06 	
1.23298294e+07 	 7.344226e-08 	 5.171191e+06 	
1.23942133e+07 	 6.960594e-08 	 5.152827e+06 	
1.24589334e+07 	 6.588993e-08 	 5.134642e+06 	
1.25239915e+07 	 6.229057e-08 	 5.116656e+06 	
1.25893893e+07 	 5.881459e-08 	 5.098836e+06 	
1.26551286e+07 	 5.545868e-08 	 5.081199e+06 	
1.27212112e+07 	 5.222560e-08 	 5.063725e+06 	
1.27876388e+07 	 4.910961e-08 	 5.046446e+06 	
1.28544133e+07 	 4.611280e-08 	 5.029348e+06 	
1.29215365e+07 	 4.323712e-08 	 5.012409e+06 	
1.29890102e+07 	 4.047737e-08 	 4.995664e+06 	
1.30568363e+07 	 3.783481e-08 	 4.979096e+06 	
1.31250165e+07 	 3.530621e-08 	 4.962728e+06 	
1.31935527e+07 	 3.289440e-08 	 4.946518e+06 	
1.32624468e+07 	 3.059444e-08 	 4.930507e+06 	
1.33317007e+07 	 2.840783e-08 	 4.914655e+06 	
1.34013162e+07 	 2.633282e-08 	 4.898953e+06 	
1.34712952e+07 	 2.436502e-08 	 4.883441e+06 	
1.35416396e+07 	 2.250466e-08 	 4.868071e+06 	
1.36123514e+07 	 2.074733e-08 	 4.852888e+06 	
1.36834324e+07 	 1.909265e-08 	 4.837830e+06 	
1.37548846e+07 	 1.753611e-08 	 4.822949e+06 	
1.38267099e+07 	 1.607394e-08 	 4.808294e+06 	
1.38989102e+07 	 1.470605e-08 	 4.793747e+06 	
1.39714875e+07 	 1.342841e-08 	 4.779333e+06 	
1.40444439e+07 	 1.223721e-08 	 4.765078e+06 	
1.41177812e+07 	 1.112932e-08 	 4.750967e+06 	
1.41915014e+07 	 1.010103e-08 	 4.737023e+06 	
1.42656066e+07 	 9.149068e-09 	 4.723223e+06 	
1.43400988e+07 	 8.270335e-09 	 4.709490e+06 	
1.44149800e+07 	 7.460157e-09 	 4.695971e+06 	
1.44902521e+07 	 6.716356e-09 	 4.682390e+06 	
1.45659174e+07 	 6.034053e-09 	 4.668953e+06 	
1.46419777e+07 	 5.409076e-09 	 4.655881e+06 	
1.47184352e+07 	 4.839259e-09 	 4.642771e+06 	
1.47952919e+07 	 4.320525e-09 	 4.629782e+06 	
1.48725500e+07 	 3.849433e-09 	 4.616927e+06 	
1.49502115e+07 	 3.422842e-09 	 4.604065e+06 	
1.50282786e+07 	 3.037343e-09 	 4.591283e+06 	
1.51067533e+07 	 2.689680e-09 	 4.578740e+06 	
1.51856377e+07 	 2.377187e-09 	 4.566082e+06 	
1.52649341e+07 	 2.096679e-09 	 4.553755e+06 	
1.53446446e+07 	 1.845813e-09 	 4.541122e+06 	
1.54247713e+07 	 1.621602e-09 	 4.529092e+06 	
1.55053164e+07 	 1.421875e-09 	 4.517209e+06 	
1.55862821e+07 	 1.244570e-09 	 4.504694e+06 	
1.56676705e+07 	 1.087307e-09 	 4.492313e+06 	
1.57494840e+07 	 9.480771e-10 	 4.480557e+06 	
1.58317247e+07 	 8.252560e-10 	 4.468245e+06 	
1.59143948e+07 	 7.169976e-10 	 4.456653e+06 	
1.59974966e+07 	 6.218687e-10 	 4.444923e+06 	
1.60810324e+07 	 5.384549e-10 	 4.432961e+06 	
1.61650044e+07 	 4.654393e-10 	 4.421124e+06 	
1.75847218e+07 	 1.000000e-20 	 4.236404e+06 	
1.91291283e+07 	 1.000000e-20 	 4.060241e+06 	
2.08091747e+07 	 1.000000e-20 	 3.891524e+06 	
2.26367739e+07 	 1.000000e-20 	 3.729926e+06 	
2.46248850e+07 	 1.000000e-20 	 3.575132e+06 	
2.67876051e+07 	 1.000000e-20 	 3.426845e+06 	
2.91402696e+07 	 1.000000e-20 	 3.284781e+06 	
3.16995606e+07 	 1.000000e-20 	 3.148671e+06 	
3.44836254e+07 	 1.000000e-20 	 3.018257e+06 	
3.75122053e+07 	 1.000000e-20 	 2.893294e+06 	
4.08067750e+07 	 1.000000e-20 	 2.773548e+06 	
4.43906956e+07 	 1.000000e-20 	 2.658797e+06 	
4.82893798e+07 	 1.000000e-20 	 2.548827e+06 	
5.25304721e+07 	 1.000000e-20 	 2.443435e+06 	
5.71440453e+07 	 1.000000e-20 	 2.342428e+06 	
6.21628129e+07 	 1.000000e-20 	 2.245618e+06 	
6.76223618e+07 	 1.000000e-20 	 2.152830e+06 	
7.35614045e+07 	 1.000000e-20 	 2.063894e+06 	
8.00220530e+07 	 1.000000e-20 	 1.978648e+06 	
8.70501184e+07 	 1.000000e-20 	 1.896936e+06 	
9.46954350e+07 	 1.000000e-20 	 1.818611e+06 	
1.03012214e+08 	 1.000000e-20 	 1.743531e+06 	
1.12059427e+08 	 1.000000e-20 	 1.671560e+06 	
1.21901226e+08 	 1.000000e-20 	 1.602568e+06 	
1.32607397e+08 	 1.000000e-20 	 1.536431e+06 	
1.44253855e+08 	 1.000000e-20 	 1.473030e+06 	
1.56923182e+08 	 1.000000e-20 	 1.412251e+06 	
1.70705212e+08 	 1.000000e-20 	 1.353985e+06 	
1.85697672e+08 	 1.000000e-20 	 1.298127e+06 	
2.02006869e+08 	 1.000000e-20 	 1.244577e+06 	
2.19748447e+08 	 1.000000e-20 	 1.193240e+06 	
2.39048207e+08 	 1.000000e-20 	 1.144024e+06 	
2.60043000e+08 	 1.000000e-20 	 1.096840e+06 	
2.82881694e+08 	 1.000000e-20 	 1.051604e+06 	
3.07726234e+08 	 1.000000e-20 	 1.008236e+06 	
3.34752785e+08 	 1.000000e-20 	 9.666586e+05 	
3.64152986e+08 	 1.000000e-20 	 9.267973e+05 	
3.96135308e+08 	 1.000000e-20 	 8.885810e+05 	
4.30926528e+08 	 1.000000e-20 	 8.519419e+05 	
4.68773342e+08 	 1.000000e-20 	 8.168146e+05 	
5.09944115e+08 	 1.000000e-20 	 7.831366e+05 	
5.54730776e+08 	 1.000000e-20 	 7.508481e+05 	
6.03450898e+08 	 1.000000e-20 	 7.198915e+05 	
6.56449943e+08 	 1.000000e-20 	 6.902119e+05 	
7.14103714e+08 	 1.000000e-20 	 6.617566e+05 	
7.76821021e+08 	 1.000000e-20 	 6.344749e+05 	
8.45046575e+08 	 1.000000e-20 	 6.083183e+05 	
9.19264149e+08 	 1.000000e-20 	 5.832405e+05 	
1.00000000e+09 	 1.000000e-20 	 5.591968e+05 	
