r (cm)        	 rho (g/cm3) 	 T (K)       		 Linf = 3.254596e+38
1.29992074e+06 	 1.105337e+05 	 1.195790e+09 	
1.29995395e+06 	 1.063594e+05 	 1.184093e+09 	
1.30007181e+06 	 9.257588e+04 	 1.142875e+09 	
1.30018967e+06 	 8.030261e+04 	 1.102148e+09 	
1.30030753e+06 	 6.940865e+04 	 1.061928e+09 	
1.30042305e+06 	 5.995137e+04 	 1.023019e+09 	
1.30053856e+06 	 5.159188e+04 	 9.846317e+08 	
1.30065407e+06 	 4.422822e+04 	 9.467847e+08 	
1.30074854e+06 	 3.887986e+04 	 9.162492e+08 	
1.30084300e+06 	 3.408470e+04 	 8.860983e+08 	
1.30093746e+06 	 2.979664e+04 	 8.563427e+08 	
1.30103193e+06 	 2.597235e+04 	 8.269938e+08 	
1.30112639e+06 	 2.257112e+04 	 7.980630e+08 	
1.30121752e+06 	 1.965510e+04 	 7.705600e+08 	
1.30130865e+06 	 1.706532e+04 	 7.434679e+08 	
1.30139979e+06 	 1.477186e+04 	 7.167978e+08 	
1.30149092e+06 	 1.274682e+04 	 6.905608e+08 	
1.30156668e+06 	 1.124888e+04 	 6.690861e+08 	
1.30164245e+06 	 9.904566e+03 	 6.479252e+08 	
1.30171821e+06 	 8.700803e+03 	 6.270849e+08 	
1.30179397e+06 	 7.625367e+03 	 6.065720e+08 	
1.30186974e+06 	 6.666833e+03 	 5.863931e+08 	
1.30194549e+06 	 5.814642e+03 	 5.665572e+08 	
1.30202125e+06 	 5.058774e+03 	 5.470689e+08 	
1.30209700e+06 	 4.390036e+03 	 5.279349e+08 	
1.30215981e+06 	 3.895564e+03 	 5.123450e+08 	
1.30222262e+06 	 3.450606e+03 	 4.970070e+08 	
1.30228542e+06 	 3.050944e+03 	 4.819247e+08 	
1.30234823e+06 	 2.692641e+03 	 4.671017e+08 	
1.30241103e+06 	 2.372033e+03 	 4.525417e+08 	
1.30247384e+06 	 2.085711e+03 	 4.382482e+08 	
1.30253853e+06 	 1.823302e+03 	 4.238078e+08 	
1.30260322e+06 	 1.590719e+03 	 4.096575e+08 	
1.30265627e+06 	 1.420206e+03 	 3.982747e+08 	
1.30270931e+06 	 1.266253e+03 	 3.870911e+08 	
1.30276235e+06 	 1.127458e+03 	 3.761085e+08 	
1.30281539e+06 	 1.002515e+03 	 3.653284e+08 	
1.30286843e+06 	 8.902095e+02 	 3.547527e+08 	
1.30292147e+06 	 7.894174e+02 	 3.443826e+08 	
1.30297451e+06 	 6.990958e+02 	 3.342197e+08 	
1.30302755e+06 	 6.182806e+02 	 3.242652e+08 	
1.30308347e+06 	 5.423871e+02 	 3.139963e+08 	
1.30312948e+06 	 4.864538e+02 	 3.057236e+08 	
1.30317549e+06 	 4.358621e+02 	 2.976100e+08 	
1.30322150e+06 	 3.901549e+02 	 2.896559e+08 	
1.30326750e+06 	 3.489083e+02 	 2.818618e+08 	
1.30331351e+06 	 3.117299e+02 	 2.742279e+08 	
1.30335952e+06 	 2.782570e+02 	 2.667546e+08 	
1.30340553e+06 	 2.481546e+02 	 2.594418e+08 	
1.30345154e+06 	 2.211139e+02 	 2.522896e+08 	
1.30349755e+06 	 1.968510e+02 	 2.452981e+08 	
1.30354356e+06 	 1.751046e+02 	 2.384669e+08 	
1.30359225e+06 	 1.545646e+02 	 2.314115e+08 	
1.30363249e+06 	 1.393314e+02 	 2.257166e+08 	
1.30367272e+06 	 1.255278e+02 	 2.201433e+08 	
1.30371296e+06 	 1.130296e+02 	 2.146915e+08 	
1.30375319e+06 	 1.017222e+02 	 2.093606e+08 	
1.30379343e+06 	 9.150010e+01 	 2.041501e+08 	
1.30383367e+06 	 8.226614e+01 	 1.990593e+08 	
1.30387390e+06 	 7.393092e+01 	 1.940876e+08 	
1.30391414e+06 	 6.641237e+01 	 1.892342e+08 	
1.30395437e+06 	 5.963520e+01 	 1.844984e+08 	
1.30399461e+06 	 5.353044e+01 	 1.798793e+08 	
1.30403485e+06 	 4.803494e+01 	 1.753758e+08 	
1.30407508e+06 	 4.309102e+01 	 1.709871e+08 	
1.30411532e+06 	 3.864598e+01 	 1.667119e+08 	
1.30415556e+06 	 3.465177e+01 	 1.625493e+08 	
1.30419579e+06 	 3.106462e+01 	 1.584979e+08 	
1.30423603e+06 	 2.784472e+01 	 1.545566e+08 	
1.30427565e+06 	 2.499767e+01 	 1.507817e+08 	
1.30431527e+06 	 2.244022e+01 	 1.471108e+08 	
1.30435489e+06 	 2.014383e+01 	 1.435427e+08 	
1.30439451e+06 	 1.808263e+01 	 1.400758e+08 	
1.30443413e+06 	 1.623317e+01 	 1.367088e+08 	
1.30447375e+06 	 1.457418e+01 	 1.334400e+08 	
1.30451338e+06 	 1.308646e+01 	 1.302679e+08 	
1.30455300e+06 	 1.175264e+01 	 1.271910e+08 	
1.30459262e+06 	 1.055703e+01 	 1.242075e+08 	
1.30463224e+06 	 9.485467e+00 	 1.213159e+08 	
1.30467186e+06 	 8.525204e+00 	 1.185143e+08 	
1.30471148e+06 	 7.664746e+00 	 1.158010e+08 	
1.30475110e+06 	 6.893750e+00 	 1.131744e+08 	
1.30479072e+06 	 6.202915e+00 	 1.106325e+08 	
1.30483035e+06 	 5.583881e+00 	 1.081736e+08 	
1.30486997e+06 	 5.029141e+00 	 1.057958e+08 	
1.30491527e+06 	 4.465057e+00 	 1.031743e+08 	
1.30496057e+06 	 3.967266e+00 	 1.006536e+08 	
1.30500587e+06 	 3.527859e+00 	 9.823094e+07 	
1.30505117e+06 	 3.139857e+00 	 9.590355e+07 	
1.30509647e+06 	 2.797114e+00 	 9.366859e+07 	
1.30514176e+06 	 2.494215e+00 	 9.152326e+07 	
1.30518706e+06 	 2.226392e+00 	 8.946476e+07 	
1.30523236e+06 	 1.989451e+00 	 8.749030e+07 	
1.30527766e+06 	 1.779703e+00 	 8.559711e+07 	
1.30532296e+06 	 1.593903e+00 	 8.378245e+07 	
1.30536826e+06 	 1.429199e+00 	 8.204361e+07 	
1.30541356e+06 	 1.283084e+00 	 8.037790e+07 	
1.30545886e+06 	 1.153355e+00 	 7.878268e+07 	
1.30551690e+06 	 1.008021e+00 	 7.683770e+07 	
1.30557494e+06 	 8.829087e-01 	 7.499880e+07 	
1.30563298e+06 	 7.750360e-01 	 7.326076e+07 	
1.30569102e+06 	 6.818748e-01 	 7.161847e+07 	
1.30574906e+06 	 6.012811e-01 	 7.006703e+07 	
1.30580710e+06 	 5.314359e-01 	 6.860165e+07 	
1.30586513e+06 	 4.707950e-01 	 6.721772e+07 	
1.30592317e+06 	 4.180466e-01 	 6.591083e+07 	
1.30598121e+06 	 3.720753e-01 	 6.467671e+07 	
1.30605704e+06 	 3.206705e-01 	 6.316733e+07 	
1.30613286e+06 	 2.774633e-01 	 6.176657e+07 	
1.30620868e+06 	 2.410213e-01 	 6.046632e+07 	
1.30628450e+06 	 2.101781e-01 	 5.925896e+07 	
1.30636033e+06 	 1.839823e-01 	 5.813740e+07 	
1.30643615e+06 	 1.616557e-01 	 5.709500e+07 	
1.30653137e+06 	 1.381288e-01 	 5.588867e+07 	
1.30662659e+06 	 1.186907e-01 	 5.478634e+07 	
1.30672181e+06 	 1.025440e-01 	 5.377788e+07 	
1.30681703e+06 	 8.906006e-02 	 5.285413e+07 	
1.30693255e+06 	 7.556825e-02 	 5.183529e+07 	
1.30704808e+06 	 6.457646e-02 	 5.091585e+07 	
1.30716360e+06 	 5.555659e-02 	 5.008427e+07 	
1.30730669e+06 	 4.652012e-02 	 4.916102e+07 	
1.30744978e+06 	 3.931240e-02 	 4.834048e+07 	
1.30759286e+06 	 3.350717e-02 	 4.760854e+07 	
1.30777215e+06 	 2.773701e-02 	 4.679840e+07 	
1.30795143e+06 	 2.322584e-02 	 4.608911e+07 	
1.30813072e+06 	 1.965409e-02 	 4.546469e+07 	
1.30835707e+06 	 1.613733e-02 	 4.477740e+07 	
1.30858343e+06 	 1.343379e-02 	 4.418345e+07 	
1.30880979e+06 	 1.132261e-02 	 4.366616e+07 	
1.30909981e+06 	 9.243308e-03 	 4.309463e+07 	
1.30938984e+06 	 7.668372e-03 	 4.260598e+07 	
1.30967987e+06 	 6.452852e-03 	 4.218391e+07 	
1.31005919e+06 	 5.246738e-03 	 4.171193e+07 	
1.31043852e+06 	 4.346026e-03 	 4.131174e+07 	
1.31081784e+06 	 3.658382e-03 	 4.096801e+07 	
1.31133772e+06 	 2.954884e-03 	 4.056829e+07 	
1.31185760e+06 	 2.440304e-03 	 4.023231e+07 	
1.31237747e+06 	 2.053736e-03 	 3.994519e+07 	
1.31303076e+06 	 1.691521e-03 	 3.963752e+07 	
1.31368405e+06 	 1.423312e-03 	 3.937531e+07 	
1.31433734e+06 	 1.219490e-03 	 3.914804e+07 	
1.31523962e+06 	 1.009990e-03 	 3.887803e+07 	
1.31614190e+06 	 8.569296e-04 	 3.864667e+07 	
1.31717290e+06 	 7.277025e-04 	 3.841764e+07 	
1.31820390e+06 	 6.313638e-04 	 3.821717e+07 	
1.31923490e+06 	 5.576257e-04 	 3.803859e+07 	
1.32083530e+06 	 4.732815e-04 	 3.779402e+07 	
1.32243570e+06 	 4.131384e-04 	 3.757890e+07 	
1.32403610e+06 	 3.687257e-04 	 3.738536e+07 	
1.32632762e+06 	 3.228681e-04 	 3.713559e+07 	
1.32861914e+06 	 2.904751e-04 	 3.690910e+07 	
1.33091066e+06 	 2.667159e-04 	 3.669934e+07 	
1.33449356e+06 	 2.404561e-04 	 3.639499e+07 	
1.33646977e+06 	 2.297329e-04 	 3.623615e+07 	
1.34087953e+06 	 2.118227e-04 	 3.589790e+07 	
1.34436809e+06 	 2.015099e-04 	 3.564188e+07 	
1.35030859e+06 	 1.884766e-04 	 3.522176e+07 	
1.35450900e+06 	 1.813477e-04 	 3.493336e+07 	
1.36344653e+06 	 1.692383e-04 	 3.433627e+07 	
1.36655519e+06 	 1.656188e-04 	 3.413276e+07 	
1.37819155e+06 	 1.535444e-04 	 3.338619e+07 	
1.38495044e+06 	 1.472285e-04 	 3.296229e+07 	
1.38980615e+06 	 1.429116e-04 	 3.266180e+07 	
1.39466186e+06 	 1.387504e-04 	 3.236456e+07 	
1.39852545e+06 	 1.355398e-04 	 3.213031e+07 	
1.40000000e+06 	 1.343410e-04 	 3.204145e+07 	
1.40800000e+06 	 1.280068e-04 	 3.156413e+07 	
1.41600000e+06 	 1.219887e-04 	 3.109493e+07 	
1.42400000e+06 	 1.162648e-04 	 3.063366e+07 	
1.43200000e+06 	 1.108114e-04 	 3.018007e+07 	
1.44000000e+06 	 1.056111e-04 	 2.973399e+07 	
1.44800000e+06 	 1.006548e-04 	 2.929526e+07 	
1.45600000e+06 	 9.592874e-05 	 2.886369e+07 	
1.46400000e+06 	 9.142273e-05 	 2.843915e+07 	
1.47200000e+06 	 8.712065e-05 	 2.802145e+07 	
1.48000000e+06 	 8.301544e-05 	 2.761044e+07 	
1.48800000e+06 	 7.909783e-05 	 2.720600e+07 	
1.49600000e+06 	 7.535500e-05 	 2.680795e+07 	
1.50400000e+06 	 7.178056e-05 	 2.641616e+07 	
1.51200000e+06 	 6.836563e-05 	 2.603051e+07 	
1.52000000e+06 	 6.510283e-05 	 2.565087e+07 	
1.52800000e+06 	 6.198309e-05 	 2.527709e+07 	
1.53600000e+06 	 5.899958e-05 	 2.490905e+07 	
1.54400000e+06 	 5.614557e-05 	 2.454664e+07 	
1.55200000e+06 	 5.341458e-05 	 2.418974e+07 	
1.56000000e+06 	 5.080037e-05 	 2.383824e+07 	
1.56800000e+06 	 4.829740e-05 	 2.349203e+07 	
1.57600000e+06 	 4.589973e-05 	 2.315099e+07 	
1.58400000e+06 	 4.360208e-05 	 2.281503e+07 	
1.60000000e+06 	 3.928676e-05 	 2.215794e+07 	
1.60050050e+06 	 3.915748e-05 	 2.213770e+07 	
1.60100100e+06 	 3.902854e-05 	 2.211747e+07 	
1.60150150e+06 	 3.889992e-05 	 2.209727e+07 	
1.60200200e+06 	 3.877164e-05 	 2.207708e+07 	
1.60250250e+06 	 3.864369e-05 	 2.205691e+07 	
1.60300300e+06 	 3.851606e-05 	 2.203677e+07 	
1.60350350e+06 	 3.838877e-05 	 2.201663e+07 	
1.60400400e+06 	 3.826180e-05 	 2.199652e+07 	
1.60450450e+06 	 3.813516e-05 	 2.197643e+07 	
1.60500501e+06 	 3.800884e-05 	 2.195636e+07 	
1.60550551e+06 	 3.788285e-05 	 2.193630e+07 	
1.60600601e+06 	 3.775717e-05 	 2.191626e+07 	
1.60650651e+06 	 3.763182e-05 	 2.189624e+07 	
1.60700701e+06 	 3.750679e-05 	 2.187624e+07 	
1.60750751e+06 	 3.738208e-05 	 2.185626e+07 	
1.60800801e+06 	 3.725768e-05 	 2.183630e+07 	
1.60850851e+06 	 3.713360e-05 	 2.181635e+07 	
1.60900901e+06 	 3.700984e-05 	 2.179642e+07 	
1.60950951e+06 	 3.688639e-05 	 2.177651e+07 	
1.61001001e+06 	 3.676325e-05 	 2.175662e+07 	
1.61051051e+06 	 3.664043e-05 	 2.173675e+07 	
1.61101101e+06 	 3.651792e-05 	 2.171690e+07 	
1.61151151e+06 	 3.639572e-05 	 2.169706e+07 	
1.61201201e+06 	 3.627383e-05 	 2.167724e+07 	
1.61251251e+06 	 3.615225e-05 	 2.165744e+07 	
1.61301301e+06 	 3.603097e-05 	 2.163766e+07 	
1.61351351e+06 	 3.591001e-05 	 2.161790e+07 	
1.61401401e+06 	 3.578934e-05 	 2.159816e+07 	
1.61451451e+06 	 3.566899e-05 	 2.157843e+07 	
1.61501502e+06 	 3.554894e-05 	 2.155872e+07 	
1.61551552e+06 	 3.542919e-05 	 2.153903e+07 	
1.61601602e+06 	 3.530974e-05 	 2.151936e+07 	
1.61651652e+06 	 3.519059e-05 	 2.149970e+07 	
1.61701702e+06 	 3.507174e-05 	 2.148007e+07 	
1.61751752e+06 	 3.495319e-05 	 2.146045e+07 	
1.61801802e+06 	 3.483494e-05 	 2.144085e+07 	
1.61851852e+06 	 3.471699e-05 	 2.142126e+07 	
1.61901902e+06 	 3.459933e-05 	 2.140170e+07 	
1.61951952e+06 	 3.448197e-05 	 2.138215e+07 	
1.62002002e+06 	 3.436490e-05 	 2.136262e+07 	
1.62052052e+06 	 3.424812e-05 	 2.134311e+07 	
1.62102102e+06 	 3.413163e-05 	 2.132362e+07 	
1.62152152e+06 	 3.401544e-05 	 2.130414e+07 	
1.62202202e+06 	 3.389954e-05 	 2.128468e+07 	
1.62252252e+06 	 3.378392e-05 	 2.126524e+07 	
1.62302302e+06 	 3.366859e-05 	 2.124582e+07 	
1.62352352e+06 	 3.355355e-05 	 2.122642e+07 	
1.62402402e+06 	 3.343879e-05 	 2.120703e+07 	
1.62452452e+06 	 3.332432e-05 	 2.118766e+07 	
1.62502503e+06 	 3.321014e-05 	 2.116831e+07 	
1.62552553e+06 	 3.309623e-05 	 2.114898e+07 	
1.62602603e+06 	 3.298261e-05 	 2.112966e+07 	
1.62652653e+06 	 3.286927e-05 	 2.111036e+07 	
1.62702703e+06 	 3.275621e-05 	 2.109108e+07 	
1.62752753e+06 	 3.264342e-05 	 2.107182e+07 	
1.62802803e+06 	 3.253092e-05 	 2.105257e+07 	
1.62852853e+06 	 3.241869e-05 	 2.103334e+07 	
1.62902903e+06 	 3.230673e-05 	 2.101413e+07 	
1.62952953e+06 	 3.219506e-05 	 2.099494e+07 	
1.63003003e+06 	 3.208365e-05 	 2.097577e+07 	
1.63053053e+06 	 3.197252e-05 	 2.095661e+07 	
1.63103103e+06 	 3.186166e-05 	 2.093747e+07 	
1.63153153e+06 	 3.175107e-05 	 2.091834e+07 	
1.63203203e+06 	 3.164075e-05 	 2.089924e+07 	
1.63253253e+06 	 3.153070e-05 	 2.088015e+07 	
1.63303303e+06 	 3.142092e-05 	 2.086108e+07 	
1.63353353e+06 	 3.131140e-05 	 2.084202e+07 	
1.63403403e+06 	 3.120216e-05 	 2.082299e+07 	
1.63453453e+06 	 3.109317e-05 	 2.080397e+07 	
1.63503504e+06 	 3.098445e-05 	 2.078496e+07 	
1.63553554e+06 	 3.087600e-05 	 2.076598e+07 	
1.63603604e+06 	 3.076780e-05 	 2.074701e+07 	
1.63653654e+06 	 3.065987e-05 	 2.072806e+07 	
1.63703704e+06 	 3.055220e-05 	 2.070913e+07 	
1.63753754e+06 	 3.044479e-05 	 2.069021e+07 	
1.63803804e+06 	 3.033764e-05 	 2.067131e+07 	
1.63853854e+06 	 3.023075e-05 	 2.065243e+07 	
1.63903904e+06 	 3.012411e-05 	 2.063357e+07 	
1.63953954e+06 	 3.001773e-05 	 2.061472e+07 	
1.64004004e+06 	 2.991161e-05 	 2.059589e+07 	
1.64054054e+06 	 2.980574e-05 	 2.057708e+07 	
1.64104104e+06 	 2.970012e-05 	 2.055828e+07 	
1.64154154e+06 	 2.959476e-05 	 2.053950e+07 	
1.64204204e+06 	 2.948965e-05 	 2.052074e+07 	
1.64254254e+06 	 2.938478e-05 	 2.050199e+07 	
1.64304304e+06 	 2.928017e-05 	 2.048327e+07 	
1.64354354e+06 	 2.917581e-05 	 2.046456e+07 	
1.64404404e+06 	 2.907170e-05 	 2.044586e+07 	
1.64454454e+06 	 2.896783e-05 	 2.042718e+07 	
1.64504505e+06 	 2.886421e-05 	 2.040852e+07 	
1.64554555e+06 	 2.876083e-05 	 2.038988e+07 	
1.64604605e+06 	 2.865770e-05 	 2.037125e+07 	
1.64654655e+06 	 2.855481e-05 	 2.035264e+07 	
1.64704705e+06 	 2.845216e-05 	 2.033405e+07 	
1.64754755e+06 	 2.834976e-05 	 2.031548e+07 	
1.64804805e+06 	 2.824759e-05 	 2.029692e+07 	
1.64854855e+06 	 2.814567e-05 	 2.027837e+07 	
1.64904905e+06 	 2.804398e-05 	 2.025985e+07 	
1.64954955e+06 	 2.794396e-05 	 2.024132e+07 	
1.65005005e+06 	 2.784281e-05 	 2.022282e+07 	
1.65055055e+06 	 2.774190e-05 	 2.020435e+07 	
1.65105105e+06 	 2.764122e-05 	 2.018589e+07 	
1.65155155e+06 	 2.754079e-05 	 2.016744e+07 	
1.65205205e+06 	 2.744059e-05 	 2.014902e+07 	
1.65255255e+06 	 2.734062e-05 	 2.013061e+07 	
1.65305305e+06 	 2.724089e-05 	 2.011221e+07 	
1.65355355e+06 	 2.714139e-05 	 2.009384e+07 	
1.65405405e+06 	 2.704213e-05 	 2.007548e+07 	
1.65455455e+06 	 2.694310e-05 	 2.005713e+07 	
1.65505506e+06 	 2.684430e-05 	 2.003881e+07 	
1.65555556e+06 	 2.674573e-05 	 2.002050e+07 	
1.65605606e+06 	 2.664739e-05 	 2.000220e+07 	
1.65655656e+06 	 2.654928e-05 	 1.998392e+07 	
1.65705706e+06 	 2.645140e-05 	 1.996566e+07 	
1.65755756e+06 	 2.635239e-05 	 1.994744e+07 	
1.65805806e+06 	 2.625491e-05 	 1.992921e+07 	
1.65855856e+06 	 2.615765e-05 	 1.991100e+07 	
1.65905906e+06 	 2.606062e-05 	 1.989281e+07 	
1.65955956e+06 	 2.596380e-05 	 1.987463e+07 	
1.66006006e+06 	 2.586721e-05 	 1.985647e+07 	
1.66056056e+06 	 2.577084e-05 	 1.983832e+07 	
1.66106106e+06 	 2.567469e-05 	 1.982019e+07 	
1.66156156e+06 	 2.557876e-05 	 1.980208e+07 	
1.66206206e+06 	 2.548305e-05 	 1.978398e+07 	
1.66256256e+06 	 2.538756e-05 	 1.976590e+07 	
1.66306306e+06 	 2.529228e-05 	 1.974784e+07 	
1.66356356e+06 	 2.519721e-05 	 1.972979e+07 	
1.66406406e+06 	 2.510237e-05 	 1.971176e+07 	
1.66456456e+06 	 2.500773e-05 	 1.969375e+07 	
1.66506507e+06 	 2.491207e-05 	 1.967577e+07 	
1.66556557e+06 	 2.481781e-05 	 1.965779e+07 	
1.66606607e+06 	 2.472376e-05 	 1.963982e+07 	
1.66656657e+06 	 2.462992e-05 	 1.962187e+07 	
1.66706707e+06 	 2.453629e-05 	 1.960394e+07 	
1.66756757e+06 	 2.444286e-05 	 1.958602e+07 	
1.66806807e+06 	 2.434964e-05 	 1.956812e+07 	
1.66856857e+06 	 2.425663e-05 	 1.955024e+07 	
1.66906907e+06 	 2.416382e-05 	 1.953237e+07 	
1.66956957e+06 	 2.407121e-05 	 1.951452e+07 	
1.67007007e+06 	 2.397881e-05 	 1.949668e+07 	
1.67057057e+06 	 2.388661e-05 	 1.947886e+07 	
1.67107107e+06 	 2.379461e-05 	 1.946106e+07 	
1.67157157e+06 	 2.370281e-05 	 1.944327e+07 	
1.67207207e+06 	 2.361121e-05 	 1.942550e+07 	
1.67257257e+06 	 2.351980e-05 	 1.940774e+07 	
1.67307307e+06 	 2.342978e-05 	 1.938998e+07 	
1.67357357e+06 	 2.333882e-05 	 1.937226e+07 	
1.67407407e+06 	 2.324806e-05 	 1.935455e+07 	
1.67457457e+06 	 2.315749e-05 	 1.933686e+07 	
1.67507508e+06 	 2.306712e-05 	 1.931918e+07 	
1.67557558e+06 	 2.297694e-05 	 1.930152e+07 	
1.67607608e+06 	 2.288696e-05 	 1.928387e+07 	
1.67657658e+06 	 2.279717e-05 	 1.926624e+07 	
1.67707708e+06 	 2.270757e-05 	 1.924863e+07 	
1.67757758e+06 	 2.261816e-05 	 1.923104e+07 	
1.67807808e+06 	 2.252895e-05 	 1.921345e+07 	
1.67857858e+06 	 2.243992e-05 	 1.919589e+07 	
1.67907908e+06 	 2.235108e-05 	 1.917834e+07 	
1.67957958e+06 	 2.226243e-05 	 1.916081e+07 	
1.68008008e+06 	 2.217397e-05 	 1.914329e+07 	
1.68058058e+06 	 2.208569e-05 	 1.912579e+07 	
1.68108108e+06 	 2.199872e-05 	 1.910828e+07 	
1.68158158e+06 	 2.191086e-05 	 1.909081e+07 	
1.68208208e+06 	 2.182319e-05 	 1.907335e+07 	
1.68258258e+06 	 2.173569e-05 	 1.905592e+07 	
1.68308308e+06 	 2.164839e-05 	 1.903849e+07 	
1.68358358e+06 	 2.156126e-05 	 1.902108e+07 	
1.68408408e+06 	 2.147432e-05 	 1.900369e+07 	
1.68458458e+06 	 2.138755e-05 	 1.898632e+07 	
1.68508509e+06 	 2.130097e-05 	 1.896895e+07 	
1.68558559e+06 	 2.121457e-05 	 1.895161e+07 	
1.68608609e+06 	 2.112835e-05 	 1.893428e+07 	
1.68658659e+06 	 2.104230e-05 	 1.891697e+07 	
1.68708709e+06 	 2.095643e-05 	 1.889967e+07 	
1.68758759e+06 	 2.087074e-05 	 1.888239e+07 	
1.68808809e+06 	 2.078522e-05 	 1.886512e+07 	
1.68858859e+06 	 2.069988e-05 	 1.884787e+07 	
1.68908909e+06 	 2.061578e-05 	 1.883061e+07 	
1.68958959e+06 	 2.053083e-05 	 1.881339e+07 	
1.69009009e+06 	 2.044605e-05 	 1.879619e+07 	
1.69059059e+06 	 2.036144e-05 	 1.877900e+07 	
1.69109109e+06 	 2.027701e-05 	 1.876182e+07 	
1.69159159e+06 	 2.019275e-05 	 1.874466e+07 	
1.69209209e+06 	 2.010866e-05 	 1.872752e+07 	
1.69259259e+06 	 2.002474e-05 	 1.871039e+07 	
1.69309309e+06 	 1.994099e-05 	 1.869328e+07 	
1.69359359e+06 	 1.985740e-05 	 1.867619e+07 	
1.69409409e+06 	 1.977399e-05 	 1.865910e+07 	
1.69459459e+06 	 1.969074e-05 	 1.864204e+07 	
1.69509510e+06 	 1.960766e-05 	 1.862499e+07 	
1.69559560e+06 	 1.952474e-05 	 1.860795e+07 	
1.69609610e+06 	 1.944199e-05 	 1.859094e+07 	
1.69659660e+06 	 1.935940e-05 	 1.857393e+07 	
1.69709710e+06 	 1.927797e-05 	 1.855692e+07 	
1.69759760e+06 	 1.919575e-05 	 1.853995e+07 	
1.69809810e+06 	 1.911369e-05 	 1.852299e+07 	
1.69859860e+06 	 1.903179e-05 	 1.850605e+07 	
1.69909910e+06 	 1.895006e-05 	 1.848912e+07 	
1.69959960e+06 	 1.886848e-05 	 1.847221e+07 	
1.70010010e+06 	 1.878707e-05 	 1.845531e+07 	
1.70060060e+06 	 1.870581e-05 	 1.843843e+07 	
1.70110110e+06 	 1.862471e-05 	 1.842156e+07 	
1.70160160e+06 	 1.854377e-05 	 1.840471e+07 	
1.70210210e+06 	 1.846299e-05 	 1.838788e+07 	
1.70260260e+06 	 1.838237e-05 	 1.837106e+07 	
1.70310310e+06 	 1.830190e-05 	 1.835425e+07 	
1.70360360e+06 	 1.822159e-05 	 1.833746e+07 	
1.70410410e+06 	 1.814143e-05 	 1.832069e+07 	
1.70460460e+06 	 1.806052e-05 	 1.830395e+07 	
1.70510511e+06 	 1.798063e-05 	 1.828721e+07 	
1.70560561e+06 	 1.790089e-05 	 1.827048e+07 	
1.70610611e+06 	 1.782131e-05 	 1.825377e+07 	
1.70660661e+06 	 1.774187e-05 	 1.823707e+07 	
1.70710711e+06 	 1.766258e-05 	 1.822039e+07 	
1.70760761e+06 	 1.758344e-05 	 1.820372e+07 	
1.70810811e+06 	 1.750445e-05 	 1.818707e+07 	
1.70860861e+06 	 1.742560e-05 	 1.817044e+07 	
1.70910911e+06 	 1.734690e-05 	 1.815381e+07 	
1.70960961e+06 	 1.726835e-05 	 1.813721e+07 	
1.71011011e+06 	 1.718994e-05 	 1.812062e+07 	
1.71061061e+06 	 1.711167e-05 	 1.810404e+07 	
1.71111111e+06 	 1.703355e-05 	 1.808749e+07 	
1.71161161e+06 	 1.695557e-05 	 1.807094e+07 	
1.71211211e+06 	 1.687773e-05 	 1.805441e+07 	
1.71261261e+06 	 1.679918e-05 	 1.803792e+07 	
1.71311311e+06 	 1.672159e-05 	 1.802142e+07 	
1.71361361e+06 	 1.664414e-05 	 1.800494e+07 	
1.71411411e+06 	 1.656682e-05 	 1.798847e+07 	
1.71461461e+06 	 1.648964e-05 	 1.797202e+07 	
1.71511512e+06 	 1.641259e-05 	 1.795558e+07 	
1.71561562e+06 	 1.633568e-05 	 1.793916e+07 	
1.71611612e+06 	 1.625891e-05 	 1.792275e+07 	
1.71661662e+06 	 1.618227e-05 	 1.790636e+07 	
1.71711712e+06 	 1.610576e-05 	 1.788999e+07 	
1.71761762e+06 	 1.602938e-05 	 1.787363e+07 	
1.71811812e+06 	 1.595313e-05 	 1.785728e+07 	
1.71861862e+06 	 1.587701e-05 	 1.784095e+07 	
1.71911912e+06 	 1.580102e-05 	 1.782464e+07 	
1.71961962e+06 	 1.572516e-05 	 1.780834e+07 	
1.72012012e+06 	 1.564943e-05 	 1.779206e+07 	
1.72062062e+06 	 1.557462e-05 	 1.777577e+07 	
1.72112112e+06 	 1.549917e-05 	 1.775951e+07 	
1.72162162e+06 	 1.542385e-05 	 1.774327e+07 	
1.72212212e+06 	 1.534865e-05 	 1.772705e+07 	
1.72262262e+06 	 1.527358e-05 	 1.771084e+07 	
1.72312312e+06 	 1.519864e-05 	 1.769465e+07 	
1.72362362e+06 	 1.512381e-05 	 1.767847e+07 	
1.72412412e+06 	 1.504911e-05 	 1.766231e+07 	
1.72462462e+06 	 1.497454e-05 	 1.764616e+07 	
1.72512513e+06 	 1.490008e-05 	 1.763003e+07 	
1.72562563e+06 	 1.482574e-05 	 1.761391e+07 	
1.72612613e+06 	 1.475153e-05 	 1.759781e+07 	
1.72662663e+06 	 1.467743e-05 	 1.758172e+07 	
1.72712713e+06 	 1.460345e-05 	 1.756565e+07 	
1.72762763e+06 	 1.452959e-05 	 1.754960e+07 	
1.72812813e+06 	 1.445584e-05 	 1.753356e+07 	
1.72862863e+06 	 1.438148e-05 	 1.751755e+07 	
1.72912913e+06 	 1.430794e-05 	 1.750154e+07 	
1.72962963e+06 	 1.423451e-05 	 1.748555e+07 	
1.73013013e+06 	 1.416119e-05 	 1.746957e+07 	
1.73063063e+06 	 1.408799e-05 	 1.745361e+07 	
1.73113113e+06 	 1.401489e-05 	 1.743766e+07 	
1.73163163e+06 	 1.394191e-05 	 1.742173e+07 	
1.73213213e+06 	 1.386903e-05 	 1.740582e+07 	
1.73263263e+06 	 1.379627e-05 	 1.738992e+07 	
1.73313313e+06 	 1.372361e-05 	 1.737403e+07 	
1.73363363e+06 	 1.365106e-05 	 1.735816e+07 	
1.73413413e+06 	 1.357861e-05 	 1.734231e+07 	
1.73463463e+06 	 1.350627e-05 	 1.732647e+07 	
1.73513514e+06 	 1.343403e-05 	 1.731065e+07 	
1.73563564e+06 	 1.336190e-05 	 1.729484e+07 	
1.73613614e+06 	 1.328987e-05 	 1.727905e+07 	
1.73663664e+06 	 1.321727e-05 	 1.726329e+07 	
1.73713714e+06 	 1.314541e-05 	 1.724753e+07 	
1.73763764e+06 	 1.307366e-05 	 1.723179e+07 	
1.73813814e+06 	 1.300200e-05 	 1.721606e+07 	
1.73863864e+06 	 1.293044e-05 	 1.720035e+07 	
1.73913914e+06 	 1.285898e-05 	 1.718465e+07 	
1.73963964e+06 	 1.278761e-05 	 1.716897e+07 	
1.74014014e+06 	 1.271634e-05 	 1.715330e+07 	
1.74064064e+06 	 1.264517e-05 	 1.713765e+07 	
1.74114114e+06 	 1.257408e-05 	 1.712202e+07 	
1.74164164e+06 	 1.250309e-05 	 1.710640e+07 	
1.74214214e+06 	 1.243219e-05 	 1.709080e+07 	
1.74264264e+06 	 1.236138e-05 	 1.707522e+07 	
1.74314314e+06 	 1.229066e-05 	 1.705965e+07 	
1.74364364e+06 	 1.222003e-05 	 1.704409e+07 	
1.74414414e+06 	 1.214949e-05 	 1.702855e+07 	
1.74464464e+06 	 1.207842e-05 	 1.701305e+07 	
1.74514515e+06 	 1.200802e-05 	 1.699755e+07 	
1.74564565e+06 	 1.193772e-05 	 1.698206e+07 	
1.74614615e+06 	 1.186749e-05 	 1.696659e+07 	
1.74664665e+06 	 1.179735e-05 	 1.695113e+07 	
1.74714715e+06 	 1.172729e-05 	 1.693569e+07 	
1.74764765e+06 	 1.165731e-05 	 1.692027e+07 	
1.74814815e+06 	 1.158741e-05 	 1.690486e+07 	
1.74864865e+06 	 1.151758e-05 	 1.688947e+07 	
1.74914915e+06 	 1.144784e-05 	 1.687410e+07 	
1.74964965e+06 	 1.137817e-05 	 1.685874e+07 	
1.75015015e+06 	 1.130858e-05 	 1.684340e+07 	
1.75065065e+06 	 1.123907e-05 	 1.682808e+07 	
1.75115115e+06 	 1.116963e-05 	 1.681277e+07 	
1.75165165e+06 	 1.110026e-05 	 1.679748e+07 	
1.75215215e+06 	 1.103096e-05 	 1.678220e+07 	
1.75265265e+06 	 1.096230e-05 	 1.676693e+07 	
1.75315315e+06 	 1.089317e-05 	 1.675169e+07 	
1.75365365e+06 	 1.082410e-05 	 1.673646e+07 	
1.75415415e+06 	 1.075511e-05 	 1.672126e+07 	
1.75465465e+06 	 1.068619e-05 	 1.670607e+07 	
1.75515516e+06 	 1.061733e-05 	 1.669089e+07 	
1.75565566e+06 	 1.054854e-05 	 1.667574e+07 	
1.75615616e+06 	 1.047981e-05 	 1.666060e+07 	
1.75665666e+06 	 1.041115e-05 	 1.664548e+07 	
1.75715716e+06 	 1.034255e-05 	 1.663038e+07 	
1.75765766e+06 	 1.027402e-05 	 1.661529e+07 	
1.75815816e+06 	 1.020555e-05 	 1.660022e+07 	
1.75865866e+06 	 1.013713e-05 	 1.658517e+07 	
1.75915916e+06 	 1.006878e-05 	 1.657014e+07 	
1.75965966e+06 	 1.000049e-05 	 1.655513e+07 	
1.76016016e+06 	 9.932258e-06 	 1.654013e+07 	
1.76066066e+06 	 9.863575e-06 	 1.652517e+07 	
1.76116116e+06 	 9.795437e-06 	 1.651021e+07 	
1.76166166e+06 	 9.727353e-06 	 1.649527e+07 	
1.76216216e+06 	 9.659323e-06 	 1.648034e+07 	
1.76266266e+06 	 9.591347e-06 	 1.646544e+07 	
1.76316316e+06 	 9.523422e-06 	 1.645055e+07 	
1.76366366e+06 	 9.455549e-06 	 1.643569e+07 	
1.76416416e+06 	 9.387727e-06 	 1.642084e+07 	
1.76466466e+06 	 9.319954e-06 	 1.640601e+07 	
1.76516517e+06 	 9.252230e-06 	 1.639120e+07 	
1.76566567e+06 	 9.184553e-06 	 1.637640e+07 	
1.76616617e+06 	 9.116924e-06 	 1.636163e+07 	
1.76666667e+06 	 9.049341e-06 	 1.634688e+07 	
1.76716717e+06 	 8.981803e-06 	 1.633214e+07 	
1.76766767e+06 	 8.914310e-06 	 1.631743e+07 	
1.76816817e+06 	 8.846861e-06 	 1.630273e+07 	
1.76866867e+06 	 8.779907e-06 	 1.628804e+07 	
1.76916917e+06 	 8.712559e-06 	 1.627338e+07 	
1.76966967e+06 	 8.645253e-06 	 1.625875e+07 	
1.77017017e+06 	 8.577989e-06 	 1.624413e+07 	
1.77067067e+06 	 8.510765e-06 	 1.622954e+07 	
1.77117117e+06 	 8.443581e-06 	 1.621496e+07 	
1.77167167e+06 	 8.376436e-06 	 1.620041e+07 	
1.77217217e+06 	 8.309330e-06 	 1.618588e+07 	
1.77267267e+06 	 8.242262e-06 	 1.617137e+07 	
1.77317317e+06 	 8.175231e-06 	 1.615688e+07 	
1.77367367e+06 	 8.108237e-06 	 1.614241e+07 	
1.77417417e+06 	 8.041279e-06 	 1.612796e+07 	
1.77467467e+06 	 7.974356e-06 	 1.611353e+07 	
1.77517518e+06 	 7.907469e-06 	 1.609913e+07 	
1.77567568e+06 	 7.840617e-06 	 1.608475e+07 	
1.77617618e+06 	 7.773799e-06 	 1.607039e+07 	
1.77667668e+06 	 7.706616e-06 	 1.605607e+07 	
1.77717718e+06 	 7.639851e-06 	 1.604176e+07 	
1.77767768e+06 	 7.573120e-06 	 1.602747e+07 	
1.77817818e+06 	 7.506420e-06 	 1.601320e+07 	
1.77867868e+06 	 7.439753e-06 	 1.599896e+07 	
1.77917918e+06 	 7.373119e-06 	 1.598474e+07 	
1.77967968e+06 	 7.306516e-06 	 1.597054e+07 	
1.78018018e+06 	 7.239944e-06 	 1.595637e+07 	
1.78068068e+06 	 7.173405e-06 	 1.594223e+07 	
1.78118118e+06 	 7.106897e-06 	 1.592810e+07 	
1.78168168e+06 	 7.040421e-06 	 1.591401e+07 	
1.78218218e+06 	 6.973977e-06 	 1.589993e+07 	
1.78268268e+06 	 6.907565e-06 	 1.588589e+07 	
1.78318318e+06 	 6.841185e-06 	 1.587187e+07 	
1.78368368e+06 	 6.774838e-06 	 1.585787e+07 	
1.78418418e+06 	 6.708188e-06 	 1.584392e+07 	
1.78468468e+06 	 6.641896e-06 	 1.582998e+07 	
1.78518519e+06 	 6.575636e-06 	 1.581607e+07 	
1.78568569e+06 	 6.509411e-06 	 1.580218e+07 	
1.78618619e+06 	 6.443221e-06 	 1.578832e+07 	
1.78668669e+06 	 6.377066e-06 	 1.577449e+07 	
1.78718719e+06 	 6.310948e-06 	 1.576069e+07 	
1.78768769e+06 	 6.244866e-06 	 1.574691e+07 	
1.78818819e+06 	 6.178823e-06 	 1.573317e+07 	
1.78868869e+06 	 6.112819e-06 	 1.571945e+07 	
1.78918919e+06 	 6.046855e-06 	 1.570577e+07 	
1.78968969e+06 	 5.980934e-06 	 1.569211e+07 	
1.79019019e+06 	 5.915055e-06 	 1.567849e+07 	
1.79069069e+06 	 5.849221e-06 	 1.566489e+07 	
1.79119119e+06 	 5.783434e-06 	 1.565133e+07 	
1.79169169e+06 	 5.717695e-06 	 1.563780e+07 	
1.79219219e+06 	 5.651720e-06 	 1.562432e+07 	
1.79269269e+06 	 5.586074e-06 	 1.561086e+07 	
1.79319319e+06 	 5.520481e-06 	 1.559742e+07 	
1.79369369e+06 	 5.454945e-06 	 1.558403e+07 	
1.79419419e+06 	 5.389467e-06 	 1.557066e+07 	
1.79469469e+06 	 5.324051e-06 	 1.555733e+07 	
1.79519520e+06 	 5.258698e-06 	 1.554404e+07 	
1.79569570e+06 	 5.193413e-06 	 1.553078e+07 	
1.79619620e+06 	 5.128197e-06 	 1.551756e+07 	
1.79669670e+06 	 5.063055e-06 	 1.550437e+07 	
1.79719720e+06 	 4.997988e-06 	 1.549122e+07 	
1.79769770e+06 	 4.933002e-06 	 1.547811e+07 	
1.79819820e+06 	 4.868100e-06 	 1.546504e+07 	
1.79869870e+06 	 4.803285e-06 	 1.545200e+07 	
1.79919920e+06 	 4.738562e-06 	 1.543901e+07 	
1.79969970e+06 	 4.673936e-06 	 1.542605e+07 	
1.80020020e+06 	 4.609174e-06 	 1.541316e+07 	
1.80070070e+06 	 4.544745e-06 	 1.540028e+07 	
1.80120120e+06 	 4.480427e-06 	 1.538745e+07 	
1.80170170e+06 	 4.416224e-06 	 1.537467e+07 	
1.80220220e+06 	 4.352142e-06 	 1.536192e+07 	
1.80270270e+06 	 4.288185e-06 	 1.534922e+07 	
1.80320320e+06 	 4.224360e-06 	 1.533656e+07 	
1.80370370e+06 	 4.160673e-06 	 1.532395e+07 	
1.80420420e+06 	 4.097130e-06 	 1.531139e+07 	
1.80470470e+06 	 4.033738e-06 	 1.529887e+07 	
1.80520521e+06 	 3.970503e-06 	 1.528640e+07 	
1.80570571e+06 	 3.907432e-06 	 1.527397e+07 	
1.80620621e+06 	 3.844532e-06 	 1.526160e+07 	
1.80670671e+06 	 3.781812e-06 	 1.524927e+07 	
1.80720721e+06 	 3.719277e-06 	 1.523700e+07 	
1.80770771e+06 	 3.656938e-06 	 1.522477e+07 	
1.80820821e+06 	 3.594988e-06 	 1.521258e+07 	
1.80870871e+06 	 3.533068e-06 	 1.520046e+07 	
1.80920921e+06 	 3.471367e-06 	 1.518840e+07 	
1.80970971e+06 	 3.409896e-06 	 1.517638e+07 	
1.81021021e+06 	 3.348662e-06 	 1.516443e+07 	
1.81071071e+06 	 3.287677e-06 	 1.515253e+07 	
1.81121121e+06 	 3.226949e-06 	 1.514068e+07 	
1.81171171e+06 	 3.166488e-06 	 1.512889e+07 	
1.81221221e+06 	 3.106306e-06 	 1.511717e+07 	
1.81271271e+06 	 3.046411e-06 	 1.510550e+07 	
1.81321321e+06 	 2.986815e-06 	 1.509389e+07 	
1.81371371e+06 	 2.927530e-06 	 1.508234e+07 	
1.81421421e+06 	 2.868565e-06 	 1.507086e+07 	
1.81471471e+06 	 2.809933e-06 	 1.505944e+07 	
1.81521522e+06 	 2.751645e-06 	 1.504808e+07 	
1.81571572e+06 	 2.693576e-06 	 1.503681e+07 	
1.81621622e+06 	 2.636010e-06 	 1.502559e+07 	
1.81671672e+06 	 2.578823e-06 	 1.501443e+07 	
1.81721722e+06 	 2.522030e-06 	 1.500334e+07 	
1.81771772e+06 	 2.465642e-06 	 1.499232e+07 	
1.81821822e+06 	 2.409672e-06 	 1.498136e+07 	
1.81871872e+06 	 2.354133e-06 	 1.497048e+07 	
1.81921922e+06 	 2.299039e-06 	 1.495968e+07 	
1.81971972e+06 	 2.244402e-06 	 1.494894e+07 	
1.82022022e+06 	 2.190235e-06 	 1.493828e+07 	
1.82072072e+06 	 2.136553e-06 	 1.492769e+07 	
1.82122122e+06 	 2.083368e-06 	 1.491718e+07 	
1.82172172e+06 	 2.030694e-06 	 1.490674e+07 	
1.82222222e+06 	 1.978545e-06 	 1.489639e+07 	
1.82272272e+06 	 1.926934e-06 	 1.488611e+07 	
1.82322322e+06 	 1.875968e-06 	 1.487589e+07 	
1.82372372e+06 	 1.825475e-06 	 1.486577e+07 	
1.82422422e+06 	 1.775559e-06 	 1.485573e+07 	
1.82472472e+06 	 1.726236e-06 	 1.484578e+07 	
1.82522523e+06 	 1.677517e-06 	 1.483590e+07 	
1.82572573e+06 	 1.629416e-06 	 1.482611e+07 	
1.82622623e+06 	 1.581945e-06 	 1.481641e+07 	
1.82672673e+06 	 1.535118e-06 	 1.480679e+07 	
1.82722723e+06 	 1.488946e-06 	 1.479726e+07 	
1.82772773e+06 	 1.443442e-06 	 1.478782e+07 	
1.82822823e+06 	 1.398618e-06 	 1.477847e+07 	
1.82872873e+06 	 1.354485e-06 	 1.476921e+07 	
1.82922923e+06 	 1.311054e-06 	 1.476003e+07 	
1.82972973e+06 	 1.268336e-06 	 1.475095e+07 	
1.83023023e+06 	 1.226342e-06 	 1.474196e+07 	
1.83073073e+06 	 1.185022e-06 	 1.473308e+07 	
1.83123123e+06 	 1.144503e-06 	 1.472428e+07 	
1.83173173e+06 	 1.104737e-06 	 1.471557e+07 	
1.83223223e+06 	 1.065731e-06 	 1.470695e+07 	
1.83273273e+06 	 1.027494e-06 	 1.469843e+07 	
1.83323323e+06 	 9.900323e-07 	 1.469001e+07 	
1.83373373e+06 	 9.533530e-07 	 1.468168e+07 	
1.83423423e+06 	 9.174621e-07 	 1.467345e+07 	
1.83473473e+06 	 8.823651e-07 	 1.466532e+07 	
1.83523524e+06 	 8.480666e-07 	 1.465728e+07 	
1.83573574e+06 	 8.145707e-07 	 1.464935e+07 	
1.83623624e+06 	 7.818806e-07 	 1.464151e+07 	
1.83673674e+06 	 7.499987e-07 	 1.463377e+07 	
1.83723724e+06 	 7.189270e-07 	 1.462614e+07 	
1.83773774e+06 	 6.886662e-07 	 1.461860e+07 	
1.83823824e+06 	 6.592508e-07 	 1.461114e+07 	
1.83873874e+06 	 6.306121e-07 	 1.460380e+07 	
1.83923924e+06 	 6.027825e-07 	 1.459656e+07 	
1.83973974e+06 	 5.757597e-07 	 1.458942e+07 	
1.84024024e+06 	 5.495408e-07 	 1.458238e+07 	
1.84074074e+06 	 5.241218e-07 	 1.457544e+07 	
1.84124124e+06 	 4.994981e-07 	 1.456861e+07 	
1.84174174e+06 	 4.756641e-07 	 1.456187e+07 	
1.84224224e+06 	 4.526136e-07 	 1.455523e+07 	
1.84274274e+06 	 4.303393e-07 	 1.454869e+07 	
1.84324324e+06 	 4.088336e-07 	 1.454226e+07 	
1.84374374e+06 	 3.880877e-07 	 1.453592e+07 	
1.84424424e+06 	 3.680922e-07 	 1.452968e+07 	
1.84474474e+06 	 3.488549e-07 	 1.452351e+07 	
1.84524525e+06 	 3.303294e-07 	 1.451747e+07 	
1.84574575e+06 	 3.125222e-07 	 1.451152e+07 	
1.84624625e+06 	 2.954210e-07 	 1.450567e+07 	
1.84674675e+06 	 2.790132e-07 	 1.449992e+07 	
1.84724725e+06 	 2.632855e-07 	 1.449426e+07 	
1.84774775e+06 	 2.482241e-07 	 1.448870e+07 	
1.84824825e+06 	 2.338148e-07 	 1.448323e+07 	
1.84874875e+06 	 2.200427e-07 	 1.447786e+07 	
1.84924925e+06 	 2.068927e-07 	 1.447257e+07 	
1.84974975e+06 	 1.943492e-07 	 1.446738e+07 	
1.85025025e+06 	 1.823963e-07 	 1.446228e+07 	
1.85075075e+06 	 1.710091e-07 	 1.445730e+07 	
1.85125125e+06 	 1.601885e-07 	 1.445238e+07 	
1.85175175e+06 	 1.499092e-07 	 1.444755e+07 	
1.85225225e+06 	 1.401543e-07 	 1.444280e+07 	
1.85275275e+06 	 1.309068e-07 	 1.443814e+07 	
1.85325325e+06 	 1.221497e-07 	 1.443356e+07 	
1.85375375e+06 	 1.138659e-07 	 1.442907e+07 	
1.85425425e+06 	 1.060383e-07 	 1.442466e+07 	
1.85475475e+06 	 9.864989e-08 	 1.442032e+07 	
1.85525526e+06 	 9.168370e-08 	 1.441607e+07 	
1.85575576e+06 	 8.511851e-08 	 1.441193e+07 	
1.85625626e+06 	 7.894635e-08 	 1.440783e+07 	
1.85675676e+06 	 7.314636e-08 	 1.440381e+07 	
1.85725726e+06 	 6.770228e-08 	 1.439986e+07 	
1.85775776e+06 	 6.259809e-08 	 1.439599e+07 	
1.85825826e+06 	 5.781804e-08 	 1.439218e+07 	
1.85875876e+06 	 5.334671e-08 	 1.438844e+07 	
1.85925926e+06 	 4.916901e-08 	 1.438477e+07 	
1.85975976e+06 	 4.527256e-08 	 1.438112e+07 	
1.86026026e+06 	 4.163833e-08 	 1.437758e+07 	
1.86076076e+06 	 3.825468e-08 	 1.437409e+07 	
1.86126126e+06 	 3.510806e-08 	 1.437067e+07 	
1.86176176e+06 	 3.218534e-08 	 1.436730e+07 	
1.86226226e+06 	 2.947383e-08 	 1.436398e+07 	
1.86276276e+06 	 2.695986e-08 	 1.436078e+07 	
1.86326326e+06 	 2.463441e-08 	 1.435758e+07 	
1.86376376e+06 	 2.248477e-08 	 1.435443e+07 	
1.86426426e+06 	 2.050006e-08 	 1.435133e+07 	
1.86476476e+06 	 1.866986e-08 	 1.434826e+07 	
1.86526527e+06 	 1.698322e-08 	 1.434533e+07 	
1.86576577e+06 	 1.543249e-08 	 1.434237e+07 	
1.86626627e+06 	 1.400771e-08 	 1.433944e+07 	
1.86676677e+06 	 1.269961e-08 	 1.433664e+07 	
1.86726727e+06 	 1.150124e-08 	 1.433380e+07 	
1.86776777e+06 	 1.040426e-08 	 1.433098e+07 	
1.86826827e+06 	 9.400821e-09 	 1.432831e+07 	
1.86876877e+06 	 8.484953e-09 	 1.432557e+07 	
1.86926927e+06 	 7.649295e-09 	 1.432298e+07 	
1.86976977e+06 	 6.888400e-09 	 1.432031e+07 	
1.87027027e+06 	 6.195855e-09 	 1.431782e+07 	
1.87077077e+06 	 5.566805e-09 	 1.431525e+07 	
1.87127127e+06 	 4.995776e-09 	 1.431282e+07 	
1.87177177e+06 	 4.478275e-09 	 1.431038e+07 	
1.87227227e+06 	 4.009756e-09 	 1.430803e+07 	
1.87277277e+06 	 3.586486e-09 	 1.430526e+07 	
1.87327327e+06 	 3.204034e-09 	 1.430281e+07 	
1.87377377e+06 	 2.859002e-09 	 1.430056e+07 	
1.87427427e+06 	 2.548225e-09 	 1.429833e+07 	
1.87477477e+06 	 2.268830e-09 	 1.429552e+07 	
1.87527528e+06 	 2.017722e-09 	 1.429271e+07 	
1.87577578e+06 	 1.792156e-09 	 1.429100e+07 	
1.87627628e+06 	 1.590084e-09 	 1.428877e+07 	
1.87677678e+06 	 1.409215e-09 	 1.428628e+07 	
1.87727728e+06 	 1.247509e-09 	 1.428366e+07 	
1.87777778e+06 	 1.103039e-09 	 1.428175e+07 	
1.87827828e+06 	 9.742241e-10 	 1.427939e+07 	
1.87877878e+06 	 8.594559e-10 	 1.427723e+07 	
1.87927928e+06 	 7.573549e-10 	 1.427498e+07 	
1.87977978e+06 	 6.666240e-10 	 1.427273e+07 	
1.88028028e+06 	 5.861038e-10 	 1.427020e+07 	
1.88078078e+06 	 5.147108e-10 	 1.426828e+07 	
1.88128128e+06 	 4.515089e-10 	 1.426601e+07 	
1.88178178e+06 	 3.956170e-10 	 1.426385e+07 	
1.88228228e+06 	 3.462535e-10 	 1.426159e+07 	
1.88278278e+06 	 3.027057e-10 	 1.425945e+07 	
1.88328328e+06 	 2.643367e-10 	 1.425725e+07 	
1.88378378e+06 	 2.305710e-10 	 1.425506e+07 	
1.88428428e+06 	 2.008921e-10 	 1.425287e+07 	
1.88478478e+06 	 1.748366e-10 	 1.425069e+07 	
1.88528529e+06 	 1.519901e-10 	 1.424844e+07 	
2.14279995e+06 	 1.000000e-20 	 1.325358e+07 	
2.43548902e+06 	 1.000000e-20 	 1.234339e+07 	
2.76815705e+06 	 1.000000e-20 	 1.150745e+07 	
3.14626483e+06 	 1.000000e-20 	 1.073729e+07 	
3.57601906e+06 	 1.000000e-20 	 1.002591e+07 	
4.06447423e+06 	 1.000000e-20 	 9.367383e+06 	
4.61964841e+06 	 1.000000e-20 	 8.756676e+06 	
5.25065488e+06 	 1.000000e-20 	 8.189440e+06 	
5.96785170e+06 	 1.000000e-20 	 7.661886e+06 	
6.78301179e+06 	 1.000000e-20 	 7.170686e+06 	
7.70951613e+06 	 1.000000e-20 	 6.712893e+06 	
8.76257344e+06 	 1.000000e-20 	 6.285882e+06 	
9.95946983e+06 	 1.000000e-20 	 5.887297e+06 	
1.13198526e+07 	 1.000000e-20 	 5.515016e+06 	
1.28660525e+07 	 1.000000e-20 	 5.167115e+06 	
1.46234508e+07 	 1.000000e-20 	 4.841846e+06 	
1.66208955e+07 	 1.000000e-20 	 4.537614e+06 	
1.88911748e+07 	 1.000000e-20 	 4.252958e+06 	
2.14715560e+07 	 1.000000e-20 	 3.986535e+06 	
2.44043962e+07 	 1.000000e-20 	 3.737110e+06 	
2.77378385e+07 	 1.000000e-20 	 3.503545e+06 	
3.15266021e+07 	 1.000000e-20 	 3.284786e+06 	
3.58328800e+07 	 1.000000e-20 	 3.079857e+06 	
4.07273604e+07 	 1.000000e-20 	 2.887854e+06 	
4.62903872e+07 	 1.000000e-20 	 2.707937e+06 	
5.26132783e+07 	 1.000000e-20 	 2.539324e+06 	
5.97998249e+07 	 1.000000e-20 	 2.381288e+06 	
6.79679955e+07 	 1.000000e-20 	 2.233152e+06 	
7.72518718e+07 	 1.000000e-20 	 2.094285e+06 	
8.78038503e+07 	 1.000000e-20 	 1.964097e+06 	
9.97971434e+07 	 1.000000e-20 	 1.842038e+06 	
1.13428623e+08 	 1.000000e-20 	 1.727594e+06 	
1.28922052e+08 	 1.000000e-20 	 1.620285e+06 	
1.46531757e+08 	 1.000000e-20 	 1.519662e+06 	
1.66546806e+08 	 1.000000e-20 	 1.425304e+06 	
1.89295747e+08 	 1.000000e-20 	 1.336819e+06 	
2.15152010e+08 	 1.000000e-20 	 1.253839e+06 	
2.44540027e+08 	 1.000000e-20 	 1.176018e+06 	
2.77942210e+08 	 1.000000e-20 	 1.103036e+06 	
3.15906859e+08 	 1.000000e-20 	 1.034589e+06 	
3.59057171e+08 	 1.000000e-20 	 9.703945e+05 	
4.08101465e+08 	 1.000000e-20 	 9.101876e+05 	
4.63844812e+08 	 1.000000e-20 	 8.537198e+05 	
5.27202247e+08 	 1.000000e-20 	 8.007582e+05 	
5.99213794e+08 	 1.000000e-20 	 7.510845e+05 	
6.81061533e+08 	 1.000000e-20 	 7.044943e+05 	
7.74089009e+08 	 1.000000e-20 	 6.607957e+05 	
8.79823283e+08 	 1.000000e-20 	 6.198091e+05 	
1.00000000e+09 	 1.000000e-20 	 5.813658e+05 	
