r (cm)        	 rho (g/cm3) 	 T (K)       		 Linf = 3.449336e+38
1.30006834e+06 	 1.056002e+05 	 1.211187e+09 	
1.30011032e+06 	 1.007637e+05 	 1.196900e+09 	
1.30024275e+06 	 8.669700e+04 	 1.152234e+09 	
1.30037518e+06 	 7.430829e+04 	 1.108198e+09 	
1.30048338e+06 	 6.531939e+04 	 1.072703e+09 	
1.30059158e+06 	 5.726100e+04 	 1.037657e+09 	
1.30069978e+06 	 5.005560e+04 	 1.003073e+09 	
1.30080797e+06 	 4.363026e+04 	 9.689653e+08 	
1.30091617e+06 	 3.791649e+04 	 9.353481e+08 	
1.30102051e+06 	 3.302076e+04 	 9.034102e+08 	
1.30112484e+06 	 2.867315e+04 	 8.719550e+08 	
1.30122917e+06 	 2.482336e+04 	 8.409959e+08 	
1.30133350e+06 	 2.142445e+04 	 8.105467e+08 	
1.30142023e+06 	 1.891074e+04 	 7.856332e+08 	
1.30150696e+06 	 1.665497e+04 	 7.610900e+08 	
1.30159369e+06 	 1.463516e+04 	 7.369253e+08 	
1.30168042e+06 	 1.283076e+04 	 7.131475e+08 	
1.30176715e+06 	 1.122256e+04 	 6.897650e+08 	
1.30185205e+06 	 9.821131e+03 	 6.672674e+08 	
1.30193694e+06 	 8.574903e+03 	 6.451645e+08 	
1.30202184e+06 	 7.469339e+03 	 6.234642e+08 	
1.30210674e+06 	 6.490958e+03 	 6.021743e+08 	
1.30217738e+06 	 5.764840e+03 	 5.847787e+08 	
1.30224801e+06 	 5.111440e+03 	 5.676769e+08 	
1.30231865e+06 	 4.524523e+03 	 5.508733e+08 	
1.30238929e+06 	 3.998276e+03 	 5.343722e+08 	
1.30245992e+06 	 3.527290e+03 	 5.181776e+08 	
1.30253056e+06 	 3.106543e+03 	 5.022937e+08 	
1.30260213e+06 	 2.726744e+03 	 4.865224e+08 	
1.30267369e+06 	 2.389255e+03 	 4.710778e+08 	
1.30274525e+06 	 2.089947e+03 	 4.559637e+08 	
1.30280453e+06 	 1.868227e+03 	 4.436977e+08 	
1.30286380e+06 	 1.668093e+03 	 4.316627e+08 	
1.30292307e+06 	 1.487691e+03 	 4.198604e+08 	
1.30298235e+06 	 1.325295e+03 	 4.082925e+08 	
1.30304162e+06 	 1.179309e+03 	 3.969606e+08 	
1.30310090e+06 	 1.048251e+03 	 3.858659e+08 	
1.30316017e+06 	 9.307552e+02 	 3.750097e+08 	
1.30321944e+06 	 8.255599e+02 	 3.643931e+08 	
1.30328203e+06 	 7.265484e+02 	 3.534434e+08 	
1.30333394e+06 	 6.529576e+02 	 3.445666e+08 	
1.30338585e+06 	 5.863871e+02 	 3.358751e+08 	
1.30343776e+06 	 5.262273e+02 	 3.273692e+08 	
1.30348966e+06 	 4.719142e+02 	 3.190489e+08 	
1.30354157e+06 	 4.229273e+02 	 3.109143e+08 	
1.30359348e+06 	 3.787865e+02 	 3.029652e+08 	
1.30364539e+06 	 3.390495e+02 	 2.952014e+08 	
1.30369729e+06 	 3.033096e+02 	 2.876225e+08 	
1.30374920e+06 	 2.711937e+02 	 2.802279e+08 	
1.30380111e+06 	 2.423592e+02 	 2.730171e+08 	
1.30385302e+06 	 2.164927e+02 	 2.659891e+08 	
1.30390041e+06 	 1.952237e+02 	 2.597311e+08 	
1.30394780e+06 	 1.759899e+02 	 2.536240e+08 	
1.30399520e+06 	 1.586074e+02 	 2.476669e+08 	
1.30404259e+06 	 1.429076e+02 	 2.418588e+08 	
1.30408999e+06 	 1.287358e+02 	 2.361984e+08 	
1.30413738e+06 	 1.159502e+02 	 2.306848e+08 	
1.30418478e+06 	 1.044212e+02 	 2.253164e+08 	
1.30423217e+06 	 9.403045e+01 	 2.200920e+08 	
1.30427957e+06 	 8.466971e+01 	 2.150101e+08 	
1.30432696e+06 	 7.624045e+01 	 2.100690e+08 	
1.30437435e+06 	 6.865289e+01 	 2.052671e+08 	
1.30442175e+06 	 6.182535e+01 	 2.006026e+08 	
1.30446914e+06 	 5.568363e+01 	 1.960737e+08 	
1.30451654e+06 	 5.016032e+01 	 1.916784e+08 	
1.30456393e+06 	 4.519431e+01 	 1.874148e+08 	
1.30461133e+06 	 4.073024e+01 	 1.832807e+08 	
1.30465872e+06 	 3.671798e+01 	 1.792741e+08 	
1.30470612e+06 	 3.311220e+01 	 1.753927e+08 	
1.30475653e+06 	 2.967687e+01 	 1.713986e+08 	
1.30480695e+06 	 2.661083e+01 	 1.675409e+08 	
1.30485736e+06 	 2.387433e+01 	 1.638165e+08 	
1.30490778e+06 	 2.143177e+01 	 1.602226e+08 	
1.30495820e+06 	 1.925130e+01 	 1.567562e+08 	
1.30500861e+06 	 1.730445e+01 	 1.534142e+08 	
1.30505903e+06 	 1.556580e+01 	 1.501935e+08 	
1.30510945e+06 	 1.401265e+01 	 1.470911e+08 	
1.30515986e+06 	 1.262475e+01 	 1.441037e+08 	
1.30521028e+06 	 1.138406e+01 	 1.412283e+08 	
1.30526069e+06 	 1.027449e+01 	 1.384616e+08 	
1.30531111e+06 	 9.281718e+00 	 1.358005e+08 	
1.30536153e+06 	 8.392986e+00 	 1.332418e+08 	
1.30541194e+06 	 7.596945e+00 	 1.307824e+08 	
1.30546236e+06 	 6.883498e+00 	 1.284190e+08 	
1.30551278e+06 	 6.243661e+00 	 1.261487e+08 	
1.30556319e+06 	 5.669446e+00 	 1.239683e+08 	
1.30561361e+06 	 5.153751e+00 	 1.218746e+08 	
1.30567875e+06 	 4.563899e+00 	 1.192932e+08 	
1.30574389e+06 	 4.049347e+00 	 1.168452e+08 	
1.30580904e+06 	 3.599855e+00 	 1.145245e+08 	
1.30587418e+06 	 3.206620e+00 	 1.123249e+08 	
1.30593932e+06 	 2.862081e+00 	 1.102405e+08 	
1.30600446e+06 	 2.559732e+00 	 1.082656e+08 	
1.30606961e+06 	 2.293978e+00 	 1.063945e+08 	
1.30613475e+06 	 2.060004e+00 	 1.046218e+08 	
1.30619989e+06 	 1.853662e+00 	 1.029424e+08 	
1.30626504e+06 	 1.671374e+00 	 1.013514e+08 	
1.30633018e+06 	 1.510058e+00 	 9.984381e+07 	
1.30639532e+06 	 1.367048e+00 	 9.841520e+07 	
1.30646046e+06 	 1.240043e+00 	 9.706118e+07 	
1.30652561e+06 	 1.127050e+00 	 9.577758e+07 	
1.30660978e+06 	 9.990140e-01 	 9.421680e+07 	
1.30669396e+06 	 8.883471e-01 	 9.275899e+07 	
1.30677814e+06 	 7.924078e-01 	 9.139663e+07 	
1.30686232e+06 	 7.089896e-01 	 9.012272e+07 	
1.30694650e+06 	 6.362451e-01 	 8.893076e+07 	
1.30703068e+06 	 5.726241e-01 	 8.781470e+07 	
1.30711486e+06 	 5.168227e-01 	 8.676894e+07 	
1.30722450e+06 	 4.540757e-01 	 8.550378e+07 	
1.30733414e+06 	 4.007379e-01 	 8.433866e+07 	
1.30744377e+06 	 3.551904e-01 	 8.326414e+07 	
1.30755341e+06 	 3.161216e-01 	 8.227171e+07 	
1.30766305e+06 	 2.824647e-01 	 8.135373e+07 	
1.30777269e+06 	 2.533482e-01 	 8.050332e+07 	
1.30790489e+06 	 2.232711e-01 	 7.955903e+07 	
1.30803710e+06 	 1.977483e-01 	 7.869440e+07 	
1.30816930e+06 	 1.759719e-01 	 7.790094e+07 	
1.30830150e+06 	 1.572948e-01 	 7.717119e+07 	
1.30843370e+06 	 1.411959e-01 	 7.649858e+07 	
1.30862619e+06 	 1.215152e-01 	 7.560964e+07 	
1.30881867e+06 	 1.054007e-01 	 7.481426e+07 	
1.30901116e+06 	 9.208788e-02 	 7.409955e+07 	
1.30920364e+06 	 8.099760e-02 	 7.345470e+07 	
1.30943496e+06 	 6.999178e-02 	 7.275940e+07 	
1.30966628e+06 	 6.097896e-02 	 7.213870e+07 	
1.30989760e+06 	 5.352671e-02 	 7.158178e+07 	
1.31012892e+06 	 4.730968e-02 	 7.107966e+07 	
1.31047050e+06 	 3.987795e-02 	 7.042294e+07 	
1.31081208e+06 	 3.402797e-02 	 6.985041e+07 	
1.31115366e+06 	 2.935494e-02 	 6.934704e+07 	
1.31163189e+06 	 2.426026e-02 	 6.873653e+07 	
1.31211012e+06 	 2.038446e-02 	 6.821418e+07 	
1.31258836e+06 	 1.737624e-02 	 6.776180e+07 	
1.31313644e+06 	 1.469541e-02 	 6.731197e+07 	
1.31368452e+06 	 1.260801e-02 	 6.692083e+07 	
1.31423260e+06 	 1.095371e-02 	 6.657691e+07 	
1.31504399e+06 	 9.073358e-03 	 6.613637e+07 	
1.31585539e+06 	 7.669889e-03 	 6.575982e+07 	
1.31678322e+06 	 6.462870e-03 	 6.538913e+07 	
1.31771105e+06 	 5.549526e-03 	 6.506775e+07 	
1.31863888e+06 	 4.842142e-03 	 6.478478e+07 	
1.32008871e+06 	 4.019029e-03 	 6.440136e+07 	
1.32153855e+06 	 3.426648e-03 	 6.407185e+07 	
1.32322882e+06 	 2.924050e-03 	 6.373753e+07 	
1.32491909e+06 	 2.555187e-03 	 6.344309e+07 	
1.32660936e+06 	 2.276366e-03 	 6.317869e+07 	
1.32923798e+06 	 1.960907e-03 	 6.281168e+07 	
1.33126900e+06 	 1.783174e-03 	 6.255565e+07 	
1.33522728e+06 	 1.539181e-03 	 6.210519e+07 	
1.33918557e+06 	 1.378429e-03 	 6.169946e+07 	
1.34314385e+06 	 1.266721e-03 	 6.132397e+07 	
1.34710214e+06 	 1.185657e-03 	 6.096983e+07 	
1.35373412e+06 	 1.091282e-03 	 6.040947e+07 	
1.35657467e+06 	 1.061081e-03 	 6.017871e+07 	
1.36480589e+06 	 9.940694e-04 	 5.953209e+07 	
1.37033659e+06 	 9.599734e-04 	 5.911162e+07 	
1.38199284e+06 	 9.033729e-04 	 5.825198e+07 	
1.38870639e+06 	 8.762356e-04 	 5.776990e+07 	
1.40591986e+06 	 8.159346e-04 	 5.656913e+07 	
1.41000000e+06 	 8.028933e-04 	 5.629120e+07 	
1.42000000e+06 	 7.724496e-04 	 5.562016e+07 	
1.43500000e+06 	 7.297999e-04 	 5.463903e+07 	
1.45000000e+06 	 6.902523e-04 	 5.368701e+07 	
1.46500000e+06 	 6.533527e-04 	 5.276263e+07 	
1.48000000e+06 	 6.188372e-04 	 5.186468e+07 	
1.49000000e+06 	 5.970508e-04 	 5.128017e+07 	
1.50500000e+06 	 5.661200e-04 	 5.042387e+07 	
1.52000000e+06 	 5.371260e-04 	 4.959123e+07 	
1.53000000e+06 	 5.187911e-04 	 4.904879e+07 	
1.54500000e+06 	 4.926871e-04 	 4.825345e+07 	
1.56000000e+06 	 4.681388e-04 	 4.747932e+07 	
1.57500000e+06 	 4.450751e-04 	 4.672563e+07 	
1.59000000e+06 	 4.233659e-04 	 4.599157e+07 	
1.60500000e+06 	 4.029154e-04 	 4.527639e+07 	
1.62000000e+06 	 3.836550e-04 	 4.457943e+07 	
1.63500000e+06 	 3.654876e-04 	 4.389999e+07 	
1.65000000e+06 	 3.483535e-04 	 4.323746e+07 	
1.66500000e+06 	 3.321756e-04 	 4.259122e+07 	
1.68000000e+06 	 3.168929e-04 	 4.196068e+07 	
1.69500000e+06 	 3.024479e-04 	 4.134531e+07 	
1.71000000e+06 	 2.887851e-04 	 4.074457e+07 	
1.72500000e+06 	 2.758592e-04 	 4.015797e+07 	
1.74000000e+06 	 2.636191e-04 	 3.958502e+07 	
1.75500000e+06 	 2.520248e-04 	 3.902527e+07 	
1.77000000e+06 	 2.410365e-04 	 3.847828e+07 	
1.78500000e+06 	 2.306179e-04 	 3.794364e+07 	
1.80000000e+06 	 2.207315e-04 	 3.742093e+07 	
1.81500000e+06 	 2.113477e-04 	 3.690978e+07 	
1.83000000e+06 	 2.024368e-04 	 3.640982e+07 	
1.84500000e+06 	 1.939695e-04 	 3.592068e+07 	
1.86000000e+06 	 1.859215e-04 	 3.544205e+07 	
1.87500000e+06 	 1.782671e-04 	 3.497359e+07 	
1.89000000e+06 	 1.709853e-04 	 3.451499e+07 	
1.90500000e+06 	 1.640540e-04 	 3.406596e+07 	
1.92000000e+06 	 1.574539e-04 	 3.362620e+07 	
1.93500000e+06 	 1.511656e-04 	 3.319543e+07 	
1.95000000e+06 	 1.451729e-04 	 3.277340e+07 	
1.96500000e+06 	 1.394596e-04 	 3.235985e+07 	
1.98000000e+06 	 1.340108e-04 	 3.195454e+07 	
1.99500000e+06 	 1.288113e-04 	 3.155722e+07 	
2.01000000e+06 	 1.238483e-04 	 3.116768e+07 	
2.02500000e+06 	 1.191091e-04 	 3.078568e+07 	
2.04000000e+06 	 1.145818e-04 	 3.041103e+07 	
2.05500000e+06 	 1.102558e-04 	 3.004352e+07 	
2.07000000e+06 	 1.061205e-04 	 2.968295e+07 	
2.08500000e+06 	 1.021661e-04 	 2.932913e+07 	
2.10000000e+06 	 9.838307e-05 	 2.898189e+07 	
2.11500000e+06 	 9.476309e-05 	 2.864104e+07 	
2.13000000e+06 	 9.129803e-05 	 2.830642e+07 	
2.14500000e+06 	 8.798023e-05 	 2.797787e+07 	
2.16000000e+06 	 8.480199e-05 	 2.765522e+07 	
2.17500000e+06 	 8.175695e-05 	 2.733832e+07 	
2.19000000e+06 	 7.883812e-05 	 2.702703e+07 	
2.20500000e+06 	 7.603993e-05 	 2.672120e+07 	
2.22000000e+06 	 7.335617e-05 	 2.642070e+07 	
2.23500000e+06 	 7.078160e-05 	 2.612539e+07 	
2.25000000e+06 	 6.831104e-05 	 2.583514e+07 	
2.26500000e+06 	 6.593930e-05 	 2.554983e+07 	
2.28000000e+06 	 6.366216e-05 	 2.526934e+07 	
2.29500000e+06 	 6.147524e-05 	 2.499355e+07 	
2.31000000e+06 	 5.937412e-05 	 2.472235e+07 	
2.32500000e+06 	 5.735507e-05 	 2.445563e+07 	
2.34000000e+06 	 5.541431e-05 	 2.419328e+07 	
2.35500000e+06 	 5.354814e-05 	 2.393519e+07 	
2.37000000e+06 	 5.175343e-05 	 2.368128e+07 	
2.38500000e+06 	 5.002703e-05 	 2.343144e+07 	
2.40000000e+06 	 4.836570e-05 	 2.318558e+07 	
2.41500000e+06 	 4.676674e-05 	 2.294360e+07 	
2.43000000e+06 	 4.522742e-05 	 2.270543e+07 	
2.44500000e+06 	 4.374504e-05 	 2.247097e+07 	
2.46000000e+06 	 4.231728e-05 	 2.224015e+07 	
2.47500000e+06 	 4.094163e-05 	 2.201287e+07 	
2.49000000e+06 	 3.961601e-05 	 2.178907e+07 	
2.50500000e+06 	 3.833828e-05 	 2.156866e+07 	
2.52000000e+06 	 3.710641e-05 	 2.135157e+07 	
2.53500000e+06 	 3.591834e-05 	 2.113774e+07 	
2.55000000e+06 	 3.477240e-05 	 2.092708e+07 	
2.56500000e+06 	 3.366692e-05 	 2.071955e+07 	
2.58000000e+06 	 3.260009e-05 	 2.051505e+07 	
2.59500000e+06 	 3.157030e-05 	 2.031354e+07 	
2.61000000e+06 	 3.057607e-05 	 2.011496e+07 	
2.62500000e+06 	 2.961604e-05 	 1.991923e+07 	
2.64000000e+06 	 2.868881e-05 	 1.972630e+07 	
2.65500000e+06 	 2.779291e-05 	 1.953612e+07 	
2.67000000e+06 	 2.692728e-05 	 1.934863e+07 	
2.68500000e+06 	 2.609068e-05 	 1.916377e+07 	
2.70000000e+06 	 2.528198e-05 	 1.898149e+07 	
2.71500000e+06 	 2.450006e-05 	 1.880174e+07 	
2.73000000e+06 	 2.374383e-05 	 1.862447e+07 	
2.74500000e+06 	 2.301229e-05 	 1.844963e+07 	
2.76000000e+06 	 2.230450e-05 	 1.827718e+07 	
2.77500000e+06 	 2.161961e-05 	 1.810706e+07 	
2.79000000e+06 	 2.095671e-05 	 1.793924e+07 	
2.80500000e+06 	 2.031486e-05 	 1.777366e+07 	
2.82000000e+06 	 1.969341e-05 	 1.761028e+07 	
2.83500000e+06 	 1.909154e-05 	 1.744907e+07 	
2.85000000e+06 	 1.850852e-05 	 1.728999e+07 	
2.86500000e+06 	 1.794360e-05 	 1.713298e+07 	
2.88000000e+06 	 1.739615e-05 	 1.697802e+07 	
2.89500000e+06 	 1.686551e-05 	 1.682507e+07 	
2.91000000e+06 	 1.635106e-05 	 1.667408e+07 	
2.92500000e+06 	 1.585216e-05 	 1.652503e+07 	
2.94000000e+06 	 1.536834e-05 	 1.637788e+07 	
2.95500000e+06 	 1.489891e-05 	 1.623259e+07 	
2.97000000e+06 	 1.444347e-05 	 1.608913e+07 	
3.00000000e+06 	 1.357241e-05 	 1.580758e+07 	
3.00050050e+06 	 1.355831e-05 	 1.580294e+07 	
3.00100100e+06 	 1.354423e-05 	 1.579831e+07 	
3.00150150e+06 	 1.353016e-05 	 1.579367e+07 	
3.00200200e+06 	 1.351610e-05 	 1.578904e+07 	
3.00250250e+06 	 1.350206e-05 	 1.578441e+07 	
3.00300300e+06 	 1.348803e-05 	 1.577978e+07 	
3.00350350e+06 	 1.347402e-05 	 1.577516e+07 	
3.00400400e+06 	 1.346001e-05 	 1.577053e+07 	
3.00450450e+06 	 1.344603e-05 	 1.576591e+07 	
3.00500501e+06 	 1.343205e-05 	 1.576129e+07 	
3.00550551e+06 	 1.341809e-05 	 1.575667e+07 	
3.00600601e+06 	 1.340415e-05 	 1.575206e+07 	
3.00650651e+06 	 1.339021e-05 	 1.574744e+07 	
3.00700701e+06 	 1.337629e-05 	 1.574283e+07 	
3.00750751e+06 	 1.336239e-05 	 1.573822e+07 	
3.00800801e+06 	 1.334850e-05 	 1.573361e+07 	
3.00850851e+06 	 1.333462e-05 	 1.572900e+07 	
3.00900901e+06 	 1.332075e-05 	 1.572440e+07 	
3.00950951e+06 	 1.330690e-05 	 1.571979e+07 	
3.01001001e+06 	 1.329307e-05 	 1.571519e+07 	
3.01051051e+06 	 1.327924e-05 	 1.571059e+07 	
3.01101101e+06 	 1.326543e-05 	 1.570600e+07 	
3.01151151e+06 	 1.325163e-05 	 1.570140e+07 	
3.01201201e+06 	 1.323785e-05 	 1.569681e+07 	
3.01251251e+06 	 1.322408e-05 	 1.569222e+07 	
3.01301301e+06 	 1.321033e-05 	 1.568763e+07 	
3.01351351e+06 	 1.319658e-05 	 1.568304e+07 	
3.01401401e+06 	 1.318285e-05 	 1.567845e+07 	
3.01451451e+06 	 1.316914e-05 	 1.567387e+07 	
3.01501502e+06 	 1.315543e-05 	 1.566929e+07 	
3.01551552e+06 	 1.314175e-05 	 1.566471e+07 	
3.01601602e+06 	 1.312807e-05 	 1.566013e+07 	
3.01651652e+06 	 1.311441e-05 	 1.565555e+07 	
3.01701702e+06 	 1.310076e-05 	 1.565098e+07 	
3.01751752e+06 	 1.308712e-05 	 1.564640e+07 	
3.01801802e+06 	 1.307350e-05 	 1.564183e+07 	
3.01851852e+06 	 1.305989e-05 	 1.563726e+07 	
3.01901902e+06 	 1.304629e-05 	 1.563270e+07 	
3.01951952e+06 	 1.303271e-05 	 1.562813e+07 	
3.02002002e+06 	 1.301914e-05 	 1.562357e+07 	
3.02052052e+06 	 1.300559e-05 	 1.561901e+07 	
3.02102102e+06 	 1.299204e-05 	 1.561445e+07 	
3.02152152e+06 	 1.297851e-05 	 1.560989e+07 	
3.02202202e+06 	 1.296500e-05 	 1.560534e+07 	
3.02252252e+06 	 1.295149e-05 	 1.560078e+07 	
3.02302302e+06 	 1.293800e-05 	 1.559623e+07 	
3.02352352e+06 	 1.292453e-05 	 1.559168e+07 	
3.02402402e+06 	 1.291106e-05 	 1.558713e+07 	
3.02452452e+06 	 1.289761e-05 	 1.558259e+07 	
3.02502503e+06 	 1.288417e-05 	 1.557804e+07 	
3.02552553e+06 	 1.287075e-05 	 1.557350e+07 	
3.02602603e+06 	 1.285734e-05 	 1.556896e+07 	
3.02652653e+06 	 1.284394e-05 	 1.556442e+07 	
3.02702703e+06 	 1.283055e-05 	 1.555988e+07 	
3.02752753e+06 	 1.281718e-05 	 1.555535e+07 	
3.02802803e+06 	 1.280382e-05 	 1.555081e+07 	
3.02852853e+06 	 1.279048e-05 	 1.554628e+07 	
3.02902903e+06 	 1.277714e-05 	 1.554175e+07 	
3.02952953e+06 	 1.276382e-05 	 1.553723e+07 	
3.03003003e+06 	 1.275051e-05 	 1.553270e+07 	
3.03053053e+06 	 1.273722e-05 	 1.552818e+07 	
3.03103103e+06 	 1.272394e-05 	 1.552366e+07 	
3.03153153e+06 	 1.271067e-05 	 1.551914e+07 	
3.03203203e+06 	 1.269741e-05 	 1.551462e+07 	
3.03253253e+06 	 1.268417e-05 	 1.551010e+07 	
3.03303303e+06 	 1.267094e-05 	 1.550559e+07 	
3.03353353e+06 	 1.265772e-05 	 1.550107e+07 	
3.03403403e+06 	 1.264452e-05 	 1.549656e+07 	
3.03453453e+06 	 1.263132e-05 	 1.549205e+07 	
3.03503504e+06 	 1.261814e-05 	 1.548755e+07 	
3.03553554e+06 	 1.260498e-05 	 1.548304e+07 	
3.03603604e+06 	 1.259182e-05 	 1.547854e+07 	
3.03653654e+06 	 1.257868e-05 	 1.547404e+07 	
3.03703704e+06 	 1.256556e-05 	 1.546954e+07 	
3.03753754e+06 	 1.255244e-05 	 1.546504e+07 	
3.03803804e+06 	 1.253934e-05 	 1.546054e+07 	
3.03853854e+06 	 1.252625e-05 	 1.545605e+07 	
3.03903904e+06 	 1.251317e-05 	 1.545156e+07 	
3.03953954e+06 	 1.250010e-05 	 1.544707e+07 	
3.04004004e+06 	 1.248705e-05 	 1.544258e+07 	
3.04054054e+06 	 1.247401e-05 	 1.543809e+07 	
3.04104104e+06 	 1.246099e-05 	 1.543361e+07 	
3.04154154e+06 	 1.244797e-05 	 1.542912e+07 	
3.04204204e+06 	 1.243497e-05 	 1.542464e+07 	
3.04254254e+06 	 1.242198e-05 	 1.542016e+07 	
3.04304304e+06 	 1.240900e-05 	 1.541569e+07 	
3.04354354e+06 	 1.239604e-05 	 1.541121e+07 	
3.04404404e+06 	 1.238309e-05 	 1.540674e+07 	
3.04454454e+06 	 1.237015e-05 	 1.540226e+07 	
3.04504505e+06 	 1.235722e-05 	 1.539779e+07 	
3.04554555e+06 	 1.234431e-05 	 1.539333e+07 	
3.04604605e+06 	 1.233141e-05 	 1.538886e+07 	
3.04654655e+06 	 1.231852e-05 	 1.538440e+07 	
3.04704705e+06 	 1.230564e-05 	 1.537993e+07 	
3.04754755e+06 	 1.229278e-05 	 1.537547e+07 	
3.04804805e+06 	 1.227993e-05 	 1.537101e+07 	
3.04854855e+06 	 1.226709e-05 	 1.536656e+07 	
3.04904905e+06 	 1.225426e-05 	 1.536210e+07 	
3.04954955e+06 	 1.224144e-05 	 1.535765e+07 	
3.05005005e+06 	 1.222864e-05 	 1.535319e+07 	
3.05055055e+06 	 1.221585e-05 	 1.534874e+07 	
3.05105105e+06 	 1.220307e-05 	 1.534430e+07 	
3.05155155e+06 	 1.219031e-05 	 1.533985e+07 	
3.05205205e+06 	 1.217755e-05 	 1.533541e+07 	
3.05255255e+06 	 1.216481e-05 	 1.533096e+07 	
3.05305305e+06 	 1.215208e-05 	 1.532652e+07 	
3.05355355e+06 	 1.213936e-05 	 1.532208e+07 	
3.05405405e+06 	 1.212666e-05 	 1.531765e+07 	
3.05455455e+06 	 1.211397e-05 	 1.531321e+07 	
3.05505506e+06 	 1.210129e-05 	 1.530878e+07 	
3.05555556e+06 	 1.208862e-05 	 1.530435e+07 	
3.05605606e+06 	 1.207596e-05 	 1.529992e+07 	
3.05655656e+06 	 1.206332e-05 	 1.529549e+07 	
3.05705706e+06 	 1.205068e-05 	 1.529106e+07 	
3.05755756e+06 	 1.203806e-05 	 1.528664e+07 	
3.05805806e+06 	 1.202545e-05 	 1.528221e+07 	
3.05855856e+06 	 1.201286e-05 	 1.527779e+07 	
3.05905906e+06 	 1.200027e-05 	 1.527337e+07 	
3.05955956e+06 	 1.198770e-05 	 1.526896e+07 	
3.06006006e+06 	 1.197514e-05 	 1.526454e+07 	
3.06056056e+06 	 1.196259e-05 	 1.526013e+07 	
3.06106106e+06 	 1.195006e-05 	 1.525571e+07 	
3.06156156e+06 	 1.193753e-05 	 1.525130e+07 	
3.06206206e+06 	 1.192502e-05 	 1.524690e+07 	
3.06256256e+06 	 1.191252e-05 	 1.524249e+07 	
3.06306306e+06 	 1.190003e-05 	 1.523808e+07 	
3.06356356e+06 	 1.188755e-05 	 1.523368e+07 	
3.06406406e+06 	 1.187509e-05 	 1.522928e+07 	
3.06456456e+06 	 1.186264e-05 	 1.522488e+07 	
3.06506507e+06 	 1.185020e-05 	 1.522048e+07 	
3.06556557e+06 	 1.183777e-05 	 1.521609e+07 	
3.06606607e+06 	 1.182535e-05 	 1.521169e+07 	
3.06656657e+06 	 1.181294e-05 	 1.520730e+07 	
3.06706707e+06 	 1.180055e-05 	 1.520291e+07 	
3.06756757e+06 	 1.178817e-05 	 1.519852e+07 	
3.06806807e+06 	 1.177580e-05 	 1.519413e+07 	
3.06856857e+06 	 1.176344e-05 	 1.518975e+07 	
3.06906907e+06 	 1.175109e-05 	 1.518537e+07 	
3.06956957e+06 	 1.173876e-05 	 1.518098e+07 	
3.07007007e+06 	 1.172643e-05 	 1.517661e+07 	
3.07057057e+06 	 1.171412e-05 	 1.517223e+07 	
3.07107107e+06 	 1.170182e-05 	 1.516785e+07 	
3.07157157e+06 	 1.168954e-05 	 1.516348e+07 	
3.07207207e+06 	 1.167726e-05 	 1.515910e+07 	
3.07257257e+06 	 1.166499e-05 	 1.515473e+07 	
3.07307307e+06 	 1.165274e-05 	 1.515036e+07 	
3.07357357e+06 	 1.164050e-05 	 1.514600e+07 	
3.07407407e+06 	 1.162827e-05 	 1.514163e+07 	
3.07457457e+06 	 1.161605e-05 	 1.513727e+07 	
3.07507508e+06 	 1.160385e-05 	 1.513291e+07 	
3.07557558e+06 	 1.159165e-05 	 1.512855e+07 	
3.07607608e+06 	 1.157947e-05 	 1.512419e+07 	
3.07657658e+06 	 1.156730e-05 	 1.511983e+07 	
3.07707708e+06 	 1.155514e-05 	 1.511548e+07 	
3.07757758e+06 	 1.154299e-05 	 1.511112e+07 	
3.07807808e+06 	 1.153085e-05 	 1.510677e+07 	
3.07857858e+06 	 1.151872e-05 	 1.510242e+07 	
3.07907908e+06 	 1.150661e-05 	 1.509807e+07 	
3.07957958e+06 	 1.149451e-05 	 1.509373e+07 	
3.08008008e+06 	 1.148242e-05 	 1.508938e+07 	
3.08058058e+06 	 1.147034e-05 	 1.508504e+07 	
3.08108108e+06 	 1.145827e-05 	 1.508070e+07 	
3.08158158e+06 	 1.144621e-05 	 1.507636e+07 	
3.08208208e+06 	 1.143417e-05 	 1.507202e+07 	
3.08258258e+06 	 1.142213e-05 	 1.506769e+07 	
3.08308308e+06 	 1.141011e-05 	 1.506335e+07 	
3.08358358e+06 	 1.139810e-05 	 1.505902e+07 	
3.08408408e+06 	 1.138610e-05 	 1.505469e+07 	
3.08458458e+06 	 1.137411e-05 	 1.505036e+07 	
3.08508509e+06 	 1.136213e-05 	 1.504604e+07 	
3.08558559e+06 	 1.135017e-05 	 1.504171e+07 	
3.08608609e+06 	 1.133821e-05 	 1.503739e+07 	
3.08658659e+06 	 1.132627e-05 	 1.503307e+07 	
3.08708709e+06 	 1.131434e-05 	 1.502875e+07 	
3.08758759e+06 	 1.130242e-05 	 1.502443e+07 	
3.08808809e+06 	 1.129051e-05 	 1.502011e+07 	
3.08858859e+06 	 1.127861e-05 	 1.501580e+07 	
3.08908909e+06 	 1.126672e-05 	 1.501149e+07 	
3.08958959e+06 	 1.125484e-05 	 1.500717e+07 	
3.09009009e+06 	 1.124298e-05 	 1.500287e+07 	
3.09059059e+06 	 1.123113e-05 	 1.499856e+07 	
3.09109109e+06 	 1.121928e-05 	 1.499425e+07 	
3.09159159e+06 	 1.120745e-05 	 1.498995e+07 	
3.09209209e+06 	 1.119563e-05 	 1.498565e+07 	
3.09259259e+06 	 1.118382e-05 	 1.498135e+07 	
3.09309309e+06 	 1.117203e-05 	 1.497705e+07 	
3.09359359e+06 	 1.116024e-05 	 1.497275e+07 	
3.09409409e+06 	 1.114847e-05 	 1.496845e+07 	
3.09459459e+06 	 1.113670e-05 	 1.496416e+07 	
3.09509510e+06 	 1.112495e-05 	 1.495987e+07 	
3.09559560e+06 	 1.111321e-05 	 1.495558e+07 	
3.09609610e+06 	 1.110147e-05 	 1.495129e+07 	
3.09659660e+06 	 1.108975e-05 	 1.494700e+07 	
3.09709710e+06 	 1.107804e-05 	 1.494272e+07 	
3.09759760e+06 	 1.106635e-05 	 1.493844e+07 	
3.09809810e+06 	 1.105466e-05 	 1.493415e+07 	
3.09859860e+06 	 1.104298e-05 	 1.492987e+07 	
3.09909910e+06 	 1.103132e-05 	 1.492560e+07 	
3.09959960e+06 	 1.101966e-05 	 1.492132e+07 	
3.10010010e+06 	 1.100802e-05 	 1.491705e+07 	
3.10060060e+06 	 1.099639e-05 	 1.491277e+07 	
3.10110110e+06 	 1.098477e-05 	 1.490850e+07 	
3.10160160e+06 	 1.097316e-05 	 1.490423e+07 	
3.10210210e+06 	 1.096156e-05 	 1.489996e+07 	
3.10260260e+06 	 1.094997e-05 	 1.489570e+07 	
3.10310310e+06 	 1.093839e-05 	 1.489143e+07 	
3.10360360e+06 	 1.092682e-05 	 1.488717e+07 	
3.10410410e+06 	 1.091527e-05 	 1.488291e+07 	
3.10460460e+06 	 1.090372e-05 	 1.487865e+07 	
3.10510511e+06 	 1.089219e-05 	 1.487439e+07 	
3.10560561e+06 	 1.088066e-05 	 1.487014e+07 	
3.10610611e+06 	 1.086915e-05 	 1.486588e+07 	
3.10660661e+06 	 1.085765e-05 	 1.486163e+07 	
3.10710711e+06 	 1.084616e-05 	 1.485738e+07 	
3.10760761e+06 	 1.083467e-05 	 1.485313e+07 	
3.10810811e+06 	 1.082320e-05 	 1.484889e+07 	
3.10860861e+06 	 1.081174e-05 	 1.484464e+07 	
3.10910911e+06 	 1.080030e-05 	 1.484040e+07 	
3.10960961e+06 	 1.078886e-05 	 1.483615e+07 	
3.11011011e+06 	 1.077743e-05 	 1.483191e+07 	
3.11061061e+06 	 1.076601e-05 	 1.482768e+07 	
3.11111111e+06 	 1.075461e-05 	 1.482344e+07 	
3.11161161e+06 	 1.074321e-05 	 1.481920e+07 	
3.11211211e+06 	 1.073183e-05 	 1.481497e+07 	
3.11261261e+06 	 1.072045e-05 	 1.481074e+07 	
3.11311311e+06 	 1.070909e-05 	 1.480651e+07 	
3.11361361e+06 	 1.069774e-05 	 1.480228e+07 	
3.11411411e+06 	 1.068639e-05 	 1.479805e+07 	
3.11461461e+06 	 1.067506e-05 	 1.479383e+07 	
3.11511512e+06 	 1.066374e-05 	 1.478961e+07 	
3.11561562e+06 	 1.065243e-05 	 1.478538e+07 	
3.11611612e+06 	 1.064113e-05 	 1.478116e+07 	
3.11661662e+06 	 1.062984e-05 	 1.477695e+07 	
3.11711712e+06 	 1.061856e-05 	 1.477273e+07 	
3.11761762e+06 	 1.060729e-05 	 1.476851e+07 	
3.11811812e+06 	 1.059603e-05 	 1.476430e+07 	
3.11861862e+06 	 1.058479e-05 	 1.476009e+07 	
3.11911912e+06 	 1.057355e-05 	 1.475588e+07 	
3.11961962e+06 	 1.056232e-05 	 1.475167e+07 	
3.12012012e+06 	 1.055111e-05 	 1.474747e+07 	
3.12062062e+06 	 1.053990e-05 	 1.474326e+07 	
3.12112112e+06 	 1.052870e-05 	 1.473906e+07 	
3.12162162e+06 	 1.051752e-05 	 1.473486e+07 	
3.12212212e+06 	 1.050634e-05 	 1.473066e+07 	
3.12262262e+06 	 1.049518e-05 	 1.472646e+07 	
3.12312312e+06 	 1.048402e-05 	 1.472226e+07 	
3.12362362e+06 	 1.047288e-05 	 1.471807e+07 	
3.12412412e+06 	 1.046175e-05 	 1.471388e+07 	
3.12462462e+06 	 1.045062e-05 	 1.470968e+07 	
3.12512513e+06 	 1.043951e-05 	 1.470549e+07 	
3.12562563e+06 	 1.042841e-05 	 1.470131e+07 	
3.12612613e+06 	 1.041731e-05 	 1.469712e+07 	
3.12662663e+06 	 1.040623e-05 	 1.469294e+07 	
3.12712713e+06 	 1.039516e-05 	 1.468875e+07 	
3.12762763e+06 	 1.038410e-05 	 1.468457e+07 	
3.12812813e+06 	 1.037304e-05 	 1.468039e+07 	
3.12862863e+06 	 1.036200e-05 	 1.467621e+07 	
3.12912913e+06 	 1.035097e-05 	 1.467204e+07 	
3.12962963e+06 	 1.033995e-05 	 1.466786e+07 	
3.13013013e+06 	 1.032894e-05 	 1.466369e+07 	
3.13063063e+06 	 1.031794e-05 	 1.465952e+07 	
3.13113113e+06 	 1.030695e-05 	 1.465535e+07 	
3.13163163e+06 	 1.029596e-05 	 1.465118e+07 	
3.13213213e+06 	 1.028499e-05 	 1.464702e+07 	
3.13263263e+06 	 1.027403e-05 	 1.464285e+07 	
3.13313313e+06 	 1.026308e-05 	 1.463869e+07 	
3.13363363e+06 	 1.025214e-05 	 1.463453e+07 	
3.13413413e+06 	 1.024121e-05 	 1.463037e+07 	
3.13463463e+06 	 1.023029e-05 	 1.462621e+07 	
3.13513514e+06 	 1.021938e-05 	 1.462205e+07 	
3.13563564e+06 	 1.020848e-05 	 1.461790e+07 	
3.13613614e+06 	 1.019759e-05 	 1.461375e+07 	
3.13663664e+06 	 1.018671e-05 	 1.460959e+07 	
3.13713714e+06 	 1.017584e-05 	 1.460545e+07 	
3.13763764e+06 	 1.016498e-05 	 1.460130e+07 	
3.13813814e+06 	 1.015413e-05 	 1.459715e+07 	
3.13863864e+06 	 1.014329e-05 	 1.459301e+07 	
3.13913914e+06 	 1.013246e-05 	 1.458886e+07 	
3.13963964e+06 	 1.012163e-05 	 1.458472e+07 	
3.14014014e+06 	 1.011082e-05 	 1.458058e+07 	
3.14064064e+06 	 1.010002e-05 	 1.457644e+07 	
3.14114114e+06 	 1.008923e-05 	 1.457231e+07 	
3.14164164e+06 	 1.007845e-05 	 1.456817e+07 	
3.14214214e+06 	 1.006768e-05 	 1.456404e+07 	
3.14264264e+06 	 1.005691e-05 	 1.455991e+07 	
3.14314314e+06 	 1.004616e-05 	 1.455578e+07 	
3.14364364e+06 	 1.003542e-05 	 1.455165e+07 	
3.14414414e+06 	 1.002469e-05 	 1.454752e+07 	
3.14464464e+06 	 1.001397e-05 	 1.454340e+07 	
3.14514515e+06 	 1.000325e-05 	 1.453928e+07 	
3.14564565e+06 	 9.992549e-06 	 1.453515e+07 	
3.14614615e+06 	 9.981856e-06 	 1.453103e+07 	
3.14664665e+06 	 9.971172e-06 	 1.452692e+07 	
3.14714715e+06 	 9.960498e-06 	 1.452280e+07 	
3.14764765e+06 	 9.949834e-06 	 1.451868e+07 	
3.14814815e+06 	 9.939180e-06 	 1.451457e+07 	
3.14864865e+06 	 9.928535e-06 	 1.451046e+07 	
3.14914915e+06 	 9.917900e-06 	 1.450635e+07 	
3.14964965e+06 	 9.907274e-06 	 1.450224e+07 	
3.15015015e+06 	 9.896658e-06 	 1.449813e+07 	
3.15065065e+06 	 9.886052e-06 	 1.449403e+07 	
3.15115115e+06 	 9.875456e-06 	 1.448992e+07 	
3.15165165e+06 	 9.864869e-06 	 1.448582e+07 	
3.15215215e+06 	 9.854292e-06 	 1.448172e+07 	
3.15265265e+06 	 9.843724e-06 	 1.447762e+07 	
3.15315315e+06 	 9.833166e-06 	 1.447353e+07 	
3.15365365e+06 	 9.822617e-06 	 1.446943e+07 	
3.15415415e+06 	 9.812078e-06 	 1.446534e+07 	
3.15465465e+06 	 9.801549e-06 	 1.446124e+07 	
3.15515516e+06 	 9.791029e-06 	 1.445715e+07 	
3.15565566e+06 	 9.780519e-06 	 1.445306e+07 	
3.15615616e+06 	 9.770018e-06 	 1.444898e+07 	
3.15665666e+06 	 9.759527e-06 	 1.444489e+07 	
3.15715716e+06 	 9.749045e-06 	 1.444081e+07 	
3.15765766e+06 	 9.738573e-06 	 1.443672e+07 	
3.15815816e+06 	 9.728110e-06 	 1.443264e+07 	
3.15865866e+06 	 9.717657e-06 	 1.442856e+07 	
3.15915916e+06 	 9.707213e-06 	 1.442449e+07 	
3.15965966e+06 	 9.696779e-06 	 1.442041e+07 	
3.16016016e+06 	 9.686354e-06 	 1.441634e+07 	
3.16066066e+06 	 9.675938e-06 	 1.441226e+07 	
3.16116116e+06 	 9.665532e-06 	 1.440819e+07 	
3.16166166e+06 	 9.655135e-06 	 1.440412e+07 	
3.16216216e+06 	 9.644748e-06 	 1.440005e+07 	
3.16266266e+06 	 9.634370e-06 	 1.439599e+07 	
3.16316316e+06 	 9.624002e-06 	 1.439192e+07 	
3.16366366e+06 	 9.613643e-06 	 1.438786e+07 	
3.16416416e+06 	 9.603293e-06 	 1.438380e+07 	
3.16466466e+06 	 9.592952e-06 	 1.437974e+07 	
3.16516517e+06 	 9.582621e-06 	 1.437568e+07 	
3.16566567e+06 	 9.572299e-06 	 1.437162e+07 	
3.16616617e+06 	 9.561987e-06 	 1.436757e+07 	
3.16666667e+06 	 9.551683e-06 	 1.436351e+07 	
3.16716717e+06 	 9.541390e-06 	 1.435946e+07 	
3.16766767e+06 	 9.531105e-06 	 1.435541e+07 	
3.16816817e+06 	 9.520829e-06 	 1.435136e+07 	
3.16866867e+06 	 9.510563e-06 	 1.434732e+07 	
3.16916917e+06 	 9.500306e-06 	 1.434327e+07 	
3.16966967e+06 	 9.490059e-06 	 1.433923e+07 	
3.17017017e+06 	 9.480296e-06 	 1.433517e+07 	
3.17067067e+06 	 9.470073e-06 	 1.433112e+07 	
3.17117117e+06 	 9.459858e-06 	 1.432709e+07 	
3.17167167e+06 	 9.449653e-06 	 1.432305e+07 	
3.17217217e+06 	 9.439457e-06 	 1.431901e+07 	
3.17267267e+06 	 9.429270e-06 	 1.431498e+07 	
3.17317317e+06 	 9.419093e-06 	 1.431094e+07 	
3.17367367e+06 	 9.408925e-06 	 1.430691e+07 	
3.17417417e+06 	 9.398765e-06 	 1.430288e+07 	
3.17467467e+06 	 9.388615e-06 	 1.429885e+07 	
3.17517518e+06 	 9.378475e-06 	 1.429483e+07 	
3.17567568e+06 	 9.368343e-06 	 1.429080e+07 	
3.17617618e+06 	 9.358221e-06 	 1.428678e+07 	
3.17667668e+06 	 9.348107e-06 	 1.428276e+07 	
3.17717718e+06 	 9.338003e-06 	 1.427874e+07 	
3.17767768e+06 	 9.327908e-06 	 1.427472e+07 	
3.17817818e+06 	 9.317822e-06 	 1.427070e+07 	
3.17867868e+06 	 9.307745e-06 	 1.426668e+07 	
3.17917918e+06 	 9.297677e-06 	 1.426267e+07 	
3.17967968e+06 	 9.287619e-06 	 1.425866e+07 	
3.18018018e+06 	 9.277569e-06 	 1.425465e+07 	
3.18068068e+06 	 9.267528e-06 	 1.425064e+07 	
3.18118118e+06 	 9.257497e-06 	 1.424663e+07 	
3.18168168e+06 	 9.247474e-06 	 1.424262e+07 	
3.18218218e+06 	 9.237461e-06 	 1.423862e+07 	
3.18268268e+06 	 9.227456e-06 	 1.423462e+07 	
3.18318318e+06 	 9.217461e-06 	 1.423061e+07 	
3.18368368e+06 	 9.207474e-06 	 1.422662e+07 	
3.18418418e+06 	 9.197497e-06 	 1.422262e+07 	
3.18468468e+06 	 9.187528e-06 	 1.421862e+07 	
3.18518519e+06 	 9.177569e-06 	 1.421462e+07 	
3.18568569e+06 	 9.167618e-06 	 1.421063e+07 	
3.18618619e+06 	 9.157676e-06 	 1.420664e+07 	
3.18668669e+06 	 9.147744e-06 	 1.420265e+07 	
3.18718719e+06 	 9.137820e-06 	 1.419866e+07 	
3.18768769e+06 	 9.127905e-06 	 1.419467e+07 	
3.18818819e+06 	 9.117999e-06 	 1.419069e+07 	
3.18868869e+06 	 9.108102e-06 	 1.418670e+07 	
3.18918919e+06 	 9.098214e-06 	 1.418272e+07 	
3.18968969e+06 	 9.088334e-06 	 1.417874e+07 	
3.19019019e+06 	 9.078464e-06 	 1.417476e+07 	
3.19069069e+06 	 9.068602e-06 	 1.417078e+07 	
3.19119119e+06 	 9.058749e-06 	 1.416680e+07 	
3.19169169e+06 	 9.048905e-06 	 1.416283e+07 	
3.19219219e+06 	 9.039070e-06 	 1.415886e+07 	
3.19269269e+06 	 9.029244e-06 	 1.415488e+07 	
3.19319319e+06 	 9.019426e-06 	 1.415091e+07 	
3.19369369e+06 	 9.009618e-06 	 1.414695e+07 	
3.19419419e+06 	 8.999818e-06 	 1.414298e+07 	
3.19469469e+06 	 8.990027e-06 	 1.413901e+07 	
3.19519520e+06 	 8.980244e-06 	 1.413505e+07 	
3.19569570e+06 	 8.970471e-06 	 1.413109e+07 	
3.19619620e+06 	 8.960706e-06 	 1.412713e+07 	
3.19669670e+06 	 8.950950e-06 	 1.412317e+07 	
3.19719720e+06 	 8.941202e-06 	 1.411921e+07 	
3.19769770e+06 	 8.931464e-06 	 1.411525e+07 	
3.19819820e+06 	 8.921734e-06 	 1.411130e+07 	
3.19869870e+06 	 8.911563e-06 	 1.410736e+07 	
3.19919920e+06 	 8.901845e-06 	 1.410341e+07 	
3.19969970e+06 	 8.892136e-06 	 1.409946e+07 	
3.20020020e+06 	 8.882436e-06 	 1.409551e+07 	
3.20070070e+06 	 8.872744e-06 	 1.409156e+07 	
3.20120120e+06 	 8.863061e-06 	 1.408762e+07 	
3.20170170e+06 	 8.853387e-06 	 1.408368e+07 	
3.20220220e+06 	 8.843721e-06 	 1.407973e+07 	
3.20270270e+06 	 8.834063e-06 	 1.407579e+07 	
3.20320320e+06 	 8.824414e-06 	 1.407185e+07 	
3.20370370e+06 	 8.814774e-06 	 1.406792e+07 	
3.20420420e+06 	 8.805142e-06 	 1.406398e+07 	
3.20470470e+06 	 8.795519e-06 	 1.406005e+07 	
3.20520521e+06 	 8.785905e-06 	 1.405611e+07 	
3.20570571e+06 	 8.776298e-06 	 1.405218e+07 	
3.20620621e+06 	 8.766701e-06 	 1.404825e+07 	
3.20670671e+06 	 8.757111e-06 	 1.404432e+07 	
3.20720721e+06 	 8.747531e-06 	 1.404040e+07 	
3.20770771e+06 	 8.737958e-06 	 1.403647e+07 	
3.20820821e+06 	 8.728394e-06 	 1.403255e+07 	
3.20870871e+06 	 8.718839e-06 	 1.402863e+07 	
3.20920921e+06 	 8.709292e-06 	 1.402470e+07 	
3.20970971e+06 	 8.699753e-06 	 1.402079e+07 	
3.21021021e+06 	 8.690223e-06 	 1.401687e+07 	
3.21071071e+06 	 8.680702e-06 	 1.401295e+07 	
3.21121121e+06 	 8.671188e-06 	 1.400904e+07 	
3.21171171e+06 	 8.661683e-06 	 1.400512e+07 	
3.21221221e+06 	 8.652187e-06 	 1.400121e+07 	
3.21271271e+06 	 8.642698e-06 	 1.399730e+07 	
3.21321321e+06 	 8.633219e-06 	 1.399339e+07 	
3.21371371e+06 	 8.623747e-06 	 1.398949e+07 	
3.21421421e+06 	 8.614284e-06 	 1.398558e+07 	
3.21471471e+06 	 8.604829e-06 	 1.398168e+07 	
3.21521522e+06 	 8.595383e-06 	 1.397778e+07 	
3.21571572e+06 	 8.585944e-06 	 1.397388e+07 	
3.21621622e+06 	 8.576514e-06 	 1.396998e+07 	
3.21671672e+06 	 8.567093e-06 	 1.396608e+07 	
3.21721722e+06 	 8.557679e-06 	 1.396218e+07 	
3.21771772e+06 	 8.548274e-06 	 1.395829e+07 	
3.21821822e+06 	 8.538877e-06 	 1.395439e+07 	
3.21871872e+06 	 8.529489e-06 	 1.395050e+07 	
3.21921922e+06 	 8.520108e-06 	 1.394661e+07 	
3.21971972e+06 	 8.510736e-06 	 1.394272e+07 	
3.22022022e+06 	 8.501372e-06 	 1.393884e+07 	
3.22072072e+06 	 8.492017e-06 	 1.393495e+07 	
3.22122122e+06 	 8.482669e-06 	 1.393107e+07 	
3.22172172e+06 	 8.473330e-06 	 1.392718e+07 	
3.22222222e+06 	 8.463999e-06 	 1.392330e+07 	
3.22272272e+06 	 8.454676e-06 	 1.391942e+07 	
3.22322322e+06 	 8.445361e-06 	 1.391554e+07 	
3.22372372e+06 	 8.436054e-06 	 1.391167e+07 	
3.22422422e+06 	 8.426756e-06 	 1.390779e+07 	
3.22472472e+06 	 8.417465e-06 	 1.390392e+07 	
3.22522523e+06 	 8.408183e-06 	 1.390005e+07 	
3.22572573e+06 	 8.398909e-06 	 1.389618e+07 	
3.22622623e+06 	 8.389643e-06 	 1.389231e+07 	
3.22672673e+06 	 8.380385e-06 	 1.388844e+07 	
3.22722723e+06 	 8.371135e-06 	 1.388457e+07 	
3.22772773e+06 	 8.361470e-06 	 1.388073e+07 	
3.22822823e+06 	 8.352232e-06 	 1.387686e+07 	
3.22872873e+06 	 8.343001e-06 	 1.387300e+07 	
3.22922923e+06 	 8.333779e-06 	 1.386914e+07 	
3.22972973e+06 	 8.324564e-06 	 1.386528e+07 	
3.23023023e+06 	 8.315358e-06 	 1.386143e+07 	
3.23073073e+06 	 8.306159e-06 	 1.385757e+07 	
3.23123123e+06 	 8.296968e-06 	 1.385372e+07 	
3.23173173e+06 	 8.287786e-06 	 1.384986e+07 	
3.23223223e+06 	 8.278611e-06 	 1.384601e+07 	
3.23273273e+06 	 8.269444e-06 	 1.384216e+07 	
3.23323323e+06 	 8.260285e-06 	 1.383832e+07 	
3.23373373e+06 	 8.251134e-06 	 1.383447e+07 	
3.23423423e+06 	 8.241991e-06 	 1.383063e+07 	
3.23473473e+06 	 8.232856e-06 	 1.382678e+07 	
3.23523524e+06 	 8.223729e-06 	 1.382294e+07 	
3.23573574e+06 	 8.214609e-06 	 1.381910e+07 	
3.23623624e+06 	 8.205498e-06 	 1.381526e+07 	
3.23673674e+06 	 8.196394e-06 	 1.381142e+07 	
3.23723724e+06 	 8.187298e-06 	 1.380759e+07 	
3.23773774e+06 	 8.178210e-06 	 1.380375e+07 	
3.23823824e+06 	 8.169130e-06 	 1.379992e+07 	
3.23873874e+06 	 8.160057e-06 	 1.379609e+07 	
3.23923924e+06 	 8.150993e-06 	 1.379226e+07 	
3.23973974e+06 	 8.141936e-06 	 1.378843e+07 	
3.24024024e+06 	 8.132887e-06 	 1.378460e+07 	
3.24074074e+06 	 8.123846e-06 	 1.378078e+07 	
3.24124124e+06 	 8.114812e-06 	 1.377695e+07 	
3.24174174e+06 	 8.105786e-06 	 1.377313e+07 	
3.24224224e+06 	 8.096768e-06 	 1.376931e+07 	
3.24274274e+06 	 8.087758e-06 	 1.376549e+07 	
3.24324324e+06 	 8.078756e-06 	 1.376167e+07 	
3.24374374e+06 	 8.069761e-06 	 1.375785e+07 	
3.24424424e+06 	 8.060774e-06 	 1.375404e+07 	
3.24474474e+06 	 8.051794e-06 	 1.375023e+07 	
3.24524525e+06 	 8.042823e-06 	 1.374641e+07 	
3.24574575e+06 	 8.033858e-06 	 1.374260e+07 	
3.24624625e+06 	 8.024902e-06 	 1.373879e+07 	
3.24674675e+06 	 8.015953e-06 	 1.373498e+07 	
3.24724725e+06 	 8.007012e-06 	 1.373118e+07 	
3.24774775e+06 	 7.998079e-06 	 1.372737e+07 	
3.24824825e+06 	 7.989153e-06 	 1.372357e+07 	
3.24874875e+06 	 7.980235e-06 	 1.371977e+07 	
3.24924925e+06 	 7.971324e-06 	 1.371597e+07 	
3.24974975e+06 	 7.962421e-06 	 1.371217e+07 	
3.25025025e+06 	 7.953526e-06 	 1.370837e+07 	
3.25075075e+06 	 7.944638e-06 	 1.370458e+07 	
3.25125125e+06 	 7.935758e-06 	 1.370078e+07 	
3.25175175e+06 	 7.926885e-06 	 1.369699e+07 	
3.25225225e+06 	 7.918020e-06 	 1.369320e+07 	
3.25275275e+06 	 7.909162e-06 	 1.368941e+07 	
3.25325325e+06 	 7.900312e-06 	 1.368562e+07 	
3.25375375e+06 	 7.891469e-06 	 1.368183e+07 	
3.25425425e+06 	 7.882634e-06 	 1.367804e+07 	
3.25475475e+06 	 7.873807e-06 	 1.367426e+07 	
3.25525526e+06 	 7.864987e-06 	 1.367048e+07 	
3.25575576e+06 	 7.856569e-06 	 1.366668e+07 	
3.25625626e+06 	 7.847768e-06 	 1.366290e+07 	
3.25675676e+06 	 7.838975e-06 	 1.365912e+07 	
3.25725726e+06 	 7.830189e-06 	 1.365534e+07 	
3.25775776e+06 	 7.821411e-06 	 1.365157e+07 	
3.25825826e+06 	 7.812640e-06 	 1.364779e+07 	
3.25875876e+06 	 7.803877e-06 	 1.364402e+07 	
3.25925926e+06 	 7.795121e-06 	 1.364025e+07 	
3.25975976e+06 	 7.786373e-06 	 1.363648e+07 	
3.26026026e+06 	 7.777632e-06 	 1.363271e+07 	
3.26076076e+06 	 7.768899e-06 	 1.362894e+07 	
3.26126126e+06 	 7.760173e-06 	 1.362518e+07 	
3.26176176e+06 	 7.751454e-06 	 1.362141e+07 	
3.26226226e+06 	 7.742743e-06 	 1.361765e+07 	
3.26276276e+06 	 7.734039e-06 	 1.361389e+07 	
3.26326326e+06 	 7.725343e-06 	 1.361013e+07 	
3.26376376e+06 	 7.716654e-06 	 1.360637e+07 	
3.26426426e+06 	 7.707973e-06 	 1.360261e+07 	
3.26476476e+06 	 7.699298e-06 	 1.359886e+07 	
3.26526527e+06 	 7.690632e-06 	 1.359510e+07 	
3.26576577e+06 	 7.681972e-06 	 1.359135e+07 	
3.26626627e+06 	 7.673320e-06 	 1.358760e+07 	
3.26676677e+06 	 7.664675e-06 	 1.358385e+07 	
3.26726727e+06 	 7.656038e-06 	 1.358010e+07 	
3.26776777e+06 	 7.647407e-06 	 1.357635e+07 	
3.26826827e+06 	 7.638785e-06 	 1.357261e+07 	
3.26876877e+06 	 7.630169e-06 	 1.356887e+07 	
3.26926927e+06 	 7.621561e-06 	 1.356512e+07 	
3.26976977e+06 	 7.612960e-06 	 1.356138e+07 	
3.27027027e+06 	 7.604366e-06 	 1.355764e+07 	
3.27077077e+06 	 7.595780e-06 	 1.355390e+07 	
3.27127127e+06 	 7.587200e-06 	 1.355017e+07 	
3.27177177e+06 	 7.578629e-06 	 1.354643e+07 	
3.27227227e+06 	 7.570064e-06 	 1.354270e+07 	
3.27277277e+06 	 7.561506e-06 	 1.353897e+07 	
3.27327327e+06 	 7.552956e-06 	 1.353523e+07 	
3.27377377e+06 	 7.544413e-06 	 1.353150e+07 	
3.27427427e+06 	 7.535877e-06 	 1.352778e+07 	
3.27477477e+06 	 7.527349e-06 	 1.352405e+07 	
3.27527528e+06 	 7.518827e-06 	 1.352032e+07 	
3.27577578e+06 	 7.510313e-06 	 1.351660e+07 	
3.27627628e+06 	 7.501806e-06 	 1.351288e+07 	
3.27677678e+06 	 7.493306e-06 	 1.350916e+07 	
3.27727728e+06 	 7.484813e-06 	 1.350544e+07 	
3.27777778e+06 	 7.476328e-06 	 1.350172e+07 	
3.27827828e+06 	 7.467849e-06 	 1.349800e+07 	
3.27877878e+06 	 7.459378e-06 	 1.349429e+07 	
3.27927928e+06 	 7.450913e-06 	 1.349057e+07 	
3.27977978e+06 	 7.442456e-06 	 1.348686e+07 	
3.28028028e+06 	 7.434006e-06 	 1.348315e+07 	
3.28078078e+06 	 7.425563e-06 	 1.347944e+07 	
3.28128128e+06 	 7.417127e-06 	 1.347573e+07 	
3.28178178e+06 	 7.408699e-06 	 1.347203e+07 	
3.28228228e+06 	 7.400277e-06 	 1.346832e+07 	
3.28278278e+06 	 7.391862e-06 	 1.346462e+07 	
3.28328328e+06 	 7.383455e-06 	 1.346091e+07 	
3.28378378e+06 	 7.375054e-06 	 1.345721e+07 	
3.28428428e+06 	 7.366661e-06 	 1.345351e+07 	
3.28478478e+06 	 7.357902e-06 	 1.344983e+07 	
3.28528529e+06 	 7.349519e-06 	 1.344613e+07 	
3.28578579e+06 	 7.341142e-06 	 1.344244e+07 	
3.28628629e+06 	 7.332772e-06 	 1.343875e+07 	
3.28678679e+06 	 7.324410e-06 	 1.343505e+07 	
3.28728729e+06 	 7.316054e-06 	 1.343136e+07 	
3.28778779e+06 	 7.307705e-06 	 1.342767e+07 	
3.28828829e+06 	 7.299363e-06 	 1.342398e+07 	
3.28878879e+06 	 7.291028e-06 	 1.342030e+07 	
3.28928929e+06 	 7.282700e-06 	 1.341661e+07 	
3.28978979e+06 	 7.274379e-06 	 1.341293e+07 	
3.29029029e+06 	 7.266065e-06 	 1.340925e+07 	
3.29079079e+06 	 7.257757e-06 	 1.340557e+07 	
3.29129129e+06 	 7.249457e-06 	 1.340189e+07 	
3.29179179e+06 	 7.241163e-06 	 1.339821e+07 	
3.29229229e+06 	 7.232876e-06 	 1.339453e+07 	
3.29279279e+06 	 7.224596e-06 	 1.339086e+07 	
3.29329329e+06 	 7.216323e-06 	 1.338718e+07 	
3.29379379e+06 	 7.208057e-06 	 1.338351e+07 	
3.29429429e+06 	 7.199797e-06 	 1.337984e+07 	
3.29479479e+06 	 7.191545e-06 	 1.337617e+07 	
3.29529530e+06 	 7.183299e-06 	 1.337250e+07 	
3.29579580e+06 	 7.175060e-06 	 1.336883e+07 	
3.29629630e+06 	 7.166827e-06 	 1.336517e+07 	
3.29679680e+06 	 7.158602e-06 	 1.336150e+07 	
3.29729730e+06 	 7.150383e-06 	 1.335784e+07 	
3.29779780e+06 	 7.142171e-06 	 1.335418e+07 	
3.29829830e+06 	 7.133966e-06 	 1.335052e+07 	
3.29879880e+06 	 7.125767e-06 	 1.334686e+07 	
3.29929930e+06 	 7.117575e-06 	 1.334320e+07 	
3.29979980e+06 	 7.109390e-06 	 1.333955e+07 	
3.30030030e+06 	 7.101212e-06 	 1.333589e+07 	
3.30080080e+06 	 7.093040e-06 	 1.333224e+07 	
3.30130130e+06 	 7.084875e-06 	 1.332859e+07 	
3.30180180e+06 	 7.076717e-06 	 1.332494e+07 	
3.30230230e+06 	 7.068565e-06 	 1.332129e+07 	
3.30280280e+06 	 7.060420e-06 	 1.331764e+07 	
3.30330330e+06 	 7.052282e-06 	 1.331400e+07 	
3.30380380e+06 	 7.044150e-06 	 1.331035e+07 	
3.30430430e+06 	 7.036025e-06 	 1.330671e+07 	
3.30480480e+06 	 7.027907e-06 	 1.330307e+07 	
3.30530531e+06 	 7.019795e-06 	 1.329943e+07 	
3.30580581e+06 	 7.011690e-06 	 1.329579e+07 	
3.30630631e+06 	 7.003592e-06 	 1.329215e+07 	
3.30680681e+06 	 6.995500e-06 	 1.328851e+07 	
3.30730731e+06 	 6.987414e-06 	 1.328488e+07 	
3.30780781e+06 	 6.979335e-06 	 1.328124e+07 	
3.30830831e+06 	 6.971263e-06 	 1.327761e+07 	
3.30880881e+06 	 6.963198e-06 	 1.327398e+07 	
3.30930931e+06 	 6.955139e-06 	 1.327035e+07 	
3.30980981e+06 	 6.947086e-06 	 1.326673e+07 	
3.31031031e+06 	 6.939040e-06 	 1.326310e+07 	
3.31081081e+06 	 6.931001e-06 	 1.325947e+07 	
3.31131131e+06 	 6.922968e-06 	 1.325585e+07 	
3.31181181e+06 	 6.914941e-06 	 1.325223e+07 	
3.31231231e+06 	 6.906921e-06 	 1.324861e+07 	
3.31281281e+06 	 6.898908e-06 	 1.324499e+07 	
3.31331331e+06 	 6.890901e-06 	 1.324137e+07 	
3.31381381e+06 	 6.883248e-06 	 1.323774e+07 	
3.31431431e+06 	 6.875258e-06 	 1.323412e+07 	
3.31481481e+06 	 6.867274e-06 	 1.323051e+07 	
3.31531532e+06 	 6.859297e-06 	 1.322689e+07 	
3.31581582e+06 	 6.851326e-06 	 1.322328e+07 	
3.31631632e+06 	 6.843362e-06 	 1.321967e+07 	
3.31681682e+06 	 6.835404e-06 	 1.321606e+07 	
3.31731732e+06 	 6.827452e-06 	 1.321245e+07 	
3.31781782e+06 	 6.819507e-06 	 1.320885e+07 	
3.31831832e+06 	 6.811569e-06 	 1.320524e+07 	
3.31881882e+06 	 6.803637e-06 	 1.320164e+07 	
3.31931932e+06 	 6.795711e-06 	 1.319804e+07 	
3.31981982e+06 	 6.787792e-06 	 1.319444e+07 	
3.32032032e+06 	 6.779879e-06 	 1.319084e+07 	
3.32082082e+06 	 6.771973e-06 	 1.318724e+07 	
3.32132132e+06 	 6.764073e-06 	 1.318365e+07 	
3.32182182e+06 	 6.756179e-06 	 1.318005e+07 	
3.32232232e+06 	 6.748292e-06 	 1.317646e+07 	
3.32282282e+06 	 6.740411e-06 	 1.317286e+07 	
3.32332332e+06 	 6.732536e-06 	 1.316927e+07 	
3.32382382e+06 	 6.724668e-06 	 1.316568e+07 	
3.32432432e+06 	 6.716806e-06 	 1.316210e+07 	
3.32482482e+06 	 6.708951e-06 	 1.315851e+07 	
3.32532533e+06 	 6.701102e-06 	 1.315492e+07 	
3.32582583e+06 	 6.693259e-06 	 1.315134e+07 	
3.32632633e+06 	 6.685422e-06 	 1.314776e+07 	
3.32682683e+06 	 6.677592e-06 	 1.314418e+07 	
3.32732733e+06 	 6.669768e-06 	 1.314060e+07 	
3.32782783e+06 	 6.661950e-06 	 1.313702e+07 	
3.32832833e+06 	 6.654139e-06 	 1.313344e+07 	
3.32882883e+06 	 6.646334e-06 	 1.312986e+07 	
3.32932933e+06 	 6.638535e-06 	 1.312629e+07 	
3.32982983e+06 	 6.630742e-06 	 1.312272e+07 	
3.33033033e+06 	 6.622956e-06 	 1.311914e+07 	
3.33083083e+06 	 6.615176e-06 	 1.311557e+07 	
3.33133133e+06 	 6.607402e-06 	 1.311200e+07 	
3.33183183e+06 	 6.599634e-06 	 1.310844e+07 	
3.33233233e+06 	 6.591873e-06 	 1.310487e+07 	
3.33283283e+06 	 6.584118e-06 	 1.310131e+07 	
3.33333333e+06 	 6.576368e-06 	 1.309774e+07 	
3.33383383e+06 	 6.568626e-06 	 1.309418e+07 	
3.33433433e+06 	 6.560889e-06 	 1.309062e+07 	
3.33483483e+06 	 6.553158e-06 	 1.308706e+07 	
3.33533534e+06 	 6.545434e-06 	 1.308350e+07 	
3.33583584e+06 	 6.537716e-06 	 1.307994e+07 	
3.33633634e+06 	 6.530004e-06 	 1.307639e+07 	
3.33683684e+06 	 6.522298e-06 	 1.307283e+07 	
3.33733734e+06 	 6.514598e-06 	 1.306928e+07 	
3.33783784e+06 	 6.506904e-06 	 1.306573e+07 	
3.33833834e+06 	 6.499217e-06 	 1.306218e+07 	
3.33883884e+06 	 6.491535e-06 	 1.305863e+07 	
3.33933934e+06 	 6.483860e-06 	 1.305508e+07 	
3.33983984e+06 	 6.476191e-06 	 1.305154e+07 	
3.34034034e+06 	 6.468528e-06 	 1.304799e+07 	
3.34084084e+06 	 6.460871e-06 	 1.304445e+07 	
3.34134134e+06 	 6.453220e-06 	 1.304091e+07 	
3.34184184e+06 	 6.445575e-06 	 1.303737e+07 	
3.34234234e+06 	 6.437936e-06 	 1.303383e+07 	
3.34284284e+06 	 6.430625e-06 	 1.303027e+07 	
3.34334334e+06 	 6.423002e-06 	 1.302674e+07 	
3.34384384e+06 	 6.415385e-06 	 1.302320e+07 	
3.34434434e+06 	 6.407773e-06 	 1.301967e+07 	
3.34484484e+06 	 6.400168e-06 	 1.301613e+07 	
3.34534535e+06 	 6.392569e-06 	 1.301260e+07 	
3.34584585e+06 	 6.384976e-06 	 1.300907e+07 	
3.34634635e+06 	 6.377389e-06 	 1.300554e+07 	
3.34684685e+06 	 6.369808e-06 	 1.300202e+07 	
3.34734735e+06 	 6.362232e-06 	 1.299849e+07 	
3.34784785e+06 	 6.354663e-06 	 1.299496e+07 	
3.34834835e+06 	 6.347100e-06 	 1.299144e+07 	
3.34884885e+06 	 6.339543e-06 	 1.298792e+07 	
3.34934935e+06 	 6.331992e-06 	 1.298440e+07 	
3.34984985e+06 	 6.324447e-06 	 1.298088e+07 	
3.35035035e+06 	 6.316908e-06 	 1.297736e+07 	
3.35085085e+06 	 6.309374e-06 	 1.297384e+07 	
3.35135135e+06 	 6.301847e-06 	 1.297033e+07 	
3.35185185e+06 	 6.294326e-06 	 1.296681e+07 	
3.35235235e+06 	 6.286810e-06 	 1.296330e+07 	
3.35285285e+06 	 6.279301e-06 	 1.295979e+07 	
3.35335335e+06 	 6.271797e-06 	 1.295628e+07 	
3.35385385e+06 	 6.264300e-06 	 1.295277e+07 	
3.35435435e+06 	 6.256808e-06 	 1.294926e+07 	
3.35485485e+06 	 6.249322e-06 	 1.294576e+07 	
3.35535536e+06 	 6.241842e-06 	 1.294225e+07 	
3.35585586e+06 	 6.234368e-06 	 1.293875e+07 	
3.35635636e+06 	 6.226900e-06 	 1.293525e+07 	
3.35685686e+06 	 6.219438e-06 	 1.293175e+07 	
3.35735736e+06 	 6.211981e-06 	 1.292825e+07 	
3.35785786e+06 	 6.204530e-06 	 1.292475e+07 	
3.35835836e+06 	 6.197086e-06 	 1.292125e+07 	
3.35885886e+06 	 6.189647e-06 	 1.291776e+07 	
3.35935936e+06 	 6.182214e-06 	 1.291426e+07 	
3.35985986e+06 	 6.174786e-06 	 1.291077e+07 	
3.36036036e+06 	 6.167365e-06 	 1.290728e+07 	
3.36086086e+06 	 6.159949e-06 	 1.290379e+07 	
3.36136136e+06 	 6.152539e-06 	 1.290030e+07 	
3.36186186e+06 	 6.145135e-06 	 1.289681e+07 	
3.36236236e+06 	 6.137737e-06 	 1.289332e+07 	
3.36286286e+06 	 6.130344e-06 	 1.288984e+07 	
3.36336336e+06 	 6.122958e-06 	 1.288636e+07 	
3.36386386e+06 	 6.115577e-06 	 1.288287e+07 	
3.36436436e+06 	 6.108201e-06 	 1.287939e+07 	
3.36486486e+06 	 6.100832e-06 	 1.287591e+07 	
3.36536537e+06 	 6.093468e-06 	 1.287244e+07 	
3.36586587e+06 	 6.086110e-06 	 1.286896e+07 	
3.36636637e+06 	 6.078758e-06 	 1.286548e+07 	
3.36686687e+06 	 6.071411e-06 	 1.286201e+07 	
3.36736737e+06 	 6.064070e-06 	 1.285853e+07 	
3.36786787e+06 	 6.056735e-06 	 1.285506e+07 	
3.36836837e+06 	 6.049406e-06 	 1.285159e+07 	
3.36886887e+06 	 6.042082e-06 	 1.284812e+07 	
3.36936937e+06 	 6.034764e-06 	 1.284466e+07 	
3.36986987e+06 	 6.027451e-06 	 1.284119e+07 	
3.37037037e+06 	 6.020145e-06 	 1.283772e+07 	
3.37087087e+06 	 6.012844e-06 	 1.283426e+07 	
3.37137137e+06 	 6.005548e-06 	 1.283080e+07 	
3.37187187e+06 	 5.998258e-06 	 1.282734e+07 	
3.37237237e+06 	 5.991274e-06 	 1.282386e+07 	
3.37287287e+06 	 5.983998e-06 	 1.282040e+07 	
3.37337337e+06 	 5.976728e-06 	 1.281694e+07 	
3.37387387e+06 	 5.969464e-06 	 1.281349e+07 	
3.37437437e+06 	 5.962206e-06 	 1.281003e+07 	
3.37487487e+06 	 5.954953e-06 	 1.280658e+07 	
3.37537538e+06 	 5.947706e-06 	 1.280313e+07 	
3.37587588e+06 	 5.940464e-06 	 1.279968e+07 	
3.37637638e+06 	 5.933228e-06 	 1.279623e+07 	
3.37687688e+06 	 5.925998e-06 	 1.279278e+07 	
3.37737738e+06 	 5.918773e-06 	 1.278933e+07 	
3.37787788e+06 	 5.911554e-06 	 1.278588e+07 	
3.37837838e+06 	 5.904340e-06 	 1.278244e+07 	
3.37887888e+06 	 5.897132e-06 	 1.277900e+07 	
3.37937938e+06 	 5.889930e-06 	 1.277555e+07 	
3.37987988e+06 	 5.882733e-06 	 1.277211e+07 	
3.38038038e+06 	 5.875542e-06 	 1.276867e+07 	
3.38088088e+06 	 5.868356e-06 	 1.276524e+07 	
3.38138138e+06 	 5.861176e-06 	 1.276180e+07 	
3.38188188e+06 	 5.854001e-06 	 1.275836e+07 	
3.38238238e+06 	 5.846832e-06 	 1.275493e+07 	
3.38288288e+06 	 5.839668e-06 	 1.275150e+07 	
3.38338338e+06 	 5.832510e-06 	 1.274807e+07 	
3.38388388e+06 	 5.825357e-06 	 1.274464e+07 	
3.38438438e+06 	 5.818210e-06 	 1.274121e+07 	
3.38488488e+06 	 5.811069e-06 	 1.273778e+07 	
3.38538539e+06 	 5.803932e-06 	 1.273435e+07 	
3.38588589e+06 	 5.796802e-06 	 1.273093e+07 	
3.38638639e+06 	 5.789677e-06 	 1.272750e+07 	
3.38688689e+06 	 5.782557e-06 	 1.272408e+07 	
3.38738739e+06 	 5.775443e-06 	 1.272066e+07 	
3.38788789e+06 	 5.768334e-06 	 1.271724e+07 	
3.38838839e+06 	 5.761230e-06 	 1.271382e+07 	
3.38888889e+06 	 5.754132e-06 	 1.271040e+07 	
3.38938939e+06 	 5.747040e-06 	 1.270699e+07 	
3.38988989e+06 	 5.739953e-06 	 1.270357e+07 	
3.39039039e+06 	 5.732871e-06 	 1.270016e+07 	
3.39089089e+06 	 5.725795e-06 	 1.269675e+07 	
3.39139139e+06 	 5.718724e-06 	 1.269334e+07 	
3.39189189e+06 	 5.711659e-06 	 1.268993e+07 	
3.39239239e+06 	 5.704599e-06 	 1.268652e+07 	
3.39289289e+06 	 5.697544e-06 	 1.268311e+07 	
3.39339339e+06 	 5.690495e-06 	 1.267971e+07 	
3.39389389e+06 	 5.683451e-06 	 1.267630e+07 	
3.39439439e+06 	 5.676412e-06 	 1.267290e+07 	
3.39489489e+06 	 5.669379e-06 	 1.266950e+07 	
3.39539540e+06 	 5.662351e-06 	 1.266610e+07 	
3.39589590e+06 	 5.655329e-06 	 1.266270e+07 	
3.39639640e+06 	 5.648311e-06 	 1.265930e+07 	
3.39689690e+06 	 5.641300e-06 	 1.265590e+07 	
3.39739740e+06 	 5.634293e-06 	 1.265251e+07 	
3.39789790e+06 	 5.627292e-06 	 1.264911e+07 	
3.39839840e+06 	 5.620296e-06 	 1.264572e+07 	
3.39889890e+06 	 5.613305e-06 	 1.264233e+07 	
3.39939940e+06 	 5.606320e-06 	 1.263894e+07 	
3.39989990e+06 	 5.599340e-06 	 1.263555e+07 	
3.40040040e+06 	 5.592365e-06 	 1.263216e+07 	
3.40090090e+06 	 5.585396e-06 	 1.262877e+07 	
3.40140140e+06 	 5.578432e-06 	 1.262539e+07 	
3.40190190e+06 	 5.571473e-06 	 1.262200e+07 	
3.40240240e+06 	 5.564240e-06 	 1.261864e+07 	
3.40290290e+06 	 5.557289e-06 	 1.261526e+07 	
3.40340340e+06 	 5.550343e-06 	 1.261188e+07 	
3.40390390e+06 	 5.543402e-06 	 1.260850e+07 	
3.40440440e+06 	 5.536466e-06 	 1.260512e+07 	
3.40490490e+06 	 5.529536e-06 	 1.260174e+07 	
3.40540541e+06 	 5.522611e-06 	 1.259837e+07 	
3.40590591e+06 	 5.515690e-06 	 1.259500e+07 	
3.40640641e+06 	 5.508776e-06 	 1.259162e+07 	
3.40690691e+06 	 5.501866e-06 	 1.258825e+07 	
3.40740741e+06 	 5.494961e-06 	 1.258488e+07 	
3.40790791e+06 	 5.488062e-06 	 1.258151e+07 	
3.40840841e+06 	 5.481168e-06 	 1.257815e+07 	
3.40890891e+06 	 5.474278e-06 	 1.257478e+07 	
3.40940941e+06 	 5.467394e-06 	 1.257142e+07 	
3.40990991e+06 	 5.460515e-06 	 1.256805e+07 	
3.41041041e+06 	 5.453642e-06 	 1.256469e+07 	
3.41091091e+06 	 5.446773e-06 	 1.256133e+07 	
3.41141141e+06 	 5.439909e-06 	 1.255797e+07 	
3.41191191e+06 	 5.433051e-06 	 1.255461e+07 	
3.41241241e+06 	 5.426198e-06 	 1.255125e+07 	
3.41291291e+06 	 5.419349e-06 	 1.254790e+07 	
3.41341341e+06 	 5.412506e-06 	 1.254454e+07 	
3.41391391e+06 	 5.405668e-06 	 1.254119e+07 	
3.41441441e+06 	 5.398835e-06 	 1.253784e+07 	
3.41491491e+06 	 5.392007e-06 	 1.253449e+07 	
3.41541542e+06 	 5.385184e-06 	 1.253114e+07 	
3.41591592e+06 	 5.378366e-06 	 1.252779e+07 	
3.41641642e+06 	 5.371553e-06 	 1.252444e+07 	
3.41691692e+06 	 5.364745e-06 	 1.252110e+07 	
3.41741742e+06 	 5.357942e-06 	 1.251775e+07 	
3.41791792e+06 	 5.351145e-06 	 1.251441e+07 	
3.41841842e+06 	 5.344352e-06 	 1.251107e+07 	
3.41891892e+06 	 5.337564e-06 	 1.250773e+07 	
3.41941942e+06 	 5.330781e-06 	 1.250439e+07 	
3.41991992e+06 	 5.324003e-06 	 1.250105e+07 	
3.42042042e+06 	 5.317231e-06 	 1.249771e+07 	
3.42092092e+06 	 5.310463e-06 	 1.249438e+07 	
3.42142142e+06 	 5.303700e-06 	 1.249104e+07 	
3.42192192e+06 	 5.296942e-06 	 1.248771e+07 	
3.42242242e+06 	 5.290189e-06 	 1.248438e+07 	
3.42292292e+06 	 5.283441e-06 	 1.248105e+07 	
3.42342342e+06 	 5.276698e-06 	 1.247772e+07 	
3.42392392e+06 	 5.269960e-06 	 1.247439e+07 	
3.42442442e+06 	 5.263227e-06 	 1.247106e+07 	
3.42492492e+06 	 5.256498e-06 	 1.246774e+07 	
3.42542543e+06 	 5.249775e-06 	 1.246441e+07 	
3.42592593e+06 	 5.243056e-06 	 1.246109e+07 	
3.42642643e+06 	 5.236343e-06 	 1.245777e+07 	
3.42692693e+06 	 5.229634e-06 	 1.245445e+07 	
3.42742743e+06 	 5.222930e-06 	 1.245113e+07 	
3.42792793e+06 	 5.216232e-06 	 1.244781e+07 	
3.42842843e+06 	 5.209538e-06 	 1.244449e+07 	
3.42892893e+06 	 5.202848e-06 	 1.244118e+07 	
3.42942943e+06 	 5.196164e-06 	 1.243786e+07 	
3.42992993e+06 	 5.189485e-06 	 1.243455e+07 	
3.43043043e+06 	 5.182810e-06 	 1.243124e+07 	
3.43093093e+06 	 5.176140e-06 	 1.242793e+07 	
3.43143143e+06 	 5.169475e-06 	 1.242462e+07 	
3.43193193e+06 	 5.162815e-06 	 1.242131e+07 	
3.43243243e+06 	 5.156418e-06 	 1.241799e+07 	
3.43293293e+06 	 5.149770e-06 	 1.241468e+07 	
3.43343343e+06 	 5.143127e-06 	 1.241138e+07 	
3.43393393e+06 	 5.136489e-06 	 1.240807e+07 	
3.43443443e+06 	 5.129856e-06 	 1.240477e+07 	
3.43493493e+06 	 5.123227e-06 	 1.240147e+07 	
3.43543544e+06 	 5.116603e-06 	 1.239817e+07 	
3.43593594e+06 	 5.109985e-06 	 1.239487e+07 	
3.43643644e+06 	 5.103370e-06 	 1.239158e+07 	
3.43693694e+06 	 5.096761e-06 	 1.238828e+07 	
3.43743744e+06 	 5.090157e-06 	 1.238499e+07 	
3.43793794e+06 	 5.083557e-06 	 1.238169e+07 	
3.43843844e+06 	 5.076962e-06 	 1.237840e+07 	
3.43893894e+06 	 5.070372e-06 	 1.237511e+07 	
3.43943944e+06 	 5.063786e-06 	 1.237182e+07 	
3.43993994e+06 	 5.057205e-06 	 1.236853e+07 	
3.44044044e+06 	 5.050629e-06 	 1.236525e+07 	
3.44094094e+06 	 5.044058e-06 	 1.236196e+07 	
3.44144144e+06 	 5.037492e-06 	 1.235867e+07 	
3.44194194e+06 	 5.030930e-06 	 1.235539e+07 	
3.44244244e+06 	 5.024373e-06 	 1.235211e+07 	
3.44294294e+06 	 5.017820e-06 	 1.234883e+07 	
3.44344344e+06 	 5.011273e-06 	 1.234555e+07 	
3.44394394e+06 	 5.004730e-06 	 1.234227e+07 	
3.44444444e+06 	 4.998192e-06 	 1.233899e+07 	
3.44494494e+06 	 4.991658e-06 	 1.233572e+07 	
3.44544545e+06 	 4.985129e-06 	 1.233244e+07 	
3.44594595e+06 	 4.978605e-06 	 1.232917e+07 	
3.44644645e+06 	 4.972085e-06 	 1.232590e+07 	
3.44694695e+06 	 4.965571e-06 	 1.232263e+07 	
3.44744745e+06 	 4.959060e-06 	 1.231936e+07 	
3.44794795e+06 	 4.952555e-06 	 1.231609e+07 	
3.44844845e+06 	 4.946054e-06 	 1.231282e+07 	
3.44894895e+06 	 4.939558e-06 	 1.230955e+07 	
3.44944945e+06 	 4.933066e-06 	 1.230629e+07 	
3.44994995e+06 	 4.926579e-06 	 1.230303e+07 	
3.45045045e+06 	 4.920096e-06 	 1.229976e+07 	
3.45095095e+06 	 4.913619e-06 	 1.229650e+07 	
3.45145145e+06 	 4.907145e-06 	 1.229324e+07 	
3.45195195e+06 	 4.900677e-06 	 1.228998e+07 	
3.45245245e+06 	 4.894213e-06 	 1.228673e+07 	
3.45295295e+06 	 4.887753e-06 	 1.228347e+07 	
3.45345345e+06 	 4.881299e-06 	 1.228022e+07 	
3.45395395e+06 	 4.874848e-06 	 1.227696e+07 	
3.45445445e+06 	 4.868403e-06 	 1.227371e+07 	
3.45495495e+06 	 4.861961e-06 	 1.227046e+07 	
3.45545546e+06 	 4.855525e-06 	 1.226721e+07 	
3.45595596e+06 	 4.849093e-06 	 1.226396e+07 	
3.45645646e+06 	 4.842665e-06 	 1.226071e+07 	
3.45695696e+06 	 4.836242e-06 	 1.225747e+07 	
3.45745746e+06 	 4.829824e-06 	 1.225422e+07 	
3.45795796e+06 	 4.823410e-06 	 1.225098e+07 	
3.45845846e+06 	 4.817001e-06 	 1.224773e+07 	
3.45895896e+06 	 4.810596e-06 	 1.224449e+07 	
3.45945946e+06 	 4.804195e-06 	 1.224125e+07 	
3.45995996e+06 	 4.797799e-06 	 1.223801e+07 	
3.46046046e+06 	 4.791408e-06 	 1.223477e+07 	
3.46096096e+06 	 4.785021e-06 	 1.223154e+07 	
3.46146146e+06 	 4.778639e-06 	 1.222830e+07 	
3.46196196e+06 	 4.772261e-06 	 1.222507e+07 	
3.46246246e+06 	 4.765887e-06 	 1.222184e+07 	
3.46296296e+06 	 4.759280e-06 	 1.221862e+07 	
3.46346346e+06 	 4.752913e-06 	 1.221539e+07 	
3.46396396e+06 	 4.746550e-06 	 1.221216e+07 	
3.46446446e+06 	 4.740192e-06 	 1.220893e+07 	
3.46496496e+06 	 4.733838e-06 	 1.220571e+07 	
3.46546547e+06 	 4.727489e-06 	 1.220248e+07 	
3.46596597e+06 	 4.721144e-06 	 1.219926e+07 	
3.46646647e+06 	 4.714804e-06 	 1.219603e+07 	
3.46696697e+06 	 4.708468e-06 	 1.219281e+07 	
3.46746747e+06 	 4.702136e-06 	 1.218959e+07 	
3.46796797e+06 	 4.695808e-06 	 1.218637e+07 	
3.46846847e+06 	 4.689485e-06 	 1.218315e+07 	
3.46896897e+06 	 4.683167e-06 	 1.217994e+07 	
3.46946947e+06 	 4.676853e-06 	 1.217672e+07 	
3.46996997e+06 	 4.670543e-06 	 1.217351e+07 	
3.47047047e+06 	 4.664237e-06 	 1.217029e+07 	
3.47097097e+06 	 4.657936e-06 	 1.216708e+07 	
3.47147147e+06 	 4.651639e-06 	 1.216387e+07 	
3.47197197e+06 	 4.645346e-06 	 1.216066e+07 	
3.47247247e+06 	 4.639058e-06 	 1.215745e+07 	
3.47297297e+06 	 4.632774e-06 	 1.215425e+07 	
3.47347347e+06 	 4.626494e-06 	 1.215104e+07 	
3.47397397e+06 	 4.620219e-06 	 1.214784e+07 	
3.47447447e+06 	 4.613948e-06 	 1.214463e+07 	
3.47497497e+06 	 4.607681e-06 	 1.214143e+07 	
3.47547548e+06 	 4.601419e-06 	 1.213823e+07 	
3.47597598e+06 	 4.595161e-06 	 1.213503e+07 	
3.47647648e+06 	 4.588907e-06 	 1.213183e+07 	
3.47697698e+06 	 4.582657e-06 	 1.212863e+07 	
3.47747748e+06 	 4.576412e-06 	 1.212544e+07 	
3.47797798e+06 	 4.570170e-06 	 1.212224e+07 	
3.47847848e+06 	 4.563933e-06 	 1.211905e+07 	
3.47897898e+06 	 4.557701e-06 	 1.211586e+07 	
3.47947948e+06 	 4.551472e-06 	 1.211267e+07 	
3.47997998e+06 	 4.545248e-06 	 1.210948e+07 	
3.48048048e+06 	 4.539028e-06 	 1.210629e+07 	
3.48098098e+06 	 4.532812e-06 	 1.210310e+07 	
3.48148148e+06 	 4.526600e-06 	 1.209991e+07 	
3.48198198e+06 	 4.520393e-06 	 1.209673e+07 	
3.48248248e+06 	 4.514190e-06 	 1.209354e+07 	
3.48298298e+06 	 4.507991e-06 	 1.209036e+07 	
3.48348348e+06 	 4.501796e-06 	 1.208718e+07 	
3.48398398e+06 	 4.495605e-06 	 1.208400e+07 	
3.48448448e+06 	 4.489419e-06 	 1.208082e+07 	
3.48498498e+06 	 4.483236e-06 	 1.207764e+07 	
3.48548549e+06 	 4.477058e-06 	 1.207446e+07 	
3.48598599e+06 	 4.470884e-06 	 1.207129e+07 	
3.48648649e+06 	 4.464714e-06 	 1.206811e+07 	
3.48698699e+06 	 4.458548e-06 	 1.206494e+07 	
3.48748749e+06 	 4.452386e-06 	 1.206177e+07 	
3.48798799e+06 	 4.446229e-06 	 1.205860e+07 	
3.48848849e+06 	 4.440075e-06 	 1.205543e+07 	
3.48898899e+06 	 4.433926e-06 	 1.205226e+07 	
3.48948949e+06 	 4.427781e-06 	 1.204909e+07 	
3.48998999e+06 	 4.421640e-06 	 1.204593e+07 	
3.49049049e+06 	 4.415503e-06 	 1.204276e+07 	
3.49099099e+06 	 4.409370e-06 	 1.203960e+07 	
3.49149149e+06 	 4.403241e-06 	 1.203644e+07 	
3.49199199e+06 	 4.397116e-06 	 1.203328e+07 	
3.49249249e+06 	 4.390995e-06 	 1.203012e+07 	
3.49299299e+06 	 4.384878e-06 	 1.202696e+07 	
3.49349349e+06 	 4.378985e-06 	 1.202379e+07 	
3.49399399e+06 	 4.372879e-06 	 1.202063e+07 	
3.49449449e+06 	 4.366776e-06 	 1.201747e+07 	
3.49499499e+06 	 4.360678e-06 	 1.201432e+07 	
3.49549550e+06 	 4.354584e-06 	 1.201117e+07 	
3.49599600e+06 	 4.348493e-06 	 1.200802e+07 	
3.49649650e+06 	 4.342407e-06 	 1.200487e+07 	
3.49699700e+06 	 4.336325e-06 	 1.200172e+07 	
3.49749750e+06 	 4.330247e-06 	 1.199857e+07 	
3.49799800e+06 	 4.324173e-06 	 1.199542e+07 	
3.49849850e+06 	 4.318103e-06 	 1.199228e+07 	
3.49899900e+06 	 4.312037e-06 	 1.198913e+07 	
3.49949950e+06 	 4.305974e-06 	 1.198599e+07 	
3.50000000e+06 	 4.299916e-06 	 1.198285e+07 	
3.51986847e+06 	 4.062583e-06 	 1.185909e+07 	
3.53984972e+06 	 3.830262e-06 	 1.173649e+07 	
3.55994440e+06 	 3.602037e-06 	 1.161513e+07 	
3.58015316e+06 	 3.377907e-06 	 1.149501e+07 	
3.60047663e+06 	 3.157701e-06 	 1.137615e+07 	
3.62091547e+06 	 2.940975e-06 	 1.125862e+07 	
3.64147034e+06 	 2.727541e-06 	 1.114248e+07 	
3.66214189e+06 	 2.517403e-06 	 1.102776e+07 	
3.68293079e+06 	 2.309970e-06 	 1.091462e+07 	
3.70383770e+06 	 2.105285e-06 	 1.080317e+07 	
3.72486329e+06 	 1.903140e-06 	 1.069359e+07 	
3.74600824e+06 	 1.703962e-06 	 1.058605e+07 	
3.76727322e+06 	 1.507986e-06 	 1.048082e+07 	
3.78865892e+06 	 1.315771e-06 	 1.037826e+07 	
3.81016602e+06 	 1.128638e-06 	 1.027871e+07 	
3.83179521e+06 	 9.481390e-07 	 1.018267e+07 	
3.85354718e+06 	 7.765461e-07 	 1.009067e+07 	
3.87542263e+06 	 6.166438e-07 	 1.000334e+07 	
3.89742226e+06 	 4.716950e-07 	 9.921328e+06 	
3.91954677e+06 	 3.450157e-07 	 9.845217e+06 	
3.94179688e+06 	 2.392505e-07 	 9.775599e+06 	
3.96417330e+06 	 1.558811e-07 	 9.712817e+06 	
3.98667674e+06 	 9.454457e-08 	 9.656941e+06 	
4.00930793e+06 	 5.289732e-08 	 9.607735e+06 	
4.03206758e+06 	 2.707745e-08 	 9.564583e+06 	
4.05495644e+06 	 1.259282e-08 	 9.526615e+06 	
4.07797523e+06 	 5.293260e-09 	 9.492710e+06 	
4.10112469e+06 	 2.004402e-09 	 9.461455e+06 	
4.12440557e+06 	 6.826996e-10 	 9.431801e+06 	
4.61346743e+06 	 1.000000e-20 	 8.891070e+06 	
5.16052105e+06 	 1.000000e-20 	 8.384689e+06 	
5.77244293e+06 	 1.000000e-20 	 7.909519e+06 	
6.45692501e+06 	 1.000000e-20 	 7.463239e+06 	
7.22257129e+06 	 1.000000e-20 	 7.043768e+06 	
8.07900602e+06 	 1.000000e-20 	 6.649229e+06 	
9.03699468e+06 	 1.000000e-20 	 6.277917e+06 	
1.01085793e+07 	 1.000000e-20 	 5.928283e+06 	
1.13072297e+07 	 1.000000e-20 	 5.598907e+06 	
1.26480132e+07 	 1.000000e-20 	 5.288491e+06 	
1.41477835e+07 	 1.000000e-20 	 4.995837e+06 	
1.58253928e+07 	 1.000000e-20 	 4.719840e+06 	
1.77019290e+07 	 1.000000e-20 	 4.459479e+06 	
1.98009802e+07 	 1.000000e-20 	 4.213807e+06 	
2.21489317e+07 	 1.000000e-20 	 3.981943e+06 	
2.47752975e+07 	 1.000000e-20 	 3.763067e+06 	
2.77130913e+07 	 1.000000e-20 	 3.556417e+06 	
3.09992415e+07 	 1.000000e-20 	 3.361278e+06 	
3.46750553e+07 	 1.000000e-20 	 3.176984e+06 	
3.87867380e+07 	 1.000000e-20 	 3.002911e+06 	
4.33859739e+07 	 1.000000e-20 	 2.838473e+06 	
4.85305760e+07 	 1.000000e-20 	 2.683122e+06 	
5.42852123e+07 	 1.000000e-20 	 2.536343e+06 	
6.07222192e+07 	 1.000000e-20 	 2.397652e+06 	
6.79225105e+07 	 1.000000e-20 	 2.266594e+06 	
7.59765946e+07 	 1.000000e-20 	 2.142742e+06 	
8.49857123e+07 	 1.000000e-20 	 2.025692e+06 	
9.50631089e+07 	 1.000000e-20 	 1.915066e+06 	
1.06335458e+08 	 1.000000e-20 	 1.810507e+06 	
1.18944455e+08 	 1.000000e-20 	 1.711678e+06 	
1.33048596e+08 	 1.000000e-20 	 1.618261e+06 	
1.48825172e+08 	 1.000000e-20 	 1.529958e+06 	
1.66472494e+08 	 1.000000e-20 	 1.446486e+06 	
1.86212393e+08 	 1.000000e-20 	 1.367579e+06 	
2.08293000e+08 	 1.000000e-20 	 1.292985e+06 	
2.32991872e+08 	 1.000000e-20 	 1.222468e+06 	
2.60619474e+08 	 1.000000e-20 	 1.155803e+06 	
2.91523090e+08 	 1.000000e-20 	 1.092779e+06 	
3.26091181e+08 	 1.000000e-20 	 1.033197e+06 	
3.64758271e+08 	 1.000000e-20 	 9.768665e+05 	
4.08010409e+08 	 1.000000e-20 	 9.236109e+05 	
4.56391280e+08 	 1.000000e-20 	 8.732614e+05 	
5.10509035e+08 	 1.000000e-20 	 8.256590e+05 	
5.71043940e+08 	 1.000000e-20 	 7.806534e+05 	
6.38756925e+08 	 1.000000e-20 	 7.381028e+05 	
7.14499150e+08 	 1.000000e-20 	 6.978729e+05 	
7.99222701e+08 	 1.000000e-20 	 6.598368e+05 	
8.93992562e+08 	 1.000000e-20 	 6.238749e+05 	
1.00000000e+09 	 1.000000e-20 	 5.898738e+05 	
