r (cm)        	 rho (g/cm3) 	 T (K)       		 Linf = 3.495345e+38
1.30001945e+06 	 1.044631e+05 	 1.214727e+09 	
1.30010206e+06 	 9.530144e+04 	 1.186896e+09 	
1.30022229e+06 	 8.317261e+04 	 1.146821e+09 	
1.30034251e+06 	 7.236335e+04 	 1.107271e+09 	
1.30046274e+06 	 6.275836e+04 	 1.068262e+09 	
1.30058119e+06 	 5.436767e+04 	 1.030377e+09 	
1.30069965e+06 	 4.694401e+04 	 9.930520e+08 	
1.30081810e+06 	 4.039680e+04 	 9.563053e+08 	
1.30091581e+06 	 3.559542e+04 	 9.264395e+08 	
1.30101353e+06 	 3.128854e+04 	 8.969900e+08 	
1.30111124e+06 	 2.743445e+04 	 8.679676e+08 	
1.30120896e+06 	 2.399401e+04 	 8.393831e+08 	
1.30130668e+06 	 2.093059e+04 	 8.112477e+08 	
1.30140393e+06 	 1.822219e+04 	 7.837035e+08 	
1.30150117e+06 	 1.582185e+04 	 7.566264e+08 	
1.30159842e+06 	 1.370030e+04 	 7.300275e+08 	
1.30167842e+06 	 1.214497e+04 	 7.085149e+08 	
1.30175841e+06 	 1.074576e+04 	 6.873400e+08 	
1.30183840e+06 	 9.489499e+03 	 6.665089e+08 	
1.30191839e+06 	 8.363830e+03 	 6.460282e+08 	
1.30199839e+06 	 7.357242e+03 	 6.259039e+08 	
1.30207838e+06 	 6.459008e+03 	 6.061425e+08 	
1.30215892e+06 	 5.653993e+03 	 5.866182e+08 	
1.30223946e+06 	 4.939281e+03 	 5.674741e+08 	
1.30232000e+06 	 4.306141e+03 	 5.487161e+08 	
1.30238670e+06 	 3.837840e+03 	 5.334799e+08 	
1.30245339e+06 	 3.415695e+03 	 5.185157e+08 	
1.30252008e+06 	 3.035752e+03 	 5.038266e+08 	
1.30258677e+06 	 2.694331e+03 	 4.894156e+08 	
1.30265347e+06 	 2.388013e+03 	 4.752857e+08 	
1.30272016e+06 	 2.113628e+03 	 4.614394e+08 	
1.30278685e+06 	 1.868239e+03 	 4.478795e+08 	
1.30285596e+06 	 1.641643e+03 	 4.341320e+08 	
1.30292508e+06 	 1.440496e+03 	 4.206970e+08 	
1.30298189e+06 	 1.292392e+03 	 4.098879e+08 	
1.30303871e+06 	 1.158452e+03 	 3.992926e+08 	
1.30309553e+06 	 1.037460e+03 	 3.889121e+08 	
1.30315235e+06 	 9.282905e+02 	 3.787473e+08 	
1.30320916e+06 	 8.299008e+02 	 3.687989e+08 	
1.30326598e+06 	 7.413264e+02 	 3.590674e+08 	
1.30332280e+06 	 6.616772e+02 	 3.495534e+08 	
1.30337961e+06 	 5.901327e+02 	 3.402570e+08 	
1.30343643e+06 	 5.259380e+02 	 3.311784e+08 	
1.30349325e+06 	 4.683993e+02 	 3.223175e+08 	
1.30355338e+06 	 4.140429e+02 	 3.131757e+08 	
1.30360314e+06 	 3.736773e+02 	 3.057963e+08 	
1.30365289e+06 	 3.370974e+02 	 2.985830e+08 	
1.30370265e+06 	 3.039727e+02 	 2.915353e+08 	
1.30375240e+06 	 2.739984e+02 	 2.846526e+08 	
1.30380215e+06 	 2.468939e+02 	 2.779341e+08 	
1.30385191e+06 	 2.224008e+02 	 2.713792e+08 	
1.30390166e+06 	 2.002821e+02 	 2.649868e+08 	
1.30395141e+06 	 1.803197e+02 	 2.587558e+08 	
1.30400117e+06 	 1.623143e+02 	 2.526852e+08 	
1.30405092e+06 	 1.460831e+02 	 2.467737e+08 	
1.30410068e+06 	 1.314590e+02 	 2.410199e+08 	
1.30415043e+06 	 1.182894e+02 	 2.354222e+08 	
1.30420018e+06 	 1.064351e+02 	 2.299791e+08 	
1.30424994e+06 	 9.576942e+01 	 2.246890e+08 	
1.30429969e+06 	 8.617680e+01 	 2.195499e+08 	
1.30434944e+06 	 7.755233e+01 	 2.145600e+08 	
1.30439920e+06 	 6.980073e+01 	 2.097173e+08 	
1.30444895e+06 	 6.283554e+01 	 2.050197e+08 	
1.30449996e+06 	 5.642953e+01 	 2.003523e+08 	
1.30455096e+06 	 5.069137e+01 	 1.958325e+08 	
1.30460197e+06 	 4.555220e+01 	 1.914580e+08 	
1.30465297e+06 	 4.094998e+01 	 1.872260e+08 	
1.30470398e+06 	 3.682882e+01 	 1.831338e+08 	
1.30475498e+06 	 3.313849e+01 	 1.791787e+08 	
1.30480599e+06 	 2.983380e+01 	 1.753579e+08 	
1.30485699e+06 	 2.687421e+01 	 1.716683e+08 	
1.30490800e+06 	 2.422330e+01 	 1.681071e+08 	
1.30495900e+06 	 2.184846e+01 	 1.646712e+08 	
1.30501001e+06 	 1.972043e+01 	 1.613577e+08 	
1.30506101e+06 	 1.781304e+01 	 1.581633e+08 	
1.30511202e+06 	 1.610285e+01 	 1.550851e+08 	
1.30516302e+06 	 1.456891e+01 	 1.521198e+08 	
1.30521403e+06 	 1.319248e+01 	 1.492644e+08 	
1.30526503e+06 	 1.195682e+01 	 1.465157e+08 	
1.30531604e+06 	 1.084698e+01 	 1.438706e+08 	
1.30536705e+06 	 9.849600e+00 	 1.413259e+08 	
1.30541805e+06 	 8.952771e+00 	 1.388785e+08 	
1.30548275e+06 	 7.943307e+00 	 1.359093e+08 	
1.30554744e+06 	 7.059500e+00 	 1.330855e+08 	
1.30561214e+06 	 6.284829e+00 	 1.304008e+08 	
1.30567684e+06 	 5.605002e+00 	 1.278492e+08 	
1.30574153e+06 	 5.007652e+00 	 1.254247e+08 	
1.30580623e+06 	 4.482080e+00 	 1.231215e+08 	
1.30587093e+06 	 4.019026e+00 	 1.209340e+08 	
1.30593562e+06 	 3.610474e+00 	 1.188567e+08 	
1.30600032e+06 	 3.249483e+00 	 1.168841e+08 	
1.30606502e+06 	 2.930037e+00 	 1.150111e+08 	
1.30612971e+06 	 2.646923e+00 	 1.132327e+08 	
1.30619441e+06 	 2.395618e+00 	 1.115442e+08 	
1.30625911e+06 	 2.172193e+00 	 1.099408e+08 	
1.30632380e+06 	 1.973239e+00 	 1.084180e+08 	
1.30638850e+06 	 1.795788e+00 	 1.069718e+08 	
1.30645320e+06 	 1.637260e+00 	 1.055979e+08 	
1.30653808e+06 	 1.454240e+00 	 1.038987e+08 	
1.30662296e+06 	 1.295606e+00 	 1.023091e+08 	
1.30670784e+06 	 1.157721e+00 	 1.008214e+08 	
1.30679273e+06 	 1.037534e+00 	 9.942825e+07 	
1.30687761e+06 	 9.324811e-01 	 9.812293e+07 	
1.30696249e+06 	 8.404029e-01 	 9.689912e+07 	
1.30704737e+06 	 7.594761e-01 	 9.575096e+07 	
1.30713226e+06 	 6.881583e-01 	 9.467300e+07 	
1.30723899e+06 	 6.101217e-01 	 9.340942e+07 	
1.30734573e+06 	 5.430565e-01 	 9.223970e+07 	
1.30745247e+06 	 4.851882e-01 	 9.115550e+07 	
1.30755920e+06 	 4.350597e-01 	 9.014924e+07 	
1.30766594e+06 	 3.914702e-01 	 8.921410e+07 	
1.30777267e+06 	 3.534262e-01 	 8.834386e+07 	
1.30790784e+06 	 3.119337e-01 	 8.732630e+07 	
1.30804300e+06 	 2.766562e-01 	 8.639373e+07 	
1.30817817e+06 	 2.465028e-01 	 8.553718e+07 	
1.30831333e+06 	 2.205975e-01 	 8.474877e+07 	
1.30844849e+06 	 1.982332e-01 	 8.402154e+07 	
1.30858366e+06 	 1.788356e-01 	 8.334933e+07 	
1.30877602e+06 	 1.554412e-01 	 8.247698e+07 	
1.30896838e+06 	 1.360517e-01 	 8.169162e+07 	
1.30916074e+06 	 1.198525e-01 	 8.098182e+07 	
1.30935310e+06 	 1.062170e-01 	 8.033791e+07 	
1.30958272e+06 	 9.262566e-02 	 7.964415e+07 	
1.30981235e+06 	 8.136414e-02 	 7.902090e+07 	
1.31004198e+06 	 7.195218e-02 	 7.845842e+07 	
1.31027161e+06 	 6.402287e-02 	 7.794855e+07 	
1.31060449e+06 	 5.459686e-02 	 7.728917e+07 	
1.31093737e+06 	 4.705988e-02 	 7.670927e+07 	
1.31127026e+06 	 4.095508e-02 	 7.619548e+07 	
1.31171930e+06 	 3.441913e-02 	 7.558862e+07 	
1.31216834e+06 	 2.932794e-02 	 7.506255e+07 	
1.31261737e+06 	 2.529503e-02 	 7.460186e+07 	
1.31326541e+06 	 2.081669e-02 	 7.402893e+07 	
1.31391345e+06 	 1.745994e-02 	 7.354152e+07 	
1.31456149e+06 	 1.488481e-02 	 7.312073e+07 	
1.31530544e+06 	 1.260881e-02 	 7.270212e+07 	
1.31604939e+06 	 1.085168e-02 	 7.233794e+07 	
1.31679334e+06 	 9.468241e-03 	 7.201701e+07 	
1.31793542e+06 	 7.855982e-03 	 7.159001e+07 	
1.31907749e+06 	 6.670649e-03 	 7.122412e+07 	
1.32040195e+06 	 5.651432e-03 	 7.085714e+07 	
1.32172641e+06 	 4.890756e-03 	 7.053686e+07 	
1.32305087e+06 	 4.307943e-03 	 7.025238e+07 	
1.32511957e+06 	 3.637087e-03 	 6.986197e+07 	
1.32639288e+06 	 3.325117e-03 	 6.964688e+07 	
1.32895534e+06 	 2.851589e-03 	 6.925724e+07 	
1.33107737e+06 	 2.566827e-03 	 6.896791e+07 	
1.33443117e+06 	 2.242449e-03 	 6.855479e+07 	
1.33712893e+06 	 2.055181e-03 	 6.825140e+07 	
1.34172162e+06 	 1.829641e-03 	 6.777643e+07 	
1.34408499e+06 	 1.744277e-03 	 6.754719e+07 	
1.34979677e+06 	 1.591870e-03 	 6.702327e+07 	
1.35397643e+06 	 1.512459e-03 	 6.665991e+07 	
1.36161412e+06 	 1.408380e-03 	 6.602586e+07 	
1.36696249e+06 	 1.355004e-03 	 6.559860e+07 	
1.37748140e+06 	 1.275719e-03 	 6.478651e+07 	
1.38420980e+06 	 1.235495e-03 	 6.428212e+07 	
1.39910648e+06 	 1.161343e-03 	 6.319764e+07 	
1.40960359e+06 	 1.116114e-03 	 6.245609e+07 	
1.41296039e+06 	 1.102442e-03 	 6.222253e+07 	
1.41329607e+06 	 1.101093e-03 	 6.219926e+07 	
1.41332964e+06 	 1.100958e-03 	 6.219694e+07 	
1.41333300e+06 	 1.100945e-03 	 6.219670e+07 	
1.41333333e+06 	 1.100943e-03 	 6.219668e+07 	
1.42666667e+06 	 1.049561e-03 	 6.128572e+07 	
1.44666667e+06 	 9.791513e-04 	 5.996473e+07 	
1.46666667e+06 	 9.149218e-04 	 5.869464e+07 	
1.48000000e+06 	 8.751211e-04 	 5.787472e+07 	
1.50000000e+06 	 8.193882e-04 	 5.668292e+07 	
1.51333333e+06 	 7.847397e-04 	 5.591277e+07 	
1.53333333e+06 	 7.360910e-04 	 5.479229e+07 	
1.54666667e+06 	 7.057577e-04 	 5.406755e+07 	
1.56666667e+06 	 6.631664e-04 	 5.301232e+07 	
1.58666667e+06 	 6.237230e-04 	 5.199355e+07 	
1.60000000e+06 	 5.990559e-04 	 5.133374e+07 	
1.62000000e+06 	 5.643239e-04 	 5.037183e+07 	
1.64000000e+06 	 5.320559e-04 	 4.944177e+07 	
1.65333333e+06 	 5.118473e-04 	 4.883873e+07 	
1.67333333e+06 	 4.832579e-04 	 4.795848e+07 	
1.69333333e+06 	 4.566634e-04 	 4.710628e+07 	
1.71333333e+06 	 4.318613e-04 	 4.628081e+07 	
1.72666667e+06 	 4.162683e-04 	 4.574477e+07 	
1.74666667e+06 	 3.941598e-04 	 4.496120e+07 	
1.76666667e+06 	 3.735056e-04 	 4.420132e+07 	
1.78666667e+06 	 3.541876e-04 	 4.346407e+07 	
1.80666667e+06 	 3.361029e-04 	 4.274848e+07 	
1.82000000e+06 	 3.246830e-04 	 4.228300e+07 	
1.84000000e+06 	 3.084457e-04 	 4.160150e+07 	
1.86000000e+06 	 2.932193e-04 	 4.093933e+07 	
1.88000000e+06 	 2.789073e-04 	 4.029567e+07 	
1.90000000e+06 	 2.654641e-04 	 3.966981e+07 	
1.92000000e+06 	 2.528162e-04 	 3.906101e+07 	
1.94000000e+06 	 2.409097e-04 	 3.846861e+07 	
1.96000000e+06 	 2.296895e-04 	 3.789196e+07 	
1.98000000e+06 	 2.191176e-04 	 3.733048e+07 	
2.00000000e+06 	 2.091436e-04 	 3.678357e+07 	
2.02000000e+06 	 1.997248e-04 	 3.625069e+07 	
2.04000000e+06 	 1.908293e-04 	 3.573132e+07 	
2.06000000e+06 	 1.824231e-04 	 3.522498e+07 	
2.08000000e+06 	 1.744715e-04 	 3.473117e+07 	
2.10000000e+06 	 1.669436e-04 	 3.424946e+07 	
2.12000000e+06 	 1.598153e-04 	 3.377942e+07 	
2.14000000e+06 	 1.530607e-04 	 3.332064e+07 	
2.16000000e+06 	 1.466572e-04 	 3.287272e+07 	
2.18000000e+06 	 1.405842e-04 	 3.243532e+07 	
2.20000000e+06 	 1.348172e-04 	 3.200804e+07 	
2.22000000e+06 	 1.293410e-04 	 3.159057e+07 	
2.24000000e+06 	 1.241387e-04 	 3.118258e+07 	
2.26000000e+06 	 1.191912e-04 	 3.078374e+07 	
2.28000000e+06 	 1.144866e-04 	 3.039379e+07 	
2.30000000e+06 	 1.100079e-04 	 3.001240e+07 	
2.32000000e+06 	 1.057441e-04 	 2.963933e+07 	
2.34000000e+06 	 1.016833e-04 	 2.927431e+07 	
2.36000000e+06 	 9.781222e-05 	 2.891709e+07 	
2.38000000e+06 	 9.412159e-05 	 2.856742e+07 	
2.40000000e+06 	 9.060150e-05 	 2.822508e+07 	
2.42000000e+06 	 8.724161e-05 	 2.788983e+07 	
2.44000000e+06 	 8.403404e-05 	 2.756148e+07 	
2.46000000e+06 	 8.097043e-05 	 2.723982e+07 	
2.48000000e+06 	 7.804293e-05 	 2.692464e+07 	
2.50000000e+06 	 7.524441e-05 	 2.661576e+07 	
2.52000000e+06 	 7.256818e-05 	 2.631300e+07 	
2.54000000e+06 	 7.000777e-05 	 2.601618e+07 	
2.56000000e+06 	 6.755711e-05 	 2.572514e+07 	
2.58000000e+06 	 6.521069e-05 	 2.543970e+07 	
2.60000000e+06 	 6.296348e-05 	 2.515972e+07 	
2.62000000e+06 	 6.081006e-05 	 2.488504e+07 	
2.64000000e+06 	 5.874606e-05 	 2.461552e+07 	
2.66000000e+06 	 5.676728e-05 	 2.435102e+07 	
2.68000000e+06 	 5.486893e-05 	 2.409140e+07 	
2.70000000e+06 	 5.304761e-05 	 2.383654e+07 	
2.72000000e+06 	 5.129952e-05 	 2.358630e+07 	
2.74000000e+06 	 4.962094e-05 	 2.334057e+07 	
2.76000000e+06 	 4.800884e-05 	 2.309923e+07 	
2.78000000e+06 	 4.645978e-05 	 2.286216e+07 	
2.80000000e+06 	 4.497120e-05 	 2.262926e+07 	
2.82000000e+06 	 4.353985e-05 	 2.240041e+07 	
2.84000000e+06 	 4.216348e-05 	 2.217552e+07 	
2.86000000e+06 	 4.083948e-05 	 2.195450e+07 	
2.88000000e+06 	 3.956536e-05 	 2.173723e+07 	
2.90000000e+06 	 3.833902e-05 	 2.152363e+07 	
2.92000000e+06 	 3.715824e-05 	 2.131362e+07 	
2.94000000e+06 	 3.602108e-05 	 2.110710e+07 	
2.96000000e+06 	 3.492537e-05 	 2.090398e+07 	
2.98000000e+06 	 3.386959e-05 	 2.070420e+07 	
3.00000000e+06 	 3.285203e-05 	 2.050766e+07 	
3.02000000e+06 	 3.187077e-05 	 2.031430e+07 	
3.04000000e+06 	 3.092449e-05 	 2.012403e+07 	
3.06000000e+06 	 3.001171e-05 	 1.993680e+07 	
3.08000000e+06 	 2.913088e-05 	 1.975252e+07 	
3.10000000e+06 	 2.828071e-05 	 1.957113e+07 	
3.12000000e+06 	 2.745999e-05 	 1.939257e+07 	
3.14000000e+06 	 2.666735e-05 	 1.921676e+07 	
3.16000000e+06 	 2.590179e-05 	 1.904365e+07 	
3.18000000e+06 	 2.516221e-05 	 1.887319e+07 	
3.20000000e+06 	 2.444747e-05 	 1.870530e+07 	
3.22000000e+06 	 2.375660e-05 	 1.853994e+07 	
3.24000000e+06 	 2.308869e-05 	 1.837705e+07 	
3.26000000e+06 	 2.244273e-05 	 1.821658e+07 	
3.28000000e+06 	 2.181795e-05 	 1.805847e+07 	
3.30000000e+06 	 2.121352e-05 	 1.790267e+07 	
3.32000000e+06 	 2.062860e-05 	 1.774914e+07 	
3.34000000e+06 	 2.006244e-05 	 1.759783e+07 	
3.36000000e+06 	 1.951432e-05 	 1.744868e+07 	
3.38000000e+06 	 1.898358e-05 	 1.730167e+07 	
3.40000000e+06 	 1.846953e-05 	 1.715674e+07 	
3.42000000e+06 	 1.797157e-05 	 1.701384e+07 	
3.44000000e+06 	 1.748907e-05 	 1.687295e+07 	
3.46000000e+06 	 1.702145e-05 	 1.673401e+07 	
3.48000000e+06 	 1.656818e-05 	 1.659700e+07 	
3.50000000e+06 	 1.612871e-05 	 1.646186e+07 	
3.52000000e+06 	 1.570255e-05 	 1.632857e+07 	
3.54000000e+06 	 1.528922e-05 	 1.619708e+07 	
3.56000000e+06 	 1.488825e-05 	 1.606736e+07 	
3.58000000e+06 	 1.449919e-05 	 1.593939e+07 	
3.60000000e+06 	 1.412160e-05 	 1.581311e+07 	
3.62000000e+06 	 1.375511e-05 	 1.568851e+07 	
3.64000000e+06 	 1.339929e-05 	 1.556555e+07 	
3.66000000e+06 	 1.305378e-05 	 1.544419e+07 	
3.68000000e+06 	 1.271821e-05 	 1.532441e+07 	
3.70000000e+06 	 1.239226e-05 	 1.520618e+07 	
3.72000000e+06 	 1.207556e-05 	 1.508947e+07 	
3.74000000e+06 	 1.176783e-05 	 1.497425e+07 	
3.76000000e+06 	 1.146873e-05 	 1.486050e+07 	
3.78000000e+06 	 1.117798e-05 	 1.474818e+07 	
3.80000000e+06 	 1.089531e-05 	 1.463727e+07 	
3.82000000e+06 	 1.062041e-05 	 1.452774e+07 	
3.84000000e+06 	 1.035306e-05 	 1.441958e+07 	
3.86000000e+06 	 1.009300e-05 	 1.431276e+07 	
3.88000000e+06 	 9.839969e-06 	 1.420724e+07 	
3.90000000e+06 	 9.593745e-06 	 1.410302e+07 	
3.92000000e+06 	 9.354104e-06 	 1.400006e+07 	
3.94000000e+06 	 9.120837e-06 	 1.389834e+07 	
3.96000000e+06 	 8.893724e-06 	 1.379785e+07 	
4.00000000e+06 	 8.457204e-06 	 1.360045e+07 	
4.00050050e+06 	 8.451886e-06 	 1.359801e+07 	
4.00100100e+06 	 8.446573e-06 	 1.359557e+07 	
4.00150150e+06 	 8.441262e-06 	 1.359313e+07 	
4.00200200e+06 	 8.435955e-06 	 1.359069e+07 	
4.00250250e+06 	 8.430652e-06 	 1.358826e+07 	
4.00300300e+06 	 8.425352e-06 	 1.358582e+07 	
4.00350350e+06 	 8.420055e-06 	 1.358338e+07 	
4.00400400e+06 	 8.414762e-06 	 1.358095e+07 	
4.00450450e+06 	 8.409473e-06 	 1.357851e+07 	
4.00500501e+06 	 8.404187e-06 	 1.357608e+07 	
4.00550551e+06 	 8.398904e-06 	 1.357365e+07 	
4.00600601e+06 	 8.393625e-06 	 1.357122e+07 	
4.00650651e+06 	 8.388349e-06 	 1.356878e+07 	
4.00700701e+06 	 8.383077e-06 	 1.356635e+07 	
4.00750751e+06 	 8.377808e-06 	 1.356392e+07 	
4.00800801e+06 	 8.372543e-06 	 1.356149e+07 	
4.00850851e+06 	 8.367281e-06 	 1.355907e+07 	
4.00900901e+06 	 8.362023e-06 	 1.355664e+07 	
4.00950951e+06 	 8.356768e-06 	 1.355421e+07 	
4.01001001e+06 	 8.351516e-06 	 1.355178e+07 	
4.01051051e+06 	 8.346268e-06 	 1.354936e+07 	
4.01101101e+06 	 8.341024e-06 	 1.354693e+07 	
4.01151151e+06 	 8.335782e-06 	 1.354451e+07 	
4.01201201e+06 	 8.330545e-06 	 1.354209e+07 	
4.01251251e+06 	 8.325310e-06 	 1.353966e+07 	
4.01301301e+06 	 8.320079e-06 	 1.353724e+07 	
4.01351351e+06 	 8.314852e-06 	 1.353482e+07 	
4.01401401e+06 	 8.309628e-06 	 1.353240e+07 	
4.01451451e+06 	 8.304407e-06 	 1.352998e+07 	
4.01501502e+06 	 8.299190e-06 	 1.352756e+07 	
4.01551552e+06 	 8.293976e-06 	 1.352514e+07 	
4.01601602e+06 	 8.288766e-06 	 1.352272e+07 	
4.01651652e+06 	 8.283559e-06 	 1.352031e+07 	
4.01701702e+06 	 8.278355e-06 	 1.351789e+07 	
4.01751752e+06 	 8.273155e-06 	 1.351547e+07 	
4.01801802e+06 	 8.267958e-06 	 1.351306e+07 	
4.01851852e+06 	 8.262765e-06 	 1.351064e+07 	
4.01901902e+06 	 8.257575e-06 	 1.350823e+07 	
4.01951952e+06 	 8.252388e-06 	 1.350582e+07 	
4.02002002e+06 	 8.247205e-06 	 1.350341e+07 	
4.02052052e+06 	 8.242025e-06 	 1.350099e+07 	
4.02102102e+06 	 8.236849e-06 	 1.349858e+07 	
4.02152152e+06 	 8.231676e-06 	 1.349617e+07 	
4.02202202e+06 	 8.226506e-06 	 1.349376e+07 	
4.02252252e+06 	 8.221340e-06 	 1.349136e+07 	
4.02302302e+06 	 8.216177e-06 	 1.348895e+07 	
4.02352352e+06 	 8.211017e-06 	 1.348654e+07 	
4.02402402e+06 	 8.205861e-06 	 1.348413e+07 	
4.02452452e+06 	 8.200708e-06 	 1.348173e+07 	
4.02502503e+06 	 8.195558e-06 	 1.347932e+07 	
4.02552553e+06 	 8.190412e-06 	 1.347692e+07 	
4.02602603e+06 	 8.185269e-06 	 1.347452e+07 	
4.02652653e+06 	 8.180130e-06 	 1.347211e+07 	
4.02702703e+06 	 8.174994e-06 	 1.346971e+07 	
4.02752753e+06 	 8.169861e-06 	 1.346731e+07 	
4.02802803e+06 	 8.164732e-06 	 1.346491e+07 	
4.02852853e+06 	 8.159606e-06 	 1.346251e+07 	
4.02902903e+06 	 8.154483e-06 	 1.346011e+07 	
4.02952953e+06 	 8.149364e-06 	 1.345771e+07 	
4.03003003e+06 	 8.144248e-06 	 1.345531e+07 	
4.03053053e+06 	 8.139135e-06 	 1.345292e+07 	
4.03103103e+06 	 8.134026e-06 	 1.345052e+07 	
4.03153153e+06 	 8.128920e-06 	 1.344812e+07 	
4.03203203e+06 	 8.123817e-06 	 1.344573e+07 	
4.03253253e+06 	 8.118717e-06 	 1.344334e+07 	
4.03303303e+06 	 8.113621e-06 	 1.344094e+07 	
4.03353353e+06 	 8.108529e-06 	 1.343855e+07 	
4.03403403e+06 	 8.103439e-06 	 1.343616e+07 	
4.03453453e+06 	 8.098353e-06 	 1.343376e+07 	
4.03503504e+06 	 8.093270e-06 	 1.343137e+07 	
4.03553554e+06 	 8.088191e-06 	 1.342898e+07 	
4.03603604e+06 	 8.083114e-06 	 1.342659e+07 	
4.03653654e+06 	 8.078041e-06 	 1.342421e+07 	
4.03703704e+06 	 8.072972e-06 	 1.342182e+07 	
4.03753754e+06 	 8.067905e-06 	 1.341943e+07 	
4.03803804e+06 	 8.062842e-06 	 1.341704e+07 	
4.03853854e+06 	 8.057783e-06 	 1.341466e+07 	
4.03903904e+06 	 8.052726e-06 	 1.341227e+07 	
4.03953954e+06 	 8.047673e-06 	 1.340989e+07 	
4.04004004e+06 	 8.042623e-06 	 1.340751e+07 	
4.04054054e+06 	 8.037576e-06 	 1.340512e+07 	
4.04104104e+06 	 8.032533e-06 	 1.340274e+07 	
4.04154154e+06 	 8.027493e-06 	 1.340036e+07 	
4.04204204e+06 	 8.022456e-06 	 1.339798e+07 	
4.04254254e+06 	 8.017423e-06 	 1.339560e+07 	
4.04304304e+06 	 8.012392e-06 	 1.339322e+07 	
4.04354354e+06 	 8.007365e-06 	 1.339084e+07 	
4.04404404e+06 	 8.002341e-06 	 1.338846e+07 	
4.04454454e+06 	 7.997321e-06 	 1.338608e+07 	
4.04504505e+06 	 7.992304e-06 	 1.338371e+07 	
4.04554555e+06 	 7.987290e-06 	 1.338133e+07 	
4.04604605e+06 	 7.982279e-06 	 1.337895e+07 	
4.04654655e+06 	 7.977271e-06 	 1.337658e+07 	
4.04704705e+06 	 7.972267e-06 	 1.337421e+07 	
4.04754755e+06 	 7.967266e-06 	 1.337183e+07 	
4.04804805e+06 	 7.962268e-06 	 1.336946e+07 	
4.04854855e+06 	 7.957274e-06 	 1.336709e+07 	
4.04904905e+06 	 7.952282e-06 	 1.336472e+07 	
4.04954955e+06 	 7.947294e-06 	 1.336235e+07 	
4.05005005e+06 	 7.942310e-06 	 1.335998e+07 	
4.05055055e+06 	 7.937328e-06 	 1.335761e+07 	
4.05105105e+06 	 7.932350e-06 	 1.335524e+07 	
4.05155155e+06 	 7.927375e-06 	 1.335287e+07 	
4.05205205e+06 	 7.922403e-06 	 1.335051e+07 	
4.05255255e+06 	 7.917434e-06 	 1.334814e+07 	
4.05305305e+06 	 7.912469e-06 	 1.334577e+07 	
4.05355355e+06 	 7.907507e-06 	 1.334341e+07 	
4.05405405e+06 	 7.902548e-06 	 1.334104e+07 	
4.05455455e+06 	 7.897592e-06 	 1.333868e+07 	
4.05505506e+06 	 7.892639e-06 	 1.333632e+07 	
4.05555556e+06 	 7.887690e-06 	 1.333396e+07 	
4.05605606e+06 	 7.882743e-06 	 1.333159e+07 	
4.05655656e+06 	 7.877800e-06 	 1.332923e+07 	
4.05705706e+06 	 7.872860e-06 	 1.332687e+07 	
4.05755756e+06 	 7.867924e-06 	 1.332451e+07 	
4.05805806e+06 	 7.862990e-06 	 1.332216e+07 	
4.05855856e+06 	 7.858060e-06 	 1.331980e+07 	
4.05905906e+06 	 7.853133e-06 	 1.331744e+07 	
4.05955956e+06 	 7.848209e-06 	 1.331508e+07 	
4.06006006e+06 	 7.843288e-06 	 1.331273e+07 	
4.06056056e+06 	 7.838370e-06 	 1.331037e+07 	
4.06106106e+06 	 7.833456e-06 	 1.330802e+07 	
4.06156156e+06 	 7.828544e-06 	 1.330567e+07 	
4.06206206e+06 	 7.823636e-06 	 1.330331e+07 	
4.06256256e+06 	 7.818731e-06 	 1.330096e+07 	
4.06306306e+06 	 7.813829e-06 	 1.329861e+07 	
4.06356356e+06 	 7.808930e-06 	 1.329626e+07 	
4.06406406e+06 	 7.804035e-06 	 1.329391e+07 	
4.06456456e+06 	 7.799142e-06 	 1.329156e+07 	
4.06506507e+06 	 7.794253e-06 	 1.328921e+07 	
4.06556557e+06 	 7.789367e-06 	 1.328686e+07 	
4.06606607e+06 	 7.784484e-06 	 1.328451e+07 	
4.06656657e+06 	 7.779604e-06 	 1.328217e+07 	
4.06706707e+06 	 7.774727e-06 	 1.327982e+07 	
4.06756757e+06 	 7.769854e-06 	 1.327747e+07 	
4.06806807e+06 	 7.764983e-06 	 1.327513e+07 	
4.06856857e+06 	 7.760116e-06 	 1.327278e+07 	
4.06906907e+06 	 7.755252e-06 	 1.327044e+07 	
4.06956957e+06 	 7.750391e-06 	 1.326810e+07 	
4.07007007e+06 	 7.745533e-06 	 1.326576e+07 	
4.07057057e+06 	 7.740678e-06 	 1.326341e+07 	
4.07107107e+06 	 7.735826e-06 	 1.326107e+07 	
4.07157157e+06 	 7.730978e-06 	 1.325873e+07 	
4.07207207e+06 	 7.726132e-06 	 1.325639e+07 	
4.07257257e+06 	 7.721290e-06 	 1.325406e+07 	
4.07307307e+06 	 7.716451e-06 	 1.325172e+07 	
4.07357357e+06 	 7.711615e-06 	 1.324938e+07 	
4.07407407e+06 	 7.706782e-06 	 1.324704e+07 	
4.07457457e+06 	 7.701952e-06 	 1.324471e+07 	
4.07507508e+06 	 7.697125e-06 	 1.324237e+07 	
4.07557558e+06 	 7.692301e-06 	 1.324004e+07 	
4.07607608e+06 	 7.687480e-06 	 1.323770e+07 	
4.07657658e+06 	 7.682663e-06 	 1.323537e+07 	
4.07707708e+06 	 7.677848e-06 	 1.323304e+07 	
4.07757758e+06 	 7.673037e-06 	 1.323071e+07 	
4.07807808e+06 	 7.668229e-06 	 1.322838e+07 	
4.07857858e+06 	 7.663423e-06 	 1.322604e+07 	
4.07907908e+06 	 7.658621e-06 	 1.322371e+07 	
4.07957958e+06 	 7.653822e-06 	 1.322139e+07 	
4.08008008e+06 	 7.649026e-06 	 1.321906e+07 	
4.08058058e+06 	 7.644233e-06 	 1.321673e+07 	
4.08108108e+06 	 7.639444e-06 	 1.321440e+07 	
4.08158158e+06 	 7.634657e-06 	 1.321208e+07 	
4.08208208e+06 	 7.629873e-06 	 1.320975e+07 	
4.08258258e+06 	 7.625093e-06 	 1.320743e+07 	
4.08308308e+06 	 7.620315e-06 	 1.320510e+07 	
4.08358358e+06 	 7.615540e-06 	 1.320278e+07 	
4.08408408e+06 	 7.610769e-06 	 1.320045e+07 	
4.08458458e+06 	 7.606001e-06 	 1.319813e+07 	
4.08508509e+06 	 7.601235e-06 	 1.319581e+07 	
4.08558559e+06 	 7.596473e-06 	 1.319349e+07 	
4.08608609e+06 	 7.591714e-06 	 1.319117e+07 	
4.08658659e+06 	 7.586958e-06 	 1.318885e+07 	
4.08708709e+06 	 7.582204e-06 	 1.318653e+07 	
4.08758759e+06 	 7.577454e-06 	 1.318421e+07 	
4.08808809e+06 	 7.572707e-06 	 1.318189e+07 	
4.08858859e+06 	 7.567963e-06 	 1.317958e+07 	
4.08908909e+06 	 7.563222e-06 	 1.317726e+07 	
4.08958959e+06 	 7.558484e-06 	 1.317495e+07 	
4.09009009e+06 	 7.553749e-06 	 1.317263e+07 	
4.09059059e+06 	 7.549017e-06 	 1.317032e+07 	
4.09109109e+06 	 7.544288e-06 	 1.316800e+07 	
4.09159159e+06 	 7.539563e-06 	 1.316569e+07 	
4.09209209e+06 	 7.534840e-06 	 1.316338e+07 	
4.09259259e+06 	 7.530120e-06 	 1.316107e+07 	
4.09309309e+06 	 7.525403e-06 	 1.315875e+07 	
4.09359359e+06 	 7.520689e-06 	 1.315644e+07 	
4.09409409e+06 	 7.515978e-06 	 1.315413e+07 	
4.09459459e+06 	 7.511271e-06 	 1.315183e+07 	
4.09509510e+06 	 7.506566e-06 	 1.314952e+07 	
4.09559560e+06 	 7.501864e-06 	 1.314721e+07 	
4.09609610e+06 	 7.497165e-06 	 1.314490e+07 	
4.09659660e+06 	 7.492470e-06 	 1.314260e+07 	
4.09709710e+06 	 7.487777e-06 	 1.314029e+07 	
4.09759760e+06 	 7.483087e-06 	 1.313799e+07 	
4.09809810e+06 	 7.478400e-06 	 1.313568e+07 	
4.09859860e+06 	 7.473716e-06 	 1.313338e+07 	
4.09909910e+06 	 7.469036e-06 	 1.313108e+07 	
4.09959960e+06 	 7.464358e-06 	 1.312877e+07 	
4.10010010e+06 	 7.459683e-06 	 1.312647e+07 	
4.10060060e+06 	 7.455011e-06 	 1.312417e+07 	
4.10110110e+06 	 7.450342e-06 	 1.312187e+07 	
4.10160160e+06 	 7.445676e-06 	 1.311957e+07 	
4.10210210e+06 	 7.441013e-06 	 1.311727e+07 	
4.10260260e+06 	 7.436353e-06 	 1.311498e+07 	
4.10310310e+06 	 7.431696e-06 	 1.311268e+07 	
4.10360360e+06 	 7.427042e-06 	 1.311038e+07 	
4.10410410e+06 	 7.422391e-06 	 1.310808e+07 	
4.10460460e+06 	 7.417743e-06 	 1.310579e+07 	
4.10510511e+06 	 7.413098e-06 	 1.310349e+07 	
4.10560561e+06 	 7.408456e-06 	 1.310120e+07 	
4.10610611e+06 	 7.403816e-06 	 1.309891e+07 	
4.10660661e+06 	 7.399180e-06 	 1.309661e+07 	
4.10710711e+06 	 7.394547e-06 	 1.309432e+07 	
4.10760761e+06 	 7.389916e-06 	 1.309203e+07 	
4.10810811e+06 	 7.385289e-06 	 1.308974e+07 	
4.10860861e+06 	 7.380664e-06 	 1.308745e+07 	
4.10910911e+06 	 7.376043e-06 	 1.308516e+07 	
4.10960961e+06 	 7.371424e-06 	 1.308287e+07 	
4.11011011e+06 	 7.366808e-06 	 1.308058e+07 	
4.11061061e+06 	 7.362196e-06 	 1.307829e+07 	
4.11111111e+06 	 7.357586e-06 	 1.307601e+07 	
4.11161161e+06 	 7.352979e-06 	 1.307372e+07 	
4.11211211e+06 	 7.348375e-06 	 1.307144e+07 	
4.11261261e+06 	 7.343774e-06 	 1.306915e+07 	
4.11311311e+06 	 7.339176e-06 	 1.306687e+07 	
4.11361361e+06 	 7.334580e-06 	 1.306458e+07 	
4.11411411e+06 	 7.329988e-06 	 1.306230e+07 	
4.11461461e+06 	 7.325399e-06 	 1.306002e+07 	
4.11511512e+06 	 7.320812e-06 	 1.305774e+07 	
4.11561562e+06 	 7.316229e-06 	 1.305546e+07 	
4.11611612e+06 	 7.311648e-06 	 1.305318e+07 	
4.11661662e+06 	 7.307070e-06 	 1.305090e+07 	
4.11711712e+06 	 7.302495e-06 	 1.304862e+07 	
4.11761762e+06 	 7.297923e-06 	 1.304634e+07 	
4.11811812e+06 	 7.293354e-06 	 1.304406e+07 	
4.11861862e+06 	 7.288788e-06 	 1.304178e+07 	
4.11911912e+06 	 7.284225e-06 	 1.303951e+07 	
4.11961962e+06 	 7.279665e-06 	 1.303723e+07 	
4.12012012e+06 	 7.275107e-06 	 1.303496e+07 	
4.12062062e+06 	 7.270553e-06 	 1.303268e+07 	
4.12112112e+06 	 7.266001e-06 	 1.303041e+07 	
4.12162162e+06 	 7.261452e-06 	 1.302814e+07 	
4.12212212e+06 	 7.256906e-06 	 1.302586e+07 	
4.12262262e+06 	 7.252363e-06 	 1.302359e+07 	
4.12312312e+06 	 7.247823e-06 	 1.302132e+07 	
4.12362362e+06 	 7.243285e-06 	 1.301905e+07 	
4.12412412e+06 	 7.238751e-06 	 1.301678e+07 	
4.12462462e+06 	 7.234219e-06 	 1.301451e+07 	
4.12512513e+06 	 7.229691e-06 	 1.301224e+07 	
4.12562563e+06 	 7.225165e-06 	 1.300998e+07 	
4.12612613e+06 	 7.220642e-06 	 1.300771e+07 	
4.12662663e+06 	 7.216122e-06 	 1.300544e+07 	
4.12712713e+06 	 7.211604e-06 	 1.300318e+07 	
4.12762763e+06 	 7.207090e-06 	 1.300091e+07 	
4.12812813e+06 	 7.202578e-06 	 1.299865e+07 	
4.12862863e+06 	 7.198069e-06 	 1.299638e+07 	
4.12912913e+06 	 7.193564e-06 	 1.299412e+07 	
4.12962963e+06 	 7.189060e-06 	 1.299186e+07 	
4.13013013e+06 	 7.184560e-06 	 1.298959e+07 	
4.13063063e+06 	 7.180063e-06 	 1.298733e+07 	
4.13113113e+06 	 7.175568e-06 	 1.298507e+07 	
4.13163163e+06 	 7.171077e-06 	 1.298281e+07 	
4.13213213e+06 	 7.166588e-06 	 1.298055e+07 	
4.13263263e+06 	 7.162102e-06 	 1.297830e+07 	
4.13313313e+06 	 7.157618e-06 	 1.297604e+07 	
4.13363363e+06 	 7.153138e-06 	 1.297378e+07 	
4.13413413e+06 	 7.148660e-06 	 1.297152e+07 	
4.13463463e+06 	 7.144186e-06 	 1.296927e+07 	
4.13513514e+06 	 7.139714e-06 	 1.296701e+07 	
4.13563564e+06 	 7.135245e-06 	 1.296476e+07 	
4.13613614e+06 	 7.130778e-06 	 1.296250e+07 	
4.13663664e+06 	 7.126315e-06 	 1.296025e+07 	
4.13713714e+06 	 7.121854e-06 	 1.295800e+07 	
4.13763764e+06 	 7.117396e-06 	 1.295574e+07 	
4.13813814e+06 	 7.112941e-06 	 1.295349e+07 	
4.13863864e+06 	 7.108489e-06 	 1.295124e+07 	
4.13913914e+06 	 7.104039e-06 	 1.294899e+07 	
4.13963964e+06 	 7.099593e-06 	 1.294674e+07 	
4.14014014e+06 	 7.095149e-06 	 1.294449e+07 	
4.14064064e+06 	 7.090708e-06 	 1.294225e+07 	
4.14114114e+06 	 7.086270e-06 	 1.294000e+07 	
4.14164164e+06 	 7.081834e-06 	 1.293775e+07 	
4.14214214e+06 	 7.077401e-06 	 1.293550e+07 	
4.14264264e+06 	 7.072971e-06 	 1.293326e+07 	
4.14314314e+06 	 7.068544e-06 	 1.293101e+07 	
4.14364364e+06 	 7.064120e-06 	 1.292877e+07 	
4.14414414e+06 	 7.059698e-06 	 1.292653e+07 	
4.14464464e+06 	 7.055279e-06 	 1.292428e+07 	
4.14514515e+06 	 7.050863e-06 	 1.292204e+07 	
4.14564565e+06 	 7.046450e-06 	 1.291980e+07 	
4.14614615e+06 	 7.042039e-06 	 1.291756e+07 	
4.14664665e+06 	 7.037632e-06 	 1.291532e+07 	
4.14714715e+06 	 7.033227e-06 	 1.291308e+07 	
4.14764765e+06 	 7.028824e-06 	 1.291084e+07 	
4.14814815e+06 	 7.024425e-06 	 1.290860e+07 	
4.14864865e+06 	 7.020028e-06 	 1.290636e+07 	
4.14914915e+06 	 7.015634e-06 	 1.290412e+07 	
4.14964965e+06 	 7.011243e-06 	 1.290189e+07 	
4.15015015e+06 	 7.006855e-06 	 1.289965e+07 	
4.15065065e+06 	 7.002469e-06 	 1.289741e+07 	
4.15115115e+06 	 6.998086e-06 	 1.289518e+07 	
4.15165165e+06 	 6.993706e-06 	 1.289295e+07 	
4.15215215e+06 	 6.989329e-06 	 1.289071e+07 	
4.15265265e+06 	 6.984954e-06 	 1.288848e+07 	
4.15315315e+06 	 6.980582e-06 	 1.288625e+07 	
4.15365365e+06 	 6.976213e-06 	 1.288402e+07 	
4.15415415e+06 	 6.971846e-06 	 1.288179e+07 	
4.15465465e+06 	 6.967483e-06 	 1.287955e+07 	
4.15515516e+06 	 6.963122e-06 	 1.287733e+07 	
4.15565566e+06 	 6.958763e-06 	 1.287510e+07 	
4.15615616e+06 	 6.954408e-06 	 1.287287e+07 	
4.15665666e+06 	 6.950055e-06 	 1.287064e+07 	
4.15715716e+06 	 6.945705e-06 	 1.286841e+07 	
4.15765766e+06 	 6.941358e-06 	 1.286619e+07 	
4.15815816e+06 	 6.937013e-06 	 1.286396e+07 	
4.15865866e+06 	 6.932671e-06 	 1.286174e+07 	
4.15915916e+06 	 6.928332e-06 	 1.285951e+07 	
4.15965966e+06 	 6.923995e-06 	 1.285729e+07 	
4.16016016e+06 	 6.919661e-06 	 1.285506e+07 	
4.16066066e+06 	 6.915330e-06 	 1.285284e+07 	
4.16116116e+06 	 6.911001e-06 	 1.285062e+07 	
4.16166166e+06 	 6.906676e-06 	 1.284840e+07 	
4.16216216e+06 	 6.902353e-06 	 1.284618e+07 	
4.16266266e+06 	 6.898032e-06 	 1.284396e+07 	
4.16316316e+06 	 6.893715e-06 	 1.284174e+07 	
4.16366366e+06 	 6.889400e-06 	 1.283952e+07 	
4.16416416e+06 	 6.885087e-06 	 1.283730e+07 	
4.16466466e+06 	 6.880778e-06 	 1.283508e+07 	
4.16516517e+06 	 6.876471e-06 	 1.283287e+07 	
4.16566567e+06 	 6.872166e-06 	 1.283065e+07 	
4.16616617e+06 	 6.867865e-06 	 1.282843e+07 	
4.16666667e+06 	 6.863566e-06 	 1.282622e+07 	
4.16716717e+06 	 6.859270e-06 	 1.282400e+07 	
4.16766767e+06 	 6.854976e-06 	 1.282179e+07 	
4.16816817e+06 	 6.850685e-06 	 1.281958e+07 	
4.16866867e+06 	 6.846397e-06 	 1.281737e+07 	
4.16916917e+06 	 6.842112e-06 	 1.281515e+07 	
4.16966967e+06 	 6.837829e-06 	 1.281294e+07 	
4.17017017e+06 	 6.833549e-06 	 1.281073e+07 	
4.17067067e+06 	 6.829271e-06 	 1.280852e+07 	
4.17117117e+06 	 6.824996e-06 	 1.280631e+07 	
4.17167167e+06 	 6.820724e-06 	 1.280410e+07 	
4.17217217e+06 	 6.816454e-06 	 1.280190e+07 	
4.17267267e+06 	 6.812188e-06 	 1.279969e+07 	
4.17317317e+06 	 6.807923e-06 	 1.279748e+07 	
4.17367367e+06 	 6.803662e-06 	 1.279527e+07 	
4.17417417e+06 	 6.799403e-06 	 1.279307e+07 	
4.17467467e+06 	 6.795146e-06 	 1.279086e+07 	
4.17517518e+06 	 6.790893e-06 	 1.278866e+07 	
4.17567568e+06 	 6.786642e-06 	 1.278646e+07 	
4.17617618e+06 	 6.782393e-06 	 1.278425e+07 	
4.17667668e+06 	 6.778148e-06 	 1.278205e+07 	
4.17717718e+06 	 6.773905e-06 	 1.277985e+07 	
4.17767768e+06 	 6.769664e-06 	 1.277765e+07 	
4.17817818e+06 	 6.765426e-06 	 1.277545e+07 	
4.17867868e+06 	 6.761191e-06 	 1.277325e+07 	
4.17917918e+06 	 6.756959e-06 	 1.277105e+07 	
4.17967968e+06 	 6.752729e-06 	 1.276885e+07 	
4.18018018e+06 	 6.748501e-06 	 1.276665e+07 	
4.18068068e+06 	 6.744277e-06 	 1.276445e+07 	
4.18118118e+06 	 6.740055e-06 	 1.276226e+07 	
4.18168168e+06 	 6.735835e-06 	 1.276006e+07 	
4.18218218e+06 	 6.731618e-06 	 1.275787e+07 	
4.18268268e+06 	 6.727404e-06 	 1.275567e+07 	
4.18318318e+06 	 6.723193e-06 	 1.275348e+07 	
4.18368368e+06 	 6.718984e-06 	 1.275128e+07 	
4.18418418e+06 	 6.714777e-06 	 1.274909e+07 	
4.18468468e+06 	 6.710574e-06 	 1.274690e+07 	
4.18518519e+06 	 6.706372e-06 	 1.274470e+07 	
4.18568569e+06 	 6.702174e-06 	 1.274251e+07 	
4.18618619e+06 	 6.697978e-06 	 1.274032e+07 	
4.18668669e+06 	 6.693785e-06 	 1.273813e+07 	
4.18718719e+06 	 6.689594e-06 	 1.273594e+07 	
4.18768769e+06 	 6.685406e-06 	 1.273376e+07 	
4.18818819e+06 	 6.681220e-06 	 1.273157e+07 	
4.18868869e+06 	 6.677037e-06 	 1.272938e+07 	
4.18918919e+06 	 6.672857e-06 	 1.272719e+07 	
4.18968969e+06 	 6.668679e-06 	 1.272501e+07 	
4.19019019e+06 	 6.664504e-06 	 1.272282e+07 	
4.19069069e+06 	 6.660331e-06 	 1.272064e+07 	
4.19119119e+06 	 6.656161e-06 	 1.271845e+07 	
4.19169169e+06 	 6.651994e-06 	 1.271627e+07 	
4.19219219e+06 	 6.647829e-06 	 1.271408e+07 	
4.19269269e+06 	 6.643667e-06 	 1.271190e+07 	
4.19319319e+06 	 6.639507e-06 	 1.270972e+07 	
4.19369369e+06 	 6.635350e-06 	 1.270754e+07 	
4.19419419e+06 	 6.631195e-06 	 1.270536e+07 	
4.19469469e+06 	 6.627043e-06 	 1.270318e+07 	
4.19519520e+06 	 6.622894e-06 	 1.270100e+07 	
4.19569570e+06 	 6.618747e-06 	 1.269882e+07 	
4.19619620e+06 	 6.614603e-06 	 1.269664e+07 	
4.19669670e+06 	 6.610461e-06 	 1.269446e+07 	
4.19719720e+06 	 6.606322e-06 	 1.269229e+07 	
4.19769770e+06 	 6.602185e-06 	 1.269011e+07 	
4.19819820e+06 	 6.598051e-06 	 1.268794e+07 	
4.19869870e+06 	 6.593919e-06 	 1.268576e+07 	
4.19919920e+06 	 6.589791e-06 	 1.268359e+07 	
4.19969970e+06 	 6.585664e-06 	 1.268141e+07 	
4.20020020e+06 	 6.581540e-06 	 1.267924e+07 	
4.20070070e+06 	 6.577419e-06 	 1.267707e+07 	
4.20120120e+06 	 6.573300e-06 	 1.267489e+07 	
4.20170170e+06 	 6.569184e-06 	 1.267272e+07 	
4.20220220e+06 	 6.565070e-06 	 1.267055e+07 	
4.20270270e+06 	 6.560959e-06 	 1.266838e+07 	
4.20320320e+06 	 6.556850e-06 	 1.266621e+07 	
4.20370370e+06 	 6.552744e-06 	 1.266404e+07 	
4.20420420e+06 	 6.548641e-06 	 1.266188e+07 	
4.20470470e+06 	 6.544540e-06 	 1.265971e+07 	
4.20520521e+06 	 6.540441e-06 	 1.265754e+07 	
4.20570571e+06 	 6.536345e-06 	 1.265537e+07 	
4.20620621e+06 	 6.532252e-06 	 1.265321e+07 	
4.20670671e+06 	 6.528161e-06 	 1.265104e+07 	
4.20720721e+06 	 6.524072e-06 	 1.264888e+07 	
4.20770771e+06 	 6.519986e-06 	 1.264671e+07 	
4.20820821e+06 	 6.515903e-06 	 1.264455e+07 	
4.20870871e+06 	 6.511822e-06 	 1.264239e+07 	
4.20920921e+06 	 6.507744e-06 	 1.264023e+07 	
4.20970971e+06 	 6.503668e-06 	 1.263806e+07 	
4.21021021e+06 	 6.499595e-06 	 1.263590e+07 	
4.21071071e+06 	 6.495524e-06 	 1.263374e+07 	
4.21121121e+06 	 6.491456e-06 	 1.263158e+07 	
4.21171171e+06 	 6.487390e-06 	 1.262942e+07 	
4.21221221e+06 	 6.483326e-06 	 1.262727e+07 	
4.21271271e+06 	 6.479266e-06 	 1.262511e+07 	
4.21321321e+06 	 6.475207e-06 	 1.262295e+07 	
4.21371371e+06 	 6.471151e-06 	 1.262079e+07 	
4.21421421e+06 	 6.467098e-06 	 1.261864e+07 	
4.21471471e+06 	 6.463047e-06 	 1.261648e+07 	
4.21521522e+06 	 6.458999e-06 	 1.261433e+07 	
4.21571572e+06 	 6.454953e-06 	 1.261217e+07 	
4.21621622e+06 	 6.450910e-06 	 1.261002e+07 	
4.21671672e+06 	 6.446869e-06 	 1.260787e+07 	
4.21721722e+06 	 6.442830e-06 	 1.260571e+07 	
4.21771772e+06 	 6.438794e-06 	 1.260356e+07 	
4.21821822e+06 	 6.434761e-06 	 1.260141e+07 	
4.21871872e+06 	 6.430730e-06 	 1.259926e+07 	
4.21921922e+06 	 6.426701e-06 	 1.259711e+07 	
4.21971972e+06 	 6.422675e-06 	 1.259496e+07 	
4.22022022e+06 	 6.418652e-06 	 1.259281e+07 	
4.22072072e+06 	 6.414630e-06 	 1.259066e+07 	
4.22122122e+06 	 6.410612e-06 	 1.258852e+07 	
4.22172172e+06 	 6.406596e-06 	 1.258637e+07 	
4.22222222e+06 	 6.402582e-06 	 1.258422e+07 	
4.22272272e+06 	 6.398571e-06 	 1.258208e+07 	
4.22322322e+06 	 6.394562e-06 	 1.257993e+07 	
4.22372372e+06 	 6.390555e-06 	 1.257779e+07 	
4.22422422e+06 	 6.386551e-06 	 1.257564e+07 	
4.22472472e+06 	 6.382550e-06 	 1.257350e+07 	
4.22522523e+06 	 6.378551e-06 	 1.257136e+07 	
4.22572573e+06 	 6.374554e-06 	 1.256922e+07 	
4.22622623e+06 	 6.370560e-06 	 1.256707e+07 	
4.22672673e+06 	 6.366569e-06 	 1.256493e+07 	
4.22722723e+06 	 6.362579e-06 	 1.256279e+07 	
4.22772773e+06 	 6.358593e-06 	 1.256065e+07 	
4.22822823e+06 	 6.354608e-06 	 1.255851e+07 	
4.22872873e+06 	 6.350626e-06 	 1.255638e+07 	
4.22922923e+06 	 6.346647e-06 	 1.255424e+07 	
4.22972973e+06 	 6.342670e-06 	 1.255210e+07 	
4.23023023e+06 	 6.338695e-06 	 1.254996e+07 	
4.23073073e+06 	 6.334723e-06 	 1.254783e+07 	
4.23123123e+06 	 6.330753e-06 	 1.254569e+07 	
4.23173173e+06 	 6.326786e-06 	 1.254356e+07 	
4.23223223e+06 	 6.322821e-06 	 1.254142e+07 	
4.23273273e+06 	 6.318858e-06 	 1.253929e+07 	
4.23323323e+06 	 6.314898e-06 	 1.253716e+07 	
4.23373373e+06 	 6.310941e-06 	 1.253502e+07 	
4.23423423e+06 	 6.306985e-06 	 1.253289e+07 	
4.23473473e+06 	 6.303032e-06 	 1.253076e+07 	
4.23523524e+06 	 6.299082e-06 	 1.252863e+07 	
4.23573574e+06 	 6.295134e-06 	 1.252650e+07 	
4.23623624e+06 	 6.291188e-06 	 1.252437e+07 	
4.23673674e+06 	 6.287245e-06 	 1.252224e+07 	
4.23723724e+06 	 6.283304e-06 	 1.252011e+07 	
4.23773774e+06 	 6.279366e-06 	 1.251798e+07 	
4.23823824e+06 	 6.275430e-06 	 1.251586e+07 	
4.23873874e+06 	 6.271496e-06 	 1.251373e+07 	
4.23923924e+06 	 6.267565e-06 	 1.251160e+07 	
4.23973974e+06 	 6.263636e-06 	 1.250948e+07 	
4.24024024e+06 	 6.259710e-06 	 1.250735e+07 	
4.24074074e+06 	 6.255786e-06 	 1.250523e+07 	
4.24124124e+06 	 6.251864e-06 	 1.250311e+07 	
4.24174174e+06 	 6.247945e-06 	 1.250098e+07 	
4.24224224e+06 	 6.244028e-06 	 1.249886e+07 	
4.24274274e+06 	 6.240113e-06 	 1.249674e+07 	
4.24324324e+06 	 6.236201e-06 	 1.249462e+07 	
4.24374374e+06 	 6.232291e-06 	 1.249250e+07 	
4.24424424e+06 	 6.228384e-06 	 1.249038e+07 	
4.24474474e+06 	 6.224479e-06 	 1.248826e+07 	
4.24524525e+06 	 6.220576e-06 	 1.248614e+07 	
4.24574575e+06 	 6.216676e-06 	 1.248402e+07 	
4.24624625e+06 	 6.212778e-06 	 1.248190e+07 	
4.24674675e+06 	 6.208882e-06 	 1.247979e+07 	
4.24724725e+06 	 6.204989e-06 	 1.247767e+07 	
4.24774775e+06 	 6.201098e-06 	 1.247555e+07 	
4.24824825e+06 	 6.197210e-06 	 1.247344e+07 	
4.24874875e+06 	 6.193324e-06 	 1.247132e+07 	
4.24924925e+06 	 6.189440e-06 	 1.246921e+07 	
4.24974975e+06 	 6.185558e-06 	 1.246710e+07 	
4.25025025e+06 	 6.181679e-06 	 1.246498e+07 	
4.25075075e+06 	 6.177803e-06 	 1.246287e+07 	
4.25125125e+06 	 6.173929e-06 	 1.246076e+07 	
4.25175175e+06 	 6.170057e-06 	 1.245865e+07 	
4.25225225e+06 	 6.166187e-06 	 1.245654e+07 	
4.25275275e+06 	 6.162320e-06 	 1.245443e+07 	
4.25325325e+06 	 6.158455e-06 	 1.245232e+07 	
4.25375375e+06 	 6.154592e-06 	 1.245021e+07 	
4.25425425e+06 	 6.150732e-06 	 1.244810e+07 	
4.25475475e+06 	 6.146874e-06 	 1.244599e+07 	
4.25525526e+06 	 6.143019e-06 	 1.244389e+07 	
4.25575576e+06 	 6.139165e-06 	 1.244178e+07 	
4.25625626e+06 	 6.135314e-06 	 1.243968e+07 	
4.25675676e+06 	 6.131466e-06 	 1.243757e+07 	
4.25725726e+06 	 6.127620e-06 	 1.243547e+07 	
4.25775776e+06 	 6.123776e-06 	 1.243336e+07 	
4.25825826e+06 	 6.119934e-06 	 1.243126e+07 	
4.25875876e+06 	 6.116095e-06 	 1.242916e+07 	
4.25925926e+06 	 6.112258e-06 	 1.242705e+07 	
4.25975976e+06 	 6.108423e-06 	 1.242495e+07 	
4.26026026e+06 	 6.104591e-06 	 1.242285e+07 	
4.26076076e+06 	 6.100761e-06 	 1.242075e+07 	
4.26126126e+06 	 6.096933e-06 	 1.241865e+07 	
4.26176176e+06 	 6.093108e-06 	 1.241655e+07 	
4.26226226e+06 	 6.089285e-06 	 1.241445e+07 	
4.26276276e+06 	 6.085464e-06 	 1.241235e+07 	
4.26326326e+06 	 6.081645e-06 	 1.241026e+07 	
4.26376376e+06 	 6.077829e-06 	 1.240816e+07 	
4.26426426e+06 	 6.074015e-06 	 1.240606e+07 	
4.26476476e+06 	 6.070204e-06 	 1.240397e+07 	
4.26526527e+06 	 6.066394e-06 	 1.240187e+07 	
4.26576577e+06 	 6.062587e-06 	 1.239978e+07 	
4.26626627e+06 	 6.058783e-06 	 1.239768e+07 	
4.26676677e+06 	 6.054980e-06 	 1.239559e+07 	
4.26726727e+06 	 6.051180e-06 	 1.239350e+07 	
4.26776777e+06 	 6.047382e-06 	 1.239140e+07 	
4.26826827e+06 	 6.043587e-06 	 1.238931e+07 	
4.26876877e+06 	 6.039793e-06 	 1.238722e+07 	
4.26926927e+06 	 6.036002e-06 	 1.238513e+07 	
4.26976977e+06 	 6.032214e-06 	 1.238304e+07 	
4.27027027e+06 	 6.028427e-06 	 1.238095e+07 	
4.27077077e+06 	 6.024643e-06 	 1.237886e+07 	
4.27127127e+06 	 6.020861e-06 	 1.237677e+07 	
4.27177177e+06 	 6.017082e-06 	 1.237469e+07 	
4.27227227e+06 	 6.013305e-06 	 1.237260e+07 	
4.27277277e+06 	 6.009529e-06 	 1.237051e+07 	
4.27327327e+06 	 6.005757e-06 	 1.236843e+07 	
4.27377377e+06 	 6.001986e-06 	 1.236634e+07 	
4.27427427e+06 	 5.998218e-06 	 1.236426e+07 	
4.27477477e+06 	 5.994452e-06 	 1.236217e+07 	
4.27527528e+06 	 5.990688e-06 	 1.236009e+07 	
4.27577578e+06 	 5.986927e-06 	 1.235801e+07 	
4.27627628e+06 	 5.983168e-06 	 1.235592e+07 	
4.27677678e+06 	 5.979411e-06 	 1.235384e+07 	
4.27727728e+06 	 5.975656e-06 	 1.235176e+07 	
4.27777778e+06 	 5.971904e-06 	 1.234968e+07 	
4.27827828e+06 	 5.968154e-06 	 1.234760e+07 	
4.27877878e+06 	 5.964406e-06 	 1.234552e+07 	
4.27927928e+06 	 5.960660e-06 	 1.234344e+07 	
4.27977978e+06 	 5.956917e-06 	 1.234136e+07 	
4.28028028e+06 	 5.953176e-06 	 1.233928e+07 	
4.28078078e+06 	 5.949437e-06 	 1.233721e+07 	
4.28128128e+06 	 5.945700e-06 	 1.233513e+07 	
4.28178178e+06 	 5.941966e-06 	 1.233305e+07 	
4.28228228e+06 	 5.938234e-06 	 1.233098e+07 	
4.28278278e+06 	 5.934504e-06 	 1.232890e+07 	
4.28328328e+06 	 5.930776e-06 	 1.232683e+07 	
4.28378378e+06 	 5.927051e-06 	 1.232476e+07 	
4.28428428e+06 	 5.923328e-06 	 1.232268e+07 	
4.28478478e+06 	 5.919607e-06 	 1.232061e+07 	
4.28528529e+06 	 5.915888e-06 	 1.231854e+07 	
4.28578579e+06 	 5.912171e-06 	 1.231647e+07 	
4.28628629e+06 	 5.908457e-06 	 1.231440e+07 	
4.28678679e+06 	 5.904745e-06 	 1.231233e+07 	
4.28728729e+06 	 5.901035e-06 	 1.231026e+07 	
4.28778779e+06 	 5.897328e-06 	 1.230819e+07 	
4.28828829e+06 	 5.893622e-06 	 1.230612e+07 	
4.28878879e+06 	 5.889919e-06 	 1.230405e+07 	
4.28928929e+06 	 5.886218e-06 	 1.230198e+07 	
4.28978979e+06 	 5.882519e-06 	 1.229992e+07 	
4.29029029e+06 	 5.878823e-06 	 1.229785e+07 	
4.29079079e+06 	 5.875128e-06 	 1.229578e+07 	
4.29129129e+06 	 5.871436e-06 	 1.229372e+07 	
4.29179179e+06 	 5.867747e-06 	 1.229165e+07 	
4.29229229e+06 	 5.864059e-06 	 1.228959e+07 	
4.29279279e+06 	 5.860373e-06 	 1.228753e+07 	
4.29329329e+06 	 5.856690e-06 	 1.228546e+07 	
4.29379379e+06 	 5.853009e-06 	 1.228340e+07 	
4.29429429e+06 	 5.849330e-06 	 1.228134e+07 	
4.29479479e+06 	 5.845654e-06 	 1.227928e+07 	
4.29529530e+06 	 5.841979e-06 	 1.227722e+07 	
4.29579580e+06 	 5.838307e-06 	 1.227516e+07 	
4.29629630e+06 	 5.834637e-06 	 1.227310e+07 	
4.29679680e+06 	 5.830969e-06 	 1.227104e+07 	
4.29729730e+06 	 5.827303e-06 	 1.226898e+07 	
4.29779780e+06 	 5.823640e-06 	 1.226692e+07 	
4.29829830e+06 	 5.819978e-06 	 1.226487e+07 	
4.29879880e+06 	 5.816319e-06 	 1.226281e+07 	
4.29929930e+06 	 5.812662e-06 	 1.226075e+07 	
4.29979980e+06 	 5.809008e-06 	 1.225870e+07 	
4.30030030e+06 	 5.805355e-06 	 1.225664e+07 	
4.30080080e+06 	 5.801705e-06 	 1.225459e+07 	
4.30130130e+06 	 5.798056e-06 	 1.225253e+07 	
4.30180180e+06 	 5.794410e-06 	 1.225048e+07 	
4.30230230e+06 	 5.790767e-06 	 1.224843e+07 	
4.30280280e+06 	 5.787125e-06 	 1.224638e+07 	
4.30330330e+06 	 5.783485e-06 	 1.224433e+07 	
4.30380380e+06 	 5.780137e-06 	 1.224226e+07 	
4.30430430e+06 	 5.776504e-06 	 1.224021e+07 	
4.30480480e+06 	 5.772873e-06 	 1.223816e+07 	
4.30530531e+06 	 5.769244e-06 	 1.223611e+07 	
4.30580581e+06 	 5.765617e-06 	 1.223406e+07 	
4.30630631e+06 	 5.761992e-06 	 1.223201e+07 	
4.30680681e+06 	 5.758370e-06 	 1.222996e+07 	
4.30730731e+06 	 5.754750e-06 	 1.222792e+07 	
4.30780781e+06 	 5.751132e-06 	 1.222587e+07 	
4.30830831e+06 	 5.747516e-06 	 1.222382e+07 	
4.30880881e+06 	 5.743902e-06 	 1.222178e+07 	
4.30930931e+06 	 5.740291e-06 	 1.221973e+07 	
4.30980981e+06 	 5.736681e-06 	 1.221769e+07 	
4.31031031e+06 	 5.733074e-06 	 1.221565e+07 	
4.31081081e+06 	 5.729469e-06 	 1.221360e+07 	
4.31131131e+06 	 5.725866e-06 	 1.221156e+07 	
4.31181181e+06 	 5.722265e-06 	 1.220952e+07 	
4.31231231e+06 	 5.718666e-06 	 1.220748e+07 	
4.31281281e+06 	 5.715070e-06 	 1.220544e+07 	
4.31331331e+06 	 5.711475e-06 	 1.220340e+07 	
4.31381381e+06 	 5.707883e-06 	 1.220136e+07 	
4.31431431e+06 	 5.704293e-06 	 1.219932e+07 	
4.31481481e+06 	 5.700705e-06 	 1.219728e+07 	
4.31531532e+06 	 5.697120e-06 	 1.219524e+07 	
4.31581582e+06 	 5.693536e-06 	 1.219320e+07 	
4.31631632e+06 	 5.689954e-06 	 1.219117e+07 	
4.31681682e+06 	 5.686375e-06 	 1.218913e+07 	
4.31731732e+06 	 5.682798e-06 	 1.218709e+07 	
4.31781782e+06 	 5.679223e-06 	 1.218506e+07 	
4.31831832e+06 	 5.675650e-06 	 1.218302e+07 	
4.31881882e+06 	 5.672079e-06 	 1.218099e+07 	
4.31931932e+06 	 5.668510e-06 	 1.217896e+07 	
4.31981982e+06 	 5.664944e-06 	 1.217692e+07 	
4.32032032e+06 	 5.661379e-06 	 1.217489e+07 	
4.32082082e+06 	 5.657817e-06 	 1.217286e+07 	
4.32132132e+06 	 5.654257e-06 	 1.217083e+07 	
4.32182182e+06 	 5.650699e-06 	 1.216880e+07 	
4.32232232e+06 	 5.647143e-06 	 1.216677e+07 	
4.32282282e+06 	 5.643589e-06 	 1.216474e+07 	
4.32332332e+06 	 5.640038e-06 	 1.216271e+07 	
4.32382382e+06 	 5.636488e-06 	 1.216068e+07 	
4.32432432e+06 	 5.632941e-06 	 1.215865e+07 	
4.32482482e+06 	 5.629395e-06 	 1.215662e+07 	
4.32532533e+06 	 5.625852e-06 	 1.215460e+07 	
4.32582583e+06 	 5.622311e-06 	 1.215257e+07 	
4.32632633e+06 	 5.618772e-06 	 1.215054e+07 	
4.32682683e+06 	 5.615235e-06 	 1.214852e+07 	
4.32732733e+06 	 5.611700e-06 	 1.214649e+07 	
4.32782783e+06 	 5.608167e-06 	 1.214447e+07 	
4.32832833e+06 	 5.604637e-06 	 1.214245e+07 	
4.32882883e+06 	 5.601108e-06 	 1.214042e+07 	
4.32932933e+06 	 5.597582e-06 	 1.213840e+07 	
4.32982983e+06 	 5.594058e-06 	 1.213638e+07 	
4.33033033e+06 	 5.590536e-06 	 1.213436e+07 	
4.33083083e+06 	 5.587016e-06 	 1.213234e+07 	
4.33133133e+06 	 5.583498e-06 	 1.213032e+07 	
4.33183183e+06 	 5.579982e-06 	 1.212830e+07 	
4.33233233e+06 	 5.576468e-06 	 1.212628e+07 	
4.33283283e+06 	 5.572956e-06 	 1.212426e+07 	
4.33333333e+06 	 5.569446e-06 	 1.212224e+07 	
4.33383383e+06 	 5.565939e-06 	 1.212022e+07 	
4.33433433e+06 	 5.562433e-06 	 1.211821e+07 	
4.33483483e+06 	 5.558930e-06 	 1.211619e+07 	
4.33533534e+06 	 5.555429e-06 	 1.211418e+07 	
4.33583584e+06 	 5.551930e-06 	 1.211216e+07 	
4.33633634e+06 	 5.548432e-06 	 1.211015e+07 	
4.33683684e+06 	 5.544937e-06 	 1.210813e+07 	
4.33733734e+06 	 5.541444e-06 	 1.210612e+07 	
4.33783784e+06 	 5.537954e-06 	 1.210410e+07 	
4.33833834e+06 	 5.534465e-06 	 1.210209e+07 	
4.33883884e+06 	 5.530978e-06 	 1.210008e+07 	
4.33933934e+06 	 5.527493e-06 	 1.209807e+07 	
4.33983984e+06 	 5.524011e-06 	 1.209606e+07 	
4.34034034e+06 	 5.520530e-06 	 1.209405e+07 	
4.34084084e+06 	 5.517052e-06 	 1.209204e+07 	
4.34134134e+06 	 5.513575e-06 	 1.209003e+07 	
4.34184184e+06 	 5.510101e-06 	 1.208802e+07 	
4.34234234e+06 	 5.506629e-06 	 1.208601e+07 	
4.34284284e+06 	 5.503158e-06 	 1.208400e+07 	
4.34334334e+06 	 5.499690e-06 	 1.208200e+07 	
4.34384384e+06 	 5.496224e-06 	 1.207999e+07 	
4.34434434e+06 	 5.492760e-06 	 1.207799e+07 	
4.34484484e+06 	 5.489298e-06 	 1.207598e+07 	
4.34534535e+06 	 5.485838e-06 	 1.207398e+07 	
4.34584585e+06 	 5.482380e-06 	 1.207197e+07 	
4.34634635e+06 	 5.478924e-06 	 1.206997e+07 	
4.34684685e+06 	 5.475470e-06 	 1.206796e+07 	
4.34734735e+06 	 5.472019e-06 	 1.206596e+07 	
4.34784785e+06 	 5.468569e-06 	 1.206396e+07 	
4.34834835e+06 	 5.465121e-06 	 1.206196e+07 	
4.34884885e+06 	 5.461676e-06 	 1.205996e+07 	
4.34934935e+06 	 5.458232e-06 	 1.205796e+07 	
4.34984985e+06 	 5.454791e-06 	 1.205596e+07 	
4.35035035e+06 	 5.451351e-06 	 1.205396e+07 	
4.35085085e+06 	 5.447914e-06 	 1.205196e+07 	
4.35135135e+06 	 5.444478e-06 	 1.204996e+07 	
4.35185185e+06 	 5.441045e-06 	 1.204796e+07 	
4.35235235e+06 	 5.437613e-06 	 1.204597e+07 	
4.35285285e+06 	 5.434184e-06 	 1.204397e+07 	
4.35335335e+06 	 5.430757e-06 	 1.204197e+07 	
4.35385385e+06 	 5.427059e-06 	 1.203999e+07 	
4.35435435e+06 	 5.423634e-06 	 1.203800e+07 	
4.35485485e+06 	 5.420211e-06 	 1.203600e+07 	
4.35535536e+06 	 5.416790e-06 	 1.203401e+07 	
4.35585586e+06 	 5.413371e-06 	 1.203202e+07 	
4.35635636e+06 	 5.409954e-06 	 1.203002e+07 	
4.35685686e+06 	 5.406539e-06 	 1.202803e+07 	
4.35735736e+06 	 5.403126e-06 	 1.202604e+07 	
4.35785786e+06 	 5.399715e-06 	 1.202405e+07 	
4.35835836e+06 	 5.396306e-06 	 1.202206e+07 	
4.35885886e+06 	 5.392899e-06 	 1.202007e+07 	
4.35935936e+06 	 5.389494e-06 	 1.201808e+07 	
4.35985986e+06 	 5.386091e-06 	 1.201609e+07 	
4.36036036e+06 	 5.382690e-06 	 1.201410e+07 	
4.36086086e+06 	 5.379291e-06 	 1.201211e+07 	
4.36136136e+06 	 5.375894e-06 	 1.201013e+07 	
4.36186186e+06 	 5.372500e-06 	 1.200814e+07 	
4.36236236e+06 	 5.369107e-06 	 1.200615e+07 	
4.36286286e+06 	 5.365716e-06 	 1.200417e+07 	
4.36336336e+06 	 5.362327e-06 	 1.200218e+07 	
4.36386386e+06 	 5.358940e-06 	 1.200020e+07 	
4.36436436e+06 	 5.355555e-06 	 1.199821e+07 	
4.36486486e+06 	 5.352172e-06 	 1.199623e+07 	
4.36536537e+06 	 5.348791e-06 	 1.199425e+07 	
4.36586587e+06 	 5.345412e-06 	 1.199227e+07 	
4.36636637e+06 	 5.342035e-06 	 1.199028e+07 	
4.36686687e+06 	 5.338660e-06 	 1.198830e+07 	
4.36736737e+06 	 5.335287e-06 	 1.198632e+07 	
4.36786787e+06 	 5.331915e-06 	 1.198434e+07 	
4.36836837e+06 	 5.328546e-06 	 1.198236e+07 	
4.36886887e+06 	 5.325179e-06 	 1.198038e+07 	
4.36936937e+06 	 5.321814e-06 	 1.197840e+07 	
4.36986987e+06 	 5.318451e-06 	 1.197643e+07 	
4.37037037e+06 	 5.315089e-06 	 1.197445e+07 	
4.37087087e+06 	 5.311730e-06 	 1.197247e+07 	
4.37137137e+06 	 5.308373e-06 	 1.197050e+07 	
4.37187187e+06 	 5.305017e-06 	 1.196852e+07 	
4.37237237e+06 	 5.301664e-06 	 1.196654e+07 	
4.37287287e+06 	 5.298313e-06 	 1.196457e+07 	
4.37337337e+06 	 5.294963e-06 	 1.196259e+07 	
4.37387387e+06 	 5.291616e-06 	 1.196062e+07 	
4.37437437e+06 	 5.288270e-06 	 1.195865e+07 	
4.37487487e+06 	 5.284927e-06 	 1.195668e+07 	
4.37537538e+06 	 5.281585e-06 	 1.195470e+07 	
4.37587588e+06 	 5.278245e-06 	 1.195273e+07 	
4.37637638e+06 	 5.274908e-06 	 1.195076e+07 	
4.37687688e+06 	 5.271572e-06 	 1.194879e+07 	
4.37737738e+06 	 5.268238e-06 	 1.194682e+07 	
4.37787788e+06 	 5.264906e-06 	 1.194485e+07 	
4.37837838e+06 	 5.261576e-06 	 1.194288e+07 	
4.37887888e+06 	 5.258248e-06 	 1.194091e+07 	
4.37937938e+06 	 5.254922e-06 	 1.193894e+07 	
4.37987988e+06 	 5.251598e-06 	 1.193698e+07 	
4.38038038e+06 	 5.248276e-06 	 1.193501e+07 	
4.38088088e+06 	 5.244956e-06 	 1.193304e+07 	
4.38138138e+06 	 5.241637e-06 	 1.193108e+07 	
4.38188188e+06 	 5.238321e-06 	 1.192911e+07 	
4.38238238e+06 	 5.235007e-06 	 1.192715e+07 	
4.38288288e+06 	 5.231694e-06 	 1.192518e+07 	
4.38338338e+06 	 5.228384e-06 	 1.192322e+07 	
4.38388388e+06 	 5.225075e-06 	 1.192126e+07 	
4.38438438e+06 	 5.221768e-06 	 1.191930e+07 	
4.38488488e+06 	 5.218464e-06 	 1.191733e+07 	
4.38538539e+06 	 5.215161e-06 	 1.191537e+07 	
4.38588589e+06 	 5.211860e-06 	 1.191341e+07 	
4.38638639e+06 	 5.208561e-06 	 1.191145e+07 	
4.38688689e+06 	 5.205264e-06 	 1.190949e+07 	
4.38738739e+06 	 5.201969e-06 	 1.190753e+07 	
4.38788789e+06 	 5.198676e-06 	 1.190557e+07 	
4.38838839e+06 	 5.195384e-06 	 1.190361e+07 	
4.38888889e+06 	 5.192095e-06 	 1.190166e+07 	
4.38938939e+06 	 5.188808e-06 	 1.189970e+07 	
4.38988989e+06 	 5.185522e-06 	 1.189774e+07 	
4.39039039e+06 	 5.182238e-06 	 1.189579e+07 	
4.39089089e+06 	 5.178957e-06 	 1.189383e+07 	
4.39139139e+06 	 5.175677e-06 	 1.189187e+07 	
4.39189189e+06 	 5.172399e-06 	 1.188992e+07 	
4.39239239e+06 	 5.169123e-06 	 1.188797e+07 	
4.39289289e+06 	 5.165849e-06 	 1.188601e+07 	
4.39339339e+06 	 5.162577e-06 	 1.188406e+07 	
4.39389389e+06 	 5.159307e-06 	 1.188211e+07 	
4.39439439e+06 	 5.156038e-06 	 1.188016e+07 	
4.39489489e+06 	 5.152772e-06 	 1.187820e+07 	
4.39539540e+06 	 5.149507e-06 	 1.187625e+07 	
4.39589590e+06 	 5.146244e-06 	 1.187430e+07 	
4.39639640e+06 	 5.142984e-06 	 1.187235e+07 	
4.39689690e+06 	 5.139725e-06 	 1.187040e+07 	
4.39739740e+06 	 5.136468e-06 	 1.186845e+07 	
4.39789790e+06 	 5.133213e-06 	 1.186651e+07 	
4.39839840e+06 	 5.129960e-06 	 1.186456e+07 	
4.39889890e+06 	 5.126708e-06 	 1.186261e+07 	
4.39939940e+06 	 5.123459e-06 	 1.186066e+07 	
4.39989990e+06 	 5.120211e-06 	 1.185872e+07 	
4.40040040e+06 	 5.116966e-06 	 1.185677e+07 	
4.40090090e+06 	 5.113722e-06 	 1.185483e+07 	
4.40140140e+06 	 5.110480e-06 	 1.185288e+07 	
4.40190190e+06 	 5.107240e-06 	 1.185094e+07 	
4.40240240e+06 	 5.104002e-06 	 1.184900e+07 	
4.40290290e+06 	 5.100766e-06 	 1.184705e+07 	
4.40340340e+06 	 5.097276e-06 	 1.184513e+07 	
4.40390390e+06 	 5.094041e-06 	 1.184318e+07 	
4.40440440e+06 	 5.090809e-06 	 1.184124e+07 	
4.40490490e+06 	 5.087579e-06 	 1.183930e+07 	
4.40540541e+06 	 5.084351e-06 	 1.183736e+07 	
4.40590591e+06 	 5.081124e-06 	 1.183542e+07 	
4.40640641e+06 	 5.077899e-06 	 1.183348e+07 	
4.40690691e+06 	 5.074676e-06 	 1.183154e+07 	
4.40740741e+06 	 5.071455e-06 	 1.182960e+07 	
4.40790791e+06 	 5.068236e-06 	 1.182767e+07 	
4.40840841e+06 	 5.065019e-06 	 1.182573e+07 	
4.40890891e+06 	 5.061803e-06 	 1.182379e+07 	
4.40940941e+06 	 5.058590e-06 	 1.182186e+07 	
4.40990991e+06 	 5.055378e-06 	 1.181992e+07 	
4.41041041e+06 	 5.052168e-06 	 1.181799e+07 	
4.41091091e+06 	 5.048960e-06 	 1.181605e+07 	
4.41141141e+06 	 5.045754e-06 	 1.181412e+07 	
4.41191191e+06 	 5.042549e-06 	 1.181218e+07 	
4.41241241e+06 	 5.039347e-06 	 1.181025e+07 	
4.41291291e+06 	 5.036146e-06 	 1.180832e+07 	
4.41341341e+06 	 5.032947e-06 	 1.180639e+07 	
4.41391391e+06 	 5.029750e-06 	 1.180446e+07 	
4.41441441e+06 	 5.026555e-06 	 1.180252e+07 	
4.41491491e+06 	 5.023362e-06 	 1.180059e+07 	
4.41541542e+06 	 5.020170e-06 	 1.179866e+07 	
4.41591592e+06 	 5.016981e-06 	 1.179674e+07 	
4.41641642e+06 	 5.013793e-06 	 1.179481e+07 	
4.41691692e+06 	 5.010607e-06 	 1.179288e+07 	
4.41741742e+06 	 5.007423e-06 	 1.179095e+07 	
4.41791792e+06 	 5.004241e-06 	 1.178902e+07 	
4.41841842e+06 	 5.001060e-06 	 1.178710e+07 	
4.41891892e+06 	 4.997881e-06 	 1.178517e+07 	
4.41941942e+06 	 4.994705e-06 	 1.178324e+07 	
4.41991992e+06 	 4.991530e-06 	 1.178132e+07 	
4.42042042e+06 	 4.988356e-06 	 1.177939e+07 	
4.42092092e+06 	 4.985185e-06 	 1.177747e+07 	
4.42142142e+06 	 4.982015e-06 	 1.177555e+07 	
4.42192192e+06 	 4.978848e-06 	 1.177362e+07 	
4.42242242e+06 	 4.975682e-06 	 1.177170e+07 	
4.42292292e+06 	 4.972518e-06 	 1.176978e+07 	
4.42342342e+06 	 4.969355e-06 	 1.176786e+07 	
4.42392392e+06 	 4.966195e-06 	 1.176594e+07 	
4.42442442e+06 	 4.963036e-06 	 1.176402e+07 	
4.42492492e+06 	 4.959879e-06 	 1.176210e+07 	
4.42542543e+06 	 4.956724e-06 	 1.176018e+07 	
4.42592593e+06 	 4.953571e-06 	 1.175826e+07 	
4.42642643e+06 	 4.950420e-06 	 1.175634e+07 	
4.42692693e+06 	 4.947270e-06 	 1.175442e+07 	
4.42742743e+06 	 4.944122e-06 	 1.175250e+07 	
4.42792793e+06 	 4.940976e-06 	 1.175059e+07 	
4.42842843e+06 	 4.937832e-06 	 1.174867e+07 	
4.42892893e+06 	 4.934689e-06 	 1.174675e+07 	
4.42942943e+06 	 4.931549e-06 	 1.174484e+07 	
4.42992993e+06 	 4.928410e-06 	 1.174292e+07 	
4.43043043e+06 	 4.925273e-06 	 1.174101e+07 	
4.43093093e+06 	 4.922138e-06 	 1.173910e+07 	
4.43143143e+06 	 4.919004e-06 	 1.173718e+07 	
4.43193193e+06 	 4.915873e-06 	 1.173527e+07 	
4.43243243e+06 	 4.912743e-06 	 1.173336e+07 	
4.43293293e+06 	 4.909615e-06 	 1.173145e+07 	
4.43343343e+06 	 4.906488e-06 	 1.172953e+07 	
4.43393393e+06 	 4.903364e-06 	 1.172762e+07 	
4.43443443e+06 	 4.900241e-06 	 1.172571e+07 	
4.43493493e+06 	 4.897120e-06 	 1.172380e+07 	
4.43543544e+06 	 4.894001e-06 	 1.172189e+07 	
4.43593594e+06 	 4.890884e-06 	 1.171999e+07 	
4.43643644e+06 	 4.887768e-06 	 1.171808e+07 	
4.43693694e+06 	 4.884654e-06 	 1.171617e+07 	
4.43743744e+06 	 4.881542e-06 	 1.171426e+07 	
4.43793794e+06 	 4.878432e-06 	 1.171236e+07 	
4.43843844e+06 	 4.875323e-06 	 1.171045e+07 	
4.43893894e+06 	 4.872217e-06 	 1.170854e+07 	
4.43943944e+06 	 4.869112e-06 	 1.170664e+07 	
4.43993994e+06 	 4.866008e-06 	 1.170474e+07 	
4.44044044e+06 	 4.862907e-06 	 1.170283e+07 	
4.44094094e+06 	 4.859807e-06 	 1.170093e+07 	
4.44144144e+06 	 4.856710e-06 	 1.169902e+07 	
4.44194194e+06 	 4.853613e-06 	 1.169712e+07 	
4.44244244e+06 	 4.850519e-06 	 1.169522e+07 	
4.44294294e+06 	 4.847427e-06 	 1.169332e+07 	
4.44344344e+06 	 4.844336e-06 	 1.169142e+07 	
4.44394394e+06 	 4.841247e-06 	 1.168952e+07 	
4.44444444e+06 	 4.838159e-06 	 1.168762e+07 	
4.44494494e+06 	 4.835074e-06 	 1.168572e+07 	
4.44544545e+06 	 4.831990e-06 	 1.168382e+07 	
4.44594595e+06 	 4.828908e-06 	 1.168192e+07 	
4.44644645e+06 	 4.825828e-06 	 1.168002e+07 	
4.44694695e+06 	 4.822749e-06 	 1.167812e+07 	
4.44744745e+06 	 4.819672e-06 	 1.167623e+07 	
4.44794795e+06 	 4.816597e-06 	 1.167433e+07 	
4.44844845e+06 	 4.813524e-06 	 1.167243e+07 	
4.44894895e+06 	 4.810453e-06 	 1.167054e+07 	
4.44944945e+06 	 4.807383e-06 	 1.166864e+07 	
4.44994995e+06 	 4.804315e-06 	 1.166675e+07 	
4.45045045e+06 	 4.801248e-06 	 1.166486e+07 	
4.45095095e+06 	 4.798184e-06 	 1.166296e+07 	
4.45145145e+06 	 4.795121e-06 	 1.166107e+07 	
4.45195195e+06 	 4.792060e-06 	 1.165918e+07 	
4.45245245e+06 	 4.789001e-06 	 1.165729e+07 	
4.45295295e+06 	 4.785943e-06 	 1.165539e+07 	
4.45345345e+06 	 4.782887e-06 	 1.165350e+07 	
4.45395395e+06 	 4.779833e-06 	 1.165161e+07 	
4.45445445e+06 	 4.776541e-06 	 1.164974e+07 	
4.45495495e+06 	 4.773489e-06 	 1.164785e+07 	
4.45545546e+06 	 4.770438e-06 	 1.164596e+07 	
4.45595596e+06 	 4.767390e-06 	 1.164407e+07 	
4.45645646e+06 	 4.764343e-06 	 1.164218e+07 	
4.45695696e+06 	 4.761297e-06 	 1.164030e+07 	
4.45745746e+06 	 4.758254e-06 	 1.163841e+07 	
4.45795796e+06 	 4.755212e-06 	 1.163652e+07 	
4.45845846e+06 	 4.752172e-06 	 1.163464e+07 	
4.45895896e+06 	 4.749134e-06 	 1.163275e+07 	
4.45945946e+06 	 4.746097e-06 	 1.163087e+07 	
4.45995996e+06 	 4.743062e-06 	 1.162898e+07 	
4.46046046e+06 	 4.740029e-06 	 1.162710e+07 	
4.46096096e+06 	 4.736997e-06 	 1.162522e+07 	
4.46146146e+06 	 4.733967e-06 	 1.162333e+07 	
4.46196196e+06 	 4.730939e-06 	 1.162145e+07 	
4.46246246e+06 	 4.727912e-06 	 1.161957e+07 	
4.46296296e+06 	 4.724888e-06 	 1.161769e+07 	
4.46346346e+06 	 4.721865e-06 	 1.161581e+07 	
4.46396396e+06 	 4.718843e-06 	 1.161393e+07 	
4.46446446e+06 	 4.715824e-06 	 1.161205e+07 	
4.46496496e+06 	 4.712806e-06 	 1.161017e+07 	
4.46546547e+06 	 4.709789e-06 	 1.160829e+07 	
4.46596597e+06 	 4.706775e-06 	 1.160641e+07 	
4.46646647e+06 	 4.703762e-06 	 1.160454e+07 	
4.46696697e+06 	 4.700751e-06 	 1.160266e+07 	
4.46746747e+06 	 4.697741e-06 	 1.160078e+07 	
4.46796797e+06 	 4.694733e-06 	 1.159891e+07 	
4.46846847e+06 	 4.691727e-06 	 1.159703e+07 	
4.46896897e+06 	 4.688723e-06 	 1.159515e+07 	
4.46946947e+06 	 4.685720e-06 	 1.159328e+07 	
4.46996997e+06 	 4.682719e-06 	 1.159141e+07 	
4.47047047e+06 	 4.679720e-06 	 1.158953e+07 	
4.47097097e+06 	 4.676722e-06 	 1.158766e+07 	
4.47147147e+06 	 4.673726e-06 	 1.158579e+07 	
4.47197197e+06 	 4.670732e-06 	 1.158391e+07 	
4.47247247e+06 	 4.667739e-06 	 1.158204e+07 	
4.47297297e+06 	 4.664748e-06 	 1.158017e+07 	
4.47347347e+06 	 4.661759e-06 	 1.157830e+07 	
4.47397397e+06 	 4.658771e-06 	 1.157643e+07 	
4.47447447e+06 	 4.655785e-06 	 1.157456e+07 	
4.47497497e+06 	 4.652801e-06 	 1.157269e+07 	
4.47547548e+06 	 4.649818e-06 	 1.157082e+07 	
4.47597598e+06 	 4.646837e-06 	 1.156895e+07 	
4.47647648e+06 	 4.643858e-06 	 1.156709e+07 	
4.47697698e+06 	 4.640880e-06 	 1.156522e+07 	
4.47747748e+06 	 4.637904e-06 	 1.156335e+07 	
4.47797798e+06 	 4.634930e-06 	 1.156149e+07 	
4.47847848e+06 	 4.631957e-06 	 1.155962e+07 	
4.47897898e+06 	 4.628986e-06 	 1.155776e+07 	
4.47947948e+06 	 4.626017e-06 	 1.155589e+07 	
4.47997998e+06 	 4.623049e-06 	 1.155403e+07 	
4.48048048e+06 	 4.620083e-06 	 1.155216e+07 	
4.48098098e+06 	 4.617119e-06 	 1.155030e+07 	
4.48148148e+06 	 4.614156e-06 	 1.154844e+07 	
4.48198198e+06 	 4.611195e-06 	 1.154657e+07 	
4.48248248e+06 	 4.608236e-06 	 1.154471e+07 	
4.48298298e+06 	 4.605278e-06 	 1.154285e+07 	
4.48348348e+06 	 4.602322e-06 	 1.154099e+07 	
4.48398398e+06 	 4.599368e-06 	 1.153913e+07 	
4.48448448e+06 	 4.596415e-06 	 1.153727e+07 	
4.48498498e+06 	 4.593464e-06 	 1.153541e+07 	
4.48548549e+06 	 4.590514e-06 	 1.153355e+07 	
4.48598599e+06 	 4.587566e-06 	 1.153169e+07 	
4.48648649e+06 	 4.584620e-06 	 1.152984e+07 	
4.48698699e+06 	 4.581675e-06 	 1.152798e+07 	
4.48748749e+06 	 4.578732e-06 	 1.152612e+07 	
4.48798799e+06 	 4.575791e-06 	 1.152427e+07 	
4.48848849e+06 	 4.572851e-06 	 1.152241e+07 	
4.48898899e+06 	 4.569913e-06 	 1.152056e+07 	
4.48948949e+06 	 4.566977e-06 	 1.151870e+07 	
4.48998999e+06 	 4.564042e-06 	 1.151685e+07 	
4.49049049e+06 	 4.561109e-06 	 1.151499e+07 	
4.49099099e+06 	 4.558178e-06 	 1.151314e+07 	
4.49149149e+06 	 4.555248e-06 	 1.151129e+07 	
4.49199199e+06 	 4.552320e-06 	 1.150943e+07 	
4.49249249e+06 	 4.549393e-06 	 1.150758e+07 	
4.49299299e+06 	 4.546468e-06 	 1.150573e+07 	
4.49349349e+06 	 4.543545e-06 	 1.150388e+07 	
4.49399399e+06 	 4.540623e-06 	 1.150203e+07 	
4.49449449e+06 	 4.537703e-06 	 1.150018e+07 	
4.49499499e+06 	 4.534784e-06 	 1.149833e+07 	
4.49549550e+06 	 4.531867e-06 	 1.149648e+07 	
4.49599600e+06 	 4.528952e-06 	 1.149463e+07 	
4.49649650e+06 	 4.526038e-06 	 1.149278e+07 	
4.49699700e+06 	 4.523126e-06 	 1.149094e+07 	
4.49749750e+06 	 4.520216e-06 	 1.148909e+07 	
4.49799800e+06 	 4.517307e-06 	 1.148724e+07 	
4.49849850e+06 	 4.514400e-06 	 1.148540e+07 	
4.49899900e+06 	 4.511494e-06 	 1.148355e+07 	
4.49949950e+06 	 4.508590e-06 	 1.148171e+07 	
4.50000000e+06 	 4.505688e-06 	 1.147986e+07 	
4.52440684e+06 	 4.366360e-06 	 1.139049e+07 	
4.54894606e+06 	 4.229796e-06 	 1.130179e+07 	
4.57361837e+06 	 4.096378e-06 	 1.121374e+07 	
4.59842450e+06 	 3.965608e-06 	 1.112636e+07 	
4.62336517e+06 	 3.837380e-06 	 1.103965e+07 	
4.64844111e+06 	 3.711999e-06 	 1.095358e+07 	
4.67365306e+06 	 3.589025e-06 	 1.086817e+07 	
4.69900175e+06 	 3.468723e-06 	 1.078339e+07 	
4.72448793e+06 	 3.351047e-06 	 1.069924e+07 	
4.75011233e+06 	 3.235623e-06 	 1.061574e+07 	
4.77587572e+06 	 3.122676e-06 	 1.053286e+07 	
4.80177884e+06 	 3.011868e-06 	 1.045062e+07 	
4.82782245e+06 	 2.903252e-06 	 1.036902e+07 	
4.85400732e+06 	 2.796949e-06 	 1.028802e+07 	
4.88033420e+06 	 2.692579e-06 	 1.020766e+07 	
4.90680388e+06 	 2.590059e-06 	 1.012795e+07 	
4.93341712e+06 	 2.489602e-06 	 1.004885e+07 	
4.96017470e+06 	 2.391164e-06 	 9.970365e+06 	
4.98707741e+06 	 2.294442e-06 	 9.892516e+06 	
5.01412604e+06 	 2.199359e-06 	 9.815310e+06 	
5.04132136e+06 	 2.106066e-06 	 9.738726e+06 	
5.06866419e+06 	 2.014517e-06 	 9.662763e+06 	
5.09615532e+06 	 1.924468e-06 	 9.587451e+06 	
5.12379556e+06 	 1.835849e-06 	 9.512800e+06 	
5.15158570e+06 	 1.748763e-06 	 9.438796e+06 	
5.17952658e+06 	 1.663080e-06 	 9.365458e+06 	
5.20761900e+06 	 1.578850e-06 	 9.292782e+06 	
5.23586378e+06 	 1.495842e-06 	 9.220813e+06 	
5.26426176e+06 	 1.414176e-06 	 9.149540e+06 	
5.29281376e+06 	 1.333656e-06 	 9.079014e+06 	
5.32152062e+06 	 1.254390e-06 	 9.009232e+06 	
5.35038317e+06 	 1.176221e-06 	 8.940253e+06 	
5.37940228e+06 	 1.099256e-06 	 8.872087e+06 	
5.40857877e+06 	 1.023385e-06 	 8.804802e+06 	
5.43791351e+06 	 9.487290e-07 	 8.738425e+06 	
5.46740735e+06 	 8.752419e-07 	 8.673038e+06 	
5.49706116e+06 	 8.030811e-07 	 8.608686e+06 	
5.52687580e+06 	 7.322830e-07 	 8.545471e+06 	
5.55685215e+06 	 6.630005e-07 	 8.483488e+06 	
5.58699109e+06 	 5.954964e-07 	 8.422816e+06 	
5.61729349e+06 	 5.299741e-07 	 8.363592e+06 	
5.64776024e+06 	 4.667956e-07 	 8.305922e+06 	
5.67839224e+06 	 4.063311e-07 	 8.249935e+06 	
5.70919038e+06 	 3.489650e-07 	 8.195801e+06 	
5.74015556e+06 	 2.951543e-07 	 8.143670e+06 	
5.77128868e+06 	 2.453934e-07 	 8.093665e+06 	
5.80259067e+06 	 2.001035e-07 	 8.045951e+06 	
5.83406242e+06 	 1.596859e-07 	 8.000620e+06 	
5.86570488e+06 	 1.243965e-07 	 7.957797e+06 	
5.89751895e+06 	 9.437116e-08 	 7.917507e+06 	
5.92950557e+06 	 6.953447e-08 	 7.879823e+06 	
5.96166568e+06 	 4.964678e-08 	 7.844637e+06 	
5.99400022e+06 	 3.426863e-08 	 7.811825e+06 	
6.02651014e+06 	 2.281501e-08 	 7.781285e+06 	
6.05919638e+06 	 1.462180e-08 	 7.752883e+06 	
6.09205990e+06 	 9.007652e-09 	 7.726185e+06 	
6.12510166e+06 	 5.326390e-09 	 7.701130e+06 	
6.15832264e+06 	 3.020547e-09 	 7.677543e+06 	
6.19172379e+06 	 1.642170e-09 	 7.654252e+06 	
6.22530611e+06 	 8.555726e-10 	 7.631397e+06 	
6.90522508e+06 	 1.000000e-20 	 7.232791e+06 	
7.65940383e+06 	 1.000000e-20 	 6.856691e+06 	
8.49595290e+06 	 1.000000e-20 	 6.501209e+06 	
9.42386866e+06 	 1.000000e-20 	 6.165054e+06 	
1.04531300e+07 	 1.000000e-20 	 5.847039e+06 	
1.15948059e+07 	 1.000000e-20 	 5.546072e+06 	
1.28611739e+07 	 1.000000e-20 	 5.261143e+06 	
1.42658528e+07 	 1.000000e-20 	 4.991315e+06 	
1.58239487e+07 	 1.000000e-20 	 4.735720e+06 	
1.75522176e+07 	 1.000000e-20 	 4.493547e+06 	
1.94692456e+07 	 1.000000e-20 	 4.264044e+06 	
2.15956486e+07 	 1.000000e-20 	 4.046505e+06 	
2.39542942e+07 	 1.000000e-20 	 3.840271e+06 	
2.65705478e+07 	 1.000000e-20 	 3.644724e+06 	
2.94725448e+07 	 1.000000e-20 	 3.459285e+06 	
3.26914937e+07 	 1.000000e-20 	 3.283408e+06 	
3.62620116e+07 	 1.000000e-20 	 3.116583e+06 	
4.02224964e+07 	 1.000000e-20 	 2.958327e+06 	
4.46155396e+07 	 1.000000e-20 	 2.808187e+06 	
4.94883846e+07 	 1.000000e-20 	 2.665735e+06 	
5.48934348e+07 	 1.000000e-20 	 2.530567e+06 	
6.08888168e+07 	 1.000000e-20 	 2.402303e+06 	
6.75390058e+07 	 1.000000e-20 	 2.280582e+06 	
7.49155188e+07 	 1.000000e-20 	 2.165065e+06 	
8.30976840e+07 	 1.000000e-20 	 2.055430e+06 	
9.21734935e+07 	 1.000000e-20 	 1.951374e+06 	
1.02240550e+08 	 1.000000e-20 	 1.852608e+06 	
1.13407116e+08 	 1.000000e-20 	 1.758860e+06 	
1.25793278e+08 	 1.000000e-20 	 1.669873e+06 	
1.39532238e+08 	 1.000000e-20 	 1.585402e+06 	
1.54771749e+08 	 1.000000e-20 	 1.505216e+06 	
1.71675697e+08 	 1.000000e-20 	 1.429096e+06 	
1.90425869e+08 	 1.000000e-20 	 1.356835e+06 	
2.11223909e+08 	 1.000000e-20 	 1.288235e+06 	
2.34293480e+08 	 1.000000e-20 	 1.223109e+06 	
2.59882677e+08 	 1.000000e-20 	 1.161282e+06 	
2.88266689e+08 	 1.000000e-20 	 1.102585e+06 	
3.19750762e+08 	 1.000000e-20 	 1.046859e+06 	
3.54673480e+08 	 1.000000e-20 	 9.939524e+05 	
3.93410408e+08 	 1.000000e-20 	 9.437229e+05 	
4.36378126e+08 	 1.000000e-20 	 8.960342e+05 	
4.84038718e+08 	 1.000000e-20 	 8.507576e+05 	
5.36904730e+08 	 1.000000e-20 	 8.077707e+05 	
5.95544692e+08 	 1.000000e-20 	 7.669574e+05 	
6.60589227e+08 	 1.000000e-20 	 7.282076e+05 	
7.32737832e+08 	 1.000000e-20 	 6.914168e+05 	
8.12766403e+08 	 1.000000e-20 	 6.564857e+05 	
9.01535581e+08 	 1.000000e-20 	 6.233203e+05 	
1.00000000e+09 	 1.000000e-20 	 5.918310e+05 	
