r (cm)        	 rho (g/cm3) 	 T (K)       		 Linf = 1.880926e+38
1.20003178e+06 	 5.972093e+04 	 1.244651e+09 	
1.20014085e+06 	 5.570001e+04 	 1.222688e+09 	
1.20035987e+06 	 4.829824e+04 	 1.178976e+09 	
1.20057888e+06 	 4.172880e+04 	 1.135800e+09 	
1.20079347e+06 	 3.602780e+04 	 1.094033e+09 	
1.20100807e+06 	 3.098906e+04 	 1.052817e+09 	
1.20122266e+06 	 2.655116e+04 	 1.012170e+09 	
1.20139797e+06 	 2.333136e+04 	 9.794002e+08 	
1.20157328e+06 	 2.044479e+04 	 9.470351e+08 	
1.20174860e+06 	 1.786376e+04 	 9.150864e+08 	
1.20192391e+06 	 1.556218e+04 	 8.835663e+08 	
1.20209922e+06 	 1.351558e+04 	 8.524868e+08 	
1.20227248e+06 	 1.172108e+04 	 8.222177e+08 	
1.20244573e+06 	 1.013251e+04 	 7.924040e+08 	
1.20261899e+06 	 8.730529e+03 	 7.630583e+08 	
1.20276251e+06 	 7.697557e+03 	 7.391122e+08 	
1.20290604e+06 	 6.770703e+03 	 7.155039e+08 	
1.20304956e+06 	 5.940991e+03 	 6.922410e+08 	
1.20319309e+06 	 5.200006e+03 	 6.693314e+08 	
1.20333661e+06 	 4.539879e+03 	 6.467829e+08 	
1.20347977e+06 	 3.954660e+03 	 6.246590e+08 	
1.20362293e+06 	 3.435797e+03 	 6.029103e+08 	
1.20376610e+06 	 2.976980e+03 	 5.815445e+08 	
1.20388423e+06 	 2.639429e+03 	 5.642080e+08 	
1.20400237e+06 	 2.335714e+03 	 5.471422e+08 	
1.20412050e+06 	 2.062971e+03 	 5.303515e+08 	
1.20423864e+06 	 1.818525e+03 	 5.138404e+08 	
1.20435677e+06 	 1.599878e+03 	 4.976133e+08 	
1.20447491e+06 	 1.404709e+03 	 4.816744e+08 	
1.20459400e+06 	 1.229541e+03 	 4.659033e+08 	
1.20471308e+06 	 1.073989e+03 	 4.504336e+08 	
1.20483217e+06 	 9.361569e+02 	 4.352695e+08 	
1.20493088e+06 	 8.340809e+02 	 4.229336e+08 	
1.20502960e+06 	 7.420565e+02 	 4.108127e+08 	
1.20512832e+06 	 6.592239e+02 	 3.989089e+08 	
1.20522703e+06 	 5.847829e+02 	 3.872241e+08 	
1.20532575e+06 	 5.179903e+02 	 3.757604e+08 	
1.20542447e+06 	 4.581570e+02 	 3.645195e+08 	
1.20552318e+06 	 4.046448e+02 	 3.535033e+08 	
1.20562547e+06 	 3.552344e+02 	 3.423267e+08 	
1.20572777e+06 	 3.113743e+02 	 3.313946e+08 	
1.20581253e+06 	 2.788364e+02 	 3.225218e+08 	
1.20589730e+06 	 2.494372e+02 	 3.138186e+08 	
1.20598207e+06 	 2.229064e+02 	 3.052858e+08 	
1.20606683e+06 	 1.989935e+02 	 2.969238e+08 	
1.20615160e+06 	 1.774663e+02 	 2.887332e+08 	
1.20623637e+06 	 1.581106e+02 	 2.807143e+08 	
1.20632113e+06 	 1.407283e+02 	 2.728675e+08 	
1.20640590e+06 	 1.251371e+02 	 2.651928e+08 	
1.20649067e+06 	 1.111692e+02 	 2.576903e+08 	
1.20658033e+06 	 9.799042e+01 	 2.499420e+08 	
1.20665503e+06 	 8.814590e+01 	 2.436339e+08 	
1.20672972e+06 	 7.923760e+01 	 2.374591e+08 	
1.20680442e+06 	 7.118365e+01 	 2.314174e+08 	
1.20687911e+06 	 6.390853e+01 	 2.255084e+08 	
1.20695381e+06 	 5.734260e+01 	 2.197316e+08 	
1.20702850e+06 	 5.142177e+01 	 2.140866e+08 	
1.20710320e+06 	 4.608711e+01 	 2.085728e+08 	
1.20717789e+06 	 4.128449e+01 	 2.031895e+08 	
1.20725259e+06 	 3.696431e+01 	 1.979359e+08 	
1.20732729e+06 	 3.308111e+01 	 1.928112e+08 	
1.20740198e+06 	 2.959330e+01 	 1.878146e+08 	
1.20747668e+06 	 2.646292e+01 	 1.829450e+08 	
1.20755137e+06 	 2.365530e+01 	 1.782014e+08 	
1.20762343e+06 	 2.122294e+01 	 1.737433e+08 	
1.20769550e+06 	 1.903573e+01 	 1.694003e+08 	
1.20776756e+06 	 1.707010e+01 	 1.651714e+08 	
1.20783962e+06 	 1.530456e+01 	 1.610551e+08 	
1.20791169e+06 	 1.371956e+01 	 1.570503e+08 	
1.20798375e+06 	 1.229734e+01 	 1.531557e+08 	
1.20805581e+06 	 1.102175e+01 	 1.493698e+08 	
1.20812787e+06 	 9.878162e+00 	 1.456911e+08 	
1.20819994e+06 	 8.853307e+00 	 1.421182e+08 	
1.20827200e+06 	 7.935181e+00 	 1.386496e+08 	
1.20834406e+06 	 7.112926e+00 	 1.352835e+08 	
1.20841612e+06 	 6.376737e+00 	 1.320183e+08 	
1.20848819e+06 	 5.717761e+00 	 1.288524e+08 	
1.20856025e+06 	 5.128019e+00 	 1.257840e+08 	
1.20863231e+06 	 4.600320e+00 	 1.228113e+08 	
1.20870438e+06 	 4.128195e+00 	 1.199325e+08 	
1.20878475e+06 	 3.660089e+00 	 1.168303e+08 	
1.20886512e+06 	 3.246673e+00 	 1.138400e+08 	
1.20894549e+06 	 2.881552e+00 	 1.109589e+08 	
1.20902586e+06 	 2.559061e+00 	 1.081843e+08 	
1.20910623e+06 	 2.274186e+00 	 1.055136e+08 	
1.20918660e+06 	 2.022492e+00 	 1.029440e+08 	
1.20926696e+06 	 1.800060e+00 	 1.004727e+08 	
1.20934733e+06 	 1.603427e+00 	 9.809700e+07 	
1.20942770e+06 	 1.429540e+00 	 9.581413e+07 	
1.20950807e+06 	 1.275702e+00 	 9.362132e+07 	
1.20958844e+06 	 1.139539e+00 	 9.151581e+07 	
1.20966881e+06 	 1.018955e+00 	 8.949486e+07 	
1.20976700e+06 	 8.901105e-01 	 8.713658e+07 	
1.20986519e+06 	 7.788581e-01 	 8.489550e+07 	
1.20996338e+06 	 6.826966e-01 	 8.276675e+07 	
1.21006157e+06 	 5.994858e-01 	 8.074552e+07 	
1.21015976e+06 	 5.273947e-01 	 7.882710e+07 	
1.21025795e+06 	 4.648575e-01 	 7.700686e+07 	
1.21035615e+06 	 4.105347e-01 	 7.528029e+07 	
1.21045434e+06 	 3.632803e-01 	 7.364297e+07 	
1.21057341e+06 	 3.140598e-01 	 7.177098e+07 	
1.21069249e+06 	 2.723259e-01 	 7.001656e+07 	
1.21081157e+06 	 2.368563e-01 	 6.837260e+07 	
1.21093064e+06 	 2.066373e-01 	 6.683229e+07 	
1.21104972e+06 	 1.808272e-01 	 6.538913e+07 	
1.21119536e+06 	 1.542407e-01 	 6.374702e+07 	
1.21134101e+06 	 1.321640e-01 	 6.223027e+07 	
1.21148665e+06 	 1.137594e-01 	 6.082885e+07 	
1.21163229e+06 	 9.835493e-02 	 5.953341e+07 	
1.21180651e+06 	 8.311942e-02 	 5.811097e+07 	
1.21198073e+06 	 7.067479e-02 	 5.681415e+07 	
1.21215494e+06 	 6.045166e-02 	 5.563057e+07 	
1.21235229e+06 	 5.099877e-02 	 5.441251e+07 	
1.21254964e+06 	 4.333079e-02 	 5.331075e+07 	
1.21277420e+06 	 3.629660e-02 	 5.218206e+07 	
1.21299875e+06 	 3.065992e-02 	 5.117036e+07 	
1.21325437e+06 	 2.554570e-02 	 5.014257e+07 	
1.21350999e+06 	 2.149059e-02 	 4.922899e+07 	
1.21380060e+06 	 1.785029e-02 	 4.830922e+07 	
1.21409120e+06 	 1.498742e-02 	 4.749739e+07 	
1.21442249e+06 	 1.242925e-02 	 4.668308e+07 	
1.21475379e+06 	 1.043069e-02 	 4.596852e+07 	
1.21512817e+06 	 8.668147e-03 	 4.526113e+07 	
1.21550256e+06 	 7.294298e-03 	 4.464220e+07 	
1.21597058e+06 	 5.972839e-03 	 4.397053e+07 	
1.21643860e+06 	 4.968399e-03 	 4.339128e+07 	
1.21690663e+06 	 4.191164e-03 	 4.288693e+07 	
1.21750730e+06 	 3.430745e-03 	 4.232796e+07 	
1.21810798e+06 	 2.859046e-03 	 4.184835e+07 	
1.21870865e+06 	 2.420218e-03 	 4.143186e+07 	
1.21950377e+06 	 1.982173e-03 	 4.095713e+07 	
1.22029888e+06 	 1.657113e-03 	 4.055080e+07 	
1.22109400e+06 	 1.410000e-03 	 4.019781e+07 	
1.22217215e+06 	 1.160200e-03 	 3.978509e+07 	
1.22325031e+06 	 9.771925e-04 	 3.943073e+07 	
1.22432846e+06 	 8.393506e-04 	 3.912104e+07 	
1.22587302e+06 	 6.944917e-04 	 3.873631e+07 	
1.22741757e+06 	 5.906467e-04 	 3.840370e+07 	
1.22866968e+06 	 5.266519e-04 	 3.816305e+07 	
1.23087777e+06 	 4.430902e-04 	 3.778612e+07 	
1.23308586e+06 	 3.842038e-04 	 3.745431e+07 	
1.23529396e+06 	 3.410972e-04 	 3.715533e+07 	
1.23830512e+06 	 2.986460e-04 	 3.678610e+07 	
1.24131628e+06 	 2.683228e-04 	 3.644911e+07 	
1.24432744e+06 	 2.458010e-04 	 3.613550e+07 	
1.24733861e+06 	 2.285104e-04 	 3.583935e+07 	
1.25189689e+06 	 2.088779e-04 	 3.541545e+07 	
1.25645516e+06 	 1.943203e-04 	 3.501295e+07 	
1.26335967e+06 	 1.779801e-04 	 3.443150e+07 	
1.27026418e+06 	 1.656289e-04 	 3.387390e+07 	
1.27716869e+06 	 1.555523e-04 	 3.333354e+07 	
1.28834535e+06 	 1.419710e-04 	 3.248647e+07 	
1.29265650e+06 	 1.373128e-04 	 3.216737e+07 	
1.30674179e+06 	 1.235564e-04 	 3.115038e+07 	
1.31550798e+06 	 1.158552e-04 	 3.053558e+07 	
1.32399698e+06 	 1.088994e-04 	 2.995259e+07 	
1.33248598e+06 	 1.023794e-04 	 2.938128e+07 	
1.33718710e+06 	 9.894086e-05 	 2.906977e+07 	
1.34250000e+06 	 9.519310e-05 	 2.872180e+07 	
1.35000000e+06 	 9.014203e-05 	 2.823785e+07 	
1.35750000e+06 	 8.535348e-05 	 2.776217e+07 	
1.36500000e+06 	 8.081108e-05 	 2.729456e+07 	
1.37250000e+06 	 7.650275e-05 	 2.683486e+07 	
1.38000000e+06 	 7.241397e-05 	 2.638285e+07 	
1.38750000e+06 	 6.853260e-05 	 2.593838e+07 	
1.39500000e+06 	 6.484723e-05 	 2.550127e+07 	
1.40250000e+06 	 6.134711e-05 	 2.507135e+07 	
1.41000000e+06 	 5.802205e-05 	 2.464848e+07 	
1.41750000e+06 	 5.486248e-05 	 2.423248e+07 	
1.42500000e+06 	 5.185930e-05 	 2.382322e+07 	
1.43250000e+06 	 4.900395e-05 	 2.342056e+07 	
1.44000000e+06 	 4.628833e-05 	 2.302434e+07 	
1.44750000e+06 	 4.370469e-05 	 2.263444e+07 	
1.45500000e+06 	 4.124566e-05 	 2.225073e+07 	
1.46250000e+06 	 3.890469e-05 	 2.187308e+07 	
1.47000000e+06 	 3.667488e-05 	 2.150137e+07 	
1.47750000e+06 	 3.455009e-05 	 2.113549e+07 	
1.48500000e+06 	 3.252438e-05 	 2.077532e+07 	
1.50000000e+06 	 2.874788e-05 	 2.007168e+07 	
1.50050050e+06 	 2.862782e-05 	 2.004858e+07 	
1.50100100e+06 	 2.850812e-05 	 2.002550e+07 	
1.50150150e+06 	 2.838879e-05 	 2.000245e+07 	
1.50200200e+06 	 2.826983e-05 	 1.997942e+07 	
1.50250250e+06 	 2.815123e-05 	 1.995642e+07 	
1.50300300e+06 	 2.803299e-05 	 1.993344e+07 	
1.50350350e+06 	 2.791511e-05 	 1.991048e+07 	
1.50400400e+06 	 2.779759e-05 	 1.988755e+07 	
1.50450450e+06 	 2.768043e-05 	 1.986464e+07 	
1.50500501e+06 	 2.756362e-05 	 1.984175e+07 	
1.50550551e+06 	 2.744716e-05 	 1.981889e+07 	
1.50600601e+06 	 2.733106e-05 	 1.979605e+07 	
1.50650651e+06 	 2.721531e-05 	 1.977324e+07 	
1.50700701e+06 	 2.709991e-05 	 1.975045e+07 	
1.50750751e+06 	 2.698485e-05 	 1.972768e+07 	
1.50800801e+06 	 2.687015e-05 	 1.970494e+07 	
1.50850851e+06 	 2.675579e-05 	 1.968222e+07 	
1.50900901e+06 	 2.664177e-05 	 1.965952e+07 	
1.50950951e+06 	 2.652809e-05 	 1.963685e+07 	
1.51001001e+06 	 2.641476e-05 	 1.961420e+07 	
1.51051051e+06 	 2.630177e-05 	 1.959158e+07 	
1.51101101e+06 	 2.618911e-05 	 1.956898e+07 	
1.51151151e+06 	 2.607679e-05 	 1.954640e+07 	
1.51201201e+06 	 2.596481e-05 	 1.952384e+07 	
1.51251251e+06 	 2.585316e-05 	 1.950131e+07 	
1.51301301e+06 	 2.574185e-05 	 1.947880e+07 	
1.51351351e+06 	 2.563087e-05 	 1.945632e+07 	
1.51401401e+06 	 2.552022e-05 	 1.943386e+07 	
1.51451451e+06 	 2.540989e-05 	 1.941142e+07 	
1.51501502e+06 	 2.529990e-05 	 1.938900e+07 	
1.51551552e+06 	 2.519023e-05 	 1.936661e+07 	
1.51601602e+06 	 2.508088e-05 	 1.934425e+07 	
1.51651652e+06 	 2.497186e-05 	 1.932190e+07 	
1.51701702e+06 	 2.486317e-05 	 1.929958e+07 	
1.51751752e+06 	 2.475479e-05 	 1.927728e+07 	
1.51801802e+06 	 2.464673e-05 	 1.925501e+07 	
1.51851852e+06 	 2.453899e-05 	 1.923275e+07 	
1.51901902e+06 	 2.443157e-05 	 1.921053e+07 	
1.51951952e+06 	 2.432447e-05 	 1.918832e+07 	
1.52002002e+06 	 2.421767e-05 	 1.916614e+07 	
1.52052052e+06 	 2.411119e-05 	 1.914398e+07 	
1.52102102e+06 	 2.400503e-05 	 1.912184e+07 	
1.52152152e+06 	 2.389917e-05 	 1.909973e+07 	
1.52202202e+06 	 2.379362e-05 	 1.907764e+07 	
1.52252252e+06 	 2.368838e-05 	 1.905557e+07 	
1.52302302e+06 	 2.358344e-05 	 1.903353e+07 	
1.52352352e+06 	 2.347881e-05 	 1.901151e+07 	
1.52402402e+06 	 2.337448e-05 	 1.898951e+07 	
1.52452452e+06 	 2.327046e-05 	 1.896753e+07 	
1.52502503e+06 	 2.316673e-05 	 1.894558e+07 	
1.52552553e+06 	 2.306331e-05 	 1.892365e+07 	
1.52602603e+06 	 2.296018e-05 	 1.890174e+07 	
1.52652653e+06 	 2.285735e-05 	 1.887986e+07 	
1.52702703e+06 	 2.275481e-05 	 1.885800e+07 	
1.52752753e+06 	 2.265257e-05 	 1.883616e+07 	
1.52802803e+06 	 2.255062e-05 	 1.881434e+07 	
1.52852853e+06 	 2.244896e-05 	 1.879255e+07 	
1.52902903e+06 	 2.234759e-05 	 1.877078e+07 	
1.52952953e+06 	 2.224651e-05 	 1.874903e+07 	
1.53003003e+06 	 2.214572e-05 	 1.872731e+07 	
1.53053053e+06 	 2.204521e-05 	 1.870561e+07 	
1.53103103e+06 	 2.194498e-05 	 1.868393e+07 	
1.53153153e+06 	 2.184504e-05 	 1.866227e+07 	
1.53203203e+06 	 2.174538e-05 	 1.864064e+07 	
1.53253253e+06 	 2.164600e-05 	 1.861902e+07 	
1.53303303e+06 	 2.154690e-05 	 1.859743e+07 	
1.53353353e+06 	 2.144808e-05 	 1.857587e+07 	
1.53403403e+06 	 2.134954e-05 	 1.855432e+07 	
1.53453453e+06 	 2.125127e-05 	 1.853280e+07 	
1.53503504e+06 	 2.115328e-05 	 1.851130e+07 	
1.53553554e+06 	 2.105556e-05 	 1.848983e+07 	
1.53603604e+06 	 2.095812e-05 	 1.846837e+07 	
1.53653654e+06 	 2.086094e-05 	 1.844694e+07 	
1.53703704e+06 	 2.076404e-05 	 1.842553e+07 	
1.53753754e+06 	 2.066740e-05 	 1.840414e+07 	
1.53803804e+06 	 2.057103e-05 	 1.838278e+07 	
1.53853854e+06 	 2.047493e-05 	 1.836144e+07 	
1.53903904e+06 	 2.037909e-05 	 1.834012e+07 	
1.53953954e+06 	 2.028351e-05 	 1.831882e+07 	
1.54004004e+06 	 2.018820e-05 	 1.829754e+07 	
1.54054054e+06 	 2.009315e-05 	 1.827629e+07 	
1.54104104e+06 	 1.999836e-05 	 1.825506e+07 	
1.54154154e+06 	 1.990383e-05 	 1.823385e+07 	
1.54204204e+06 	 1.980955e-05 	 1.821267e+07 	
1.54254254e+06 	 1.971554e-05 	 1.819150e+07 	
1.54304304e+06 	 1.962177e-05 	 1.817036e+07 	
1.54354354e+06 	 1.952827e-05 	 1.814924e+07 	
1.54404404e+06 	 1.943501e-05 	 1.812815e+07 	
1.54454454e+06 	 1.934200e-05 	 1.810707e+07 	
1.54504505e+06 	 1.924925e-05 	 1.808602e+07 	
1.54554555e+06 	 1.915674e-05 	 1.806499e+07 	
1.54604605e+06 	 1.906448e-05 	 1.804398e+07 	
1.54654655e+06 	 1.897247e-05 	 1.802300e+07 	
1.54704705e+06 	 1.888071e-05 	 1.800203e+07 	
1.54754755e+06 	 1.878918e-05 	 1.798109e+07 	
1.54804805e+06 	 1.869790e-05 	 1.796017e+07 	
1.54854855e+06 	 1.860687e-05 	 1.793928e+07 	
1.54904905e+06 	 1.851607e-05 	 1.791840e+07 	
1.54954955e+06 	 1.842551e-05 	 1.789755e+07 	
1.55005005e+06 	 1.833519e-05 	 1.787672e+07 	
1.55055055e+06 	 1.824510e-05 	 1.785591e+07 	
1.55105105e+06 	 1.815525e-05 	 1.783513e+07 	
1.55155155e+06 	 1.806564e-05 	 1.781436e+07 	
1.55205205e+06 	 1.797625e-05 	 1.779362e+07 	
1.55255255e+06 	 1.788710e-05 	 1.777290e+07 	
1.55305305e+06 	 1.779818e-05 	 1.775220e+07 	
1.55355355e+06 	 1.770949e-05 	 1.773153e+07 	
1.55405405e+06 	 1.762103e-05 	 1.771087e+07 	
1.55455455e+06 	 1.753279e-05 	 1.769024e+07 	
1.55505506e+06 	 1.744478e-05 	 1.766963e+07 	
1.55555556e+06 	 1.735699e-05 	 1.764905e+07 	
1.55605606e+06 	 1.726943e-05 	 1.762848e+07 	
1.55655656e+06 	 1.718208e-05 	 1.760794e+07 	
1.55705706e+06 	 1.709496e-05 	 1.758742e+07 	
1.55755756e+06 	 1.700806e-05 	 1.756692e+07 	
1.55805806e+06 	 1.692138e-05 	 1.754645e+07 	
1.55855856e+06 	 1.683576e-05 	 1.752596e+07 	
1.55905906e+06 	 1.674954e-05 	 1.750553e+07 	
1.55955956e+06 	 1.666353e-05 	 1.748512e+07 	
1.56006006e+06 	 1.657775e-05 	 1.746473e+07 	
1.56056056e+06 	 1.649217e-05 	 1.744436e+07 	
1.56106106e+06 	 1.640681e-05 	 1.742401e+07 	
1.56156156e+06 	 1.632165e-05 	 1.740369e+07 	
1.56206206e+06 	 1.623671e-05 	 1.738339e+07 	
1.56256256e+06 	 1.615198e-05 	 1.736311e+07 	
1.56306306e+06 	 1.606746e-05 	 1.734285e+07 	
1.56356356e+06 	 1.598314e-05 	 1.732262e+07 	
1.56406406e+06 	 1.589903e-05 	 1.730241e+07 	
1.56456456e+06 	 1.581512e-05 	 1.728222e+07 	
1.56506507e+06 	 1.573142e-05 	 1.726205e+07 	
1.56556557e+06 	 1.564791e-05 	 1.724190e+07 	
1.56606607e+06 	 1.556461e-05 	 1.722178e+07 	
1.56656657e+06 	 1.548151e-05 	 1.720167e+07 	
1.56706707e+06 	 1.539861e-05 	 1.718159e+07 	
1.56756757e+06 	 1.531591e-05 	 1.716153e+07 	
1.56806807e+06 	 1.523262e-05 	 1.714153e+07 	
1.56856857e+06 	 1.515029e-05 	 1.712152e+07 	
1.56906907e+06 	 1.506814e-05 	 1.710152e+07 	
1.56956957e+06 	 1.498619e-05 	 1.708156e+07 	
1.57007007e+06 	 1.490443e-05 	 1.706161e+07 	
1.57057057e+06 	 1.482286e-05 	 1.704169e+07 	
1.57107107e+06 	 1.474148e-05 	 1.702178e+07 	
1.57157157e+06 	 1.466028e-05 	 1.700191e+07 	
1.57207207e+06 	 1.457927e-05 	 1.698205e+07 	
1.57257257e+06 	 1.449845e-05 	 1.696221e+07 	
1.57307307e+06 	 1.441781e-05 	 1.694240e+07 	
1.57357357e+06 	 1.433736e-05 	 1.692261e+07 	
1.57407407e+06 	 1.425708e-05 	 1.690284e+07 	
1.57457457e+06 	 1.417699e-05 	 1.688310e+07 	
1.57507508e+06 	 1.409708e-05 	 1.686338e+07 	
1.57557558e+06 	 1.401734e-05 	 1.684368e+07 	
1.57607608e+06 	 1.393778e-05 	 1.682400e+07 	
1.57657658e+06 	 1.385840e-05 	 1.680434e+07 	
1.57707708e+06 	 1.377849e-05 	 1.678474e+07 	
1.57757758e+06 	 1.369943e-05 	 1.676513e+07 	
1.57807808e+06 	 1.362055e-05 	 1.674554e+07 	
1.57857858e+06 	 1.354183e-05 	 1.672598e+07 	
1.57907908e+06 	 1.346329e-05 	 1.670644e+07 	
1.57957958e+06 	 1.338491e-05 	 1.668692e+07 	
1.58008008e+06 	 1.330671e-05 	 1.666742e+07 	
1.58058058e+06 	 1.322866e-05 	 1.664795e+07 	
1.58108108e+06 	 1.315079e-05 	 1.662850e+07 	
1.58158158e+06 	 1.307307e-05 	 1.660907e+07 	
1.58208208e+06 	 1.299552e-05 	 1.658967e+07 	
1.58258258e+06 	 1.291813e-05 	 1.657029e+07 	
1.58308308e+06 	 1.284091e-05 	 1.655093e+07 	
1.58358358e+06 	 1.276384e-05 	 1.653159e+07 	
1.58408408e+06 	 1.268693e-05 	 1.651228e+07 	
1.58458458e+06 	 1.261017e-05 	 1.649299e+07 	
1.58508509e+06 	 1.253358e-05 	 1.647372e+07 	
1.58558559e+06 	 1.245713e-05 	 1.645448e+07 	
1.58608609e+06 	 1.238084e-05 	 1.643526e+07 	
1.58658659e+06 	 1.230407e-05 	 1.641609e+07 	
1.58708709e+06 	 1.222806e-05 	 1.639692e+07 	
1.58758759e+06 	 1.215221e-05 	 1.637777e+07 	
1.58808809e+06 	 1.207650e-05 	 1.635865e+07 	
1.58858859e+06 	 1.200094e-05 	 1.633955e+07 	
1.58908909e+06 	 1.192552e-05 	 1.632047e+07 	
1.58958959e+06 	 1.185025e-05 	 1.630141e+07 	
1.59009009e+06 	 1.177513e-05 	 1.628238e+07 	
1.59059059e+06 	 1.170014e-05 	 1.626338e+07 	
1.59109109e+06 	 1.162530e-05 	 1.624440e+07 	
1.59159159e+06 	 1.155060e-05 	 1.622544e+07 	
1.59209209e+06 	 1.147603e-05 	 1.620650e+07 	
1.59259259e+06 	 1.140161e-05 	 1.618759e+07 	
1.59309309e+06 	 1.132732e-05 	 1.616871e+07 	
1.59359359e+06 	 1.125317e-05 	 1.614984e+07 	
1.59409409e+06 	 1.117915e-05 	 1.613101e+07 	
1.59459459e+06 	 1.110526e-05 	 1.611219e+07 	
1.59509510e+06 	 1.103151e-05 	 1.609340e+07 	
1.59559560e+06 	 1.095732e-05 	 1.607467e+07 	
1.59609610e+06 	 1.088381e-05 	 1.605593e+07 	
1.59659660e+06 	 1.081043e-05 	 1.603722e+07 	
1.59709710e+06 	 1.073718e-05 	 1.601853e+07 	
1.59759760e+06 	 1.066405e-05 	 1.599987e+07 	
1.59809810e+06 	 1.059105e-05 	 1.598123e+07 	
1.59859860e+06 	 1.051817e-05 	 1.596262e+07 	
1.59909910e+06 	 1.044541e-05 	 1.594403e+07 	
1.59959960e+06 	 1.037278e-05 	 1.592547e+07 	
1.60010010e+06 	 1.030027e-05 	 1.590693e+07 	
1.60060060e+06 	 1.022788e-05 	 1.588842e+07 	
1.60110110e+06 	 1.015560e-05 	 1.586993e+07 	
1.60160160e+06 	 1.008344e-05 	 1.585147e+07 	
1.60210210e+06 	 1.001140e-05 	 1.583304e+07 	
1.60260260e+06 	 9.939480e-06 	 1.581463e+07 	
1.60310310e+06 	 9.867670e-06 	 1.579625e+07 	
1.60360360e+06 	 9.795973e-06 	 1.577790e+07 	
1.60410410e+06 	 9.724878e-06 	 1.575954e+07 	
1.60460460e+06 	 9.653421e-06 	 1.574124e+07 	
1.60510511e+06 	 9.582075e-06 	 1.572297e+07 	
1.60560561e+06 	 9.510839e-06 	 1.570472e+07 	
1.60610611e+06 	 9.439712e-06 	 1.568650e+07 	
1.60660661e+06 	 9.368693e-06 	 1.566831e+07 	
1.60710711e+06 	 9.297781e-06 	 1.565014e+07 	
1.60760761e+06 	 9.226975e-06 	 1.563200e+07 	
1.60810811e+06 	 9.156275e-06 	 1.561389e+07 	
1.60860861e+06 	 9.085680e-06 	 1.559581e+07 	
1.60910911e+06 	 9.015188e-06 	 1.557776e+07 	
1.60960961e+06 	 8.944799e-06 	 1.555973e+07 	
1.61011011e+06 	 8.874512e-06 	 1.554173e+07 	
1.61061061e+06 	 8.804327e-06 	 1.552376e+07 	
1.61111111e+06 	 8.734242e-06 	 1.550582e+07 	
1.61161161e+06 	 8.664256e-06 	 1.548791e+07 	
1.61211211e+06 	 8.594370e-06 	 1.547003e+07 	
1.61261261e+06 	 8.524582e-06 	 1.545218e+07 	
1.61311311e+06 	 8.455317e-06 	 1.543433e+07 	
1.61361361e+06 	 8.385736e-06 	 1.541654e+07 	
1.61411411e+06 	 8.316253e-06 	 1.539877e+07 	
1.61461461e+06 	 8.246866e-06 	 1.538104e+07 	
1.61511512e+06 	 8.177574e-06 	 1.536334e+07 	
1.61561562e+06 	 8.108377e-06 	 1.534566e+07 	
1.61611612e+06 	 8.039275e-06 	 1.532802e+07 	
1.61661662e+06 	 7.970267e-06 	 1.531042e+07 	
1.61711712e+06 	 7.901353e-06 	 1.529284e+07 	
1.61761762e+06 	 7.832532e-06 	 1.527529e+07 	
1.61811812e+06 	 7.763804e-06 	 1.525778e+07 	
1.61861862e+06 	 7.695169e-06 	 1.524030e+07 	
1.61911912e+06 	 7.626627e-06 	 1.522285e+07 	
1.61961962e+06 	 7.558176e-06 	 1.520543e+07 	
1.62012012e+06 	 7.489818e-06 	 1.518805e+07 	
1.62062062e+06 	 7.421552e-06 	 1.517070e+07 	
1.62112112e+06 	 7.353377e-06 	 1.515338e+07 	
1.62162162e+06 	 7.285294e-06 	 1.513610e+07 	
1.62212212e+06 	 7.216941e-06 	 1.511888e+07 	
1.62262262e+06 	 7.149031e-06 	 1.510167e+07 	
1.62312312e+06 	 7.081213e-06 	 1.508450e+07 	
1.62362362e+06 	 7.013487e-06 	 1.506736e+07 	
1.62412412e+06 	 6.945853e-06 	 1.505025e+07 	
1.62462462e+06 	 6.878312e-06 	 1.503318e+07 	
1.62512513e+06 	 6.810863e-06 	 1.501615e+07 	
1.62562563e+06 	 6.743508e-06 	 1.499916e+07 	
1.62612613e+06 	 6.676247e-06 	 1.498220e+07 	
1.62662663e+06 	 6.609080e-06 	 1.496528e+07 	
1.62712713e+06 	 6.542008e-06 	 1.494840e+07 	
1.62762763e+06 	 6.475031e-06 	 1.493155e+07 	
1.62812813e+06 	 6.408152e-06 	 1.491475e+07 	
1.62862863e+06 	 6.341369e-06 	 1.489798e+07 	
1.62912913e+06 	 6.274685e-06 	 1.488126e+07 	
1.62962963e+06 	 6.208101e-06 	 1.486457e+07 	
1.63013013e+06 	 6.141617e-06 	 1.484792e+07 	
1.63063063e+06 	 6.075235e-06 	 1.483132e+07 	
1.63113113e+06 	 6.009258e-06 	 1.481473e+07 	
1.63163163e+06 	 5.943092e-06 	 1.479821e+07 	
1.63213213e+06 	 5.877032e-06 	 1.478173e+07 	
1.63263263e+06 	 5.811079e-06 	 1.476529e+07 	
1.63313313e+06 	 5.745237e-06 	 1.474890e+07 	
1.63363363e+06 	 5.679506e-06 	 1.473255e+07 	
1.63413413e+06 	 5.613888e-06 	 1.471624e+07 	
1.63463463e+06 	 5.548385e-06 	 1.469998e+07 	
1.63513514e+06 	 5.483000e-06 	 1.468377e+07 	
1.63563564e+06 	 5.417735e-06 	 1.466760e+07 	
1.63613614e+06 	 5.352592e-06 	 1.465148e+07 	
1.63663664e+06 	 5.287574e-06 	 1.463541e+07 	
1.63713714e+06 	 5.222683e-06 	 1.461938e+07 	
1.63763764e+06 	 5.157923e-06 	 1.460340e+07 	
1.63813814e+06 	 5.093295e-06 	 1.458747e+07 	
1.63863864e+06 	 5.028804e-06 	 1.457159e+07 	
1.63913914e+06 	 4.964452e-06 	 1.455576e+07 	
1.63963964e+06 	 4.900243e-06 	 1.453998e+07 	
1.64014014e+06 	 4.835936e-06 	 1.452428e+07 	
1.64064064e+06 	 4.772016e-06 	 1.450861e+07 	
1.64114114e+06 	 4.708250e-06 	 1.449298e+07 	
1.64164164e+06 	 4.644642e-06 	 1.447741e+07 	
1.64214214e+06 	 4.581195e-06 	 1.446190e+07 	
1.64264264e+06 	 4.517914e-06 	 1.444644e+07 	
1.64314314e+06 	 4.454803e-06 	 1.443104e+07 	
1.64364364e+06 	 4.391866e-06 	 1.441569e+07 	
1.64414414e+06 	 4.329109e-06 	 1.440040e+07 	
1.64464464e+06 	 4.266536e-06 	 1.438517e+07 	
1.64514515e+06 	 4.204153e-06 	 1.436999e+07 	
1.64564565e+06 	 4.141964e-06 	 1.435487e+07 	
1.64614615e+06 	 4.079976e-06 	 1.433982e+07 	
1.64664665e+06 	 4.018193e-06 	 1.432482e+07 	
1.64714715e+06 	 3.956621e-06 	 1.430989e+07 	
1.64764765e+06 	 3.895266e-06 	 1.429502e+07 	
1.64814815e+06 	 3.834135e-06 	 1.428021e+07 	
1.64864865e+06 	 3.773233e-06 	 1.426547e+07 	
1.64914915e+06 	 3.712757e-06 	 1.425076e+07 	
1.64964965e+06 	 3.652338e-06 	 1.423615e+07 	
1.65015015e+06 	 3.592169e-06 	 1.422160e+07 	
1.65065065e+06 	 3.532256e-06 	 1.420712e+07 	
1.65115115e+06 	 3.472607e-06 	 1.419271e+07 	
1.65165165e+06 	 3.413229e-06 	 1.417837e+07 	
1.65215215e+06 	 3.354130e-06 	 1.416409e+07 	
1.65265265e+06 	 3.295316e-06 	 1.414989e+07 	
1.65315315e+06 	 3.236797e-06 	 1.413576e+07 	
1.65365365e+06 	 3.178579e-06 	 1.412170e+07 	
1.65415415e+06 	 3.120671e-06 	 1.410772e+07 	
1.65465465e+06 	 3.063082e-06 	 1.409381e+07 	
1.65515516e+06 	 3.005819e-06 	 1.407998e+07 	
1.65565566e+06 	 2.948892e-06 	 1.406622e+07 	
1.65615616e+06 	 2.892309e-06 	 1.405254e+07 	
1.65665666e+06 	 2.836079e-06 	 1.403894e+07 	
1.65715716e+06 	 2.780210e-06 	 1.402541e+07 	
1.65765766e+06 	 2.724713e-06 	 1.401197e+07 	
1.65815816e+06 	 2.669733e-06 	 1.399858e+07 	
1.65865866e+06 	 2.615008e-06 	 1.398530e+07 	
1.65915916e+06 	 2.560682e-06 	 1.397210e+07 	
1.65965966e+06 	 2.506765e-06 	 1.395899e+07 	
1.66016016e+06 	 2.453267e-06 	 1.394596e+07 	
1.66066066e+06 	 2.400196e-06 	 1.393302e+07 	
1.66116116e+06 	 2.347563e-06 	 1.392016e+07 	
1.66166166e+06 	 2.295377e-06 	 1.390739e+07 	
1.66216216e+06 	 2.243649e-06 	 1.389471e+07 	
1.66266266e+06 	 2.192388e-06 	 1.388212e+07 	
1.66316316e+06 	 2.141604e-06 	 1.386962e+07 	
1.66366366e+06 	 2.091308e-06 	 1.385722e+07 	
1.66416416e+06 	 2.041508e-06 	 1.384490e+07 	
1.66466466e+06 	 1.992215e-06 	 1.383268e+07 	
1.66516517e+06 	 1.943438e-06 	 1.382055e+07 	
1.66566567e+06 	 1.895188e-06 	 1.380852e+07 	
1.66616617e+06 	 1.847473e-06 	 1.379658e+07 	
1.66666667e+06 	 1.800214e-06 	 1.378477e+07 	
1.66716717e+06 	 1.753599e-06 	 1.377303e+07 	
1.66766767e+06 	 1.707548e-06 	 1.376139e+07 	
1.66816817e+06 	 1.662071e-06 	 1.374985e+07 	
1.66866867e+06 	 1.617177e-06 	 1.373841e+07 	
1.66916917e+06 	 1.572874e-06 	 1.372707e+07 	
1.66966967e+06 	 1.529172e-06 	 1.371584e+07 	
1.67017017e+06 	 1.486078e-06 	 1.370470e+07 	
1.67067067e+06 	 1.443601e-06 	 1.369367e+07 	
1.67117117e+06 	 1.401749e-06 	 1.368275e+07 	
1.67167167e+06 	 1.360529e-06 	 1.367193e+07 	
1.67217217e+06 	 1.319950e-06 	 1.366121e+07 	
1.67267267e+06 	 1.280018e-06 	 1.365061e+07 	
1.67317317e+06 	 1.240740e-06 	 1.364010e+07 	
1.67367367e+06 	 1.202122e-06 	 1.362971e+07 	
1.67417417e+06 	 1.164171e-06 	 1.361943e+07 	
1.67467467e+06 	 1.126892e-06 	 1.360925e+07 	
1.67517518e+06 	 1.090291e-06 	 1.359919e+07 	
1.67567568e+06 	 1.054426e-06 	 1.358920e+07 	
1.67617618e+06 	 1.019195e-06 	 1.357936e+07 	
1.67667668e+06 	 9.846542e-07 	 1.356962e+07 	
1.67717718e+06 	 9.508083e-07 	 1.356000e+07 	
1.67767768e+06 	 9.176600e-07 	 1.355049e+07 	
1.67817818e+06 	 8.852120e-07 	 1.354109e+07 	
1.67867868e+06 	 8.534664e-07 	 1.353181e+07 	
1.67917918e+06 	 8.224247e-07 	 1.352263e+07 	
1.67967968e+06 	 7.920882e-07 	 1.351357e+07 	
1.68018018e+06 	 7.624573e-07 	 1.350462e+07 	
1.68068068e+06 	 7.335321e-07 	 1.349579e+07 	
1.68118118e+06 	 7.053120e-07 	 1.348707e+07 	
1.68168168e+06 	 6.777961e-07 	 1.347846e+07 	
1.68218218e+06 	 6.509827e-07 	 1.346997e+07 	
1.68268268e+06 	 6.248696e-07 	 1.346159e+07 	
1.68318318e+06 	 5.994541e-07 	 1.345332e+07 	
1.68368368e+06 	 5.747617e-07 	 1.344514e+07 	
1.68418418e+06 	 5.507310e-07 	 1.343710e+07 	
1.68468468e+06 	 5.273865e-07 	 1.342917e+07 	
1.68518519e+06 	 5.047232e-07 	 1.342135e+07 	
1.68568569e+06 	 4.827357e-07 	 1.341365e+07 	
1.68618619e+06 	 4.614179e-07 	 1.340606e+07 	
1.68668669e+06 	 4.407634e-07 	 1.339858e+07 	
1.68718719e+06 	 4.207651e-07 	 1.339121e+07 	
1.68768769e+06 	 4.014156e-07 	 1.338395e+07 	
1.68818819e+06 	 3.827069e-07 	 1.337680e+07 	
1.68868869e+06 	 3.646305e-07 	 1.336976e+07 	
1.68918919e+06 	 3.471774e-07 	 1.336283e+07 	
1.68968969e+06 	 3.303385e-07 	 1.335601e+07 	
1.69019019e+06 	 3.141038e-07 	 1.334930e+07 	
1.69069069e+06 	 2.984633e-07 	 1.334269e+07 	
1.69119119e+06 	 2.834064e-07 	 1.333619e+07 	
1.69169169e+06 	 2.689084e-07 	 1.332983e+07 	
1.69219219e+06 	 2.549859e-07 	 1.332355e+07 	
1.69269269e+06 	 2.416135e-07 	 1.331736e+07 	
1.69319319e+06 	 2.287792e-07 	 1.331128e+07 	
1.69369369e+06 	 2.164712e-07 	 1.330530e+07 	
1.69419419e+06 	 2.046771e-07 	 1.329942e+07 	
1.69469469e+06 	 1.933845e-07 	 1.329364e+07 	
1.69519520e+06 	 1.825807e-07 	 1.328796e+07 	
1.69569570e+06 	 1.722529e-07 	 1.328238e+07 	
1.69619620e+06 	 1.623882e-07 	 1.327689e+07 	
1.69669670e+06 	 1.529735e-07 	 1.327150e+07 	
1.69719720e+06 	 1.439957e-07 	 1.326620e+07 	
1.69769770e+06 	 1.354417e-07 	 1.326099e+07 	
1.69819820e+06 	 1.272983e-07 	 1.325588e+07 	
1.69869870e+06 	 1.195461e-07 	 1.325090e+07 	
1.69919920e+06 	 1.121846e-07 	 1.324596e+07 	
1.69969970e+06 	 1.051942e-07 	 1.324112e+07 	
1.70020020e+06 	 9.856210e-08 	 1.323636e+07 	
1.70070070e+06 	 9.227529e-08 	 1.323168e+07 	
1.70120120e+06 	 8.632098e-08 	 1.322709e+07 	
1.70170170e+06 	 8.068654e-08 	 1.322258e+07 	
1.70220220e+06 	 7.535946e-08 	 1.321815e+07 	
1.70270270e+06 	 7.032743e-08 	 1.321380e+07 	
1.70320320e+06 	 6.557834e-08 	 1.320953e+07 	
1.70370370e+06 	 6.110027e-08 	 1.320533e+07 	
1.70420420e+06 	 5.688456e-08 	 1.320116e+07 	
1.70470470e+06 	 5.291373e-08 	 1.319710e+07 	
1.70520521e+06 	 4.917962e-08 	 1.319311e+07 	
1.70570571e+06 	 4.567130e-08 	 1.318920e+07 	
1.70620621e+06 	 4.237811e-08 	 1.318535e+07 	
1.70670671e+06 	 3.928971e-08 	 1.318157e+07 	
1.70720721e+06 	 3.639599e-08 	 1.317785e+07 	
1.70770771e+06 	 3.368720e-08 	 1.317419e+07 	
1.70820821e+06 	 3.115225e-08 	 1.317066e+07 	
1.70870871e+06 	 2.878515e-08 	 1.316713e+07 	
1.70920921e+06 	 2.657545e-08 	 1.316366e+07 	
1.70970971e+06 	 2.451462e-08 	 1.316024e+07 	
1.71021021e+06 	 2.259441e-08 	 1.315687e+07 	
1.71071071e+06 	 2.080690e-08 	 1.315356e+07 	
1.71121121e+06 	 1.914448e-08 	 1.315030e+07 	
1.71171171e+06 	 1.759888e-08 	 1.314719e+07 	
1.71221221e+06 	 1.616499e-08 	 1.314403e+07 	
1.71271271e+06 	 1.483520e-08 	 1.314093e+07 	
1.71321321e+06 	 1.360311e-08 	 1.313787e+07 	
1.71371371e+06 	 1.246262e-08 	 1.313485e+07 	
1.71421421e+06 	 1.140725e-08 	 1.313201e+07 	
1.71471471e+06 	 1.043274e-08 	 1.312910e+07 	
1.71521522e+06 	 9.533229e-09 	 1.312624e+07 	
1.71571572e+06 	 8.704167e-09 	 1.312327e+07 	
1.71621622e+06 	 7.939993e-09 	 1.312046e+07 	
1.71671672e+06 	 7.236638e-09 	 1.311768e+07 	
1.71721722e+06 	 6.589534e-09 	 1.311511e+07 	
1.71771772e+06 	 5.995313e-09 	 1.311245e+07 	
1.71821822e+06 	 5.449918e-09 	 1.310984e+07 	
1.71871872e+06 	 4.950113e-09 	 1.310703e+07 	
1.71921922e+06 	 4.492028e-09 	 1.310444e+07 	
1.71971972e+06 	 4.072917e-09 	 1.310171e+07 	
1.72022022e+06 	 3.689629e-09 	 1.309910e+07 	
1.72072072e+06 	 3.339525e-09 	 1.309647e+07 	
1.72122122e+06 	 3.019952e-09 	 1.309398e+07 	
1.72172172e+06 	 2.728675e-09 	 1.309128e+07 	
1.72222222e+06 	 2.463210e-09 	 1.308904e+07 	
1.72272272e+06 	 2.221773e-09 	 1.308631e+07 	
1.72322322e+06 	 2.002148e-09 	 1.308412e+07 	
1.72372372e+06 	 1.802799e-09 	 1.308116e+07 	
1.72422422e+06 	 1.621717e-09 	 1.307948e+07 	
1.72472472e+06 	 1.457683e-09 	 1.307684e+07 	
1.72522523e+06 	 1.309043e-09 	 1.307478e+07 	
1.72572573e+06 	 1.174601e-09 	 1.307209e+07 	
1.72622623e+06 	 1.053003e-09 	 1.307016e+07 	
1.72672673e+06 	 9.432164e-10 	 1.306764e+07 	
1.72722723e+06 	 8.441221e-10 	 1.306559e+07 	
1.72772773e+06 	 7.548016e-10 	 1.306328e+07 	
1.72822823e+06 	 6.743498e-10 	 1.306099e+07 	
1.72872873e+06 	 6.019648e-10 	 1.305842e+07 	
1.72922923e+06 	 5.368723e-10 	 1.305647e+07 	
1.72972973e+06 	 4.784204e-10 	 1.305398e+07 	
1.73023023e+06 	 4.259583e-10 	 1.305198e+07 	
1.73073073e+06 	 3.789300e-10 	 1.304968e+07 	
1.73123123e+06 	 3.368039e-10 	 1.304750e+07 	
1.73173173e+06 	 2.991075e-10 	 1.304522e+07 	
1.73223223e+06 	 2.654031e-10 	 1.304305e+07 	
1.73273273e+06 	 2.352982e-10 	 1.304066e+07 	
1.73323323e+06 	 2.084286e-10 	 1.303862e+07 	
1.73373373e+06 	 1.844722e-10 	 1.303638e+07 	
1.73423423e+06 	 1.631308e-10 	 1.303421e+07 	
1.73473473e+06 	 1.441370e-10 	 1.303194e+07 	
1.73523524e+06 	 1.272466e-10 	 1.302982e+07 	
1.73573574e+06 	 1.122415e-10 	 1.302756e+07 	
1.73623624e+06 	 9.892214e-11 	 1.302543e+07 	
1.73673674e+06 	 8.711038e-11 	 1.302325e+07 	
1.73723724e+06 	 7.664465e-11 	 1.302108e+07 	
1.73773774e+06 	 6.737571e-11 	 1.302011e+07 	
1.73823824e+06 	 5.918580e-11 	 1.301670e+07 	
1.73873874e+06 	 5.194475e-11 	 1.301452e+07 	
1.73923924e+06 	 4.555166e-11 	 1.301235e+07 	
1.73973974e+06 	 3.990958e-11 	 1.301146e+07 	
1.74024024e+06 	 3.494197e-11 	 1.300801e+07 	
1.74074074e+06 	 3.056332e-11 	 1.300713e+07 	
1.74124124e+06 	 2.671481e-11 	 1.300367e+07 	
1.74174174e+06 	 2.332858e-11 	 1.300279e+07 	
1.74224224e+06 	 2.035745e-11 	 1.299934e+07 	
1.74274274e+06 	 1.774782e-11 	 1.299846e+07 	
1.74324324e+06 	 1.546202e-11 	 1.299502e+07 	
1.74374374e+06 	 1.345785e-11 	 1.299414e+07 	
1.98508421e+06 	 1.000000e-20 	 1.206424e+07 	
2.25982707e+06 	 1.000000e-20 	 1.121786e+07 	
2.57259534e+06 	 1.000000e-20 	 1.044301e+07 	
2.92865188e+06 	 1.000000e-20 	 9.731115e+06 	
3.33398793e+06 	 1.000000e-20 	 9.075116e+06 	
3.79542397e+06 	 1.000000e-20 	 8.469144e+06 	
4.32072442e+06 	 1.000000e-20 	 7.908235e+06 	
4.91872837e+06 	 1.000000e-20 	 7.388139e+06 	
5.59949824e+06 	 1.000000e-20 	 6.905179e+06 	
6.37448912e+06 	 1.000000e-20 	 6.456144e+06 	
7.25674156e+06 	 1.000000e-20 	 6.038207e+06 	
8.26110094e+06 	 1.000000e-20 	 5.648857e+06 	
9.40446731e+06 	 1.000000e-20 	 5.285854e+06 	
1.07060797e+07 	 1.000000e-20 	 4.947185e+06 	
1.21878400e+07 	 1.000000e-20 	 4.631035e+06 	
1.38746813e+07 	 1.000000e-20 	 4.335755e+06 	
1.57949876e+07 	 1.000000e-20 	 4.059846e+06 	
1.79810713e+07 	 1.000000e-20 	 3.801939e+06 	
2.04697168e+07 	 1.000000e-20 	 3.560779e+06 	
2.33027999e+07 	 1.000000e-20 	 3.335213e+06 	
2.65279920e+07 	 1.000000e-20 	 3.124179e+06 	
3.01995625e+07 	 1.000000e-20 	 2.926697e+06 	
3.43792915e+07 	 1.000000e-20 	 2.741862e+06 	
3.91375103e+07 	 1.000000e-20 	 2.568834e+06 	
4.45542838e+07 	 1.000000e-20 	 2.406834e+06 	
5.07207585e+07 	 1.000000e-20 	 2.255141e+06 	
5.77406956e+07 	 1.000000e-20 	 2.113083e+06 	
6.57322175e+07 	 1.000000e-20 	 1.980035e+06 	
7.48297951e+07 	 1.000000e-20 	 1.855413e+06 	
8.51865104e+07 	 1.000000e-20 	 1.738677e+06 	
9.69766328e+07 	 1.000000e-20 	 1.629318e+06 	
1.10398551e+08 	 1.000000e-20 	 1.526866e+06 	
1.25678111e+08 	 1.000000e-20 	 1.430879e+06 	
1.43072418e+08 	 1.000000e-20 	 1.340945e+06 	
1.62874160e+08 	 1.000000e-20 	 1.256679e+06 	
1.85416535e+08 	 1.000000e-20 	 1.177721e+06 	
2.11078857e+08 	 1.000000e-20 	 1.103735e+06 	
2.40292937e+08 	 1.000000e-20 	 1.034405e+06 	
2.73550352e+08 	 1.000000e-20 	 9.694368e+05 	
3.11410714e+08 	 1.000000e-20 	 9.085551e+05 	
3.54511087e+08 	 1.000000e-20 	 8.515017e+05 	
4.03576709e+08 	 1.000000e-20 	 7.980349e+05 	
4.59433191e+08 	 1.000000e-20 	 7.479286e+05 	
5.23020413e+08 	 1.000000e-20 	 7.009710e+05 	
5.95408337e+08 	 1.000000e-20 	 6.569637e+05 	
6.77815012e+08 	 1.000000e-20 	 6.157211e+05 	
7.71627071e+08 	 1.000000e-20 	 5.770691e+05 	
8.78423059e+08 	 1.000000e-20 	 5.408447e+05 	
1.00000000e+09 	 1.000000e-20 	 5.068952e+05 	
