r (cm)        	 rho (g/cm3) 	 T (K)       		 Linf = 1.952964e+38
1.19999012e+06 	 5.803806e+04 	 1.254971e+09 	
1.20014418e+06 	 5.270626e+04 	 1.224624e+09 	
1.20038770e+06 	 4.511067e+04 	 1.177189e+09 	
1.20058611e+06 	 3.961672e+04 	 1.139040e+09 	
1.20078452e+06 	 3.469235e+04 	 1.101351e+09 	
1.20098293e+06 	 3.029034e+04 	 1.064138e+09 	
1.20118134e+06 	 2.636622e+04 	 1.027415e+09 	
1.20137974e+06 	 2.287822e+04 	 9.911974e+08 	
1.20157548e+06 	 1.982623e+04 	 9.559759e+08 	
1.20177123e+06 	 1.712535e+04 	 9.212762e+08 	
1.20196697e+06 	 1.474269e+04 	 8.871138e+08 	
1.20212870e+06 	 1.299223e+04 	 8.593037e+08 	
1.20229043e+06 	 1.142187e+04 	 8.318808e+08 	
1.20245217e+06 	 1.001642e+04 	 8.048545e+08 	
1.20261390e+06 	 8.761612e+03 	 7.782344e+08 	
1.20277564e+06 	 7.644117e+03 	 7.520303e+08 	
1.20293671e+06 	 6.655252e+03 	 7.263556e+08 	
1.20309779e+06 	 5.778753e+03 	 7.011133e+08 	
1.20325887e+06 	 5.003948e+03 	 6.763132e+08 	
1.20339146e+06 	 4.435469e+03 	 6.562381e+08 	
1.20352405e+06 	 3.924029e+03 	 6.364751e+08 	
1.20365664e+06 	 3.464808e+03 	 6.170297e+08 	
1.20378923e+06 	 3.053301e+03 	 5.979075e+08 	
1.20392182e+06 	 2.685304e+03 	 5.791140e+08 	
1.20405441e+06 	 2.356903e+03 	 5.606547e+08 	
1.20418792e+06 	 2.062552e+03 	 5.424107e+08 	
1.20432143e+06 	 1.801212e+03 	 5.245165e+08 	
1.20445494e+06 	 1.569696e+03 	 5.069773e+08 	
1.20456542e+06 	 1.398557e+03 	 4.927351e+08 	
1.20467590e+06 	 1.244279e+03 	 4.787424e+08 	
1.20478639e+06 	 1.105421e+03 	 4.650021e+08 	
1.20489687e+06 	 9.806412e+02 	 4.515167e+08 	
1.20500735e+06 	 8.686926e+02 	 4.382888e+08 	
1.20511784e+06 	 7.684189e+02 	 4.253209e+08 	
1.20522832e+06 	 6.787492e+02 	 4.126151e+08 	
1.20534277e+06 	 5.959891e+02 	 3.997325e+08 	
1.20545721e+06 	 5.225323e+02 	 3.871358e+08 	
1.20555202e+06 	 4.680584e+02 	 3.769184e+08 	
1.20564683e+06 	 4.188411e+02 	 3.668995e+08 	
1.20574164e+06 	 3.744272e+02 	 3.570803e+08 	
1.20583645e+06 	 3.343964e+02 	 3.474613e+08 	
1.20593126e+06 	 2.983598e+02 	 3.380434e+08 	
1.20602607e+06 	 2.659578e+02 	 3.288271e+08 	
1.20612088e+06 	 2.368586e+02 	 3.198129e+08 	
1.20621569e+06 	 2.107564e+02 	 3.110009e+08 	
1.20631050e+06 	 1.873700e+02 	 3.023915e+08 	
1.20641078e+06 	 1.653014e+02 	 2.935049e+08 	
1.20649404e+06 	 1.488686e+02 	 2.862996e+08 	
1.20657730e+06 	 1.339908e+02 	 2.792502e+08 	
1.20666055e+06 	 1.205323e+02 	 2.723563e+08 	
1.20674381e+06 	 1.083678e+02 	 2.656176e+08 	
1.20682706e+06 	 9.738193e+01 	 2.590336e+08 	
1.20691032e+06 	 8.746829e+01 	 2.526037e+08 	
1.20699358e+06 	 7.852918e+01 	 2.463273e+08 	
1.20707683e+06 	 7.047485e+01 	 2.402035e+08 	
1.20716009e+06 	 6.322300e+01 	 2.342315e+08 	
1.20724334e+06 	 5.669825e+01 	 2.284102e+08 	
1.20732660e+06 	 5.083167e+01 	 2.227387e+08 	
1.20740986e+06 	 4.556026e+01 	 2.172156e+08 	
1.20749311e+06 	 4.082656e+01 	 2.118398e+08 	
1.20757637e+06 	 3.657818e+01 	 2.066099e+08 	
1.20765741e+06 	 3.286364e+01 	 2.016578e+08 	
1.20773845e+06 	 2.952373e+01 	 1.968410e+08 	
1.20781949e+06 	 2.652204e+01 	 1.921580e+08 	
1.20790053e+06 	 2.382545e+01 	 1.876072e+08 	
1.20798156e+06 	 2.140386e+01 	 1.831868e+08 	
1.20806260e+06 	 1.922999e+01 	 1.788951e+08 	
1.20814364e+06 	 1.727909e+01 	 1.747302e+08 	
1.20822468e+06 	 1.552877e+01 	 1.706903e+08 	
1.20830572e+06 	 1.395875e+01 	 1.667732e+08 	
1.20838676e+06 	 1.255073e+01 	 1.629769e+08 	
1.20846780e+06 	 1.128817e+01 	 1.592994e+08 	
1.20854884e+06 	 1.015616e+01 	 1.557385e+08 	
1.20862988e+06 	 9.141271e+00 	 1.522919e+08 	
1.20871092e+06 	 8.231393e+00 	 1.489573e+08 	
1.20879196e+06 	 7.415639e+00 	 1.457326e+08 	
1.20887300e+06 	 6.684223e+00 	 1.426152e+08 	
1.20895404e+06 	 6.028350e+00 	 1.396028e+08 	
1.20904792e+06 	 5.352623e+00 	 1.362411e+08 	
1.20914180e+06 	 4.756797e+00 	 1.330132e+08 	
1.20923569e+06 	 4.231245e+00 	 1.299155e+08 	
1.20932957e+06 	 3.767491e+00 	 1.269439e+08 	
1.20942346e+06 	 3.358076e+00 	 1.240947e+08 	
1.20951734e+06 	 2.996441e+00 	 1.213639e+08 	
1.20961122e+06 	 2.676820e+00 	 1.187477e+08 	
1.20970511e+06 	 2.394147e+00 	 1.162422e+08 	
1.20979899e+06 	 2.143972e+00 	 1.138437e+08 	
1.20989288e+06 	 1.922390e+00 	 1.115482e+08 	
1.20998676e+06 	 1.725972e+00 	 1.093521e+08 	
1.21008064e+06 	 1.551707e+00 	 1.072516e+08 	
1.21017453e+06 	 1.396956e+00 	 1.052431e+08 	
1.21026841e+06 	 1.259401e+00 	 1.033229e+08 	
1.21037472e+06 	 1.121849e+00 	 1.012510e+08 	
1.21048103e+06 	 1.001174e+00 	 9.928275e+07 	
1.21058734e+06 	 8.951556e-01 	 9.741347e+07 	
1.21069364e+06 	 8.018798e-01 	 9.563835e+07 	
1.21079995e+06 	 7.196926e-01 	 9.395283e+07 	
1.21090626e+06 	 6.471650e-01 	 9.235245e+07 	
1.21101257e+06 	 5.830617e-01 	 9.083294e+07 	
1.21115783e+06 	 5.071760e-01 	 8.887994e+07 	
1.21130308e+06 	 4.427387e-01 	 8.706019e+07 	
1.21144834e+06 	 3.878545e-01 	 8.536422e+07 	
1.21159360e+06 	 3.409620e-01 	 8.378310e+07 	
1.21173886e+06 	 3.007722e-01 	 8.230847e+07 	
1.21188412e+06 	 2.662191e-01 	 8.093250e+07 	
1.21202938e+06 	 2.364193e-01 	 7.964788e+07 	
1.21221997e+06 	 2.033164e-01 	 7.808959e+07 	
1.21241057e+06 	 1.757997e-01 	 7.666280e+07 	
1.21260116e+06 	 1.528064e-01 	 7.535471e+07 	
1.21279175e+06 	 1.334939e-01 	 7.415380e+07 	
1.21298234e+06 	 1.171912e-01 	 7.304967e+07 	
1.21323221e+06 	 9.949425e-02 	 7.173322e+07 	
1.21348208e+06 	 8.511457e-02 	 7.054848e+07 	
1.21373195e+06 	 7.333813e-02 	 6.947928e+07 	
1.21398182e+06 	 6.362075e-02 	 6.851159e+07 	
1.21429430e+06 	 5.373808e-02 	 6.742592e+07 	
1.21460679e+06 	 4.581301e-02 	 6.645988e+07 	
1.21491927e+06 	 3.939359e-02 	 6.559649e+07 	
1.21531802e+06 	 3.286618e-02 	 6.462151e+07 	
1.21571678e+06 	 2.774532e-02 	 6.376636e+07 	
1.21611553e+06 	 2.367467e-02 	 6.301144e+07 	
1.21663170e+06 	 1.955818e-02 	 6.215754e+07 	
1.21714787e+06 	 1.639413e-02 	 6.141796e+07 	
1.21766404e+06 	 1.392129e-02 	 6.077157e+07 	
1.21834217e+06 	 1.142788e-02 	 6.003679e+07 	
1.21902031e+06 	 9.545909e-03 	 5.940619e+07 	
1.21969844e+06 	 8.096263e-03 	 5.885851e+07 	
1.22060987e+06 	 6.624983e-03 	 5.822547e+07 	
1.22152130e+06 	 5.533772e-03 	 5.768495e+07 	
1.22243273e+06 	 4.704514e-03 	 5.721644e+07 	
1.22368053e+06 	 3.859591e-03 	 5.666510e+07 	
1.22492832e+06 	 3.242369e-03 	 5.619359e+07 	
1.22617612e+06 	 2.778547e-03 	 5.578294e+07 	
1.22800910e+06 	 2.281895e-03 	 5.526278e+07 	
1.22984207e+06 	 1.929312e-03 	 5.481628e+07 	
1.23167505e+06 	 1.670086e-03 	 5.442421e+07 	
1.23350803e+06 	 1.473915e-03 	 5.407347e+07 	
1.23612699e+06 	 1.266896e-03 	 5.362634e+07 	
1.23874595e+06 	 1.117169e-03 	 5.322671e+07 	
1.24180660e+06 	 9.891622e-04 	 5.280379e+07 	
1.24486726e+06 	 8.946584e-04 	 5.241618e+07 	
1.24792791e+06 	 8.227188e-04 	 5.205513e+07 	
1.25254252e+06 	 7.425057e-04 	 5.154798e+07 	
1.25715714e+06 	 6.844280e-04 	 5.107366e+07 	
1.26177176e+06 	 6.405239e-04 	 5.062323e+07 	
1.26898115e+06 	 5.896446e-04 	 4.995401e+07 	
1.27284168e+06 	 5.682193e-04 	 4.960874e+07 	
1.28166166e+06 	 5.286494e-04 	 4.884540e+07 	
1.28850772e+06 	 5.037893e-04 	 4.827221e+07 	
1.30028579e+06 	 4.679794e-04 	 4.731673e+07 	
1.31004783e+06 	 4.424418e-04 	 4.654922e+07 	
1.31513927e+06 	 4.301369e-04 	 4.615668e+07 	
1.33521678e+06 	 3.863862e-04 	 4.465536e+07 	
1.34000000e+06 	 3.768625e-04 	 4.430798e+07 	
1.35000000e+06 	 3.578608e-04 	 4.359376e+07 	
1.36000000e+06 	 3.399904e-04 	 4.289531e+07 	
1.37000000e+06 	 3.231376e-04 	 4.221202e+07 	
1.38000000e+06 	 3.072302e-04 	 4.154342e+07 	
1.39000000e+06 	 2.921944e-04 	 4.088900e+07 	
1.40000000e+06 	 2.779734e-04 	 4.024833e+07 	
1.41000000e+06 	 2.645169e-04 	 3.962100e+07 	
1.42000000e+06 	 2.517770e-04 	 3.900660e+07 	
1.43000000e+06 	 2.397095e-04 	 3.840475e+07 	
1.44000000e+06 	 2.282773e-04 	 3.781510e+07 	
1.45000000e+06 	 2.174408e-04 	 3.723729e+07 	
1.46000000e+06 	 2.071654e-04 	 3.667097e+07 	
1.47000000e+06 	 1.974192e-04 	 3.611583e+07 	
1.48000000e+06 	 1.881716e-04 	 3.557155e+07 	
1.49000000e+06 	 1.793941e-04 	 3.503783e+07 	
1.50000000e+06 	 1.710606e-04 	 3.451438e+07 	
1.51000000e+06 	 1.631459e-04 	 3.400092e+07 	
1.52000000e+06 	 1.556265e-04 	 3.349719e+07 	
1.53000000e+06 	 1.484811e-04 	 3.300291e+07 	
1.54000000e+06 	 1.416884e-04 	 3.251784e+07 	
1.55000000e+06 	 1.352295e-04 	 3.204175e+07 	
1.56000000e+06 	 1.290863e-04 	 3.157438e+07 	
1.57000000e+06 	 1.232422e-04 	 3.111552e+07 	
1.58000000e+06 	 1.176804e-04 	 3.066495e+07 	
1.59000000e+06 	 1.123858e-04 	 3.022246e+07 	
1.60000000e+06 	 1.073447e-04 	 2.978784e+07 	
1.61000000e+06 	 1.025435e-04 	 2.936090e+07 	
1.62000000e+06 	 9.796955e-05 	 2.894144e+07 	
1.63000000e+06 	 9.361091e-05 	 2.852928e+07 	
1.64000000e+06 	 8.945672e-05 	 2.812424e+07 	
1.65000000e+06 	 8.549630e-05 	 2.772616e+07 	
1.66000000e+06 	 8.171958e-05 	 2.733485e+07 	
1.67000000e+06 	 7.811720e-05 	 2.695016e+07 	
1.68000000e+06 	 7.468048e-05 	 2.657194e+07 	
1.69000000e+06 	 7.140095e-05 	 2.620003e+07 	
1.70000000e+06 	 6.827060e-05 	 2.583428e+07 	
1.71000000e+06 	 6.528199e-05 	 2.547455e+07 	
1.72000000e+06 	 6.242816e-05 	 2.512070e+07 	
1.73000000e+06 	 5.970234e-05 	 2.477260e+07 	
1.74000000e+06 	 5.709818e-05 	 2.443011e+07 	
1.75000000e+06 	 5.460979e-05 	 2.409312e+07 	
1.76000000e+06 	 5.223139e-05 	 2.376150e+07 	
1.77000000e+06 	 4.995771e-05 	 2.343513e+07 	
1.78000000e+06 	 4.778359e-05 	 2.311389e+07 	
1.79000000e+06 	 4.570415e-05 	 2.279767e+07 	
1.80000000e+06 	 4.371484e-05 	 2.248637e+07 	
1.81000000e+06 	 4.181142e-05 	 2.217987e+07 	
1.82000000e+06 	 3.998970e-05 	 2.187808e+07 	
1.83000000e+06 	 3.824569e-05 	 2.158090e+07 	
1.84000000e+06 	 3.657582e-05 	 2.128822e+07 	
1.85000000e+06 	 3.497650e-05 	 2.099996e+07 	
1.86000000e+06 	 3.344450e-05 	 2.071603e+07 	
1.87000000e+06 	 3.197648e-05 	 2.043633e+07 	
1.88000000e+06 	 3.056943e-05 	 2.016077e+07 	
1.89000000e+06 	 2.922055e-05 	 1.988929e+07 	
1.90000000e+06 	 2.792706e-05 	 1.962179e+07 	
1.91000000e+06 	 2.668630e-05 	 1.935819e+07 	
1.92000000e+06 	 2.549591e-05 	 1.909843e+07 	
1.93000000e+06 	 2.435343e-05 	 1.884241e+07 	
1.94000000e+06 	 2.325661e-05 	 1.859008e+07 	
1.95000000e+06 	 2.220336e-05 	 1.834137e+07 	
1.96000000e+06 	 2.119158e-05 	 1.809619e+07 	
1.97000000e+06 	 2.021929e-05 	 1.785450e+07 	
1.98000000e+06 	 1.928468e-05 	 1.761622e+07 	
2.00000000e+06 	 1.752138e-05 	 1.714967e+07 	
2.00050050e+06 	 1.747898e-05 	 1.713817e+07 	
2.00100100e+06 	 1.743666e-05 	 1.712667e+07 	
2.00150150e+06 	 1.739441e-05 	 1.711517e+07 	
2.00200200e+06 	 1.735225e-05 	 1.710369e+07 	
2.00250250e+06 	 1.731017e-05 	 1.709222e+07 	
2.00300300e+06 	 1.726817e-05 	 1.708075e+07 	
2.00350350e+06 	 1.722626e-05 	 1.706929e+07 	
2.00400400e+06 	 1.718442e-05 	 1.705784e+07 	
2.00450450e+06 	 1.714266e-05 	 1.704640e+07 	
2.00500501e+06 	 1.710098e-05 	 1.703496e+07 	
2.00550551e+06 	 1.705938e-05 	 1.702354e+07 	
2.00600601e+06 	 1.701786e-05 	 1.701212e+07 	
2.00650651e+06 	 1.697642e-05 	 1.700071e+07 	
2.00700701e+06 	 1.693506e-05 	 1.698930e+07 	
2.00750751e+06 	 1.689377e-05 	 1.697791e+07 	
2.00800801e+06 	 1.685257e-05 	 1.696652e+07 	
2.00850851e+06 	 1.681144e-05 	 1.695514e+07 	
2.00900901e+06 	 1.677039e-05 	 1.694377e+07 	
2.00950951e+06 	 1.672942e-05 	 1.693241e+07 	
2.01001001e+06 	 1.668852e-05 	 1.692106e+07 	
2.01051051e+06 	 1.664771e-05 	 1.690971e+07 	
2.01101101e+06 	 1.660697e-05 	 1.689837e+07 	
2.01151151e+06 	 1.656630e-05 	 1.688704e+07 	
2.01201201e+06 	 1.652572e-05 	 1.687572e+07 	
2.01251251e+06 	 1.648521e-05 	 1.686440e+07 	
2.01301301e+06 	 1.644478e-05 	 1.685310e+07 	
2.01351351e+06 	 1.640442e-05 	 1.684180e+07 	
2.01401401e+06 	 1.636414e-05 	 1.683051e+07 	
2.01451451e+06 	 1.632394e-05 	 1.681922e+07 	
2.01501502e+06 	 1.628381e-05 	 1.680795e+07 	
2.01551552e+06 	 1.624376e-05 	 1.679668e+07 	
2.01601602e+06 	 1.620378e-05 	 1.678542e+07 	
2.01651652e+06 	 1.616388e-05 	 1.677417e+07 	
2.01701702e+06 	 1.612406e-05 	 1.676293e+07 	
2.01751752e+06 	 1.608430e-05 	 1.675169e+07 	
2.01801802e+06 	 1.604463e-05 	 1.674046e+07 	
2.01851852e+06 	 1.600502e-05 	 1.672924e+07 	
2.01901902e+06 	 1.596550e-05 	 1.671803e+07 	
2.01951952e+06 	 1.592604e-05 	 1.670683e+07 	
2.02002002e+06 	 1.588666e-05 	 1.669563e+07 	
2.02052052e+06 	 1.584736e-05 	 1.668444e+07 	
2.02102102e+06 	 1.580813e-05 	 1.667326e+07 	
2.02152152e+06 	 1.576897e-05 	 1.666209e+07 	
2.02202202e+06 	 1.572988e-05 	 1.665092e+07 	
2.02252252e+06 	 1.569087e-05 	 1.663977e+07 	
2.02302302e+06 	 1.565193e-05 	 1.662862e+07 	
2.02352352e+06 	 1.561306e-05 	 1.661748e+07 	
2.02402402e+06 	 1.557427e-05 	 1.660634e+07 	
2.02452452e+06 	 1.553555e-05 	 1.659522e+07 	
2.02502503e+06 	 1.549690e-05 	 1.658410e+07 	
2.02552553e+06 	 1.545832e-05 	 1.657299e+07 	
2.02602603e+06 	 1.541981e-05 	 1.656189e+07 	
2.02652653e+06 	 1.538138e-05 	 1.655079e+07 	
2.02702703e+06 	 1.534301e-05 	 1.653970e+07 	
2.02752753e+06 	 1.530472e-05 	 1.652862e+07 	
2.02802803e+06 	 1.526650e-05 	 1.651755e+07 	
2.02852853e+06 	 1.522835e-05 	 1.650649e+07 	
2.02902903e+06 	 1.519027e-05 	 1.649543e+07 	
2.02952953e+06 	 1.515226e-05 	 1.648438e+07 	
2.03003003e+06 	 1.511432e-05 	 1.647334e+07 	
2.03053053e+06 	 1.507646e-05 	 1.646231e+07 	
2.03103103e+06 	 1.503866e-05 	 1.645129e+07 	
2.03153153e+06 	 1.500093e-05 	 1.644027e+07 	
2.03203203e+06 	 1.496327e-05 	 1.642926e+07 	
2.03253253e+06 	 1.492568e-05 	 1.641826e+07 	
2.03303303e+06 	 1.488816e-05 	 1.640726e+07 	
2.03353353e+06 	 1.485071e-05 	 1.639628e+07 	
2.03403403e+06 	 1.481332e-05 	 1.638530e+07 	
2.03453453e+06 	 1.477601e-05 	 1.637433e+07 	
2.03503504e+06 	 1.473877e-05 	 1.636336e+07 	
2.03553554e+06 	 1.470159e-05 	 1.635241e+07 	
2.03603604e+06 	 1.466448e-05 	 1.634146e+07 	
2.03653654e+06 	 1.462744e-05 	 1.633052e+07 	
2.03703704e+06 	 1.459047e-05 	 1.631958e+07 	
2.03753754e+06 	 1.455356e-05 	 1.630866e+07 	
2.03803804e+06 	 1.451672e-05 	 1.629774e+07 	
2.03853854e+06 	 1.447995e-05 	 1.628683e+07 	
2.03903904e+06 	 1.444325e-05 	 1.627593e+07 	
2.03953954e+06 	 1.440661e-05 	 1.626503e+07 	
2.04004004e+06 	 1.437004e-05 	 1.625415e+07 	
2.04054054e+06 	 1.433354e-05 	 1.624327e+07 	
2.04104104e+06 	 1.429710e-05 	 1.623239e+07 	
2.04154154e+06 	 1.426073e-05 	 1.622153e+07 	
2.04204204e+06 	 1.422443e-05 	 1.621067e+07 	
2.04254254e+06 	 1.418819e-05 	 1.619982e+07 	
2.04304304e+06 	 1.415202e-05 	 1.618898e+07 	
2.04354354e+06 	 1.411591e-05 	 1.617815e+07 	
2.04404404e+06 	 1.407987e-05 	 1.616732e+07 	
2.04454454e+06 	 1.404389e-05 	 1.615650e+07 	
2.04504505e+06 	 1.400798e-05 	 1.614569e+07 	
2.04554555e+06 	 1.397214e-05 	 1.613488e+07 	
2.04604605e+06 	 1.393635e-05 	 1.612409e+07 	
2.04654655e+06 	 1.390064e-05 	 1.611330e+07 	
2.04704705e+06 	 1.386499e-05 	 1.610252e+07 	
2.04754755e+06 	 1.382940e-05 	 1.609174e+07 	
2.04804805e+06 	 1.379387e-05 	 1.608098e+07 	
2.04854855e+06 	 1.375841e-05 	 1.607022e+07 	
2.04904905e+06 	 1.372302e-05 	 1.605947e+07 	
2.04954955e+06 	 1.368769e-05 	 1.604872e+07 	
2.05005005e+06 	 1.365242e-05 	 1.603799e+07 	
2.05055055e+06 	 1.361721e-05 	 1.602726e+07 	
2.05105105e+06 	 1.358207e-05 	 1.601654e+07 	
2.05155155e+06 	 1.354699e-05 	 1.600582e+07 	
2.05205205e+06 	 1.351197e-05 	 1.599512e+07 	
2.05255255e+06 	 1.347702e-05 	 1.598442e+07 	
2.05305305e+06 	 1.344213e-05 	 1.597373e+07 	
2.05355355e+06 	 1.340730e-05 	 1.596304e+07 	
2.05405405e+06 	 1.337253e-05 	 1.595237e+07 	
2.05455455e+06 	 1.333783e-05 	 1.594170e+07 	
2.05505506e+06 	 1.330319e-05 	 1.593103e+07 	
2.05555556e+06 	 1.326860e-05 	 1.592038e+07 	
2.05605606e+06 	 1.323408e-05 	 1.590973e+07 	
2.05655656e+06 	 1.319963e-05 	 1.589909e+07 	
2.05705706e+06 	 1.316523e-05 	 1.588846e+07 	
2.05755756e+06 	 1.313089e-05 	 1.587784e+07 	
2.05805806e+06 	 1.309662e-05 	 1.586722e+07 	
2.05855856e+06 	 1.306240e-05 	 1.585661e+07 	
2.05905906e+06 	 1.302825e-05 	 1.584601e+07 	
2.05955956e+06 	 1.299416e-05 	 1.583541e+07 	
2.06006006e+06 	 1.296012e-05 	 1.582483e+07 	
2.06056056e+06 	 1.292615e-05 	 1.581425e+07 	
2.06106106e+06 	 1.289224e-05 	 1.580367e+07 	
2.06156156e+06 	 1.285838e-05 	 1.579311e+07 	
2.06206206e+06 	 1.282459e-05 	 1.578255e+07 	
2.06256256e+06 	 1.279085e-05 	 1.577200e+07 	
2.06306306e+06 	 1.275718e-05 	 1.576146e+07 	
2.06356356e+06 	 1.272356e-05 	 1.575092e+07 	
2.06406406e+06 	 1.269000e-05 	 1.574039e+07 	
2.06456456e+06 	 1.265650e-05 	 1.572987e+07 	
2.06506507e+06 	 1.262306e-05 	 1.571936e+07 	
2.06556557e+06 	 1.258968e-05 	 1.570885e+07 	
2.06606607e+06 	 1.255636e-05 	 1.569835e+07 	
2.06656657e+06 	 1.252309e-05 	 1.568786e+07 	
2.06706707e+06 	 1.248988e-05 	 1.567738e+07 	
2.06756757e+06 	 1.245673e-05 	 1.566690e+07 	
2.06806807e+06 	 1.242364e-05 	 1.565643e+07 	
2.06856857e+06 	 1.239060e-05 	 1.564597e+07 	
2.06906907e+06 	 1.235762e-05 	 1.563551e+07 	
2.06956957e+06 	 1.232470e-05 	 1.562507e+07 	
2.07007007e+06 	 1.229184e-05 	 1.561463e+07 	
2.07057057e+06 	 1.225903e-05 	 1.560419e+07 	
2.07107107e+06 	 1.222628e-05 	 1.559377e+07 	
2.07157157e+06 	 1.219359e-05 	 1.558335e+07 	
2.07207207e+06 	 1.216095e-05 	 1.557294e+07 	
2.07257257e+06 	 1.212837e-05 	 1.556253e+07 	
2.07307307e+06 	 1.209585e-05 	 1.555214e+07 	
2.07357357e+06 	 1.206338e-05 	 1.554175e+07 	
2.07407407e+06 	 1.203097e-05 	 1.553136e+07 	
2.07457457e+06 	 1.199861e-05 	 1.552099e+07 	
2.07507508e+06 	 1.196631e-05 	 1.551062e+07 	
2.07557558e+06 	 1.193406e-05 	 1.550026e+07 	
2.07607608e+06 	 1.190187e-05 	 1.548991e+07 	
2.07657658e+06 	 1.186974e-05 	 1.547956e+07 	
2.07707708e+06 	 1.183766e-05 	 1.546922e+07 	
2.07757758e+06 	 1.180563e-05 	 1.545889e+07 	
2.07807808e+06 	 1.177366e-05 	 1.544856e+07 	
2.07857858e+06 	 1.174174e-05 	 1.543825e+07 	
2.07907908e+06 	 1.170988e-05 	 1.542794e+07 	
2.07957958e+06 	 1.167808e-05 	 1.541763e+07 	
2.08008008e+06 	 1.164632e-05 	 1.540734e+07 	
2.08058058e+06 	 1.161462e-05 	 1.539705e+07 	
2.08108108e+06 	 1.158298e-05 	 1.538677e+07 	
2.08158158e+06 	 1.155138e-05 	 1.537650e+07 	
2.08208208e+06 	 1.151985e-05 	 1.536623e+07 	
2.08258258e+06 	 1.148836e-05 	 1.535597e+07 	
2.08308308e+06 	 1.145693e-05 	 1.534572e+07 	
2.08358358e+06 	 1.142555e-05 	 1.533547e+07 	
2.08408408e+06 	 1.139422e-05 	 1.532523e+07 	
2.08458458e+06 	 1.136295e-05 	 1.531500e+07 	
2.08508509e+06 	 1.133173e-05 	 1.530478e+07 	
2.08558559e+06 	 1.130056e-05 	 1.529456e+07 	
2.08608609e+06 	 1.126945e-05 	 1.528435e+07 	
2.08658659e+06 	 1.123838e-05 	 1.527415e+07 	
2.08708709e+06 	 1.120737e-05 	 1.526396e+07 	
2.08758759e+06 	 1.117641e-05 	 1.525377e+07 	
2.08808809e+06 	 1.114551e-05 	 1.524359e+07 	
2.08858859e+06 	 1.111465e-05 	 1.523342e+07 	
2.08908909e+06 	 1.108385e-05 	 1.522325e+07 	
2.08958959e+06 	 1.105309e-05 	 1.521309e+07 	
2.09009009e+06 	 1.102239e-05 	 1.520294e+07 	
2.09059059e+06 	 1.099174e-05 	 1.519279e+07 	
2.09109109e+06 	 1.096114e-05 	 1.518266e+07 	
2.09159159e+06 	 1.093059e-05 	 1.517253e+07 	
2.09209209e+06 	 1.090009e-05 	 1.516240e+07 	
2.09259259e+06 	 1.086964e-05 	 1.515229e+07 	
2.09309309e+06 	 1.083924e-05 	 1.514218e+07 	
2.09359359e+06 	 1.080890e-05 	 1.513208e+07 	
2.09409409e+06 	 1.077860e-05 	 1.512198e+07 	
2.09459459e+06 	 1.074835e-05 	 1.511189e+07 	
2.09509510e+06 	 1.071815e-05 	 1.510181e+07 	
2.09559560e+06 	 1.068800e-05 	 1.509174e+07 	
2.09609610e+06 	 1.065790e-05 	 1.508167e+07 	
2.09659660e+06 	 1.062785e-05 	 1.507161e+07 	
2.09709710e+06 	 1.059785e-05 	 1.506156e+07 	
2.09759760e+06 	 1.056790e-05 	 1.505152e+07 	
2.09809810e+06 	 1.053800e-05 	 1.504148e+07 	
2.09859860e+06 	 1.050814e-05 	 1.503145e+07 	
2.09909910e+06 	 1.047834e-05 	 1.502142e+07 	
2.09959960e+06 	 1.044858e-05 	 1.501141e+07 	
2.10010010e+06 	 1.041887e-05 	 1.500140e+07 	
2.10060060e+06 	 1.038921e-05 	 1.499140e+07 	
2.10110110e+06 	 1.035960e-05 	 1.498140e+07 	
2.10160160e+06 	 1.033003e-05 	 1.497141e+07 	
2.10210210e+06 	 1.030051e-05 	 1.496143e+07 	
2.10260260e+06 	 1.027104e-05 	 1.495146e+07 	
2.10310310e+06 	 1.024162e-05 	 1.494149e+07 	
2.10360360e+06 	 1.021224e-05 	 1.493153e+07 	
2.10410410e+06 	 1.018291e-05 	 1.492158e+07 	
2.10460460e+06 	 1.015363e-05 	 1.491163e+07 	
2.10510511e+06 	 1.012440e-05 	 1.490169e+07 	
2.10560561e+06 	 1.009521e-05 	 1.489176e+07 	
2.10610611e+06 	 1.006607e-05 	 1.488184e+07 	
2.10660661e+06 	 1.003748e-05 	 1.487189e+07 	
2.10710711e+06 	 1.000844e-05 	 1.486198e+07 	
2.10760761e+06 	 9.979445e-06 	 1.485208e+07 	
2.10810811e+06 	 9.950497e-06 	 1.484218e+07 	
2.10860861e+06 	 9.921595e-06 	 1.483229e+07 	
2.10910911e+06 	 9.892739e-06 	 1.482241e+07 	
2.10960961e+06 	 9.863928e-06 	 1.481253e+07 	
2.11011011e+06 	 9.835163e-06 	 1.480266e+07 	
2.11061061e+06 	 9.806444e-06 	 1.479280e+07 	
2.11111111e+06 	 9.777770e-06 	 1.478295e+07 	
2.11161161e+06 	 9.749141e-06 	 1.477310e+07 	
2.11211211e+06 	 9.720557e-06 	 1.476326e+07 	
2.11261261e+06 	 9.692018e-06 	 1.475342e+07 	
2.11311311e+06 	 9.663524e-06 	 1.474360e+07 	
2.11361361e+06 	 9.635075e-06 	 1.473378e+07 	
2.11411411e+06 	 9.606670e-06 	 1.472396e+07 	
2.11461461e+06 	 9.578310e-06 	 1.471416e+07 	
2.11511512e+06 	 9.549994e-06 	 1.470436e+07 	
2.11561562e+06 	 9.521722e-06 	 1.469457e+07 	
2.11611612e+06 	 9.493494e-06 	 1.468478e+07 	
2.11661662e+06 	 9.465310e-06 	 1.467501e+07 	
2.11711712e+06 	 9.437169e-06 	 1.466524e+07 	
2.11761762e+06 	 9.409073e-06 	 1.465547e+07 	
2.11811812e+06 	 9.381019e-06 	 1.464572e+07 	
2.11861862e+06 	 9.353009e-06 	 1.463597e+07 	
2.11911912e+06 	 9.325043e-06 	 1.462622e+07 	
2.11961962e+06 	 9.297119e-06 	 1.461649e+07 	
2.12012012e+06 	 9.269238e-06 	 1.460676e+07 	
2.12062062e+06 	 9.241401e-06 	 1.459704e+07 	
2.12112112e+06 	 9.213605e-06 	 1.458732e+07 	
2.12162162e+06 	 9.185853e-06 	 1.457762e+07 	
2.12212212e+06 	 9.158143e-06 	 1.456791e+07 	
2.12262262e+06 	 9.130475e-06 	 1.455822e+07 	
2.12312312e+06 	 9.102384e-06 	 1.454856e+07 	
2.12362362e+06 	 9.074792e-06 	 1.453888e+07 	
2.12412412e+06 	 9.047242e-06 	 1.452921e+07 	
2.12462462e+06 	 9.019733e-06 	 1.451955e+07 	
2.12512513e+06 	 8.992265e-06 	 1.450989e+07 	
2.12562563e+06 	 8.964839e-06 	 1.450024e+07 	
2.12612613e+06 	 8.937454e-06 	 1.449059e+07 	
2.12662663e+06 	 8.910111e-06 	 1.448096e+07 	
2.12712713e+06 	 8.882808e-06 	 1.447133e+07 	
2.12762763e+06 	 8.855546e-06 	 1.446170e+07 	
2.12812813e+06 	 8.828325e-06 	 1.445209e+07 	
2.12862863e+06 	 8.801144e-06 	 1.444248e+07 	
2.12912913e+06 	 8.774004e-06 	 1.443288e+07 	
2.12962963e+06 	 8.746904e-06 	 1.442328e+07 	
2.13013013e+06 	 8.719844e-06 	 1.441369e+07 	
2.13063063e+06 	 8.692825e-06 	 1.440411e+07 	
2.13113113e+06 	 8.665845e-06 	 1.439454e+07 	
2.13163163e+06 	 8.638905e-06 	 1.438497e+07 	
2.13213213e+06 	 8.612004e-06 	 1.437541e+07 	
2.13263263e+06 	 8.585144e-06 	 1.436586e+07 	
2.13313313e+06 	 8.558322e-06 	 1.435631e+07 	
2.13363363e+06 	 8.531540e-06 	 1.434677e+07 	
2.13413413e+06 	 8.504797e-06 	 1.433724e+07 	
2.13463463e+06 	 8.478093e-06 	 1.432772e+07 	
2.13513514e+06 	 8.451428e-06 	 1.431820e+07 	
2.13563564e+06 	 8.424801e-06 	 1.430869e+07 	
2.13613614e+06 	 8.398214e-06 	 1.429919e+07 	
2.13663664e+06 	 8.371664e-06 	 1.428969e+07 	
2.13713714e+06 	 8.345153e-06 	 1.428020e+07 	
2.13763764e+06 	 8.318680e-06 	 1.427072e+07 	
2.13813814e+06 	 8.292246e-06 	 1.426124e+07 	
2.13863864e+06 	 8.265430e-06 	 1.425180e+07 	
2.13913914e+06 	 8.239064e-06 	 1.424234e+07 	
2.13963964e+06 	 8.212735e-06 	 1.423288e+07 	
2.14014014e+06 	 8.186444e-06 	 1.422344e+07 	
2.14064064e+06 	 8.160191e-06 	 1.421400e+07 	
2.14114114e+06 	 8.133974e-06 	 1.420456e+07 	
2.14164164e+06 	 8.107795e-06 	 1.419514e+07 	
2.14214214e+06 	 8.081652e-06 	 1.418572e+07 	
2.14264264e+06 	 8.055546e-06 	 1.417631e+07 	
2.14314314e+06 	 8.029477e-06 	 1.416690e+07 	
2.14364364e+06 	 8.003445e-06 	 1.415751e+07 	
2.14414414e+06 	 7.977449e-06 	 1.414811e+07 	
2.14464464e+06 	 7.951489e-06 	 1.413873e+07 	
2.14514515e+06 	 7.925565e-06 	 1.412935e+07 	
2.14564565e+06 	 7.899677e-06 	 1.411999e+07 	
2.14614615e+06 	 7.873826e-06 	 1.411062e+07 	
2.14664665e+06 	 7.848010e-06 	 1.410127e+07 	
2.14714715e+06 	 7.822230e-06 	 1.409192e+07 	
2.14764765e+06 	 7.796485e-06 	 1.408258e+07 	
2.14814815e+06 	 7.770776e-06 	 1.407324e+07 	
2.14864865e+06 	 7.745102e-06 	 1.406392e+07 	
2.14914915e+06 	 7.719463e-06 	 1.405460e+07 	
2.14964965e+06 	 7.693859e-06 	 1.404529e+07 	
2.15015015e+06 	 7.668290e-06 	 1.403598e+07 	
2.15065065e+06 	 7.642755e-06 	 1.402668e+07 	
2.15115115e+06 	 7.617256e-06 	 1.401739e+07 	
2.15165165e+06 	 7.591791e-06 	 1.400811e+07 	
2.15215215e+06 	 7.566360e-06 	 1.399883e+07 	
2.15265265e+06 	 7.540964e-06 	 1.398956e+07 	
2.15315315e+06 	 7.515601e-06 	 1.398030e+07 	
2.15365365e+06 	 7.490273e-06 	 1.397104e+07 	
2.15415415e+06 	 7.464978e-06 	 1.396179e+07 	
2.15465465e+06 	 7.439718e-06 	 1.395255e+07 	
2.15515516e+06 	 7.414862e-06 	 1.394329e+07 	
2.15565566e+06 	 7.389675e-06 	 1.393406e+07 	
2.15615616e+06 	 7.364521e-06 	 1.392484e+07 	
2.15665666e+06 	 7.339401e-06 	 1.391563e+07 	
2.15715716e+06 	 7.314314e-06 	 1.390642e+07 	
2.15765766e+06 	 7.289260e-06 	 1.389722e+07 	
2.15815816e+06 	 7.264239e-06 	 1.388803e+07 	
2.15865866e+06 	 7.239251e-06 	 1.387885e+07 	
2.15915916e+06 	 7.214295e-06 	 1.386967e+07 	
2.15965966e+06 	 7.189373e-06 	 1.386050e+07 	
2.16016016e+06 	 7.164483e-06 	 1.385133e+07 	
2.16066066e+06 	 7.139625e-06 	 1.384218e+07 	
2.16116116e+06 	 7.114799e-06 	 1.383303e+07 	
2.16166166e+06 	 7.090006e-06 	 1.382389e+07 	
2.16216216e+06 	 7.065244e-06 	 1.381475e+07 	
2.16266266e+06 	 7.040515e-06 	 1.380563e+07 	
2.16316316e+06 	 7.015817e-06 	 1.379651e+07 	
2.16366366e+06 	 6.991151e-06 	 1.378739e+07 	
2.16416416e+06 	 6.966517e-06 	 1.377829e+07 	
2.16466466e+06 	 6.941914e-06 	 1.376919e+07 	
2.16516517e+06 	 6.917342e-06 	 1.376010e+07 	
2.16566567e+06 	 6.892801e-06 	 1.375102e+07 	
2.16616617e+06 	 6.868292e-06 	 1.374194e+07 	
2.16666667e+06 	 6.843813e-06 	 1.373287e+07 	
2.16716717e+06 	 6.819365e-06 	 1.372381e+07 	
2.16766767e+06 	 6.794948e-06 	 1.371475e+07 	
2.16816817e+06 	 6.770562e-06 	 1.370571e+07 	
2.16866867e+06 	 6.746206e-06 	 1.369667e+07 	
2.16916917e+06 	 6.721880e-06 	 1.368763e+07 	
2.16966967e+06 	 6.697585e-06 	 1.367861e+07 	
2.17017017e+06 	 6.673320e-06 	 1.366959e+07 	
2.17067067e+06 	 6.649084e-06 	 1.366058e+07 	
2.17117117e+06 	 6.624879e-06 	 1.365158e+07 	
2.17167167e+06 	 6.600703e-06 	 1.364258e+07 	
2.17217217e+06 	 6.576890e-06 	 1.363357e+07 	
2.17267267e+06 	 6.552779e-06 	 1.362458e+07 	
2.17317317e+06 	 6.528698e-06 	 1.361561e+07 	
2.17367367e+06 	 6.504646e-06 	 1.360664e+07 	
2.17417417e+06 	 6.480623e-06 	 1.359768e+07 	
2.17467467e+06 	 6.456630e-06 	 1.358873e+07 	
2.17517518e+06 	 6.432666e-06 	 1.357979e+07 	
2.17567568e+06 	 6.408730e-06 	 1.357085e+07 	
2.17617618e+06 	 6.384824e-06 	 1.356192e+07 	
2.17667668e+06 	 6.360946e-06 	 1.355300e+07 	
2.17717718e+06 	 6.337097e-06 	 1.354408e+07 	
2.17767768e+06 	 6.313277e-06 	 1.353517e+07 	
2.17817818e+06 	 6.289485e-06 	 1.352627e+07 	
2.17867868e+06 	 6.265721e-06 	 1.351738e+07 	
2.17917918e+06 	 6.241985e-06 	 1.350850e+07 	
2.17967968e+06 	 6.218278e-06 	 1.349962e+07 	
2.18018018e+06 	 6.194598e-06 	 1.349075e+07 	
2.18068068e+06 	 6.170946e-06 	 1.348189e+07 	
2.18118118e+06 	 6.147322e-06 	 1.347303e+07 	
2.18168168e+06 	 6.123726e-06 	 1.346419e+07 	
2.18218218e+06 	 6.100158e-06 	 1.345535e+07 	
2.18268268e+06 	 6.076616e-06 	 1.344651e+07 	
2.18318318e+06 	 6.053102e-06 	 1.343769e+07 	
2.18368368e+06 	 6.029616e-06 	 1.342887e+07 	
2.18418418e+06 	 6.006156e-06 	 1.342006e+07 	
2.18468468e+06 	 5.982724e-06 	 1.341126e+07 	
2.18518519e+06 	 5.959318e-06 	 1.340247e+07 	
2.18568569e+06 	 5.935940e-06 	 1.339368e+07 	
2.18618619e+06 	 5.912588e-06 	 1.338490e+07 	
2.18668669e+06 	 5.889262e-06 	 1.337613e+07 	
2.18718719e+06 	 5.865964e-06 	 1.336737e+07 	
2.18768769e+06 	 5.842691e-06 	 1.335861e+07 	
2.18818819e+06 	 5.819445e-06 	 1.334986e+07 	
2.18868869e+06 	 5.796226e-06 	 1.334113e+07 	
2.18918919e+06 	 5.772738e-06 	 1.333242e+07 	
2.18968969e+06 	 5.749565e-06 	 1.332369e+07 	
2.19019019e+06 	 5.726419e-06 	 1.331498e+07 	
2.19069069e+06 	 5.703298e-06 	 1.330627e+07 	
2.19119119e+06 	 5.680203e-06 	 1.329757e+07 	
2.19169169e+06 	 5.657133e-06 	 1.328888e+07 	
2.19219219e+06 	 5.634089e-06 	 1.328019e+07 	
2.19269269e+06 	 5.611071e-06 	 1.327152e+07 	
2.19319319e+06 	 5.588077e-06 	 1.326285e+07 	
2.19369369e+06 	 5.565109e-06 	 1.325419e+07 	
2.19419419e+06 	 5.542166e-06 	 1.324553e+07 	
2.19469469e+06 	 5.519248e-06 	 1.323689e+07 	
2.19519520e+06 	 5.496355e-06 	 1.322825e+07 	
2.19569570e+06 	 5.473487e-06 	 1.321962e+07 	
2.19619620e+06 	 5.450644e-06 	 1.321100e+07 	
2.19669670e+06 	 5.427826e-06 	 1.320239e+07 	
2.19719720e+06 	 5.405032e-06 	 1.319378e+07 	
2.19769770e+06 	 5.382262e-06 	 1.318519e+07 	
2.19819820e+06 	 5.359517e-06 	 1.317660e+07 	
2.19869870e+06 	 5.336797e-06 	 1.316802e+07 	
2.19919920e+06 	 5.314100e-06 	 1.315945e+07 	
2.19969970e+06 	 5.291428e-06 	 1.315088e+07 	
2.20020020e+06 	 5.268780e-06 	 1.314233e+07 	
2.20070070e+06 	 5.246156e-06 	 1.313378e+07 	
2.20120120e+06 	 5.223556e-06 	 1.312524e+07 	
2.20170170e+06 	 5.200980e-06 	 1.311671e+07 	
2.20220220e+06 	 5.178428e-06 	 1.310819e+07 	
2.20270270e+06 	 5.155900e-06 	 1.309967e+07 	
2.20320320e+06 	 5.133395e-06 	 1.309116e+07 	
2.20370370e+06 	 5.110914e-06 	 1.308267e+07 	
2.20420420e+06 	 5.088456e-06 	 1.307418e+07 	
2.20470470e+06 	 5.066022e-06 	 1.306570e+07 	
2.20520521e+06 	 5.043611e-06 	 1.305722e+07 	
2.20570571e+06 	 5.020971e-06 	 1.304878e+07 	
2.20620621e+06 	 4.998603e-06 	 1.304033e+07 	
2.20670671e+06 	 4.976258e-06 	 1.303188e+07 	
2.20720721e+06 	 4.953936e-06 	 1.302344e+07 	
2.20770771e+06 	 4.931637e-06 	 1.301501e+07 	
2.20820821e+06 	 4.909361e-06 	 1.300659e+07 	
2.20870871e+06 	 4.887108e-06 	 1.299818e+07 	
2.20920921e+06 	 4.864877e-06 	 1.298978e+07 	
2.20970971e+06 	 4.842670e-06 	 1.298138e+07 	
2.21021021e+06 	 4.820485e-06 	 1.297299e+07 	
2.21071071e+06 	 4.798323e-06 	 1.296462e+07 	
2.21121121e+06 	 4.776184e-06 	 1.295625e+07 	
2.21171171e+06 	 4.754067e-06 	 1.294789e+07 	
2.21221221e+06 	 4.731973e-06 	 1.293953e+07 	
2.21271271e+06 	 4.709902e-06 	 1.293119e+07 	
2.21321321e+06 	 4.687852e-06 	 1.292286e+07 	
2.21371371e+06 	 4.665826e-06 	 1.291453e+07 	
2.21421421e+06 	 4.643821e-06 	 1.290622e+07 	
2.21471471e+06 	 4.621839e-06 	 1.289791e+07 	
2.21521522e+06 	 4.599880e-06 	 1.288961e+07 	
2.21571572e+06 	 4.577942e-06 	 1.288132e+07 	
2.21621622e+06 	 4.556027e-06 	 1.287304e+07 	
2.21671672e+06 	 4.534134e-06 	 1.286477e+07 	
2.21721722e+06 	 4.512263e-06 	 1.285651e+07 	
2.21771772e+06 	 4.490415e-06 	 1.284826e+07 	
2.21821822e+06 	 4.468588e-06 	 1.284001e+07 	
2.21871872e+06 	 4.446784e-06 	 1.283178e+07 	
2.21921922e+06 	 4.425002e-06 	 1.282355e+07 	
2.21971972e+06 	 4.403242e-06 	 1.281534e+07 	
2.22022022e+06 	 4.381504e-06 	 1.280713e+07 	
2.22072072e+06 	 4.359787e-06 	 1.279893e+07 	
2.22122122e+06 	 4.338093e-06 	 1.279075e+07 	
2.22172172e+06 	 4.316421e-06 	 1.278257e+07 	
2.22222222e+06 	 4.294772e-06 	 1.277440e+07 	
2.22272272e+06 	 4.272927e-06 	 1.276627e+07 	
2.22322322e+06 	 4.251317e-06 	 1.275812e+07 	
2.22372372e+06 	 4.229730e-06 	 1.274998e+07 	
2.22422422e+06 	 4.208165e-06 	 1.274185e+07 	
2.22472472e+06 	 4.186621e-06 	 1.273373e+07 	
2.22522523e+06 	 4.165100e-06 	 1.272562e+07 	
2.22572573e+06 	 4.143600e-06 	 1.271752e+07 	
2.22622623e+06 	 4.122123e-06 	 1.270942e+07 	
2.22672673e+06 	 4.100668e-06 	 1.270134e+07 	
2.22722723e+06 	 4.079235e-06 	 1.269327e+07 	
2.22772773e+06 	 4.057823e-06 	 1.268521e+07 	
2.22822823e+06 	 4.036434e-06 	 1.267716e+07 	
2.22872873e+06 	 4.015067e-06 	 1.266912e+07 	
2.22922923e+06 	 3.993723e-06 	 1.266109e+07 	
2.22972973e+06 	 3.972400e-06 	 1.265306e+07 	
2.23023023e+06 	 3.951100e-06 	 1.264505e+07 	
2.23073073e+06 	 3.929822e-06 	 1.263705e+07 	
2.23123123e+06 	 3.908566e-06 	 1.262906e+07 	
2.23173173e+06 	 3.887332e-06 	 1.262108e+07 	
2.23223223e+06 	 3.866121e-06 	 1.261311e+07 	
2.23273273e+06 	 3.844933e-06 	 1.260515e+07 	
2.23323323e+06 	 3.823767e-06 	 1.259720e+07 	
2.23373373e+06 	 3.802624e-06 	 1.258926e+07 	
2.23423423e+06 	 3.781503e-06 	 1.258133e+07 	
2.23473473e+06 	 3.760405e-06 	 1.257342e+07 	
2.23523524e+06 	 3.739330e-06 	 1.256551e+07 	
2.23573574e+06 	 3.718277e-06 	 1.255761e+07 	
2.23623624e+06 	 3.697248e-06 	 1.254973e+07 	
2.23673674e+06 	 3.676242e-06 	 1.254185e+07 	
2.23723724e+06 	 3.655259e-06 	 1.253399e+07 	
2.23773774e+06 	 3.634298e-06 	 1.252613e+07 	
2.23823824e+06 	 3.613362e-06 	 1.251829e+07 	
2.23873874e+06 	 3.592448e-06 	 1.251046e+07 	
2.23923924e+06 	 3.571379e-06 	 1.250266e+07 	
2.23973974e+06 	 3.550511e-06 	 1.249485e+07 	
2.24024024e+06 	 3.529665e-06 	 1.248705e+07 	
2.24074074e+06 	 3.508844e-06 	 1.247927e+07 	
2.24124124e+06 	 3.488046e-06 	 1.247149e+07 	
2.24174174e+06 	 3.467273e-06 	 1.246373e+07 	
2.24224224e+06 	 3.446524e-06 	 1.245598e+07 	
2.24274274e+06 	 3.425799e-06 	 1.244823e+07 	
2.24324324e+06 	 3.405098e-06 	 1.244050e+07 	
2.24374374e+06 	 3.384422e-06 	 1.243279e+07 	
2.24424424e+06 	 3.363771e-06 	 1.242508e+07 	
2.24474474e+06 	 3.343145e-06 	 1.241738e+07 	
2.24524525e+06 	 3.322543e-06 	 1.240970e+07 	
2.24574575e+06 	 3.301967e-06 	 1.240203e+07 	
2.24624625e+06 	 3.281416e-06 	 1.239437e+07 	
2.24674675e+06 	 3.260891e-06 	 1.238672e+07 	
2.24724725e+06 	 3.240392e-06 	 1.237909e+07 	
2.24774775e+06 	 3.219918e-06 	 1.237146e+07 	
2.24824825e+06 	 3.199470e-06 	 1.236385e+07 	
2.24874875e+06 	 3.179049e-06 	 1.235625e+07 	
2.24924925e+06 	 3.158654e-06 	 1.234866e+07 	
2.24974975e+06 	 3.138286e-06 	 1.234109e+07 	
2.25025025e+06 	 3.117944e-06 	 1.233353e+07 	
2.25075075e+06 	 3.097630e-06 	 1.232598e+07 	
2.25125125e+06 	 3.077343e-06 	 1.231844e+07 	
2.25175175e+06 	 3.057083e-06 	 1.231091e+07 	
2.25225225e+06 	 3.036851e-06 	 1.230340e+07 	
2.25275275e+06 	 3.016647e-06 	 1.229590e+07 	
2.25325325e+06 	 2.996472e-06 	 1.228841e+07 	
2.25375375e+06 	 2.976324e-06 	 1.228094e+07 	
2.25425425e+06 	 2.956206e-06 	 1.227348e+07 	
2.25475475e+06 	 2.936116e-06 	 1.226603e+07 	
2.25525526e+06 	 2.916056e-06 	 1.225860e+07 	
2.25575576e+06 	 2.896025e-06 	 1.225117e+07 	
2.25625626e+06 	 2.876169e-06 	 1.224374e+07 	
2.25675676e+06 	 2.856200e-06 	 1.223634e+07 	
2.25725726e+06 	 2.836261e-06 	 1.222896e+07 	
2.25775776e+06 	 2.816353e-06 	 1.222159e+07 	
2.25825826e+06 	 2.796476e-06 	 1.221424e+07 	
2.25875876e+06 	 2.776630e-06 	 1.220690e+07 	
2.25925926e+06 	 2.756815e-06 	 1.219957e+07 	
2.25975976e+06 	 2.737032e-06 	 1.219225e+07 	
2.26026026e+06 	 2.717282e-06 	 1.218495e+07 	
2.26076076e+06 	 2.697564e-06 	 1.217767e+07 	
2.26126126e+06 	 2.677879e-06 	 1.217039e+07 	
2.26176176e+06 	 2.658227e-06 	 1.216313e+07 	
2.26226226e+06 	 2.638609e-06 	 1.215589e+07 	
2.26276276e+06 	 2.619024e-06 	 1.214866e+07 	
2.26326326e+06 	 2.599474e-06 	 1.214144e+07 	
2.26376376e+06 	 2.579958e-06 	 1.213424e+07 	
2.26426426e+06 	 2.560478e-06 	 1.212705e+07 	
2.26476476e+06 	 2.541033e-06 	 1.211988e+07 	
2.26526527e+06 	 2.521623e-06 	 1.211272e+07 	
2.26576577e+06 	 2.502250e-06 	 1.210558e+07 	
2.26626627e+06 	 2.482913e-06 	 1.209845e+07 	
2.26676677e+06 	 2.463614e-06 	 1.209134e+07 	
2.26726727e+06 	 2.444351e-06 	 1.208424e+07 	
2.26776777e+06 	 2.425127e-06 	 1.207716e+07 	
2.26826827e+06 	 2.405941e-06 	 1.207009e+07 	
2.26876877e+06 	 2.386793e-06 	 1.206304e+07 	
2.26926927e+06 	 2.367685e-06 	 1.205600e+07 	
2.26976977e+06 	 2.348616e-06 	 1.204898e+07 	
2.27027027e+06 	 2.329587e-06 	 1.204197e+07 	
2.27077077e+06 	 2.310599e-06 	 1.203498e+07 	
2.27127127e+06 	 2.291651e-06 	 1.202801e+07 	
2.27177177e+06 	 2.272745e-06 	 1.202105e+07 	
2.27227227e+06 	 2.253881e-06 	 1.201411e+07 	
2.27277277e+06 	 2.234948e-06 	 1.200720e+07 	
2.27327327e+06 	 2.216168e-06 	 1.200029e+07 	
2.27377377e+06 	 2.197431e-06 	 1.199340e+07 	
2.27427427e+06 	 2.178739e-06 	 1.198652e+07 	
2.27477477e+06 	 2.160090e-06 	 1.197966e+07 	
2.27527528e+06 	 2.141487e-06 	 1.197282e+07 	
2.27577578e+06 	 2.122930e-06 	 1.196599e+07 	
2.27627628e+06 	 2.104418e-06 	 1.195918e+07 	
2.27677678e+06 	 2.085953e-06 	 1.195238e+07 	
2.27727728e+06 	 2.067535e-06 	 1.194560e+07 	
2.27777778e+06 	 2.049165e-06 	 1.193884e+07 	
2.27827828e+06 	 2.030843e-06 	 1.193210e+07 	
2.27877878e+06 	 2.012570e-06 	 1.192537e+07 	
2.27927928e+06 	 1.994346e-06 	 1.191866e+07 	
2.27977978e+06 	 1.976172e-06 	 1.191197e+07 	
2.28028028e+06 	 1.958049e-06 	 1.190530e+07 	
2.28078078e+06 	 1.939977e-06 	 1.189864e+07 	
2.28128128e+06 	 1.921957e-06 	 1.189200e+07 	
2.28178178e+06 	 1.903990e-06 	 1.188538e+07 	
2.28228228e+06 	 1.886075e-06 	 1.187878e+07 	
2.28278278e+06 	 1.868214e-06 	 1.187219e+07 	
2.28328328e+06 	 1.850407e-06 	 1.186563e+07 	
2.28378378e+06 	 1.832656e-06 	 1.185908e+07 	
2.28428428e+06 	 1.814960e-06 	 1.185255e+07 	
2.28478478e+06 	 1.797320e-06 	 1.184604e+07 	
2.28528529e+06 	 1.779736e-06 	 1.183954e+07 	
2.28578579e+06 	 1.762211e-06 	 1.183307e+07 	
2.28628629e+06 	 1.744744e-06 	 1.182661e+07 	
2.28678679e+06 	 1.727335e-06 	 1.182018e+07 	
2.28728729e+06 	 1.709986e-06 	 1.181376e+07 	
2.28778779e+06 	 1.692697e-06 	 1.180736e+07 	
2.28828829e+06 	 1.675469e-06 	 1.180098e+07 	
2.28878879e+06 	 1.658303e-06 	 1.179462e+07 	
2.28928929e+06 	 1.641199e-06 	 1.178828e+07 	
2.28978979e+06 	 1.624075e-06 	 1.178198e+07 	
2.29029029e+06 	 1.607097e-06 	 1.177568e+07 	
2.29079079e+06 	 1.590183e-06 	 1.176940e+07 	
2.29129129e+06 	 1.573334e-06 	 1.176314e+07 	
2.29179179e+06 	 1.556551e-06 	 1.175690e+07 	
2.29229229e+06 	 1.539834e-06 	 1.175068e+07 	
2.29279279e+06 	 1.523185e-06 	 1.174447e+07 	
2.29329329e+06 	 1.506604e-06 	 1.173829e+07 	
2.29379379e+06 	 1.490091e-06 	 1.173213e+07 	
2.29429429e+06 	 1.473648e-06 	 1.172599e+07 	
2.29479479e+06 	 1.457274e-06 	 1.171987e+07 	
2.29529530e+06 	 1.440972e-06 	 1.171378e+07 	
2.29579580e+06 	 1.424741e-06 	 1.170770e+07 	
2.29629630e+06 	 1.408583e-06 	 1.170164e+07 	
2.29679680e+06 	 1.392498e-06 	 1.169560e+07 	
2.29729730e+06 	 1.376486e-06 	 1.168959e+07 	
2.29779780e+06 	 1.360549e-06 	 1.168360e+07 	
2.29829830e+06 	 1.344688e-06 	 1.167763e+07 	
2.29879880e+06 	 1.328902e-06 	 1.167167e+07 	
2.29929930e+06 	 1.313193e-06 	 1.166575e+07 	
2.29979980e+06 	 1.297562e-06 	 1.165984e+07 	
2.30030030e+06 	 1.282009e-06 	 1.165395e+07 	
2.30080080e+06 	 1.266535e-06 	 1.164809e+07 	
2.30130130e+06 	 1.251141e-06 	 1.164225e+07 	
2.30180180e+06 	 1.235827e-06 	 1.163643e+07 	
2.30230230e+06 	 1.220594e-06 	 1.163063e+07 	
2.30280280e+06 	 1.205444e-06 	 1.162486e+07 	
2.30330330e+06 	 1.190376e-06 	 1.161910e+07 	
2.30380380e+06 	 1.175392e-06 	 1.161338e+07 	
2.30430430e+06 	 1.160492e-06 	 1.160767e+07 	
2.30480480e+06 	 1.145676e-06 	 1.160198e+07 	
2.30530531e+06 	 1.130947e-06 	 1.159632e+07 	
2.30580581e+06 	 1.116303e-06 	 1.159068e+07 	
2.30630631e+06 	 1.101691e-06 	 1.158509e+07 	
2.30680681e+06 	 1.087222e-06 	 1.157950e+07 	
2.30730731e+06 	 1.072842e-06 	 1.157393e+07 	
2.30780781e+06 	 1.058551e-06 	 1.156839e+07 	
2.30830831e+06 	 1.044350e-06 	 1.156287e+07 	
2.30880881e+06 	 1.030239e-06 	 1.155737e+07 	
2.30930931e+06 	 1.016219e-06 	 1.155189e+07 	
2.30980981e+06 	 1.002292e-06 	 1.154644e+07 	
2.31031031e+06 	 9.884572e-07 	 1.154102e+07 	
2.31081081e+06 	 9.747157e-07 	 1.153561e+07 	
2.31131131e+06 	 9.610682e-07 	 1.153023e+07 	
2.31181181e+06 	 9.475153e-07 	 1.152488e+07 	
2.31231231e+06 	 9.340576e-07 	 1.151955e+07 	
2.31281281e+06 	 9.206959e-07 	 1.151424e+07 	
2.31331331e+06 	 9.074306e-07 	 1.150896e+07 	
2.31381381e+06 	 8.942626e-07 	 1.150370e+07 	
2.31431431e+06 	 8.811922e-07 	 1.149847e+07 	
2.31481481e+06 	 8.682202e-07 	 1.149326e+07 	
2.31531532e+06 	 8.553472e-07 	 1.148807e+07 	
2.31581582e+06 	 8.425737e-07 	 1.148292e+07 	
2.31631632e+06 	 8.299002e-07 	 1.147778e+07 	
2.31681682e+06 	 8.173274e-07 	 1.147267e+07 	
2.31731732e+06 	 8.048557e-07 	 1.146759e+07 	
2.31781782e+06 	 7.924858e-07 	 1.146253e+07 	
2.31831832e+06 	 7.802181e-07 	 1.145749e+07 	
2.31881882e+06 	 7.680531e-07 	 1.145249e+07 	
2.31931932e+06 	 7.559914e-07 	 1.144750e+07 	
2.31981982e+06 	 7.440333e-07 	 1.144254e+07 	
2.32032032e+06 	 7.321794e-07 	 1.143761e+07 	
2.32082082e+06 	 7.204301e-07 	 1.143270e+07 	
2.32132132e+06 	 7.087859e-07 	 1.142782e+07 	
2.32182182e+06 	 6.972471e-07 	 1.142297e+07 	
2.32232232e+06 	 6.858488e-07 	 1.141811e+07 	
2.32282282e+06 	 6.745223e-07 	 1.141330e+07 	
2.32332332e+06 	 6.633025e-07 	 1.140852e+07 	
2.32382382e+06 	 6.521896e-07 	 1.140377e+07 	
2.32432432e+06 	 6.411841e-07 	 1.139904e+07 	
2.32482482e+06 	 6.302861e-07 	 1.139434e+07 	
2.32532533e+06 	 6.194962e-07 	 1.138967e+07 	
2.32582583e+06 	 6.088144e-07 	 1.138502e+07 	
2.32632633e+06 	 5.982412e-07 	 1.138039e+07 	
2.32682683e+06 	 5.877767e-07 	 1.137579e+07 	
2.32732733e+06 	 5.774212e-07 	 1.137122e+07 	
2.32782783e+06 	 5.671749e-07 	 1.136668e+07 	
2.32832833e+06 	 5.570380e-07 	 1.136216e+07 	
2.32882883e+06 	 5.470106e-07 	 1.135767e+07 	
2.32932933e+06 	 5.370930e-07 	 1.135320e+07 	
2.32982983e+06 	 5.272852e-07 	 1.134876e+07 	
2.33033033e+06 	 5.175874e-07 	 1.134435e+07 	
2.33083083e+06 	 5.079996e-07 	 1.133996e+07 	
2.33133133e+06 	 4.985220e-07 	 1.133560e+07 	
2.33183183e+06 	 4.891545e-07 	 1.133126e+07 	
2.33233233e+06 	 4.798973e-07 	 1.132696e+07 	
2.33283283e+06 	 4.707503e-07 	 1.132267e+07 	
2.33333333e+06 	 4.617136e-07 	 1.131842e+07 	
2.33383383e+06 	 4.527870e-07 	 1.131419e+07 	
2.33433433e+06 	 4.439706e-07 	 1.130999e+07 	
2.33483483e+06 	 4.352642e-07 	 1.130581e+07 	
2.33533534e+06 	 4.266678e-07 	 1.130166e+07 	
2.33583584e+06 	 4.181813e-07 	 1.129754e+07 	
2.33633634e+06 	 4.098045e-07 	 1.129344e+07 	
2.33683684e+06 	 4.015373e-07 	 1.128937e+07 	
2.33733734e+06 	 3.933794e-07 	 1.128533e+07 	
2.33783784e+06 	 3.853113e-07 	 1.128134e+07 	
2.33833834e+06 	 3.773715e-07 	 1.127735e+07 	
2.33883884e+06 	 3.695405e-07 	 1.127339e+07 	
2.33933934e+06 	 3.618178e-07 	 1.126945e+07 	
2.33983984e+06 	 3.542034e-07 	 1.126554e+07 	
2.34034034e+06 	 3.466967e-07 	 1.126166e+07 	
2.34084084e+06 	 3.392976e-07 	 1.125780e+07 	
2.34134134e+06 	 3.320056e-07 	 1.125397e+07 	
2.34184184e+06 	 3.248204e-07 	 1.125017e+07 	
2.34234234e+06 	 3.177415e-07 	 1.124639e+07 	
2.34284284e+06 	 3.107687e-07 	 1.124263e+07 	
2.34334334e+06 	 3.039013e-07 	 1.123891e+07 	
2.34384384e+06 	 2.971390e-07 	 1.123521e+07 	
2.34434434e+06 	 2.904812e-07 	 1.123153e+07 	
2.34484484e+06 	 2.839276e-07 	 1.122789e+07 	
2.34534535e+06 	 2.774774e-07 	 1.122426e+07 	
2.34584585e+06 	 2.711303e-07 	 1.122067e+07 	
2.34634635e+06 	 2.648856e-07 	 1.121710e+07 	
2.34684685e+06 	 2.587428e-07 	 1.121355e+07 	
2.34734735e+06 	 2.527013e-07 	 1.121004e+07 	
2.34784785e+06 	 2.467603e-07 	 1.120654e+07 	
2.34834835e+06 	 2.409194e-07 	 1.120308e+07 	
2.34884885e+06 	 2.351779e-07 	 1.119963e+07 	
2.34934935e+06 	 2.295349e-07 	 1.119622e+07 	
2.34984985e+06 	 2.239900e-07 	 1.119283e+07 	
2.35035035e+06 	 2.185423e-07 	 1.118946e+07 	
2.35085085e+06 	 2.131912e-07 	 1.118612e+07 	
2.35135135e+06 	 2.079358e-07 	 1.118281e+07 	
2.35185185e+06 	 2.027755e-07 	 1.117952e+07 	
2.35235235e+06 	 1.976993e-07 	 1.117628e+07 	
2.35285285e+06 	 1.927266e-07 	 1.117305e+07 	
2.35335335e+06 	 1.878466e-07 	 1.116983e+07 	
2.35385385e+06 	 1.830585e-07 	 1.116664e+07 	
2.35435435e+06 	 1.783613e-07 	 1.116348e+07 	
2.35485485e+06 	 1.737542e-07 	 1.116034e+07 	
2.35535536e+06 	 1.692364e-07 	 1.115722e+07 	
2.35585586e+06 	 1.648070e-07 	 1.115413e+07 	
2.35635636e+06 	 1.604651e-07 	 1.115106e+07 	
2.35685686e+06 	 1.562099e-07 	 1.114802e+07 	
2.35735736e+06 	 1.520403e-07 	 1.114500e+07 	
2.35785786e+06 	 1.479554e-07 	 1.114201e+07 	
2.35835836e+06 	 1.439544e-07 	 1.113903e+07 	
2.35885886e+06 	 1.400363e-07 	 1.113609e+07 	
2.35935936e+06 	 1.362000e-07 	 1.113316e+07 	
2.35985986e+06 	 1.324448e-07 	 1.113026e+07 	
2.36036036e+06 	 1.287695e-07 	 1.112738e+07 	
2.36086086e+06 	 1.251733e-07 	 1.112453e+07 	
2.36136136e+06 	 1.216551e-07 	 1.112170e+07 	
2.36186186e+06 	 1.182139e-07 	 1.111889e+07 	
2.36236236e+06 	 1.148487e-07 	 1.111610e+07 	
2.36286286e+06 	 1.115586e-07 	 1.111334e+07 	
2.36336336e+06 	 1.083424e-07 	 1.111060e+07 	
2.36386386e+06 	 1.051993e-07 	 1.110788e+07 	
2.36436436e+06 	 1.021281e-07 	 1.110518e+07 	
2.36486486e+06 	 9.912278e-08 	 1.110255e+07 	
2.36536537e+06 	 9.619246e-08 	 1.109990e+07 	
2.36586587e+06 	 9.333104e-08 	 1.109727e+07 	
2.36636637e+06 	 9.053746e-08 	 1.109466e+07 	
2.36686687e+06 	 8.781071e-08 	 1.109208e+07 	
2.36736737e+06 	 8.514973e-08 	 1.108951e+07 	
2.36786787e+06 	 8.255351e-08 	 1.108697e+07 	
2.36836837e+06 	 8.002099e-08 	 1.108445e+07 	
2.36886887e+06 	 7.755115e-08 	 1.108194e+07 	
2.36936937e+06 	 7.514295e-08 	 1.107946e+07 	
2.36986987e+06 	 7.279535e-08 	 1.107700e+07 	
2.37037037e+06 	 7.050733e-08 	 1.107456e+07 	
2.37087087e+06 	 6.827785e-08 	 1.107214e+07 	
2.37137137e+06 	 6.610588e-08 	 1.106974e+07 	
2.37187187e+06 	 6.399040e-08 	 1.106736e+07 	
2.37237237e+06 	 6.193040e-08 	 1.106500e+07 	
2.37287287e+06 	 5.992485e-08 	 1.106266e+07 	
2.37337337e+06 	 5.797274e-08 	 1.106034e+07 	
2.37387387e+06 	 5.607307e-08 	 1.105804e+07 	
2.37437437e+06 	 5.422484e-08 	 1.105576e+07 	
2.37487487e+06 	 5.242973e-08 	 1.105344e+07 	
2.37537538e+06 	 5.068140e-08 	 1.105119e+07 	
2.37587588e+06 	 4.898154e-08 	 1.104896e+07 	
2.37637638e+06 	 4.732917e-08 	 1.104675e+07 	
2.37687688e+06 	 4.572333e-08 	 1.104456e+07 	
2.37737738e+06 	 4.416305e-08 	 1.104238e+07 	
2.37787788e+06 	 4.264737e-08 	 1.104022e+07 	
2.37837838e+06 	 4.117537e-08 	 1.103808e+07 	
2.37887888e+06 	 3.974609e-08 	 1.103596e+07 	
2.37937938e+06 	 3.835861e-08 	 1.103385e+07 	
2.37987988e+06 	 3.701202e-08 	 1.103176e+07 	
2.38038038e+06 	 3.570540e-08 	 1.102968e+07 	
2.38088088e+06 	 3.443785e-08 	 1.102762e+07 	
2.38138138e+06 	 3.320849e-08 	 1.102558e+07 	
2.38188188e+06 	 3.201644e-08 	 1.102355e+07 	
2.38238238e+06 	 3.086083e-08 	 1.102154e+07 	
2.38288288e+06 	 2.973925e-08 	 1.101961e+07 	
2.38338338e+06 	 2.865393e-08 	 1.101764e+07 	
2.38388388e+06 	 2.760251e-08 	 1.101567e+07 	
2.38438438e+06 	 2.658416e-08 	 1.101373e+07 	
2.38488488e+06 	 2.559807e-08 	 1.101179e+07 	
2.38538539e+06 	 2.464344e-08 	 1.100988e+07 	
2.38588589e+06 	 2.371947e-08 	 1.100797e+07 	
2.38638639e+06 	 2.282539e-08 	 1.100608e+07 	
2.38688689e+06 	 2.196044e-08 	 1.100421e+07 	
2.38738739e+06 	 2.112385e-08 	 1.100234e+07 	
2.38788789e+06 	 2.031488e-08 	 1.100049e+07 	
2.38838839e+06 	 1.953281e-08 	 1.099865e+07 	
2.38888889e+06 	 1.877592e-08 	 1.099691e+07 	
2.38938939e+06 	 1.804547e-08 	 1.099511e+07 	
2.38988989e+06 	 1.733979e-08 	 1.099331e+07 	
2.39039039e+06 	 1.665821e-08 	 1.099153e+07 	
2.39089089e+06 	 1.600005e-08 	 1.098976e+07 	
2.39139139e+06 	 1.536466e-08 	 1.098800e+07 	
2.39189189e+06 	 1.475139e-08 	 1.098625e+07 	
2.39239239e+06 	 1.415962e-08 	 1.098451e+07 	
2.39289289e+06 	 1.358872e-08 	 1.098278e+07 	
2.39339339e+06 	 1.303740e-08 	 1.098117e+07 	
2.39389389e+06 	 1.250641e-08 	 1.097947e+07 	
2.39439439e+06 	 1.199451e-08 	 1.097778e+07 	
2.39489489e+06 	 1.150113e-08 	 1.097610e+07 	
2.39539540e+06 	 1.102571e-08 	 1.097443e+07 	
2.39589590e+06 	 1.056770e-08 	 1.097276e+07 	
2.39639640e+06 	 1.012658e-08 	 1.097110e+07 	
2.39689690e+06 	 9.701306e-09 	 1.096959e+07 	
2.39739740e+06 	 9.292361e-09 	 1.096796e+07 	
2.39789790e+06 	 8.898767e-09 	 1.096634e+07 	
2.39839840e+06 	 8.520036e-09 	 1.096473e+07 	
2.39889890e+06 	 8.155696e-09 	 1.096312e+07 	
2.39939940e+06 	 7.805283e-09 	 1.096151e+07 	
2.39989990e+06 	 7.467929e-09 	 1.096008e+07 	
2.40040040e+06 	 7.143986e-09 	 1.095851e+07 	
2.40090090e+06 	 6.832644e-09 	 1.095693e+07 	
2.40140140e+06 	 6.533484e-09 	 1.095536e+07 	
2.40190190e+06 	 6.245785e-09 	 1.095398e+07 	
2.40240240e+06 	 5.969740e-09 	 1.095245e+07 	
2.40290290e+06 	 5.704682e-09 	 1.095092e+07 	
2.40340340e+06 	 5.450233e-09 	 1.094940e+07 	
2.40390390e+06 	 5.206027e-09 	 1.094787e+07 	
2.40440440e+06 	 4.971411e-09 	 1.094661e+07 	
2.40490490e+06 	 4.746588e-09 	 1.094514e+07 	
2.40540541e+06 	 4.530962e-09 	 1.094369e+07 	
2.40590591e+06 	 4.324447e-09 	 1.094196e+07 	
2.40640641e+06 	 4.126286e-09 	 1.094045e+07 	
2.40690691e+06 	 3.936378e-09 	 1.093891e+07 	
2.40740741e+06 	 3.754210e-09 	 1.093767e+07 	
2.40790791e+06 	 3.579875e-09 	 1.093619e+07 	
2.40840841e+06 	 3.412918e-09 	 1.093468e+07 	
2.40890891e+06 	 3.252859e-09 	 1.093355e+07 	
2.40940941e+06 	 3.099794e-09 	 1.093213e+07 	
2.40990991e+06 	 2.953139e-09 	 1.093107e+07 	
2.41041041e+06 	 2.812925e-09 	 1.092979e+07 	
2.41091091e+06 	 2.678780e-09 	 1.092856e+07 	
2.41141141e+06 	 2.550635e-09 	 1.092696e+07 	
2.41191191e+06 	 2.427967e-09 	 1.092574e+07 	
2.41241241e+06 	 2.310832e-09 	 1.092415e+07 	
2.41291291e+06 	 2.198764e-09 	 1.092294e+07 	
2.41341341e+06 	 2.091876e-09 	 1.092104e+07 	
2.41391391e+06 	 1.989622e-09 	 1.091966e+07 	
2.41441441e+06 	 1.891966e-09 	 1.091828e+07 	
2.41491491e+06 	 1.798620e-09 	 1.091738e+07 	
2.41541542e+06 	 1.709566e-09 	 1.091624e+07 	
2.41591592e+06 	 1.624721e-09 	 1.091433e+07 	
2.41641642e+06 	 1.543655e-09 	 1.091302e+07 	
2.41691692e+06 	 1.466364e-09 	 1.091138e+07 	
2.41741742e+06 	 1.392641e-09 	 1.090978e+07 	
2.41791792e+06 	 1.322257e-09 	 1.090898e+07 	
2.41841842e+06 	 1.255219e-09 	 1.090768e+07 	
2.41891892e+06 	 1.191351e-09 	 1.090610e+07 	
2.41941942e+06 	 1.130500e-09 	 1.090442e+07 	
2.41991992e+06 	 1.072469e-09 	 1.090357e+07 	
2.42042042e+06 	 1.017250e-09 	 1.090207e+07 	
2.42092092e+06 	 9.646292e-10 	 1.090114e+07 	
2.42142142e+06 	 9.145585e-10 	 1.089993e+07 	
2.42192192e+06 	 8.669233e-10 	 1.089837e+07 	
2.42242242e+06 	 8.215947e-10 	 1.089685e+07 	
2.42292292e+06 	 7.784488e-10 	 1.089580e+07 	
2.42342342e+06 	 7.374350e-10 	 1.089430e+07 	
2.42392392e+06 	 6.984184e-10 	 1.089322e+07 	
2.42442442e+06 	 6.613454e-10 	 1.089165e+07 	
2.42492492e+06 	 6.260776e-10 	 1.089093e+07 	
2.42542543e+06 	 5.925743e-10 	 1.088997e+07 	
2.42592593e+06 	 5.607770e-10 	 1.088815e+07 	
2.42642643e+06 	 5.305595e-10 	 1.088682e+07 	
2.42692693e+06 	 5.018627e-10 	 1.088559e+07 	
2.42742743e+06 	 4.746237e-10 	 1.088417e+07 	
2.42792793e+06 	 4.487631e-10 	 1.088304e+07 	
2.42842843e+06 	 4.242325e-10 	 1.088143e+07 	
2.42892893e+06 	 4.009467e-10 	 1.088052e+07 	
2.42942943e+06 	 3.788698e-10 	 1.087908e+07 	
2.42992993e+06 	 3.579279e-10 	 1.087800e+07 	
2.43043043e+06 	 3.380780e-10 	 1.087666e+07 	
2.43093093e+06 	 3.192600e-10 	 1.087549e+07 	
2.43143143e+06 	 3.014291e-10 	 1.087419e+07 	
2.43193193e+06 	 2.845340e-10 	 1.087298e+07 	
2.43243243e+06 	 2.685322e-10 	 1.087161e+07 	
2.43293293e+06 	 2.533758e-10 	 1.087047e+07 	
2.43343343e+06 	 2.390280e-10 	 1.086907e+07 	
2.43393393e+06 	 2.254436e-10 	 1.086797e+07 	
2.43443443e+06 	 2.125895e-10 	 1.086663e+07 	
2.43493493e+06 	 2.004257e-10 	 1.086547e+07 	
2.43543544e+06 	 1.889204e-10 	 1.086416e+07 	
2.43593594e+06 	 1.780380e-10 	 1.086298e+07 	
2.43643644e+06 	 1.677490e-10 	 1.086168e+07 	
2.43693694e+06 	 1.580216e-10 	 1.086050e+07 	
2.43743744e+06 	 1.488285e-10 	 1.085919e+07 	
2.43793794e+06 	 1.401410e-10 	 1.085801e+07 	
2.43843844e+06 	 1.319344e-10 	 1.085671e+07 	
2.43893894e+06 	 1.241824e-10 	 1.085554e+07 	
2.43943944e+06 	 1.168626e-10 	 1.085428e+07 	
2.43993994e+06 	 1.099516e-10 	 1.085306e+07 	
2.44044044e+06 	 1.034288e-10 	 1.085176e+07 	
2.44094094e+06 	 9.727267e-11 	 1.085059e+07 	
2.44144144e+06 	 9.146472e-11 	 1.084935e+07 	
2.44194194e+06 	 8.598613e-11 	 1.084812e+07 	
2.44244244e+06 	 8.081947e-11 	 1.084687e+07 	
2.44294294e+06 	 7.594780e-11 	 1.084566e+07 	
2.44344344e+06 	 7.135547e-11 	 1.084443e+07 	
2.44394394e+06 	 6.702735e-11 	 1.084320e+07 	
2.44444444e+06 	 6.294916e-11 	 1.084194e+07 	
2.44494494e+06 	 5.910711e-11 	 1.084074e+07 	
2.44544545e+06 	 5.548857e-11 	 1.083947e+07 	
2.76475591e+06 	 1.000000e-20 	 1.013489e+07 	
3.12575988e+06 	 1.000000e-20 	 9.483582e+06 	
3.53390141e+06 	 1.000000e-20 	 8.880063e+06 	
3.99533542e+06 	 1.000000e-20 	 8.319695e+06 	
4.51702051e+06 	 1.000000e-20 	 7.798503e+06 	
5.10682387e+06 	 1.000000e-20 	 7.313042e+06 	
5.77363993e+06 	 1.000000e-20 	 6.860298e+06 	
6.52752453e+06 	 1.000000e-20 	 6.437613e+06 	
7.37984652e+06 	 1.000000e-20 	 6.042627e+06 	
8.34345920e+06 	 1.000000e-20 	 5.673229e+06 	
9.43289419e+06 	 1.000000e-20 	 5.327522e+06 	
1.06645806e+07 	 1.000000e-20 	 5.003792e+06 	
1.20570926e+07 	 1.000000e-20 	 4.700481e+06 	
1.36314299e+07 	 1.000000e-20 	 4.416172e+06 	
1.54113339e+07 	 1.000000e-20 	 4.149567e+06 	
1.74236463e+07 	 1.000000e-20 	 3.899476e+06 	
1.96987135e+07 	 1.000000e-20 	 3.664804e+06 	
2.22708442e+07 	 1.000000e-20 	 3.444541e+06 	
2.51788272e+07 	 1.000000e-20 	 3.237753e+06 	
2.84665158e+07 	 1.000000e-20 	 3.043574e+06 	
3.21834895e+07 	 1.000000e-20 	 2.861204e+06 	
3.63858016e+07 	 1.000000e-20 	 2.689896e+06 	
4.11368245e+07 	 1.000000e-20 	 2.528955e+06 	
4.65082053e+07 	 1.000000e-20 	 2.377737e+06 	
5.25809463e+07 	 1.000000e-20 	 2.235637e+06 	
5.94466266e+07 	 1.000000e-20 	 2.102094e+06 	
6.72087830e+07 	 1.000000e-20 	 1.976580e+06 	
7.59844717e+07 	 1.000000e-20 	 1.858604e+06 	
8.59060331e+07 	 1.000000e-20 	 1.747707e+06 	
9.71230879e+07 	 1.000000e-20 	 1.643456e+06 	
1.09804793e+08 	 1.000000e-20 	 1.545450e+06 	
1.24142394e+08 	 1.000000e-20 	 1.453309e+06 	
1.40352105e+08 	 1.000000e-20 	 1.366678e+06 	
1.58678377e+08 	 1.000000e-20 	 1.285226e+06 	
1.79397574e+08 	 1.000000e-20 	 1.208641e+06 	
2.02822150e+08 	 1.000000e-20 	 1.136629e+06 	
2.29305356e+08 	 1.000000e-20 	 1.068916e+06 	
2.59246568e+08 	 1.000000e-20 	 1.005244e+06 	
2.93097310e+08 	 1.000000e-20 	 9.453701e+05 	
3.31368063e+08 	 1.000000e-20 	 8.890673e+05 	
3.74635964e+08 	 1.000000e-20 	 8.361217e+05 	
4.23553508e+08 	 1.000000e-20 	 7.863323e+05 	
4.78858388e+08 	 1.000000e-20 	 7.395106e+05 	
5.41384623e+08 	 1.000000e-20 	 6.954791e+05 	
6.12075129e+08 	 1.000000e-20 	 6.540712e+05 	
6.91995945e+08 	 1.000000e-20 	 6.151303e+05 	
7.82352305e+08 	 1.000000e-20 	 5.785091e+05 	
8.84506815e+08 	 1.000000e-20 	 5.440692e+05 	
1.00000000e+09 	 1.000000e-20 	 5.116804e+05 	
