r (cm)        	 rho (g/cm3) 	 T (K)       		 Linf = 2.017037e+38
1.19997642e+06 	 5.657972e+04 	 1.263899e+09 	
1.20000072e+06 	 5.574972e+04 	 1.259185e+09 	
1.20021667e+06 	 4.880766e+04 	 1.217572e+09 	
1.20043262e+06 	 4.260270e+04 	 1.176480e+09 	
1.20064857e+06 	 3.707216e+04 	 1.135927e+09 	
1.20086452e+06 	 3.215711e+04 	 1.095928e+09 	
1.20107742e+06 	 2.786012e+04 	 1.057055e+09 	
1.20129032e+06 	 2.405802e+04 	 1.018756e+09 	
1.20150322e+06 	 2.070447e+04 	 9.810487e+08 	
1.20167896e+06 	 1.824350e+04 	 9.503823e+08 	
1.20185470e+06 	 1.603591e+04 	 9.201422e+08 	
1.20203043e+06 	 1.406035e+04 	 8.903391e+08 	
1.20220617e+06 	 1.229676e+04 	 8.609840e+08 	
1.20238191e+06 	 1.072637e+04 	 8.320880e+08 	
1.20255684e+06 	 9.337676e+03 	 8.037921e+08 	
1.20273176e+06 	 8.106921e+03 	 7.759738e+08 	
1.20290669e+06 	 7.019106e+03 	 7.486443e+08 	
1.20305058e+06 	 6.221644e+03 	 7.265399e+08 	
1.20319446e+06 	 5.504233e+03 	 7.047804e+08 	
1.20333834e+06 	 4.860112e+03 	 6.833725e+08 	
1.20348223e+06 	 4.282957e+03 	 6.623223e+08 	
1.20362611e+06 	 3.766867e+03 	 6.416365e+08 	
1.20376999e+06 	 3.306346e+03 	 6.213212e+08 	
1.20391484e+06 	 2.893702e+03 	 6.012510e+08 	
1.20405968e+06 	 2.527359e+03 	 5.815689e+08 	
1.20420453e+06 	 2.202844e+03 	 5.622813e+08 	
1.20432439e+06 	 1.962972e+03 	 5.466224e+08 	
1.20444426e+06 	 1.746742e+03 	 5.312411e+08 	
1.20456412e+06 	 1.552133e+03 	 5.161406e+08 	
1.20468399e+06 	 1.377261e+03 	 5.013239e+08 	
1.20480385e+06 	 1.220375e+03 	 4.867941e+08 	
1.20492372e+06 	 1.079854e+03 	 4.725540e+08 	
1.20504358e+06 	 9.541928e+02 	 4.586063e+08 	
1.20516777e+06 	 8.381970e+02 	 4.444672e+08 	
1.20529195e+06 	 7.352387e+02 	 4.306472e+08 	
1.20539497e+06 	 6.587786e+02 	 4.194256e+08 	
1.20549800e+06 	 5.897033e+02 	 4.084265e+08 	
1.20560102e+06 	 5.273739e+02 	 3.976510e+08 	
1.20570405e+06 	 4.711987e+02 	 3.871000e+08 	
1.20580707e+06 	 4.206299e+02 	 3.767743e+08 	
1.20591010e+06 	 3.751612e+02 	 3.666746e+08 	
1.20601312e+06 	 3.343258e+02 	 3.568014e+08 	
1.20611615e+06 	 2.976935e+02 	 3.471550e+08 	
1.20621917e+06 	 2.648689e+02 	 3.377356e+08 	
1.20632817e+06 	 2.338835e+02 	 3.280171e+08 	
1.20641830e+06 	 2.108943e+02 	 3.201730e+08 	
1.20650843e+06 	 1.900680e+02 	 3.125023e+08 	
1.20659856e+06 	 1.712162e+02 	 3.050046e+08 	
1.20668869e+06 	 1.541650e+02 	 2.976794e+08 	
1.20677881e+06 	 1.387541e+02 	 2.905262e+08 	
1.20686894e+06 	 1.248359e+02 	 2.835442e+08 	
1.20695907e+06 	 1.122748e+02 	 2.767327e+08 	
1.20704920e+06 	 1.009462e+02 	 2.700908e+08 	
1.20713933e+06 	 9.073596e+01 	 2.636172e+08 	
1.20722946e+06 	 8.153938e+01 	 2.573110e+08 	
1.20731958e+06 	 7.326081e+01 	 2.511708e+08 	
1.20740971e+06 	 6.581282e+01 	 2.451952e+08 	
1.20749984e+06 	 5.911564e+01 	 2.393827e+08 	
1.20758997e+06 	 5.309659e+01 	 2.337317e+08 	
1.20768010e+06 	 4.768947e+01 	 2.282403e+08 	
1.20777022e+06 	 4.283414e+01 	 2.229067e+08 	
1.20786046e+06 	 3.847104e+01 	 2.177230e+08 	
1.20795069e+06 	 3.455652e+01 	 2.126933e+08 	
1.20804093e+06 	 3.104552e+01 	 2.078157e+08 	
1.20813116e+06 	 2.789725e+01 	 2.030877e+08 	
1.20822140e+06 	 2.507485e+01 	 1.985070e+08 	
1.20831163e+06 	 2.254501e+01 	 1.940711e+08 	
1.20840187e+06 	 2.027769e+01 	 1.897774e+08 	
1.20849210e+06 	 1.824580e+01 	 1.856234e+08 	
1.20858234e+06 	 1.642496e+01 	 1.816064e+08 	
1.20867257e+06 	 1.479322e+01 	 1.777235e+08 	
1.20876281e+06 	 1.333085e+01 	 1.739719e+08 	
1.20885305e+06 	 1.202012e+01 	 1.703487e+08 	
1.20894328e+06 	 1.084514e+01 	 1.668511e+08 	
1.20903352e+06 	 9.791624e+00 	 1.634760e+08 	
1.20912375e+06 	 8.846785e+00 	 1.602204e+08 	
1.20921399e+06 	 7.999163e+00 	 1.570812e+08 	
1.20930422e+06 	 7.238497e+00 	 1.540555e+08 	
1.20939446e+06 	 6.555605e+00 	 1.511402e+08 	
1.20950533e+06 	 5.810950e+00 	 1.477043e+08 	
1.20961621e+06 	 5.157918e+00 	 1.444247e+08 	
1.20972709e+06 	 4.584784e+00 	 1.412957e+08 	
1.20983797e+06 	 4.081339e+00 	 1.383114e+08 	
1.20994885e+06 	 3.638697e+00 	 1.354663e+08 	
1.21005973e+06 	 3.249127e+00 	 1.327549e+08 	
1.21017061e+06 	 2.905901e+00 	 1.301717e+08 	
1.21028149e+06 	 2.603170e+00 	 1.277111e+08 	
1.21039237e+06 	 2.335843e+00 	 1.253681e+08 	
1.21050325e+06 	 2.099490e+00 	 1.231373e+08 	
1.21061413e+06 	 1.890258e+00 	 1.210138e+08 	
1.21072501e+06 	 1.704793e+00 	 1.189926e+08 	
1.21083588e+06 	 1.540173e+00 	 1.170689e+08 	
1.21094676e+06 	 1.393853e+00 	 1.152382e+08 	
1.21105764e+06 	 1.263616e+00 	 1.134959e+08 	
1.21119764e+06 	 1.119173e+00 	 1.114157e+08 	
1.21133764e+06 	 9.939614e-01 	 1.094613e+08 	
1.21147763e+06 	 8.851656e-01 	 1.076248e+08 	
1.21161763e+06 	 7.904076e-01 	 1.058986e+08 	
1.21175762e+06 	 7.076775e-01 	 1.042757e+08 	
1.21189762e+06 	 6.352745e-01 	 1.027493e+08 	
1.21203762e+06 	 5.717563e-01 	 1.013131e+08 	
1.21221358e+06 	 5.026532e-01 	 9.962671e+07 	
1.21238955e+06 	 4.436361e-01 	 9.806252e+07 	
1.21256552e+06 	 3.930436e-01 	 9.661039e+07 	
1.21274148e+06 	 3.495124e-01 	 9.526103e+07 	
1.21291745e+06 	 3.119202e-01 	 9.400590e+07 	
1.21309342e+06 	 2.793402e-01 	 9.283721e+07 	
1.21330306e+06 	 2.460114e-01 	 9.154782e+07 	
1.21351270e+06 	 2.176523e-01 	 9.036007e+07 	
1.21372234e+06 	 1.934075e-01 	 8.926415e+07 	
1.21393198e+06 	 1.725851e-01 	 8.825127e+07 	
1.21414162e+06 	 1.546227e-01 	 8.731356e+07 	
1.21443812e+06 	 1.332254e-01 	 8.610211e+07 	
1.21473462e+06 	 1.156153e-01 	 8.500955e+07 	
1.21503112e+06 	 1.010088e-01 	 8.402089e+07 	
1.21532762e+06 	 8.880406e-02 	 8.312331e+07 	
1.21568106e+06 	 7.675200e-02 	 8.215709e+07 	
1.21603450e+06 	 6.685049e-02 	 8.128882e+07 	
1.21638795e+06 	 5.864449e-02 	 8.050521e+07 	
1.21674139e+06 	 5.178796e-02 	 7.979507e+07 	
1.21725062e+06 	 4.375975e-02 	 7.888239e+07 	
1.21775985e+06 	 3.740317e-02 	 7.807970e+07 	
1.21826908e+06 	 3.230279e-02 	 7.736859e+07 	
1.21894733e+06 	 2.695827e-02 	 7.653868e+07 	
1.21962558e+06 	 2.282938e-02 	 7.581816e+07 	
1.22030383e+06 	 1.958428e-02 	 7.518626e+07 	
1.22125530e+06 	 1.609805e-02 	 7.441930e+07 	
1.22220678e+06 	 1.349034e-02 	 7.376270e+07 	
1.22315826e+06 	 1.149453e-02 	 7.319255e+07 	
1.22424616e+06 	 9.741343e-03 	 7.262416e+07 	
1.22533406e+06 	 8.390321e-03 	 7.212645e+07 	
1.22642197e+06 	 7.328622e-03 	 7.168512e+07 	
1.22801620e+06 	 6.142061e-03 	 7.111846e+07 	
1.22961043e+06 	 5.260769e-03 	 7.062575e+07 	
1.23144527e+06 	 4.501329e-03 	 7.012826e+07 	
1.23328011e+06 	 3.929067e-03 	 6.968801e+07 	
1.23511495e+06 	 3.487127e-03 	 6.929216e+07 	
1.23787878e+06 	 2.989642e-03 	 6.875997e+07 	
1.24064261e+06 	 2.628267e-03 	 6.828595e+07 	
1.24340644e+06 	 2.357238e-03 	 6.785540e+07 	
1.24746247e+06 	 2.066984e-03 	 6.728183e+07 	
1.24994501e+06 	 1.932628e-03 	 6.695689e+07 	
1.25487558e+06 	 1.730066e-03 	 6.635513e+07 	
1.25896343e+06 	 1.606634e-03 	 6.588978e+07 	
1.26534085e+06 	 1.464928e-03 	 6.520757e+07 	
1.27055205e+06 	 1.379198e-03 	 6.467956e+07 	
1.27891519e+06 	 1.276178e-03 	 6.387203e+07 	
1.28531993e+06 	 1.215627e-03 	 6.327865e+07 	
1.29728120e+06 	 1.127300e-03 	 6.221334e+07 	
1.30161185e+06 	 1.100497e-03 	 6.183881e+07 	
1.31661379e+06 	 1.020369e-03 	 6.057853e+07 	
1.32572745e+06 	 9.781890e-04 	 5.983745e+07 	
1.34718781e+06 	 8.906248e-04 	 5.815547e+07 	
1.35000000e+06 	 8.800862e-04 	 5.794115e+07 	
1.36500000e+06 	 8.266817e-04 	 5.682015e+07 	
1.38000000e+06 	 7.775035e-04 	 5.573494e+07 	
1.39500000e+06 	 7.319560e-04 	 5.468359e+07 	
1.41000000e+06 	 6.896583e-04 	 5.366446e+07 	
1.42500000e+06 	 6.502920e-04 	 5.267607e+07 	
1.44000000e+06 	 6.136103e-04 	 5.171706e+07 	
1.45500000e+06 	 5.793935e-04 	 5.078616e+07 	
1.47000000e+06 	 5.474387e-04 	 4.988217e+07 	
1.48500000e+06 	 5.175742e-04 	 4.900398e+07 	
1.50000000e+06 	 4.896415e-04 	 4.815052e+07 	
1.51500000e+06 	 4.634919e-04 	 4.732080e+07 	
1.53000000e+06 	 4.389905e-04 	 4.651385e+07 	
1.54500000e+06 	 4.160201e-04 	 4.572878e+07 	
1.56000000e+06 	 3.944699e-04 	 4.496475e+07 	
1.57500000e+06 	 3.742342e-04 	 4.422093e+07 	
1.59000000e+06 	 3.552223e-04 	 4.349656e+07 	
1.60500000e+06 	 3.373485e-04 	 4.279091e+07 	
1.62000000e+06 	 3.205322e-04 	 4.210328e+07 	
1.63500000e+06 	 3.047014e-04 	 4.143301e+07 	
1.65000000e+06 	 2.897885e-04 	 4.077947e+07 	
1.66500000e+06 	 2.757318e-04 	 4.014206e+07 	
1.68000000e+06 	 2.624749e-04 	 3.952020e+07 	
1.69500000e+06 	 2.499642e-04 	 3.891336e+07 	
1.71000000e+06 	 2.381522e-04 	 3.832101e+07 	
1.72500000e+06 	 2.269929e-04 	 3.774266e+07 	
1.74000000e+06 	 2.164440e-04 	 3.717782e+07 	
1.75500000e+06 	 2.064679e-04 	 3.662605e+07 	
1.77000000e+06 	 1.970281e-04 	 3.608691e+07 	
1.78500000e+06 	 1.880912e-04 	 3.555999e+07 	
1.80000000e+06 	 1.796264e-04 	 3.504488e+07 	
1.81500000e+06 	 1.716049e-04 	 3.454121e+07 	
1.83000000e+06 	 1.639994e-04 	 3.404862e+07 	
1.84500000e+06 	 1.567852e-04 	 3.356675e+07 	
1.86000000e+06 	 1.499394e-04 	 3.309526e+07 	
1.87500000e+06 	 1.434397e-04 	 3.263385e+07 	
1.89000000e+06 	 1.372667e-04 	 3.218219e+07 	
1.90500000e+06 	 1.314007e-04 	 3.174000e+07 	
1.92000000e+06 	 1.258244e-04 	 3.130698e+07 	
1.93500000e+06 	 1.205214e-04 	 3.088287e+07 	
1.95000000e+06 	 1.154760e-04 	 3.046741e+07 	
1.96500000e+06 	 1.106741e-04 	 3.006033e+07 	
1.98000000e+06 	 1.061020e-04 	 2.966140e+07 	
1.99500000e+06 	 1.017471e-04 	 2.927038e+07 	
2.01000000e+06 	 9.759747e-05 	 2.888705e+07 	
2.02500000e+06 	 9.364202e-05 	 2.851120e+07 	
2.04000000e+06 	 8.987012e-05 	 2.814260e+07 	
2.05500000e+06 	 8.627211e-05 	 2.778107e+07 	
2.07000000e+06 	 8.283894e-05 	 2.742641e+07 	
2.08500000e+06 	 7.956150e-05 	 2.707842e+07 	
2.10000000e+06 	 7.643210e-05 	 2.673694e+07 	
2.11500000e+06 	 7.344311e-05 	 2.640178e+07 	
2.13000000e+06 	 7.058697e-05 	 2.607279e+07 	
2.14500000e+06 	 6.785705e-05 	 2.574979e+07 	
2.16000000e+06 	 6.524704e-05 	 2.543264e+07 	
2.17500000e+06 	 6.275067e-05 	 2.512117e+07 	
2.19000000e+06 	 6.036248e-05 	 2.481525e+07 	
2.20500000e+06 	 5.807704e-05 	 2.451473e+07 	
2.22000000e+06 	 5.588924e-05 	 2.421947e+07 	
2.23500000e+06 	 5.379434e-05 	 2.392935e+07 	
2.25000000e+06 	 5.178777e-05 	 2.364424e+07 	
2.26500000e+06 	 4.986534e-05 	 2.336401e+07 	
2.28000000e+06 	 4.802290e-05 	 2.308855e+07 	
2.29500000e+06 	 4.625678e-05 	 2.281773e+07 	
2.31000000e+06 	 4.456318e-05 	 2.255145e+07 	
2.32500000e+06 	 4.293884e-05 	 2.228960e+07 	
2.34000000e+06 	 4.138050e-05 	 2.203207e+07 	
2.35500000e+06 	 3.988500e-05 	 2.177876e+07 	
2.37000000e+06 	 3.844956e-05 	 2.152958e+07 	
2.38500000e+06 	 3.707126e-05 	 2.128442e+07 	
2.40000000e+06 	 3.574763e-05 	 2.104319e+07 	
2.41500000e+06 	 3.447619e-05 	 2.080581e+07 	
2.43000000e+06 	 3.325446e-05 	 2.057219e+07 	
2.44500000e+06 	 3.208038e-05 	 2.034224e+07 	
2.46000000e+06 	 3.095169e-05 	 2.011588e+07 	
2.47500000e+06 	 2.986637e-05 	 1.989302e+07 	
2.49000000e+06 	 2.882257e-05 	 1.967360e+07 	
2.50500000e+06 	 2.781849e-05 	 1.945754e+07 	
2.52000000e+06 	 2.685231e-05 	 1.924477e+07 	
2.53500000e+06 	 2.592246e-05 	 1.903520e+07 	
2.55000000e+06 	 2.502737e-05 	 1.882879e+07 	
2.56500000e+06 	 2.416549e-05 	 1.862544e+07 	
2.58000000e+06 	 2.333546e-05 	 1.842512e+07 	
2.59500000e+06 	 2.253592e-05 	 1.822774e+07 	
2.61000000e+06 	 2.176554e-05 	 1.803325e+07 	
2.62500000e+06 	 2.102315e-05 	 1.784159e+07 	
2.64000000e+06 	 2.030756e-05 	 1.765270e+07 	
2.65500000e+06 	 1.961761e-05 	 1.746652e+07 	
2.67000000e+06 	 1.895224e-05 	 1.728300e+07 	
2.68500000e+06 	 1.831048e-05 	 1.710208e+07 	
2.70000000e+06 	 1.769136e-05 	 1.692372e+07 	
2.71500000e+06 	 1.709392e-05 	 1.674786e+07 	
2.73000000e+06 	 1.651730e-05 	 1.657445e+07 	
2.74500000e+06 	 1.596067e-05 	 1.640345e+07 	
2.76000000e+06 	 1.542318e-05 	 1.623480e+07 	
2.77500000e+06 	 1.490410e-05 	 1.606846e+07 	
2.79000000e+06 	 1.440269e-05 	 1.590440e+07 	
2.80500000e+06 	 1.391821e-05 	 1.574255e+07 	
2.82000000e+06 	 1.345002e-05 	 1.558289e+07 	
2.83500000e+06 	 1.299748e-05 	 1.542537e+07 	
2.85000000e+06 	 1.255993e-05 	 1.526995e+07 	
2.86500000e+06 	 1.213685e-05 	 1.511660e+07 	
2.88000000e+06 	 1.172762e-05 	 1.496526e+07 	
2.89500000e+06 	 1.133170e-05 	 1.481592e+07 	
2.91000000e+06 	 1.094857e-05 	 1.466852e+07 	
2.92500000e+06 	 1.057776e-05 	 1.452305e+07 	
2.94000000e+06 	 1.021879e-05 	 1.437945e+07 	
2.95500000e+06 	 9.871154e-06 	 1.423771e+07 	
2.97000000e+06 	 9.534471e-06 	 1.409778e+07 	
3.00000000e+06 	 8.892256e-06 	 1.382324e+07 	
3.00050050e+06 	 8.881880e-06 	 1.381872e+07 	
3.00100100e+06 	 8.871515e-06 	 1.381420e+07 	
3.00150150e+06 	 8.861161e-06 	 1.380969e+07 	
3.00200200e+06 	 8.850817e-06 	 1.380517e+07 	
3.00250250e+06 	 8.840484e-06 	 1.380066e+07 	
3.00300300e+06 	 8.830162e-06 	 1.379615e+07 	
3.00350350e+06 	 8.819851e-06 	 1.379164e+07 	
3.00400400e+06 	 8.809550e-06 	 1.378713e+07 	
3.00450450e+06 	 8.799261e-06 	 1.378262e+07 	
3.00500501e+06 	 8.788982e-06 	 1.377812e+07 	
3.00550551e+06 	 8.778713e-06 	 1.377362e+07 	
3.00600601e+06 	 8.768455e-06 	 1.376912e+07 	
3.00650651e+06 	 8.758208e-06 	 1.376462e+07 	
3.00700701e+06 	 8.747972e-06 	 1.376012e+07 	
3.00750751e+06 	 8.737746e-06 	 1.375563e+07 	
3.00800801e+06 	 8.727531e-06 	 1.375114e+07 	
3.00850851e+06 	 8.717326e-06 	 1.374665e+07 	
3.00900901e+06 	 8.707132e-06 	 1.374216e+07 	
3.00950951e+06 	 8.696948e-06 	 1.373767e+07 	
3.01001001e+06 	 8.686775e-06 	 1.373319e+07 	
3.01051051e+06 	 8.676613e-06 	 1.372871e+07 	
3.01101101e+06 	 8.666461e-06 	 1.372422e+07 	
3.01151151e+06 	 8.656320e-06 	 1.371975e+07 	
3.01201201e+06 	 8.646189e-06 	 1.371527e+07 	
3.01251251e+06 	 8.636068e-06 	 1.371079e+07 	
3.01301301e+06 	 8.625958e-06 	 1.370632e+07 	
3.01351351e+06 	 8.615859e-06 	 1.370185e+07 	
3.01401401e+06 	 8.605770e-06 	 1.369738e+07 	
3.01451451e+06 	 8.595691e-06 	 1.369291e+07 	
3.01501502e+06 	 8.585623e-06 	 1.368845e+07 	
3.01551552e+06 	 8.575565e-06 	 1.368398e+07 	
3.01601602e+06 	 8.565518e-06 	 1.367952e+07 	
3.01651652e+06 	 8.555481e-06 	 1.367506e+07 	
3.01701702e+06 	 8.545454e-06 	 1.367060e+07 	
3.01751752e+06 	 8.535438e-06 	 1.366614e+07 	
3.01801802e+06 	 8.525432e-06 	 1.366169e+07 	
3.01851852e+06 	 8.515436e-06 	 1.365724e+07 	
3.01901902e+06 	 8.505451e-06 	 1.365279e+07 	
3.01951952e+06 	 8.495475e-06 	 1.364834e+07 	
3.02002002e+06 	 8.485511e-06 	 1.364389e+07 	
3.02052052e+06 	 8.475556e-06 	 1.363945e+07 	
3.02102102e+06 	 8.465612e-06 	 1.363500e+07 	
3.02152152e+06 	 8.455678e-06 	 1.363056e+07 	
3.02202202e+06 	 8.445754e-06 	 1.362612e+07 	
3.02252252e+06 	 8.435841e-06 	 1.362169e+07 	
3.02302302e+06 	 8.425937e-06 	 1.361725e+07 	
3.02352352e+06 	 8.416044e-06 	 1.361282e+07 	
3.02402402e+06 	 8.406161e-06 	 1.360838e+07 	
3.02452452e+06 	 8.396288e-06 	 1.360395e+07 	
3.02502503e+06 	 8.386426e-06 	 1.359953e+07 	
3.02552553e+06 	 8.376573e-06 	 1.359510e+07 	
3.02602603e+06 	 8.366731e-06 	 1.359067e+07 	
3.02652653e+06 	 8.356899e-06 	 1.358625e+07 	
3.02702703e+06 	 8.347077e-06 	 1.358183e+07 	
3.02752753e+06 	 8.337264e-06 	 1.357741e+07 	
3.02802803e+06 	 8.327462e-06 	 1.357300e+07 	
3.02852853e+06 	 8.317671e-06 	 1.356858e+07 	
3.02902903e+06 	 8.307889e-06 	 1.356417e+07 	
3.02952953e+06 	 8.298117e-06 	 1.355976e+07 	
3.03003003e+06 	 8.288355e-06 	 1.355535e+07 	
3.03053053e+06 	 8.278603e-06 	 1.355094e+07 	
3.03103103e+06 	 8.268861e-06 	 1.354653e+07 	
3.03153153e+06 	 8.259130e-06 	 1.354213e+07 	
3.03203203e+06 	 8.249408e-06 	 1.353773e+07 	
3.03253253e+06 	 8.239696e-06 	 1.353333e+07 	
3.03303303e+06 	 8.229994e-06 	 1.352893e+07 	
3.03353353e+06 	 8.220302e-06 	 1.352453e+07 	
3.03403403e+06 	 8.210620e-06 	 1.352014e+07 	
3.03453453e+06 	 8.200948e-06 	 1.351574e+07 	
3.03503504e+06 	 8.191285e-06 	 1.351135e+07 	
3.03553554e+06 	 8.181633e-06 	 1.350696e+07 	
3.03603604e+06 	 8.171990e-06 	 1.350258e+07 	
3.03653654e+06 	 8.162358e-06 	 1.349819e+07 	
3.03703704e+06 	 8.152735e-06 	 1.349381e+07 	
3.03753754e+06 	 8.143122e-06 	 1.348943e+07 	
3.03803804e+06 	 8.133518e-06 	 1.348505e+07 	
3.03853854e+06 	 8.123925e-06 	 1.348067e+07 	
3.03903904e+06 	 8.114341e-06 	 1.347629e+07 	
3.03953954e+06 	 8.104767e-06 	 1.347192e+07 	
3.04004004e+06 	 8.095203e-06 	 1.346754e+07 	
3.04054054e+06 	 8.085649e-06 	 1.346317e+07 	
3.04104104e+06 	 8.076104e-06 	 1.345880e+07 	
3.04154154e+06 	 8.066569e-06 	 1.345444e+07 	
3.04204204e+06 	 8.057044e-06 	 1.345007e+07 	
3.04254254e+06 	 8.047529e-06 	 1.344571e+07 	
3.04304304e+06 	 8.038024e-06 	 1.344135e+07 	
3.04354354e+06 	 8.028529e-06 	 1.343699e+07 	
3.04404404e+06 	 8.019044e-06 	 1.343263e+07 	
3.04454454e+06 	 8.009568e-06 	 1.342827e+07 	
3.04504505e+06 	 8.000102e-06 	 1.342392e+07 	
3.04554555e+06 	 7.990645e-06 	 1.341957e+07 	
3.04604605e+06 	 7.981198e-06 	 1.341522e+07 	
3.04654655e+06 	 7.971760e-06 	 1.341087e+07 	
3.04704705e+06 	 7.962332e-06 	 1.340652e+07 	
3.04754755e+06 	 7.952914e-06 	 1.340218e+07 	
3.04804805e+06 	 7.943505e-06 	 1.339783e+07 	
3.04854855e+06 	 7.934105e-06 	 1.339349e+07 	
3.04904905e+06 	 7.924715e-06 	 1.338915e+07 	
3.04954955e+06 	 7.915335e-06 	 1.338481e+07 	
3.05005005e+06 	 7.905964e-06 	 1.338048e+07 	
3.05055055e+06 	 7.896602e-06 	 1.337614e+07 	
3.05105105e+06 	 7.887250e-06 	 1.337181e+07 	
3.05155155e+06 	 7.877907e-06 	 1.336748e+07 	
3.05205205e+06 	 7.868574e-06 	 1.336315e+07 	
3.05255255e+06 	 7.859250e-06 	 1.335882e+07 	
3.05305305e+06 	 7.849935e-06 	 1.335450e+07 	
3.05355355e+06 	 7.840630e-06 	 1.335018e+07 	
3.05405405e+06 	 7.831334e-06 	 1.334585e+07 	
3.05455455e+06 	 7.822048e-06 	 1.334153e+07 	
3.05505506e+06 	 7.812771e-06 	 1.333722e+07 	
3.05555556e+06 	 7.803503e-06 	 1.333290e+07 	
3.05605606e+06 	 7.794244e-06 	 1.332859e+07 	
3.05655656e+06 	 7.784995e-06 	 1.332427e+07 	
3.05705706e+06 	 7.775756e-06 	 1.331996e+07 	
3.05755756e+06 	 7.766525e-06 	 1.331565e+07 	
3.05805806e+06 	 7.757304e-06 	 1.331135e+07 	
3.05855856e+06 	 7.748092e-06 	 1.330704e+07 	
3.05905906e+06 	 7.738889e-06 	 1.330274e+07 	
3.05955956e+06 	 7.729696e-06 	 1.329844e+07 	
3.06006006e+06 	 7.720511e-06 	 1.329414e+07 	
3.06056056e+06 	 7.711336e-06 	 1.328984e+07 	
3.06106106e+06 	 7.702171e-06 	 1.328554e+07 	
3.06156156e+06 	 7.693014e-06 	 1.328125e+07 	
3.06206206e+06 	 7.683867e-06 	 1.327695e+07 	
3.06256256e+06 	 7.674729e-06 	 1.327266e+07 	
3.06306306e+06 	 7.665600e-06 	 1.326837e+07 	
3.06356356e+06 	 7.656480e-06 	 1.326409e+07 	
3.06406406e+06 	 7.647369e-06 	 1.325980e+07 	
3.06456456e+06 	 7.638268e-06 	 1.325552e+07 	
3.06506507e+06 	 7.629175e-06 	 1.325124e+07 	
3.06556557e+06 	 7.620092e-06 	 1.324696e+07 	
3.06606607e+06 	 7.611018e-06 	 1.324268e+07 	
3.06656657e+06 	 7.601953e-06 	 1.323840e+07 	
3.06706707e+06 	 7.592897e-06 	 1.323413e+07 	
3.06756757e+06 	 7.583850e-06 	 1.322985e+07 	
3.06806807e+06 	 7.574812e-06 	 1.322558e+07 	
3.06856857e+06 	 7.565783e-06 	 1.322131e+07 	
3.06906907e+06 	 7.556763e-06 	 1.321704e+07 	
3.06956957e+06 	 7.547753e-06 	 1.321278e+07 	
3.07007007e+06 	 7.538751e-06 	 1.320851e+07 	
3.07057057e+06 	 7.529758e-06 	 1.320425e+07 	
3.07107107e+06 	 7.520775e-06 	 1.319999e+07 	
3.07157157e+06 	 7.511800e-06 	 1.319573e+07 	
3.07207207e+06 	 7.502834e-06 	 1.319147e+07 	
3.07257257e+06 	 7.493878e-06 	 1.318722e+07 	
3.07307307e+06 	 7.484930e-06 	 1.318297e+07 	
3.07357357e+06 	 7.475991e-06 	 1.317871e+07 	
3.07407407e+06 	 7.467061e-06 	 1.317446e+07 	
3.07457457e+06 	 7.458140e-06 	 1.317022e+07 	
3.07507508e+06 	 7.449228e-06 	 1.316597e+07 	
3.07557558e+06 	 7.440325e-06 	 1.316172e+07 	
3.07607608e+06 	 7.431431e-06 	 1.315748e+07 	
3.07657658e+06 	 7.422545e-06 	 1.315324e+07 	
3.07707708e+06 	 7.413669e-06 	 1.314900e+07 	
3.07757758e+06 	 7.404801e-06 	 1.314476e+07 	
3.07807808e+06 	 7.395942e-06 	 1.314053e+07 	
3.07857858e+06 	 7.387092e-06 	 1.313629e+07 	
3.07907908e+06 	 7.378251e-06 	 1.313206e+07 	
3.07957958e+06 	 7.369419e-06 	 1.312783e+07 	
3.08008008e+06 	 7.360595e-06 	 1.312360e+07 	
3.08058058e+06 	 7.351780e-06 	 1.311937e+07 	
3.08108108e+06 	 7.342975e-06 	 1.311515e+07 	
3.08158158e+06 	 7.334177e-06 	 1.311093e+07 	
3.08208208e+06 	 7.325389e-06 	 1.310670e+07 	
3.08258258e+06 	 7.316609e-06 	 1.310248e+07 	
3.08308308e+06 	 7.307838e-06 	 1.309827e+07 	
3.08358358e+06 	 7.299076e-06 	 1.309405e+07 	
3.08408408e+06 	 7.290323e-06 	 1.308983e+07 	
3.08458458e+06 	 7.281578e-06 	 1.308562e+07 	
3.08508509e+06 	 7.272842e-06 	 1.308141e+07 	
3.08558559e+06 	 7.264114e-06 	 1.307720e+07 	
3.08608609e+06 	 7.255395e-06 	 1.307299e+07 	
3.08658659e+06 	 7.246685e-06 	 1.306879e+07 	
3.08708709e+06 	 7.237984e-06 	 1.306458e+07 	
3.08758759e+06 	 7.229291e-06 	 1.306038e+07 	
3.08808809e+06 	 7.220607e-06 	 1.305618e+07 	
3.08858859e+06 	 7.211931e-06 	 1.305198e+07 	
3.08908909e+06 	 7.203265e-06 	 1.304778e+07 	
3.08958959e+06 	 7.194606e-06 	 1.304359e+07 	
3.09009009e+06 	 7.185956e-06 	 1.303939e+07 	
3.09059059e+06 	 7.177315e-06 	 1.303520e+07 	
3.09109109e+06 	 7.168683e-06 	 1.303101e+07 	
3.09159159e+06 	 7.160059e-06 	 1.302682e+07 	
3.09209209e+06 	 7.151443e-06 	 1.302264e+07 	
3.09259259e+06 	 7.142836e-06 	 1.301845e+07 	
3.09309309e+06 	 7.134238e-06 	 1.301427e+07 	
3.09359359e+06 	 7.125648e-06 	 1.301009e+07 	
3.09409409e+06 	 7.117066e-06 	 1.300591e+07 	
3.09459459e+06 	 7.108493e-06 	 1.300173e+07 	
3.09509510e+06 	 7.099929e-06 	 1.299755e+07 	
3.09559560e+06 	 7.091372e-06 	 1.299338e+07 	
3.09609610e+06 	 7.082825e-06 	 1.298920e+07 	
3.09659660e+06 	 7.074286e-06 	 1.298503e+07 	
3.09709710e+06 	 7.065755e-06 	 1.298086e+07 	
3.09759760e+06 	 7.057233e-06 	 1.297669e+07 	
3.09809810e+06 	 7.048719e-06 	 1.297253e+07 	
3.09859860e+06 	 7.040213e-06 	 1.296836e+07 	
3.09909910e+06 	 7.031716e-06 	 1.296420e+07 	
3.09959960e+06 	 7.023228e-06 	 1.296004e+07 	
3.10010010e+06 	 7.014747e-06 	 1.295588e+07 	
3.10060060e+06 	 7.006275e-06 	 1.295172e+07 	
3.10110110e+06 	 6.997811e-06 	 1.294757e+07 	
3.10160160e+06 	 6.989356e-06 	 1.294341e+07 	
3.10210210e+06 	 6.980909e-06 	 1.293926e+07 	
3.10260260e+06 	 6.972470e-06 	 1.293511e+07 	
3.10310310e+06 	 6.964040e-06 	 1.293096e+07 	
3.10360360e+06 	 6.955618e-06 	 1.292682e+07 	
3.10410410e+06 	 6.947204e-06 	 1.292267e+07 	
3.10460460e+06 	 6.938799e-06 	 1.291853e+07 	
3.10510511e+06 	 6.930401e-06 	 1.291438e+07 	
3.10560561e+06 	 6.922012e-06 	 1.291024e+07 	
3.10610611e+06 	 6.913631e-06 	 1.290611e+07 	
3.10660661e+06 	 6.905259e-06 	 1.290197e+07 	
3.10710711e+06 	 6.896894e-06 	 1.289783e+07 	
3.10760761e+06 	 6.888538e-06 	 1.289370e+07 	
3.10810811e+06 	 6.880190e-06 	 1.288957e+07 	
3.10860861e+06 	 6.871850e-06 	 1.288544e+07 	
3.10910911e+06 	 6.863519e-06 	 1.288131e+07 	
3.10960961e+06 	 6.855195e-06 	 1.287718e+07 	
3.11011011e+06 	 6.846880e-06 	 1.287306e+07 	
3.11061061e+06 	 6.838573e-06 	 1.286894e+07 	
3.11111111e+06 	 6.830274e-06 	 1.286481e+07 	
3.11161161e+06 	 6.821983e-06 	 1.286069e+07 	
3.11211211e+06 	 6.813700e-06 	 1.285658e+07 	
3.11261261e+06 	 6.805425e-06 	 1.285246e+07 	
3.11311311e+06 	 6.797158e-06 	 1.284835e+07 	
3.11361361e+06 	 6.788900e-06 	 1.284423e+07 	
3.11411411e+06 	 6.780649e-06 	 1.284012e+07 	
3.11461461e+06 	 6.772407e-06 	 1.283601e+07 	
3.11511512e+06 	 6.764172e-06 	 1.283190e+07 	
3.11561562e+06 	 6.755946e-06 	 1.282780e+07 	
3.11611612e+06 	 6.747728e-06 	 1.282369e+07 	
3.11661662e+06 	 6.739517e-06 	 1.281959e+07 	
3.11711712e+06 	 6.731315e-06 	 1.281549e+07 	
3.11761762e+06 	 6.723120e-06 	 1.281139e+07 	
3.11811812e+06 	 6.714934e-06 	 1.280729e+07 	
3.11861862e+06 	 6.706755e-06 	 1.280320e+07 	
3.11911912e+06 	 6.698585e-06 	 1.279910e+07 	
3.11961962e+06 	 6.690422e-06 	 1.279501e+07 	
3.12012012e+06 	 6.682268e-06 	 1.279092e+07 	
3.12062062e+06 	 6.674121e-06 	 1.278683e+07 	
3.12112112e+06 	 6.665982e-06 	 1.278274e+07 	
3.12162162e+06 	 6.657851e-06 	 1.277866e+07 	
3.12212212e+06 	 6.649728e-06 	 1.277457e+07 	
3.12262262e+06 	 6.641613e-06 	 1.277049e+07 	
3.12312312e+06 	 6.633505e-06 	 1.276641e+07 	
3.12362362e+06 	 6.625406e-06 	 1.276233e+07 	
3.12412412e+06 	 6.617314e-06 	 1.275825e+07 	
3.12462462e+06 	 6.609230e-06 	 1.275418e+07 	
3.12512513e+06 	 6.601154e-06 	 1.275010e+07 	
3.12562563e+06 	 6.593086e-06 	 1.274603e+07 	
3.12612613e+06 	 6.585026e-06 	 1.274196e+07 	
3.12662663e+06 	 6.576973e-06 	 1.273789e+07 	
3.12712713e+06 	 6.568928e-06 	 1.273382e+07 	
3.12762763e+06 	 6.560891e-06 	 1.272976e+07 	
3.12812813e+06 	 6.552862e-06 	 1.272569e+07 	
3.12862863e+06 	 6.544841e-06 	 1.272163e+07 	
3.12912913e+06 	 6.536827e-06 	 1.271757e+07 	
3.12962963e+06 	 6.528821e-06 	 1.271351e+07 	
3.13013013e+06 	 6.520822e-06 	 1.270946e+07 	
3.13063063e+06 	 6.512832e-06 	 1.270540e+07 	
3.13113113e+06 	 6.504849e-06 	 1.270135e+07 	
3.13163163e+06 	 6.496873e-06 	 1.269729e+07 	
3.13213213e+06 	 6.488906e-06 	 1.269324e+07 	
3.13263263e+06 	 6.480946e-06 	 1.268919e+07 	
3.13313313e+06 	 6.472993e-06 	 1.268515e+07 	
3.13363363e+06 	 6.465048e-06 	 1.268110e+07 	
3.13413413e+06 	 6.457111e-06 	 1.267706e+07 	
3.13463463e+06 	 6.449182e-06 	 1.267301e+07 	
3.13513514e+06 	 6.441260e-06 	 1.266897e+07 	
3.13563564e+06 	 6.433346e-06 	 1.266493e+07 	
3.13613614e+06 	 6.425439e-06 	 1.266090e+07 	
3.13663664e+06 	 6.417540e-06 	 1.265686e+07 	
3.13713714e+06 	 6.409648e-06 	 1.265283e+07 	
3.13763764e+06 	 6.401764e-06 	 1.264880e+07 	
3.13813814e+06 	 6.393888e-06 	 1.264477e+07 	
3.13863864e+06 	 6.386019e-06 	 1.264074e+07 	
3.13913914e+06 	 6.378157e-06 	 1.263671e+07 	
3.13963964e+06 	 6.370303e-06 	 1.263268e+07 	
3.14014014e+06 	 6.362457e-06 	 1.262866e+07 	
3.14064064e+06 	 6.354618e-06 	 1.262464e+07 	
3.14114114e+06 	 6.346786e-06 	 1.262062e+07 	
3.14164164e+06 	 6.338962e-06 	 1.261660e+07 	
3.14214214e+06 	 6.331145e-06 	 1.261258e+07 	
3.14264264e+06 	 6.323336e-06 	 1.260856e+07 	
3.14314314e+06 	 6.315535e-06 	 1.260455e+07 	
3.14364364e+06 	 6.307741e-06 	 1.260054e+07 	
3.14414414e+06 	 6.299955e-06 	 1.259653e+07 	
3.14464464e+06 	 6.292176e-06 	 1.259252e+07 	
3.14514515e+06 	 6.284404e-06 	 1.258851e+07 	
3.14564565e+06 	 6.276640e-06 	 1.258450e+07 	
3.14614615e+06 	 6.268883e-06 	 1.258050e+07 	
3.14664665e+06 	 6.261134e-06 	 1.257650e+07 	
3.14714715e+06 	 6.253392e-06 	 1.257250e+07 	
3.14764765e+06 	 6.245657e-06 	 1.256850e+07 	
3.14814815e+06 	 6.237930e-06 	 1.256450e+07 	
3.14864865e+06 	 6.230209e-06 	 1.256050e+07 	
3.14914915e+06 	 6.222497e-06 	 1.255651e+07 	
3.14964965e+06 	 6.214791e-06 	 1.255252e+07 	
3.15015015e+06 	 6.207093e-06 	 1.254853e+07 	
3.15065065e+06 	 6.199402e-06 	 1.254454e+07 	
3.15115115e+06 	 6.191718e-06 	 1.254055e+07 	
3.15165165e+06 	 6.184042e-06 	 1.253656e+07 	
3.15215215e+06 	 6.176373e-06 	 1.253258e+07 	
3.15265265e+06 	 6.168711e-06 	 1.252859e+07 	
3.15315315e+06 	 6.161056e-06 	 1.252461e+07 	
3.15365365e+06 	 6.153409e-06 	 1.252063e+07 	
3.15415415e+06 	 6.145769e-06 	 1.251666e+07 	
3.15465465e+06 	 6.138136e-06 	 1.251268e+07 	
3.15515516e+06 	 6.130510e-06 	 1.250870e+07 	
3.15565566e+06 	 6.122891e-06 	 1.250473e+07 	
3.15615616e+06 	 6.115280e-06 	 1.250076e+07 	
3.15665666e+06 	 6.107676e-06 	 1.249679e+07 	
3.15715716e+06 	 6.100079e-06 	 1.249282e+07 	
3.15765766e+06 	 6.092489e-06 	 1.248886e+07 	
3.15815816e+06 	 6.084906e-06 	 1.248489e+07 	
3.15865866e+06 	 6.077331e-06 	 1.248093e+07 	
3.15915916e+06 	 6.069762e-06 	 1.247697e+07 	
3.15965966e+06 	 6.062201e-06 	 1.247301e+07 	
3.16016016e+06 	 6.054647e-06 	 1.246905e+07 	
3.16066066e+06 	 6.047100e-06 	 1.246509e+07 	
3.16116116e+06 	 6.039560e-06 	 1.246114e+07 	
3.16166166e+06 	 6.032027e-06 	 1.245718e+07 	
3.16216216e+06 	 6.024501e-06 	 1.245323e+07 	
3.16266266e+06 	 6.016983e-06 	 1.244928e+07 	
3.16316316e+06 	 6.009471e-06 	 1.244533e+07 	
3.16366366e+06 	 6.001966e-06 	 1.244138e+07 	
3.16416416e+06 	 5.994469e-06 	 1.243744e+07 	
3.16466466e+06 	 5.986979e-06 	 1.243349e+07 	
3.16516517e+06 	 5.979495e-06 	 1.242955e+07 	
3.16566567e+06 	 5.972019e-06 	 1.242561e+07 	
3.16616617e+06 	 5.964549e-06 	 1.242167e+07 	
3.16666667e+06 	 5.957087e-06 	 1.241773e+07 	
3.16716717e+06 	 5.949632e-06 	 1.241380e+07 	
3.16766767e+06 	 5.942183e-06 	 1.240986e+07 	
3.16816817e+06 	 5.934742e-06 	 1.240593e+07 	
3.16866867e+06 	 5.927307e-06 	 1.240200e+07 	
3.16916917e+06 	 5.919880e-06 	 1.239807e+07 	
3.16966967e+06 	 5.912459e-06 	 1.239414e+07 	
3.17017017e+06 	 5.905046e-06 	 1.239022e+07 	
3.17067067e+06 	 5.897639e-06 	 1.238629e+07 	
3.17117117e+06 	 5.890239e-06 	 1.238237e+07 	
3.17167167e+06 	 5.882846e-06 	 1.237845e+07 	
3.17217217e+06 	 5.875461e-06 	 1.237453e+07 	
3.17267267e+06 	 5.868082e-06 	 1.237061e+07 	
3.17317317e+06 	 5.860709e-06 	 1.236669e+07 	
3.17367367e+06 	 5.853344e-06 	 1.236278e+07 	
3.17417417e+06 	 5.845986e-06 	 1.235887e+07 	
3.17467467e+06 	 5.838634e-06 	 1.235495e+07 	
3.17517518e+06 	 5.831290e-06 	 1.235104e+07 	
3.17567568e+06 	 5.823952e-06 	 1.234714e+07 	
3.17617618e+06 	 5.816621e-06 	 1.234323e+07 	
3.17667668e+06 	 5.809297e-06 	 1.233932e+07 	
3.17717718e+06 	 5.801980e-06 	 1.233542e+07 	
3.17767768e+06 	 5.794669e-06 	 1.233152e+07 	
3.17817818e+06 	 5.787366e-06 	 1.232762e+07 	
3.17867868e+06 	 5.780069e-06 	 1.232372e+07 	
3.17917918e+06 	 5.772779e-06 	 1.231982e+07 	
3.17967968e+06 	 5.765495e-06 	 1.231593e+07 	
3.18018018e+06 	 5.758219e-06 	 1.231203e+07 	
3.18068068e+06 	 5.750949e-06 	 1.230814e+07 	
3.18118118e+06 	 5.743686e-06 	 1.230425e+07 	
3.18168168e+06 	 5.736430e-06 	 1.230036e+07 	
3.18218218e+06 	 5.729180e-06 	 1.229647e+07 	
3.18268268e+06 	 5.721937e-06 	 1.229258e+07 	
3.18318318e+06 	 5.714701e-06 	 1.228870e+07 	
3.18368368e+06 	 5.707472e-06 	 1.228482e+07 	
3.18418418e+06 	 5.700249e-06 	 1.228094e+07 	
3.18468468e+06 	 5.693033e-06 	 1.227706e+07 	
3.18518519e+06 	 5.685824e-06 	 1.227318e+07 	
3.18568569e+06 	 5.678621e-06 	 1.226930e+07 	
3.18618619e+06 	 5.671425e-06 	 1.226543e+07 	
3.18668669e+06 	 5.664236e-06 	 1.226155e+07 	
3.18718719e+06 	 5.657053e-06 	 1.225768e+07 	
3.18768769e+06 	 5.649877e-06 	 1.225381e+07 	
3.18818819e+06 	 5.642708e-06 	 1.224994e+07 	
3.18868869e+06 	 5.635545e-06 	 1.224607e+07 	
3.18918919e+06 	 5.628389e-06 	 1.224221e+07 	
3.18968969e+06 	 5.621239e-06 	 1.223835e+07 	
3.19019019e+06 	 5.614096e-06 	 1.223448e+07 	
3.19069069e+06 	 5.606960e-06 	 1.223062e+07 	
3.19119119e+06 	 5.599830e-06 	 1.222676e+07 	
3.19169169e+06 	 5.592707e-06 	 1.222291e+07 	
3.19219219e+06 	 5.585590e-06 	 1.221905e+07 	
3.19269269e+06 	 5.578480e-06 	 1.221519e+07 	
3.19319319e+06 	 5.571376e-06 	 1.221134e+07 	
3.19369369e+06 	 5.564279e-06 	 1.220749e+07 	
3.19419419e+06 	 5.557189e-06 	 1.220364e+07 	
3.19469469e+06 	 5.550105e-06 	 1.219979e+07 	
3.19519520e+06 	 5.543027e-06 	 1.219595e+07 	
3.19569570e+06 	 5.535956e-06 	 1.219210e+07 	
3.19619620e+06 	 5.528892e-06 	 1.218826e+07 	
3.19669670e+06 	 5.521833e-06 	 1.218442e+07 	
3.19719720e+06 	 5.514782e-06 	 1.218058e+07 	
3.19769770e+06 	 5.507737e-06 	 1.217674e+07 	
3.19819820e+06 	 5.500698e-06 	 1.217290e+07 	
3.19869870e+06 	 5.493666e-06 	 1.216906e+07 	
3.19919920e+06 	 5.486640e-06 	 1.216523e+07 	
3.19969970e+06 	 5.479621e-06 	 1.216140e+07 	
3.20020020e+06 	 5.472608e-06 	 1.215757e+07 	
3.20070070e+06 	 5.465601e-06 	 1.215374e+07 	
3.20120120e+06 	 5.458601e-06 	 1.214991e+07 	
3.20170170e+06 	 5.451607e-06 	 1.214608e+07 	
3.20220220e+06 	 5.444620e-06 	 1.214226e+07 	
3.20270270e+06 	 5.437639e-06 	 1.213844e+07 	
3.20320320e+06 	 5.430664e-06 	 1.213462e+07 	
3.20370370e+06 	 5.423696e-06 	 1.213080e+07 	
3.20420420e+06 	 5.416734e-06 	 1.212698e+07 	
3.20470470e+06 	 5.409779e-06 	 1.212316e+07 	
3.20520521e+06 	 5.402829e-06 	 1.211934e+07 	
3.20570571e+06 	 5.395886e-06 	 1.211553e+07 	
3.20620621e+06 	 5.388950e-06 	 1.211172e+07 	
3.20670671e+06 	 5.382019e-06 	 1.210791e+07 	
3.20720721e+06 	 5.375095e-06 	 1.210410e+07 	
3.20770771e+06 	 5.368178e-06 	 1.210029e+07 	
3.20820821e+06 	 5.361266e-06 	 1.209649e+07 	
3.20870871e+06 	 5.354361e-06 	 1.209268e+07 	
3.20920921e+06 	 5.347462e-06 	 1.208888e+07 	
3.20970971e+06 	 5.340570e-06 	 1.208508e+07 	
3.21021021e+06 	 5.333683e-06 	 1.208128e+07 	
3.21071071e+06 	 5.326803e-06 	 1.207748e+07 	
3.21121121e+06 	 5.319929e-06 	 1.207368e+07 	
3.21171171e+06 	 5.313061e-06 	 1.206989e+07 	
3.21221221e+06 	 5.306200e-06 	 1.206610e+07 	
3.21271271e+06 	 5.299344e-06 	 1.206230e+07 	
3.21321321e+06 	 5.292495e-06 	 1.205851e+07 	
3.21371371e+06 	 5.285652e-06 	 1.205473e+07 	
3.21421421e+06 	 5.278815e-06 	 1.205094e+07 	
3.21471471e+06 	 5.271985e-06 	 1.204715e+07 	
3.21521522e+06 	 5.265160e-06 	 1.204337e+07 	
3.21571572e+06 	 5.258342e-06 	 1.203959e+07 	
3.21621622e+06 	 5.251530e-06 	 1.203580e+07 	
3.21671672e+06 	 5.244724e-06 	 1.203203e+07 	
3.21721722e+06 	 5.237924e-06 	 1.202825e+07 	
3.21771772e+06 	 5.231130e-06 	 1.202447e+07 	
3.21821822e+06 	 5.224342e-06 	 1.202070e+07 	
3.21871872e+06 	 5.217561e-06 	 1.201692e+07 	
3.21921922e+06 	 5.210785e-06 	 1.201315e+07 	
3.21971972e+06 	 5.204016e-06 	 1.200938e+07 	
3.22022022e+06 	 5.197252e-06 	 1.200561e+07 	
3.22072072e+06 	 5.190495e-06 	 1.200185e+07 	
3.22122122e+06 	 5.183743e-06 	 1.199808e+07 	
3.22172172e+06 	 5.176998e-06 	 1.199432e+07 	
3.22222222e+06 	 5.170259e-06 	 1.199055e+07 	
3.22272272e+06 	 5.163526e-06 	 1.198679e+07 	
3.22322322e+06 	 5.156799e-06 	 1.198303e+07 	
3.22372372e+06 	 5.150077e-06 	 1.197928e+07 	
3.22422422e+06 	 5.143362e-06 	 1.197552e+07 	
3.22472472e+06 	 5.136653e-06 	 1.197176e+07 	
3.22522523e+06 	 5.129950e-06 	 1.196801e+07 	
3.22572573e+06 	 5.123253e-06 	 1.196426e+07 	
3.22622623e+06 	 5.116561e-06 	 1.196051e+07 	
3.22672673e+06 	 5.109876e-06 	 1.195676e+07 	
3.22722723e+06 	 5.103197e-06 	 1.195301e+07 	
3.22772773e+06 	 5.096523e-06 	 1.194927e+07 	
3.22822823e+06 	 5.089856e-06 	 1.194552e+07 	
3.22872873e+06 	 5.083194e-06 	 1.194178e+07 	
3.22922923e+06 	 5.076538e-06 	 1.193804e+07 	
3.22972973e+06 	 5.069888e-06 	 1.193430e+07 	
3.23023023e+06 	 5.063245e-06 	 1.193056e+07 	
3.23073073e+06 	 5.056607e-06 	 1.192683e+07 	
3.23123123e+06 	 5.049974e-06 	 1.192309e+07 	
3.23173173e+06 	 5.043348e-06 	 1.191936e+07 	
3.23223223e+06 	 5.036728e-06 	 1.191563e+07 	
3.23273273e+06 	 5.030113e-06 	 1.191190e+07 	
3.23323323e+06 	 5.023505e-06 	 1.190817e+07 	
3.23373373e+06 	 5.016902e-06 	 1.190444e+07 	
3.23423423e+06 	 5.010305e-06 	 1.190071e+07 	
3.23473473e+06 	 5.003714e-06 	 1.189699e+07 	
3.23523524e+06 	 4.997129e-06 	 1.189327e+07 	
3.23573574e+06 	 4.990549e-06 	 1.188955e+07 	
3.23623624e+06 	 4.984227e-06 	 1.188580e+07 	
3.23673674e+06 	 4.977661e-06 	 1.188209e+07 	
3.23723724e+06 	 4.971101e-06 	 1.187837e+07 	
3.23773774e+06 	 4.964546e-06 	 1.187465e+07 	
3.23823824e+06 	 4.957998e-06 	 1.187094e+07 	
3.23873874e+06 	 4.951455e-06 	 1.186723e+07 	
3.23923924e+06 	 4.944918e-06 	 1.186352e+07 	
3.23973974e+06 	 4.938387e-06 	 1.185981e+07 	
3.24024024e+06 	 4.931861e-06 	 1.185610e+07 	
3.24074074e+06 	 4.925342e-06 	 1.185239e+07 	
3.24124124e+06 	 4.918828e-06 	 1.184869e+07 	
3.24174174e+06 	 4.912320e-06 	 1.184499e+07 	
3.24224224e+06 	 4.905817e-06 	 1.184128e+07 	
3.24274274e+06 	 4.899320e-06 	 1.183758e+07 	
3.24324324e+06 	 4.892829e-06 	 1.183389e+07 	
3.24374374e+06 	 4.886344e-06 	 1.183019e+07 	
3.24424424e+06 	 4.879864e-06 	 1.182649e+07 	
3.24474474e+06 	 4.873390e-06 	 1.182280e+07 	
3.24524525e+06 	 4.866922e-06 	 1.181911e+07 	
3.24574575e+06 	 4.860460e-06 	 1.181542e+07 	
3.24624625e+06 	 4.854003e-06 	 1.181173e+07 	
3.24674675e+06 	 4.847551e-06 	 1.180804e+07 	
3.24724725e+06 	 4.841106e-06 	 1.180435e+07 	
3.24774775e+06 	 4.834666e-06 	 1.180067e+07 	
3.24824825e+06 	 4.828232e-06 	 1.179698e+07 	
3.24874875e+06 	 4.821803e-06 	 1.179330e+07 	
3.24924925e+06 	 4.815380e-06 	 1.178962e+07 	
3.24974975e+06 	 4.808962e-06 	 1.178594e+07 	
3.25025025e+06 	 4.802551e-06 	 1.178226e+07 	
3.25075075e+06 	 4.796144e-06 	 1.177859e+07 	
3.25125125e+06 	 4.789744e-06 	 1.177491e+07 	
3.25175175e+06 	 4.783349e-06 	 1.177124e+07 	
3.25225225e+06 	 4.776959e-06 	 1.176757e+07 	
3.25275275e+06 	 4.770575e-06 	 1.176390e+07 	
3.25325325e+06 	 4.764197e-06 	 1.176023e+07 	
3.25375375e+06 	 4.757824e-06 	 1.175656e+07 	
3.25425425e+06 	 4.751457e-06 	 1.175290e+07 	
3.25475475e+06 	 4.745095e-06 	 1.174924e+07 	
3.25525526e+06 	 4.738739e-06 	 1.174557e+07 	
3.25575576e+06 	 4.732389e-06 	 1.174191e+07 	
3.25625626e+06 	 4.726043e-06 	 1.173825e+07 	
3.25675676e+06 	 4.719704e-06 	 1.173459e+07 	
3.25725726e+06 	 4.713370e-06 	 1.173094e+07 	
3.25775776e+06 	 4.707041e-06 	 1.172728e+07 	
3.25825826e+06 	 4.700718e-06 	 1.172363e+07 	
3.25875876e+06 	 4.694400e-06 	 1.171998e+07 	
3.25925926e+06 	 4.688088e-06 	 1.171633e+07 	
3.25975976e+06 	 4.681782e-06 	 1.171268e+07 	
3.26026026e+06 	 4.675480e-06 	 1.170903e+07 	
3.26076076e+06 	 4.669184e-06 	 1.170539e+07 	
3.26126126e+06 	 4.662894e-06 	 1.170174e+07 	
3.26176176e+06 	 4.656609e-06 	 1.169810e+07 	
3.26226226e+06 	 4.650330e-06 	 1.169446e+07 	
3.26276276e+06 	 4.644056e-06 	 1.169082e+07 	
3.26326326e+06 	 4.637787e-06 	 1.168718e+07 	
3.26376376e+06 	 4.631524e-06 	 1.168354e+07 	
3.26426426e+06 	 4.625266e-06 	 1.167991e+07 	
3.26476476e+06 	 4.619013e-06 	 1.167627e+07 	
3.26526527e+06 	 4.612766e-06 	 1.167264e+07 	
3.26576577e+06 	 4.606525e-06 	 1.166901e+07 	
3.26626627e+06 	 4.600288e-06 	 1.166538e+07 	
3.26676677e+06 	 4.594057e-06 	 1.166175e+07 	
3.26726727e+06 	 4.587832e-06 	 1.165812e+07 	
3.26776777e+06 	 4.581611e-06 	 1.165450e+07 	
3.26826827e+06 	 4.575396e-06 	 1.165088e+07 	
3.26876877e+06 	 4.569187e-06 	 1.164725e+07 	
3.26926927e+06 	 4.562983e-06 	 1.164363e+07 	
3.26976977e+06 	 4.556784e-06 	 1.164001e+07 	
3.27027027e+06 	 4.550590e-06 	 1.163640e+07 	
3.27077077e+06 	 4.544402e-06 	 1.163278e+07 	
3.27127127e+06 	 4.538218e-06 	 1.162917e+07 	
3.27177177e+06 	 4.532041e-06 	 1.162555e+07 	
3.27227227e+06 	 4.525868e-06 	 1.162194e+07 	
3.27277277e+06 	 4.519701e-06 	 1.161833e+07 	
3.27327327e+06 	 4.513313e-06 	 1.161474e+07 	
3.27377377e+06 	 4.507155e-06 	 1.161114e+07 	
3.27427427e+06 	 4.501001e-06 	 1.160753e+07 	
3.27477477e+06 	 4.494853e-06 	 1.160393e+07 	
3.27527528e+06 	 4.488711e-06 	 1.160032e+07 	
3.27577578e+06 	 4.482573e-06 	 1.159672e+07 	
3.27627628e+06 	 4.476441e-06 	 1.159312e+07 	
3.27677678e+06 	 4.470314e-06 	 1.158953e+07 	
3.27727728e+06 	 4.464192e-06 	 1.158593e+07 	
3.27777778e+06 	 4.458075e-06 	 1.158233e+07 	
3.27827828e+06 	 4.451964e-06 	 1.157874e+07 	
3.27877878e+06 	 4.445857e-06 	 1.157515e+07 	
3.27927928e+06 	 4.439756e-06 	 1.157156e+07 	
3.27977978e+06 	 4.433660e-06 	 1.156797e+07 	
3.28028028e+06 	 4.427569e-06 	 1.156438e+07 	
3.28078078e+06 	 4.421483e-06 	 1.156079e+07 	
3.28128128e+06 	 4.415403e-06 	 1.155721e+07 	
3.28178178e+06 	 4.409327e-06 	 1.155363e+07 	
3.28228228e+06 	 4.403257e-06 	 1.155004e+07 	
3.28278278e+06 	 4.397191e-06 	 1.154646e+07 	
3.28328328e+06 	 4.391131e-06 	 1.154289e+07 	
3.28378378e+06 	 4.385076e-06 	 1.153931e+07 	
3.28428428e+06 	 4.379026e-06 	 1.153573e+07 	
3.28478478e+06 	 4.372981e-06 	 1.153216e+07 	
3.28528529e+06 	 4.366942e-06 	 1.152858e+07 	
3.28578579e+06 	 4.360907e-06 	 1.152501e+07 	
3.28628629e+06 	 4.354877e-06 	 1.152144e+07 	
3.28678679e+06 	 4.348853e-06 	 1.151787e+07 	
3.28728729e+06 	 4.342833e-06 	 1.151431e+07 	
3.28778779e+06 	 4.336818e-06 	 1.151074e+07 	
3.28828829e+06 	 4.330809e-06 	 1.150718e+07 	
3.28878879e+06 	 4.324804e-06 	 1.150361e+07 	
3.28928929e+06 	 4.318805e-06 	 1.150005e+07 	
3.28978979e+06 	 4.312811e-06 	 1.149649e+07 	
3.29029029e+06 	 4.306821e-06 	 1.149294e+07 	
3.29079079e+06 	 4.300837e-06 	 1.148938e+07 	
3.29129129e+06 	 4.294857e-06 	 1.148582e+07 	
3.29179179e+06 	 4.288883e-06 	 1.148227e+07 	
3.29229229e+06 	 4.282913e-06 	 1.147872e+07 	
3.29279279e+06 	 4.276949e-06 	 1.147517e+07 	
3.29329329e+06 	 4.270989e-06 	 1.147162e+07 	
3.29379379e+06 	 4.265035e-06 	 1.146807e+07 	
3.29429429e+06 	 4.259085e-06 	 1.146452e+07 	
3.29479479e+06 	 4.253140e-06 	 1.146098e+07 	
3.29529530e+06 	 4.247201e-06 	 1.145743e+07 	
3.29579580e+06 	 4.241266e-06 	 1.145389e+07 	
3.29629630e+06 	 4.235336e-06 	 1.145035e+07 	
3.29679680e+06 	 4.229411e-06 	 1.144681e+07 	
3.29729730e+06 	 4.223491e-06 	 1.144327e+07 	
3.29779780e+06 	 4.217575e-06 	 1.143974e+07 	
3.29829830e+06 	 4.211665e-06 	 1.143620e+07 	
3.29879880e+06 	 4.205760e-06 	 1.143267e+07 	
3.29929930e+06 	 4.199859e-06 	 1.142914e+07 	
3.29979980e+06 	 4.193964e-06 	 1.142561e+07 	
3.30030030e+06 	 4.188073e-06 	 1.142208e+07 	
3.30080080e+06 	 4.182187e-06 	 1.141855e+07 	
3.30130130e+06 	 4.176306e-06 	 1.141502e+07 	
3.30180180e+06 	 4.170429e-06 	 1.141150e+07 	
3.30230230e+06 	 4.164558e-06 	 1.140798e+07 	
3.30280280e+06 	 4.158691e-06 	 1.140446e+07 	
3.30330330e+06 	 4.152830e-06 	 1.140094e+07 	
3.30380380e+06 	 4.146973e-06 	 1.139742e+07 	
3.30430430e+06 	 4.141121e-06 	 1.139390e+07 	
3.30480480e+06 	 4.135273e-06 	 1.139038e+07 	
3.30530531e+06 	 4.129431e-06 	 1.138687e+07 	
3.30580581e+06 	 4.123593e-06 	 1.138336e+07 	
3.30630631e+06 	 4.117760e-06 	 1.137985e+07 	
3.30680681e+06 	 4.111932e-06 	 1.137634e+07 	
3.30730731e+06 	 4.106108e-06 	 1.137283e+07 	
3.30780781e+06 	 4.100290e-06 	 1.136932e+07 	
3.30830831e+06 	 4.094476e-06 	 1.136581e+07 	
3.30880881e+06 	 4.088667e-06 	 1.136231e+07 	
3.30930931e+06 	 4.082862e-06 	 1.135881e+07 	
3.30980981e+06 	 4.077062e-06 	 1.135531e+07 	
3.31031031e+06 	 4.071268e-06 	 1.135181e+07 	
3.31081081e+06 	 4.065477e-06 	 1.134831e+07 	
3.31131131e+06 	 4.059692e-06 	 1.134481e+07 	
3.31181181e+06 	 4.053911e-06 	 1.134132e+07 	
3.31231231e+06 	 4.048339e-06 	 1.133780e+07 	
3.31281281e+06 	 4.042569e-06 	 1.133431e+07 	
3.31331331e+06 	 4.036804e-06 	 1.133082e+07 	
3.31381381e+06 	 4.031043e-06 	 1.132733e+07 	
3.31431431e+06 	 4.025288e-06 	 1.132384e+07 	
3.31481481e+06 	 4.019536e-06 	 1.132035e+07 	
3.31531532e+06 	 4.013790e-06 	 1.131687e+07 	
3.31581582e+06 	 4.008048e-06 	 1.131338e+07 	
3.31631632e+06 	 4.002311e-06 	 1.130990e+07 	
3.31681682e+06 	 3.996578e-06 	 1.130642e+07 	
3.31731732e+06 	 3.990851e-06 	 1.130294e+07 	
3.31781782e+06 	 3.985127e-06 	 1.129946e+07 	
3.31831832e+06 	 3.979409e-06 	 1.129598e+07 	
3.31881882e+06 	 3.973695e-06 	 1.129251e+07 	
3.31931932e+06 	 3.967986e-06 	 1.128903e+07 	
3.31981982e+06 	 3.962281e-06 	 1.128556e+07 	
3.32032032e+06 	 3.956581e-06 	 1.128209e+07 	
3.32082082e+06 	 3.950885e-06 	 1.127862e+07 	
3.32132132e+06 	 3.945194e-06 	 1.127515e+07 	
3.32182182e+06 	 3.939508e-06 	 1.127169e+07 	
3.32232232e+06 	 3.933826e-06 	 1.126822e+07 	
3.32282282e+06 	 3.928149e-06 	 1.126476e+07 	
3.32332332e+06 	 3.922476e-06 	 1.126130e+07 	
3.32382382e+06 	 3.916808e-06 	 1.125784e+07 	
3.32432432e+06 	 3.911144e-06 	 1.125438e+07 	
3.32482482e+06 	 3.905485e-06 	 1.125092e+07 	
3.32532533e+06 	 3.899831e-06 	 1.124746e+07 	
3.32582583e+06 	 3.894181e-06 	 1.124401e+07 	
3.32632633e+06 	 3.888536e-06 	 1.124055e+07 	
3.32682683e+06 	 3.882895e-06 	 1.123710e+07 	
3.32732733e+06 	 3.877258e-06 	 1.123365e+07 	
3.32782783e+06 	 3.871627e-06 	 1.123020e+07 	
3.32832833e+06 	 3.865999e-06 	 1.122675e+07 	
3.32882883e+06 	 3.860376e-06 	 1.122331e+07 	
3.32932933e+06 	 3.854758e-06 	 1.121986e+07 	
3.32982983e+06 	 3.849144e-06 	 1.121642e+07 	
3.33033033e+06 	 3.843534e-06 	 1.121298e+07 	
3.33083083e+06 	 3.837930e-06 	 1.120954e+07 	
3.33133133e+06 	 3.832329e-06 	 1.120610e+07 	
3.33183183e+06 	 3.826733e-06 	 1.120266e+07 	
3.33233233e+06 	 3.821141e-06 	 1.119922e+07 	
3.33283283e+06 	 3.815554e-06 	 1.119579e+07 	
3.33333333e+06 	 3.809971e-06 	 1.119236e+07 	
3.33383383e+06 	 3.804393e-06 	 1.118892e+07 	
3.33433433e+06 	 3.798819e-06 	 1.118549e+07 	
3.33483483e+06 	 3.793250e-06 	 1.118207e+07 	
3.33533534e+06 	 3.787685e-06 	 1.117864e+07 	
3.33583584e+06 	 3.782124e-06 	 1.117521e+07 	
3.33633634e+06 	 3.776568e-06 	 1.117179e+07 	
3.33683684e+06 	 3.771016e-06 	 1.116836e+07 	
3.33733734e+06 	 3.765468e-06 	 1.116494e+07 	
3.33783784e+06 	 3.759925e-06 	 1.116152e+07 	
3.33833834e+06 	 3.754386e-06 	 1.115810e+07 	
3.33883884e+06 	 3.748852e-06 	 1.115469e+07 	
3.33933934e+06 	 3.743322e-06 	 1.115127e+07 	
3.33983984e+06 	 3.737796e-06 	 1.114786e+07 	
3.34034034e+06 	 3.732275e-06 	 1.114444e+07 	
3.34084084e+06 	 3.726758e-06 	 1.114103e+07 	
3.34134134e+06 	 3.721245e-06 	 1.113762e+07 	
3.34184184e+06 	 3.715737e-06 	 1.113421e+07 	
3.34234234e+06 	 3.710233e-06 	 1.113080e+07 	
3.34284284e+06 	 3.704733e-06 	 1.112740e+07 	
3.34334334e+06 	 3.699238e-06 	 1.112399e+07 	
3.34384384e+06 	 3.693746e-06 	 1.112059e+07 	
3.34434434e+06 	 3.688260e-06 	 1.111719e+07 	
3.34484484e+06 	 3.682777e-06 	 1.111379e+07 	
3.34534535e+06 	 3.677299e-06 	 1.111039e+07 	
3.34584585e+06 	 3.671825e-06 	 1.110699e+07 	
3.34634635e+06 	 3.666355e-06 	 1.110360e+07 	
3.34684685e+06 	 3.660890e-06 	 1.110020e+07 	
3.34734735e+06 	 3.655429e-06 	 1.109681e+07 	
3.34784785e+06 	 3.649972e-06 	 1.109342e+07 	
3.34834835e+06 	 3.644519e-06 	 1.109003e+07 	
3.34884885e+06 	 3.639070e-06 	 1.108664e+07 	
3.34934935e+06 	 3.633626e-06 	 1.108325e+07 	
3.34984985e+06 	 3.628186e-06 	 1.107987e+07 	
3.35035035e+06 	 3.622750e-06 	 1.107648e+07 	
3.35085085e+06 	 3.617501e-06 	 1.107308e+07 	
3.35135135e+06 	 3.612075e-06 	 1.106970e+07 	
3.35185185e+06 	 3.606653e-06 	 1.106632e+07 	
3.35235235e+06 	 3.601236e-06 	 1.106294e+07 	
3.35285285e+06 	 3.595822e-06 	 1.105956e+07 	
3.35335335e+06 	 3.590413e-06 	 1.105618e+07 	
3.35385385e+06 	 3.585008e-06 	 1.105281e+07 	
3.35435435e+06 	 3.579607e-06 	 1.104944e+07 	
3.35485485e+06 	 3.574211e-06 	 1.104606e+07 	
3.35535536e+06 	 3.568818e-06 	 1.104269e+07 	
3.35585586e+06 	 3.563430e-06 	 1.103933e+07 	
3.35635636e+06 	 3.558046e-06 	 1.103596e+07 	
3.35685686e+06 	 3.552666e-06 	 1.103259e+07 	
3.35735736e+06 	 3.547290e-06 	 1.102923e+07 	
3.35785786e+06 	 3.541918e-06 	 1.102586e+07 	
3.35835836e+06 	 3.536550e-06 	 1.102250e+07 	
3.35885886e+06 	 3.531187e-06 	 1.101914e+07 	
3.35935936e+06 	 3.525827e-06 	 1.101578e+07 	
3.35985986e+06 	 3.520472e-06 	 1.101243e+07 	
3.36036036e+06 	 3.515121e-06 	 1.100907e+07 	
3.36086086e+06 	 3.509774e-06 	 1.100572e+07 	
3.36136136e+06 	 3.504431e-06 	 1.100236e+07 	
3.36186186e+06 	 3.499092e-06 	 1.099901e+07 	
3.36236236e+06 	 3.493757e-06 	 1.099566e+07 	
3.36286286e+06 	 3.488427e-06 	 1.099231e+07 	
3.36336336e+06 	 3.483100e-06 	 1.098897e+07 	
3.36386386e+06 	 3.477778e-06 	 1.098562e+07 	
3.36436436e+06 	 3.472459e-06 	 1.098228e+07 	
3.36486486e+06 	 3.467145e-06 	 1.097893e+07 	
3.36536537e+06 	 3.461834e-06 	 1.097559e+07 	
3.36586587e+06 	 3.456528e-06 	 1.097225e+07 	
3.36636637e+06 	 3.451226e-06 	 1.096891e+07 	
3.36686687e+06 	 3.445927e-06 	 1.096558e+07 	
3.36736737e+06 	 3.440633e-06 	 1.096224e+07 	
3.36786787e+06 	 3.435343e-06 	 1.095891e+07 	
3.36836837e+06 	 3.430057e-06 	 1.095557e+07 	
3.36886887e+06 	 3.424774e-06 	 1.095224e+07 	
3.36936937e+06 	 3.419496e-06 	 1.094891e+07 	
3.36986987e+06 	 3.414222e-06 	 1.094558e+07 	
3.37037037e+06 	 3.408952e-06 	 1.094226e+07 	
3.37087087e+06 	 3.403686e-06 	 1.093893e+07 	
3.37137137e+06 	 3.398423e-06 	 1.093561e+07 	
3.37187187e+06 	 3.393165e-06 	 1.093228e+07 	
3.37237237e+06 	 3.387911e-06 	 1.092896e+07 	
3.37287287e+06 	 3.382660e-06 	 1.092564e+07 	
3.37337337e+06 	 3.377414e-06 	 1.092232e+07 	
3.37387387e+06 	 3.372171e-06 	 1.091901e+07 	
3.37437437e+06 	 3.366933e-06 	 1.091569e+07 	
3.37487487e+06 	 3.361698e-06 	 1.091238e+07 	
3.37537538e+06 	 3.356468e-06 	 1.090906e+07 	
3.37587588e+06 	 3.351241e-06 	 1.090575e+07 	
3.37637638e+06 	 3.346018e-06 	 1.090244e+07 	
3.37687688e+06 	 3.340799e-06 	 1.089913e+07 	
3.37737738e+06 	 3.335584e-06 	 1.089583e+07 	
3.37787788e+06 	 3.330373e-06 	 1.089252e+07 	
3.37837838e+06 	 3.325166e-06 	 1.088922e+07 	
3.37887888e+06 	 3.319963e-06 	 1.088591e+07 	
3.37937938e+06 	 3.314763e-06 	 1.088261e+07 	
3.37987988e+06 	 3.309568e-06 	 1.087931e+07 	
3.38038038e+06 	 3.304376e-06 	 1.087601e+07 	
3.38088088e+06 	 3.299189e-06 	 1.087272e+07 	
3.38138138e+06 	 3.294005e-06 	 1.086942e+07 	
3.38188188e+06 	 3.288825e-06 	 1.086613e+07 	
3.38238238e+06 	 3.283648e-06 	 1.086283e+07 	
3.38288288e+06 	 3.278476e-06 	 1.085954e+07 	
3.38338338e+06 	 3.273308e-06 	 1.085625e+07 	
3.38388388e+06 	 3.268143e-06 	 1.085296e+07 	
3.38438438e+06 	 3.262982e-06 	 1.084968e+07 	
3.38488488e+06 	 3.257825e-06 	 1.084639e+07 	
3.38538539e+06 	 3.252672e-06 	 1.084311e+07 	
3.38588589e+06 	 3.247523e-06 	 1.083982e+07 	
3.38638639e+06 	 3.242377e-06 	 1.083654e+07 	
3.38688689e+06 	 3.237235e-06 	 1.083326e+07 	
3.38738739e+06 	 3.232097e-06 	 1.082998e+07 	
3.38788789e+06 	 3.226963e-06 	 1.082671e+07 	
3.38838839e+06 	 3.221833e-06 	 1.082343e+07 	
3.38888889e+06 	 3.216706e-06 	 1.082016e+07 	
3.38938939e+06 	 3.211423e-06 	 1.081691e+07 	
3.38988989e+06 	 3.206302e-06 	 1.081364e+07 	
3.39039039e+06 	 3.201186e-06 	 1.081037e+07 	
3.39089089e+06 	 3.196073e-06 	 1.080710e+07 	
3.39139139e+06 	 3.190964e-06 	 1.080383e+07 	
3.39189189e+06 	 3.185859e-06 	 1.080057e+07 	
3.39239239e+06 	 3.180757e-06 	 1.079730e+07 	
3.39289289e+06 	 3.175660e-06 	 1.079404e+07 	
3.39339339e+06 	 3.170566e-06 	 1.079078e+07 	
3.39389389e+06 	 3.165475e-06 	 1.078752e+07 	
3.39439439e+06 	 3.160389e-06 	 1.078426e+07 	
3.39489489e+06 	 3.155306e-06 	 1.078100e+07 	
3.39539540e+06 	 3.150227e-06 	 1.077775e+07 	
3.39589590e+06 	 3.145151e-06 	 1.077449e+07 	
3.39639640e+06 	 3.140079e-06 	 1.077124e+07 	
3.39689690e+06 	 3.135011e-06 	 1.076799e+07 	
3.39739740e+06 	 3.129947e-06 	 1.076474e+07 	
3.39789790e+06 	 3.124886e-06 	 1.076149e+07 	
3.39839840e+06 	 3.119829e-06 	 1.075825e+07 	
3.39889890e+06 	 3.114775e-06 	 1.075500e+07 	
3.39939940e+06 	 3.109726e-06 	 1.075176e+07 	
3.39989990e+06 	 3.104679e-06 	 1.074852e+07 	
3.40040040e+06 	 3.099637e-06 	 1.074527e+07 	
3.40090090e+06 	 3.094598e-06 	 1.074204e+07 	
3.40140140e+06 	 3.089563e-06 	 1.073880e+07 	
3.40190190e+06 	 3.084531e-06 	 1.073556e+07 	
3.40240240e+06 	 3.079503e-06 	 1.073233e+07 	
3.40290290e+06 	 3.074479e-06 	 1.072909e+07 	
3.40340340e+06 	 3.069458e-06 	 1.072586e+07 	
3.40390390e+06 	 3.064441e-06 	 1.072263e+07 	
3.40440440e+06 	 3.059428e-06 	 1.071940e+07 	
3.40490490e+06 	 3.054418e-06 	 1.071617e+07 	
3.40540541e+06 	 3.049412e-06 	 1.071295e+07 	
3.40590591e+06 	 3.044409e-06 	 1.070972e+07 	
3.40640641e+06 	 3.039410e-06 	 1.070650e+07 	
3.40690691e+06 	 3.034414e-06 	 1.070327e+07 	
3.40740741e+06 	 3.029423e-06 	 1.070005e+07 	
3.40790791e+06 	 3.024434e-06 	 1.069683e+07 	
3.40840841e+06 	 3.019449e-06 	 1.069362e+07 	
3.40890891e+06 	 3.014468e-06 	 1.069040e+07 	
3.40940941e+06 	 3.009490e-06 	 1.068719e+07 	
3.40990991e+06 	 3.004516e-06 	 1.068397e+07 	
3.41041041e+06 	 2.999546e-06 	 1.068076e+07 	
3.41091091e+06 	 2.994579e-06 	 1.067755e+07 	
3.41141141e+06 	 2.989615e-06 	 1.067434e+07 	
3.41191191e+06 	 2.984655e-06 	 1.067113e+07 	
3.41241241e+06 	 2.979699e-06 	 1.066793e+07 	
3.41291291e+06 	 2.974746e-06 	 1.066472e+07 	
3.41341341e+06 	 2.969796e-06 	 1.066152e+07 	
3.41391391e+06 	 2.964850e-06 	 1.065832e+07 	
3.41441441e+06 	 2.959908e-06 	 1.065511e+07 	
3.41491491e+06 	 2.954969e-06 	 1.065192e+07 	
3.41541542e+06 	 2.950034e-06 	 1.064872e+07 	
3.41591592e+06 	 2.945102e-06 	 1.064552e+07 	
3.41641642e+06 	 2.940173e-06 	 1.064233e+07 	
3.41691692e+06 	 2.935248e-06 	 1.063913e+07 	
3.41741742e+06 	 2.930327e-06 	 1.063594e+07 	
3.41791792e+06 	 2.925409e-06 	 1.063275e+07 	
3.41841842e+06 	 2.920494e-06 	 1.062956e+07 	
3.41891892e+06 	 2.915583e-06 	 1.062638e+07 	
3.41941942e+06 	 2.910675e-06 	 1.062319e+07 	
3.41991992e+06 	 2.905771e-06 	 1.062000e+07 	
3.42042042e+06 	 2.900870e-06 	 1.061682e+07 	
3.42092092e+06 	 2.895973e-06 	 1.061364e+07 	
3.42142142e+06 	 2.891079e-06 	 1.061046e+07 	
3.42192192e+06 	 2.886189e-06 	 1.060728e+07 	
3.42242242e+06 	 2.881302e-06 	 1.060410e+07 	
3.42292292e+06 	 2.876418e-06 	 1.060093e+07 	
3.42342342e+06 	 2.871538e-06 	 1.059775e+07 	
3.42392392e+06 	 2.866661e-06 	 1.059458e+07 	
3.42442442e+06 	 2.861788e-06 	 1.059141e+07 	
3.42492492e+06 	 2.856918e-06 	 1.058824e+07 	
3.42542543e+06 	 2.852051e-06 	 1.058507e+07 	
3.42592593e+06 	 2.847188e-06 	 1.058190e+07 	
3.42642643e+06 	 2.842328e-06 	 1.057874e+07 	
3.42692693e+06 	 2.837472e-06 	 1.057557e+07 	
3.42742743e+06 	 2.832619e-06 	 1.057241e+07 	
3.42792793e+06 	 2.827769e-06 	 1.056925e+07 	
3.42842843e+06 	 2.822923e-06 	 1.056609e+07 	
3.42892893e+06 	 2.817938e-06 	 1.056295e+07 	
3.42942943e+06 	 2.813097e-06 	 1.055980e+07 	
3.42992993e+06 	 2.808260e-06 	 1.055664e+07 	
3.43043043e+06 	 2.803426e-06 	 1.055349e+07 	
3.43093093e+06 	 2.798595e-06 	 1.055033e+07 	
3.43143143e+06 	 2.793768e-06 	 1.054718e+07 	
3.43193193e+06 	 2.788944e-06 	 1.054403e+07 	
3.43243243e+06 	 2.784123e-06 	 1.054089e+07 	
3.43293293e+06 	 2.779306e-06 	 1.053774e+07 	
3.43343343e+06 	 2.774492e-06 	 1.053459e+07 	
3.43393393e+06 	 2.769682e-06 	 1.053145e+07 	
3.43443443e+06 	 2.764874e-06 	 1.052831e+07 	
3.43493493e+06 	 2.760070e-06 	 1.052517e+07 	
3.43543544e+06 	 2.755270e-06 	 1.052203e+07 	
3.43593594e+06 	 2.750472e-06 	 1.051889e+07 	
3.43643644e+06 	 2.745678e-06 	 1.051575e+07 	
3.43693694e+06 	 2.740887e-06 	 1.051262e+07 	
3.43743744e+06 	 2.736099e-06 	 1.050949e+07 	
3.43793794e+06 	 2.731315e-06 	 1.050635e+07 	
3.43843844e+06 	 2.726534e-06 	 1.050322e+07 	
3.43893894e+06 	 2.721756e-06 	 1.050010e+07 	
3.43943944e+06 	 2.716982e-06 	 1.049697e+07 	
3.43993994e+06 	 2.712210e-06 	 1.049384e+07 	
3.44044044e+06 	 2.707442e-06 	 1.049072e+07 	
3.44094094e+06 	 2.702678e-06 	 1.048759e+07 	
3.44144144e+06 	 2.697916e-06 	 1.048447e+07 	
3.44194194e+06 	 2.693158e-06 	 1.048135e+07 	
3.44244244e+06 	 2.688403e-06 	 1.047823e+07 	
3.44294294e+06 	 2.683651e-06 	 1.047512e+07 	
3.44344344e+06 	 2.678902e-06 	 1.047200e+07 	
3.44394394e+06 	 2.674157e-06 	 1.046889e+07 	
3.44444444e+06 	 2.669415e-06 	 1.046577e+07 	
3.44494494e+06 	 2.664676e-06 	 1.046266e+07 	
3.44544545e+06 	 2.659940e-06 	 1.045955e+07 	
3.44594595e+06 	 2.655207e-06 	 1.045644e+07 	
3.44644645e+06 	 2.650478e-06 	 1.045334e+07 	
3.44694695e+06 	 2.645752e-06 	 1.045023e+07 	
3.44744745e+06 	 2.641029e-06 	 1.044713e+07 	
3.44794795e+06 	 2.636309e-06 	 1.044403e+07 	
3.44844845e+06 	 2.631593e-06 	 1.044093e+07 	
3.44894895e+06 	 2.626879e-06 	 1.043783e+07 	
3.44944945e+06 	 2.622169e-06 	 1.043473e+07 	
3.44994995e+06 	 2.617462e-06 	 1.043163e+07 	
3.45045045e+06 	 2.612758e-06 	 1.042854e+07 	
3.45095095e+06 	 2.608057e-06 	 1.042544e+07 	
3.45145145e+06 	 2.603360e-06 	 1.042235e+07 	
3.45195195e+06 	 2.598665e-06 	 1.041926e+07 	
3.45245245e+06 	 2.593974e-06 	 1.041617e+07 	
3.45295295e+06 	 2.589286e-06 	 1.041308e+07 	
3.45345345e+06 	 2.584601e-06 	 1.041000e+07 	
3.45395395e+06 	 2.579919e-06 	 1.040691e+07 	
3.45445445e+06 	 2.575240e-06 	 1.040383e+07 	
3.45495495e+06 	 2.570565e-06 	 1.040075e+07 	
3.45545546e+06 	 2.565892e-06 	 1.039767e+07 	
3.45595596e+06 	 2.561223e-06 	 1.039459e+07 	
3.45645646e+06 	 2.556557e-06 	 1.039151e+07 	
3.45695696e+06 	 2.551893e-06 	 1.038844e+07 	
3.45745746e+06 	 2.547233e-06 	 1.038536e+07 	
3.45795796e+06 	 2.542576e-06 	 1.038229e+07 	
3.45845846e+06 	 2.537923e-06 	 1.037922e+07 	
3.45895896e+06 	 2.533272e-06 	 1.037615e+07 	
3.45945946e+06 	 2.528624e-06 	 1.037308e+07 	
3.45995996e+06 	 2.523980e-06 	 1.037001e+07 	
3.46046046e+06 	 2.519338e-06 	 1.036695e+07 	
3.46096096e+06 	 2.514700e-06 	 1.036389e+07 	
3.46146146e+06 	 2.510065e-06 	 1.036082e+07 	
3.46196196e+06 	 2.505433e-06 	 1.035776e+07 	
3.46246246e+06 	 2.500803e-06 	 1.035470e+07 	
3.46296296e+06 	 2.496177e-06 	 1.035165e+07 	
3.46346346e+06 	 2.491554e-06 	 1.034859e+07 	
3.46396396e+06 	 2.486934e-06 	 1.034553e+07 	
3.46446446e+06 	 2.482317e-06 	 1.034248e+07 	
3.46496496e+06 	 2.477704e-06 	 1.033943e+07 	
3.46546547e+06 	 2.473093e-06 	 1.033638e+07 	
3.46596597e+06 	 2.468485e-06 	 1.033333e+07 	
3.46646647e+06 	 2.463880e-06 	 1.033028e+07 	
3.46696697e+06 	 2.459279e-06 	 1.032724e+07 	
3.46746747e+06 	 2.454680e-06 	 1.032419e+07 	
3.46796797e+06 	 2.450207e-06 	 1.032113e+07 	
3.46846847e+06 	 2.445616e-06 	 1.031809e+07 	
3.46896897e+06 	 2.441027e-06 	 1.031505e+07 	
3.46946947e+06 	 2.436441e-06 	 1.031201e+07 	
3.46996997e+06 	 2.431859e-06 	 1.030897e+07 	
3.47047047e+06 	 2.427279e-06 	 1.030594e+07 	
3.47097097e+06 	 2.422702e-06 	 1.030290e+07 	
3.47147147e+06 	 2.418129e-06 	 1.029987e+07 	
3.47197197e+06 	 2.413558e-06 	 1.029684e+07 	
3.47247247e+06 	 2.408991e-06 	 1.029381e+07 	
3.47297297e+06 	 2.404426e-06 	 1.029079e+07 	
3.47347347e+06 	 2.399864e-06 	 1.028776e+07 	
3.47397397e+06 	 2.395306e-06 	 1.028473e+07 	
3.47447447e+06 	 2.390750e-06 	 1.028171e+07 	
3.47497497e+06 	 2.386198e-06 	 1.027869e+07 	
3.47547548e+06 	 2.381648e-06 	 1.027567e+07 	
3.47597598e+06 	 2.377101e-06 	 1.027265e+07 	
3.47647648e+06 	 2.372558e-06 	 1.026963e+07 	
3.47697698e+06 	 2.368017e-06 	 1.026662e+07 	
3.47747748e+06 	 2.363479e-06 	 1.026360e+07 	
3.47797798e+06 	 2.358945e-06 	 1.026059e+07 	
3.47847848e+06 	 2.354413e-06 	 1.025758e+07 	
3.47897898e+06 	 2.349884e-06 	 1.025457e+07 	
3.47947948e+06 	 2.345358e-06 	 1.025156e+07 	
3.47997998e+06 	 2.340835e-06 	 1.024856e+07 	
3.48048048e+06 	 2.336315e-06 	 1.024555e+07 	
3.48098098e+06 	 2.331798e-06 	 1.024255e+07 	
3.48148148e+06 	 2.327284e-06 	 1.023955e+07 	
3.48198198e+06 	 2.322773e-06 	 1.023655e+07 	
3.48248248e+06 	 2.318265e-06 	 1.023355e+07 	
3.48298298e+06 	 2.313760e-06 	 1.023055e+07 	
3.48348348e+06 	 2.309258e-06 	 1.022756e+07 	
3.48398398e+06 	 2.304758e-06 	 1.022456e+07 	
3.48448448e+06 	 2.300262e-06 	 1.022157e+07 	
3.48498498e+06 	 2.295768e-06 	 1.021858e+07 	
3.48548549e+06 	 2.291278e-06 	 1.021559e+07 	
3.48598599e+06 	 2.286790e-06 	 1.021260e+07 	
3.48648649e+06 	 2.282306e-06 	 1.020962e+07 	
3.48698699e+06 	 2.277824e-06 	 1.020663e+07 	
3.48748749e+06 	 2.273345e-06 	 1.020365e+07 	
3.48798799e+06 	 2.268869e-06 	 1.020067e+07 	
3.48848849e+06 	 2.264396e-06 	 1.019769e+07 	
3.48898899e+06 	 2.259926e-06 	 1.019471e+07 	
3.48948949e+06 	 2.255459e-06 	 1.019173e+07 	
3.48998999e+06 	 2.250994e-06 	 1.018876e+07 	
3.49049049e+06 	 2.246533e-06 	 1.018578e+07 	
3.49099099e+06 	 2.242074e-06 	 1.018281e+07 	
3.49149149e+06 	 2.237619e-06 	 1.017984e+07 	
3.49199199e+06 	 2.233166e-06 	 1.017687e+07 	
3.49249249e+06 	 2.228716e-06 	 1.017390e+07 	
3.49299299e+06 	 2.224269e-06 	 1.017094e+07 	
3.49349349e+06 	 2.219825e-06 	 1.016797e+07 	
3.49399399e+06 	 2.215384e-06 	 1.016501e+07 	
3.49449449e+06 	 2.210945e-06 	 1.016205e+07 	
3.49499499e+06 	 2.206510e-06 	 1.015909e+07 	
3.49549550e+06 	 2.202077e-06 	 1.015613e+07 	
3.49599600e+06 	 2.197648e-06 	 1.015317e+07 	
3.49649650e+06 	 2.193221e-06 	 1.015022e+07 	
3.49699700e+06 	 2.188797e-06 	 1.014726e+07 	
3.49749750e+06 	 2.184376e-06 	 1.014431e+07 	
3.49799800e+06 	 2.179957e-06 	 1.014136e+07 	
3.49849850e+06 	 2.175542e-06 	 1.013841e+07 	
3.49899900e+06 	 2.171130e-06 	 1.013546e+07 	
3.49949950e+06 	 2.166720e-06 	 1.013252e+07 	
3.50000000e+06 	 2.162313e-06 	 1.012958e+07 	
3.51986847e+06 	 1.989538e-06 	 1.001402e+07 	
3.53984972e+06 	 1.820319e-06 	 9.900407e+06 	
3.55994440e+06 	 1.654521e-06 	 9.788937e+06 	
3.58015316e+06 	 1.492492e-06 	 9.679761e+06 	
3.60047663e+06 	 1.334376e-06 	 9.573152e+06 	
3.62091547e+06 	 1.180794e-06 	 9.469331e+06 	
3.64147034e+06 	 1.032284e-06 	 9.368648e+06 	
3.66214189e+06 	 8.898469e-07 	 9.271402e+06 	
3.68293079e+06 	 7.544861e-07 	 9.178017e+06 	
3.70383770e+06 	 6.275899e-07 	 9.088851e+06 	
3.72486329e+06 	 5.104949e-07 	 9.004381e+06 	
3.74600824e+06 	 4.047425e-07 	 8.924935e+06 	
3.76727322e+06 	 3.115856e-07 	 8.850903e+06 	
3.78865892e+06 	 2.319639e-07 	 8.782590e+06 	
3.81016602e+06 	 1.663146e-07 	 8.720124e+06 	
3.83179521e+06 	 1.143681e-07 	 8.663484e+06 	
3.85354718e+06 	 7.511060e-08 	 8.612597e+06 	
3.87542263e+06 	 4.693308e-08 	 8.567116e+06 	
3.89742226e+06 	 2.780851e-08 	 8.526527e+06 	
3.91954677e+06 	 1.557951e-08 	 8.490211e+06 	
3.94179688e+06 	 8.234237e-09 	 8.457548e+06 	
3.96417330e+06 	 4.099815e-09 	 8.427435e+06 	
3.98667674e+06 	 1.920868e-09 	 8.399876e+06 	
4.46249913e+06 	 1.000000e-20 	 7.912025e+06 	
4.99511241e+06 	 1.000000e-20 	 7.457979e+06 	
5.59129477e+06 	 1.000000e-20 	 7.032206e+06 	
6.25863335e+06 	 1.000000e-20 	 6.632573e+06 	
7.00562090e+06 	 1.000000e-20 	 6.257168e+06 	
7.84176375e+06 	 1.000000e-20 	 5.904271e+06 	
8.77770288e+06 	 1.000000e-20 	 5.572326e+06 	
9.82534929e+06 	 1.000000e-20 	 5.259916e+06 	
1.09980356e+07 	 1.000000e-20 	 4.965751e+06 	
1.23106857e+07 	 1.000000e-20 	 4.688647e+06 	
1.37800047e+07 	 1.000000e-20 	 4.427515e+06 	
1.54246915e+07 	 1.000000e-20 	 4.181354e+06 	
1.72656768e+07 	 1.000000e-20 	 3.949237e+06 	
1.93263896e+07 	 1.000000e-20 	 3.730305e+06 	
2.16330549e+07 	 1.000000e-20 	 3.523762e+06 	
2.42150279e+07 	 1.000000e-20 	 3.328866e+06 	
2.71051675e+07 	 1.000000e-20 	 3.144928e+06 	
3.03402544e+07 	 1.000000e-20 	 2.971303e+06 	
3.39614591e+07 	 1.000000e-20 	 2.807390e+06 	
3.80148658e+07 	 1.000000e-20 	 2.652624e+06 	
4.25520595e+07 	 1.000000e-20 	 2.506480e+06 	
4.76307814e+07 	 1.000000e-20 	 2.368463e+06 	
5.33156647e+07 	 1.000000e-20 	 2.238108e+06 	
5.96790567e+07 	 1.000000e-20 	 2.114982e+06 	
6.68019396e+07 	 1.000000e-20 	 1.998673e+06 	
7.47749608e+07 	 1.000000e-20 	 1.888799e+06 	
8.36995872e+07 	 1.000000e-20 	 1.784997e+06 	
9.36893958e+07 	 1.000000e-20 	 1.686927e+06 	
1.04871519e+08 	 1.000000e-20 	 1.594267e+06 	
1.17388265e+08 	 1.000000e-20 	 1.506716e+06 	
1.31398923e+08 	 1.000000e-20 	 1.423989e+06 	
1.47081797e+08 	 1.000000e-20 	 1.345818e+06 	
1.64636471e+08 	 1.000000e-20 	 1.271950e+06 	
1.84286351e+08 	 1.000000e-20 	 1.202146e+06 	
2.06281505e+08 	 1.000000e-20 	 1.136181e+06 	
2.30901851e+08 	 1.000000e-20 	 1.073842e+06 	
2.58460712e+08 	 1.000000e-20 	 1.014930e+06 	
2.89308809e+08 	 1.000000e-20 	 9.592545e+05 	
3.23838724e+08 	 1.000000e-20 	 9.066374e+05 	
3.62489893e+08 	 1.000000e-20 	 8.569099e+05 	
4.05754200e+08 	 1.000000e-20 	 8.099129e+05 	
4.54182238e+08 	 1.000000e-20 	 7.654959e+05 	
5.08390314e+08 	 1.000000e-20 	 7.235170e+05 	
5.69068295e+08 	 1.000000e-20 	 6.838419e+05 	
6.36988383e+08 	 1.000000e-20 	 6.463439e+05 	
7.13014947e+08 	 1.000000e-20 	 6.109034e+05 	
7.98115520e+08 	 1.000000e-20 	 5.774072e+05 	
8.93373113e+08 	 1.000000e-20 	 5.457486e+05 	
1.00000000e+09 	 1.000000e-20 	 5.158265e+05 	
