r (cm)        	 rho (g/cm3) 	 T (K)       		 Linf = 2.045337e+38
1.20010752e+06 	 5.594780e+04 	 1.267762e+09 	
1.20011562e+06 	 5.567561e+04 	 1.266203e+09 	
1.20035136e+06 	 4.822458e+04 	 1.221154e+09 	
1.20058321e+06 	 4.172926e+04 	 1.177454e+09 	
1.20081506e+06 	 3.598459e+04 	 1.134378e+09 	
1.20104692e+06 	 3.092050e+04 	 1.091946e+09 	
1.20123755e+06 	 2.722036e+04 	 1.057554e+09 	
1.20142818e+06 	 2.390197e+04 	 1.023624e+09 	
1.20161882e+06 	 2.093330e+04 	 9.901689e+08 	
1.20180945e+06 	 1.828425e+04 	 9.572003e+08 	
1.20200008e+06 	 1.592662e+04 	 9.247318e+08 	
1.20218936e+06 	 1.384803e+04 	 8.930021e+08 	
1.20237864e+06 	 1.200663e+04 	 8.617919e+08 	
1.20256791e+06 	 1.037997e+04 	 8.311147e+08 	
1.20272286e+06 	 9.193576e+03 	 8.064081e+08 	
1.20287780e+06 	 8.126408e+03 	 7.820755e+08 	
1.20303275e+06 	 7.168456e+03 	 7.581244e+08 	
1.20318770e+06 	 6.310345e+03 	 7.345626e+08 	
1.20334264e+06 	 5.543316e+03 	 7.113978e+08 	
1.20349759e+06 	 4.859198e+03 	 6.886376e+08 	
1.20365317e+06 	 4.248023e+03 	 6.661983e+08 	
1.20380876e+06 	 3.705633e+03 	 6.441824e+08 	
1.20396435e+06 	 3.225408e+03 	 6.225974e+08 	
1.20409241e+06 	 2.872438e+03 	 6.051592e+08 	
1.20422047e+06 	 2.554263e+03 	 5.880220e+08 	
1.20434854e+06 	 2.267926e+03 	 5.711900e+08 	
1.20447660e+06 	 2.010669e+03 	 5.546670e+08 	
1.20460467e+06 	 1.779927e+03 	 5.384567e+08 	
1.20473273e+06 	 1.573318e+03 	 5.225628e+08 	
1.20486079e+06 	 1.388633e+03 	 5.069887e+08 	
1.20499326e+06 	 1.218498e+03 	 4.912199e+08 	
1.20512572e+06 	 1.067548e+03 	 4.758002e+08 	
1.20523491e+06 	 9.561758e+02 	 4.633538e+08 	
1.20534411e+06 	 8.555450e+02 	 4.511486e+08 	
1.20545331e+06 	 7.647331e+02 	 4.391861e+08 	
1.20556250e+06 	 6.828848e+02 	 4.274677e+08 	
1.20567170e+06 	 6.092070e+02 	 4.159948e+08 	
1.20578090e+06 	 5.429664e+02 	 4.047683e+08 	
1.20589009e+06 	 4.834854e+02 	 3.937893e+08 	
1.20599929e+06 	 4.301392e+02 	 3.830585e+08 	
1.20610849e+06 	 3.823525e+02 	 3.725764e+08 	
1.20622394e+06 	 3.372888e+02 	 3.617646e+08 	
1.20631939e+06 	 3.038734e+02 	 3.530370e+08 	
1.20641483e+06 	 2.736134e+02 	 3.444999e+08 	
1.20651028e+06 	 2.462343e+02 	 3.361532e+08 	
1.20660572e+06 	 2.214827e+02 	 3.279965e+08 	
1.20670117e+06 	 1.991247e+02 	 3.200295e+08 	
1.20679661e+06 	 1.789449e+02 	 3.122516e+08 	
1.20689206e+06 	 1.607453e+02 	 3.046623e+08 	
1.20698750e+06 	 1.443438e+02 	 2.972606e+08 	
1.20708295e+06 	 1.295733e+02 	 2.900457e+08 	
1.20717839e+06 	 1.162810e+02 	 2.830165e+08 	
1.20727384e+06 	 1.043268e+02 	 2.761717e+08 	
1.20736928e+06 	 9.358270e+01 	 2.695100e+08 	
1.20746473e+06 	 8.393199e+01 	 2.630299e+08 	
1.20756017e+06 	 7.526823e+01 	 2.567298e+08 	
1.20765288e+06 	 6.770585e+01 	 2.507809e+08 	
1.20774559e+06 	 6.090236e+01 	 2.449984e+08 	
1.20783830e+06 	 5.478415e+01 	 2.393804e+08 	
1.20793101e+06 	 4.928427e+01 	 2.339249e+08 	
1.20802371e+06 	 4.434192e+01 	 2.286299e+08 	
1.20811642e+06 	 3.990189e+01 	 2.234931e+08 	
1.20820913e+06 	 3.591414e+01 	 2.185123e+08 	
1.20830184e+06 	 3.233337e+01 	 2.136849e+08 	
1.20839455e+06 	 2.911859e+01 	 2.090086e+08 	
1.20848726e+06 	 2.623274e+01 	 2.044807e+08 	
1.20857997e+06 	 2.364237e+01 	 2.000986e+08 	
1.20867267e+06 	 2.131731e+01 	 1.958594e+08 	
1.20876538e+06 	 1.923037e+01 	 1.917604e+08 	
1.20885809e+06 	 1.735704e+01 	 1.877987e+08 	
1.20895080e+06 	 1.567529e+01 	 1.839713e+08 	
1.20904351e+06 	 1.416529e+01 	 1.802752e+08 	
1.20913622e+06 	 1.280925e+01 	 1.767073e+08 	
1.20922892e+06 	 1.159118e+01 	 1.732645e+08 	
1.20932163e+06 	 1.049671e+01 	 1.699438e+08 	
1.20943148e+06 	 9.342358e+00 	 1.661628e+08 	
1.20954132e+06 	 8.324531e+00 	 1.625434e+08 	
1.20965117e+06 	 7.426548e+00 	 1.590803e+08 	
1.20976101e+06 	 6.633771e+00 	 1.557681e+08 	
1.20987085e+06 	 5.933363e+00 	 1.526016e+08 	
1.20998070e+06 	 5.314069e+00 	 1.495754e+08 	
1.21009054e+06 	 4.766027e+00 	 1.466844e+08 	
1.21020039e+06 	 4.280598e+00 	 1.439234e+08 	
1.21031023e+06 	 3.850212e+00 	 1.412873e+08 	
1.21042008e+06 	 3.468241e+00 	 1.387710e+08 	
1.21052992e+06 	 3.128876e+00 	 1.363696e+08 	
1.21063976e+06 	 2.827032e+00 	 1.340783e+08 	
1.21074961e+06 	 2.558251e+00 	 1.318923e+08 	
1.21085945e+06 	 2.318629e+00 	 1.298071e+08 	
1.21096930e+06 	 2.104741e+00 	 1.278182e+08 	
1.21107914e+06 	 1.913584e+00 	 1.259211e+08 	
1.21121815e+06 	 1.700188e+00 	 1.236455e+08 	
1.21135716e+06 	 1.514393e+00 	 1.215022e+08 	
1.21149616e+06 	 1.352285e+00 	 1.194832e+08 	
1.21163517e+06 	 1.210539e+00 	 1.175809e+08 	
1.21177418e+06 	 1.086329e+00 	 1.157884e+08 	
1.21191318e+06 	 9.772442e-01 	 1.140987e+08 	
1.21205219e+06 	 8.812334e-01 	 1.125055e+08 	
1.21219120e+06 	 7.965427e-01 	 1.110028e+08 	
1.21236876e+06 	 7.024678e-01 	 1.092058e+08 	
1.21254633e+06 	 6.218108e-01 	 1.075359e+08 	
1.21272389e+06 	 5.524122e-01 	 1.059829e+08 	
1.21290146e+06 	 4.924907e-01 	 1.045373e+08 	
1.21307902e+06 	 4.405729e-01 	 1.031906e+08 	
1.21325658e+06 	 3.954366e-01 	 1.019346e+08 	
1.21343415e+06 	 3.560648e-01 	 1.007620e+08 	
1.21365672e+06 	 3.135690e-01 	 9.939993e+07 	
1.21387929e+06 	 2.774361e-01 	 9.814653e+07 	
1.21410187e+06 	 2.465640e-01 	 9.699113e+07 	
1.21432444e+06 	 2.200626e-01 	 9.592418e+07 	
1.21454701e+06 	 1.972097e-01 	 9.493717e+07 	
1.21476958e+06 	 1.774167e-01 	 9.402246e+07 	
1.21508214e+06 	 1.538802e-01 	 9.284711e+07 	
1.21539470e+06 	 1.343793e-01 	 9.178457e+07 	
1.21570727e+06 	 1.181002e-01 	 9.082075e+07 	
1.21601983e+06 	 1.044138e-01 	 8.994356e+07 	
1.21639162e+06 	 9.083820e-02 	 8.899868e+07 	
1.21676341e+06 	 7.960628e-02 	 8.814694e+07 	
1.21713521e+06 	 7.023568e-02 	 8.737590e+07 	
1.21750700e+06 	 6.235690e-02 	 8.667507e+07 	
1.21803996e+06 	 5.310817e-02 	 8.577548e+07 	
1.21857292e+06 	 4.571969e-02 	 8.498068e+07 	
1.21910589e+06 	 3.974278e-02 	 8.427353e+07 	
1.21981698e+06 	 3.341630e-02 	 8.344304e+07 	
1.22052808e+06 	 2.848698e-02 	 8.271859e+07 	
1.22123917e+06 	 2.458305e-02 	 8.208050e+07 	
1.22224406e+06 	 2.032831e-02 	 8.129705e+07 	
1.22324895e+06 	 1.712495e-02 	 8.062366e+07 	
1.22425384e+06 	 1.465915e-02 	 8.003678e+07 	
1.22540602e+06 	 1.247609e-02 	 7.944812e+07 	
1.22655820e+06 	 1.078629e-02 	 7.893107e+07 	
1.22771038e+06 	 9.453118e-03 	 7.847128e+07 	
1.22941888e+06 	 7.941676e-03 	 7.787252e+07 	
1.23112738e+06 	 6.817693e-03 	 7.735089e+07 	
1.23309982e+06 	 5.845329e-03 	 7.682159e+07 	
1.23507227e+06 	 5.112302e-03 	 7.635234e+07 	
1.23704472e+06 	 4.545949e-03 	 7.592968e+07 	
1.24003620e+06 	 3.904363e-03 	 7.535656e+07 	
1.24302769e+06 	 3.438918e-03 	 7.484518e+07 	
1.24601917e+06 	 3.090170e-03 	 7.437989e+07 	
1.25042415e+06 	 2.715935e-03 	 7.375676e+07 	
1.25311323e+06 	 2.543354e-03 	 7.340408e+07 	
1.25849047e+06 	 2.281769e-03 	 7.274550e+07 	
1.26293994e+06 	 2.122934e-03 	 7.223641e+07 	
1.26991800e+06 	 1.939831e-03 	 7.148514e+07 	
1.27560006e+06 	 1.829448e-03 	 7.090507e+07 	
1.28479072e+06 	 1.695584e-03 	 7.001027e+07 	
1.29175983e+06 	 1.617403e-03 	 6.935897e+07 	
1.30502702e+06 	 1.500605e-03 	 6.816742e+07 	
1.30957578e+06 	 1.466845e-03 	 6.777087e+07 	
1.32636277e+06 	 1.358812e-03 	 6.635088e+07 	
1.33623334e+06 	 1.303545e-03 	 6.554408e+07 	
1.36000000e+06 	 1.185872e-03 	 6.367583e+07 	
1.38000000e+06 	 1.098893e-03 	 6.217764e+07 	
1.40000000e+06 	 1.020268e-03 	 6.074132e+07 	
1.42000000e+06 	 9.487208e-04 	 5.936279e+07 	
1.44000000e+06 	 8.833771e-04 	 5.803856e+07 	
1.46000000e+06 	 8.235619e-04 	 5.676549e+07 	
1.48000000e+06 	 7.687039e-04 	 5.554072e+07 	
1.50000000e+06 	 7.183078e-04 	 5.436160e+07 	
1.52000000e+06 	 6.719483e-04 	 5.322567e+07 	
1.54000000e+06 	 6.292454e-04 	 5.213066e+07 	
1.56000000e+06 	 5.898487e-04 	 5.107444e+07 	
1.58000000e+06 	 5.534637e-04 	 5.005504e+07 	
1.60000000e+06 	 5.198116e-04 	 4.907059e+07 	
1.62000000e+06 	 4.886541e-04 	 4.811938e+07 	
1.64000000e+06 	 4.597715e-04 	 4.719980e+07 	
1.66000000e+06 	 4.329682e-04 	 4.631032e+07 	
1.68000000e+06 	 4.080689e-04 	 4.544952e+07 	
1.70000000e+06 	 3.849099e-04 	 4.461608e+07 	
1.72000000e+06 	 3.633503e-04 	 4.380873e+07 	
1.74000000e+06 	 3.432588e-04 	 4.302631e+07 	
1.76000000e+06 	 3.245181e-04 	 4.226770e+07 	
1.78000000e+06 	 3.070219e-04 	 4.153187e+07 	
1.80000000e+06 	 2.906697e-04 	 4.081781e+07 	
1.82000000e+06 	 2.753753e-04 	 4.012461e+07 	
1.84000000e+06 	 2.610585e-04 	 3.945139e+07 	
1.86000000e+06 	 2.476435e-04 	 3.879731e+07 	
1.88000000e+06 	 2.350648e-04 	 3.816160e+07 	
1.90000000e+06 	 2.232610e-04 	 3.754351e+07 	
1.92000000e+06 	 2.121747e-04 	 3.694233e+07 	
1.94000000e+06 	 2.017556e-04 	 3.635740e+07 	
1.96000000e+06 	 1.919553e-04 	 3.578808e+07 	
1.98000000e+06 	 1.827316e-04 	 3.523378e+07 	
2.00000000e+06 	 1.740432e-04 	 3.469391e+07 	
2.02000000e+06 	 1.658550e-04 	 3.416796e+07 	
2.04000000e+06 	 1.581318e-04 	 3.365538e+07 	
2.06000000e+06 	 1.508432e-04 	 3.315570e+07 	
2.08000000e+06 	 1.439594e-04 	 3.266845e+07 	
2.10000000e+06 	 1.374550e-04 	 3.219317e+07 	
2.12000000e+06 	 1.313054e-04 	 3.172945e+07 	
2.14000000e+06 	 1.254868e-04 	 3.127689e+07 	
2.16000000e+06 	 1.199792e-04 	 3.083508e+07 	
2.18000000e+06 	 1.147627e-04 	 3.040368e+07 	
2.20000000e+06 	 1.098191e-04 	 2.998231e+07 	
2.22000000e+06 	 1.051316e-04 	 2.957065e+07 	
2.24000000e+06 	 1.006848e-04 	 2.916838e+07 	
2.26000000e+06 	 9.646383e-05 	 2.877518e+07 	
2.28000000e+06 	 9.245517e-05 	 2.839075e+07 	
2.30000000e+06 	 8.864663e-05 	 2.801483e+07 	
2.32000000e+06 	 8.502583e-05 	 2.764713e+07 	
2.34000000e+06 	 8.158253e-05 	 2.728740e+07 	
2.36000000e+06 	 7.830649e-05 	 2.693539e+07 	
2.38000000e+06 	 7.518783e-05 	 2.659086e+07 	
2.40000000e+06 	 7.221763e-05 	 2.625357e+07 	
2.42000000e+06 	 6.938787e-05 	 2.592332e+07 	
2.44000000e+06 	 6.669042e-05 	 2.559989e+07 	
2.46000000e+06 	 6.411841e-05 	 2.528307e+07 	
2.48000000e+06 	 6.166465e-05 	 2.497268e+07 	
2.50000000e+06 	 5.932276e-05 	 2.466852e+07 	
2.52000000e+06 	 5.708698e-05 	 2.437041e+07 	
2.54000000e+06 	 5.495132e-05 	 2.407818e+07 	
2.56000000e+06 	 5.291084e-05 	 2.379166e+07 	
2.58000000e+06 	 5.096046e-05 	 2.351070e+07 	
2.60000000e+06 	 4.909545e-05 	 2.323513e+07 	
2.62000000e+06 	 4.731148e-05 	 2.296481e+07 	
2.64000000e+06 	 4.560434e-05 	 2.269960e+07 	
2.66000000e+06 	 4.397025e-05 	 2.243935e+07 	
2.68000000e+06 	 4.240541e-05 	 2.218393e+07 	
2.70000000e+06 	 4.090655e-05 	 2.193321e+07 	
2.72000000e+06 	 3.947013e-05 	 2.168706e+07 	
2.74000000e+06 	 3.809336e-05 	 2.144538e+07 	
2.76000000e+06 	 3.677327e-05 	 2.120803e+07 	
2.78000000e+06 	 3.550703e-05 	 2.097492e+07 	
2.80000000e+06 	 3.429220e-05 	 2.074592e+07 	
2.82000000e+06 	 3.312624e-05 	 2.052094e+07 	
2.84000000e+06 	 3.200681e-05 	 2.029987e+07 	
2.86000000e+06 	 3.093172e-05 	 2.008261e+07 	
2.88000000e+06 	 2.989905e-05 	 1.986908e+07 	
2.90000000e+06 	 2.890661e-05 	 1.965918e+07 	
2.92000000e+06 	 2.795275e-05 	 1.945281e+07 	
2.94000000e+06 	 2.703573e-05 	 1.924991e+07 	
2.96000000e+06 	 2.615377e-05 	 1.905037e+07 	
2.98000000e+06 	 2.530529e-05 	 1.885412e+07 	
3.00000000e+06 	 2.448890e-05 	 1.866109e+07 	
3.02000000e+06 	 2.370302e-05 	 1.847119e+07 	
3.04000000e+06 	 2.294644e-05 	 1.828435e+07 	
3.06000000e+06 	 2.221789e-05 	 1.810051e+07 	
3.08000000e+06 	 2.151607e-05 	 1.791959e+07 	
3.10000000e+06 	 2.083984e-05 	 1.774153e+07 	
3.12000000e+06 	 2.018815e-05 	 1.756626e+07 	
3.14000000e+06 	 1.955987e-05 	 1.739372e+07 	
3.16000000e+06 	 1.895410e-05 	 1.722385e+07 	
3.18000000e+06 	 1.836988e-05 	 1.705658e+07 	
3.20000000e+06 	 1.780628e-05 	 1.689187e+07 	
3.22000000e+06 	 1.726243e-05 	 1.672965e+07 	
3.24000000e+06 	 1.673753e-05 	 1.656987e+07 	
3.26000000e+06 	 1.623082e-05 	 1.641248e+07 	
3.28000000e+06 	 1.574153e-05 	 1.625743e+07 	
3.30000000e+06 	 1.526898e-05 	 1.610467e+07 	
3.32000000e+06 	 1.481249e-05 	 1.595414e+07 	
3.34000000e+06 	 1.437140e-05 	 1.580581e+07 	
3.36000000e+06 	 1.394513e-05 	 1.565962e+07 	
3.38000000e+06 	 1.353305e-05 	 1.551553e+07 	
3.40000000e+06 	 1.313463e-05 	 1.537350e+07 	
3.42000000e+06 	 1.274934e-05 	 1.523349e+07 	
3.44000000e+06 	 1.237666e-05 	 1.509545e+07 	
3.46000000e+06 	 1.201610e-05 	 1.495935e+07 	
3.48000000e+06 	 1.166718e-05 	 1.482514e+07 	
3.50000000e+06 	 1.132948e-05 	 1.469279e+07 	
3.52000000e+06 	 1.100255e-05 	 1.456227e+07 	
3.54000000e+06 	 1.068600e-05 	 1.443353e+07 	
3.56000000e+06 	 1.037944e-05 	 1.430654e+07 	
3.58000000e+06 	 1.008249e-05 	 1.418127e+07 	
3.60000000e+06 	 9.794787e-06 	 1.405768e+07 	
3.62000000e+06 	 9.515988e-06 	 1.393574e+07 	
3.64000000e+06 	 9.245778e-06 	 1.381542e+07 	
3.66000000e+06 	 8.983822e-06 	 1.369669e+07 	
3.68000000e+06 	 8.729836e-06 	 1.357953e+07 	
3.70000000e+06 	 8.483531e-06 	 1.346389e+07 	
3.72000000e+06 	 8.244623e-06 	 1.334975e+07 	
3.74000000e+06 	 8.012842e-06 	 1.323709e+07 	
3.76000000e+06 	 7.787934e-06 	 1.312588e+07 	
3.78000000e+06 	 7.569663e-06 	 1.301608e+07 	
3.80000000e+06 	 7.357781e-06 	 1.290768e+07 	
3.82000000e+06 	 7.152074e-06 	 1.280066e+07 	
3.84000000e+06 	 6.952323e-06 	 1.269497e+07 	
3.86000000e+06 	 6.758314e-06 	 1.259061e+07 	
3.88000000e+06 	 6.569854e-06 	 1.248755e+07 	
3.90000000e+06 	 6.386740e-06 	 1.238576e+07 	
3.92000000e+06 	 6.208798e-06 	 1.228523e+07 	
3.94000000e+06 	 6.035851e-06 	 1.218593e+07 	
3.96000000e+06 	 5.867716e-06 	 1.208784e+07 	
4.00000000e+06 	 5.545260e-06 	 1.189521e+07 	
4.00050050e+06 	 5.541338e-06 	 1.189283e+07 	
4.00100100e+06 	 5.537418e-06 	 1.189045e+07 	
4.00150150e+06 	 5.533502e-06 	 1.188807e+07 	
4.00200200e+06 	 5.529588e-06 	 1.188569e+07 	
4.00250250e+06 	 5.525676e-06 	 1.188331e+07 	
4.00300300e+06 	 5.521768e-06 	 1.188093e+07 	
4.00350350e+06 	 5.517862e-06 	 1.187856e+07 	
4.00400400e+06 	 5.513959e-06 	 1.187618e+07 	
4.00450450e+06 	 5.510058e-06 	 1.187381e+07 	
4.00500501e+06 	 5.506161e-06 	 1.187143e+07 	
4.00550551e+06 	 5.502266e-06 	 1.186906e+07 	
4.00600601e+06 	 5.498373e-06 	 1.186668e+07 	
4.00650651e+06 	 5.494484e-06 	 1.186431e+07 	
4.00700701e+06 	 5.490597e-06 	 1.186194e+07 	
4.00750751e+06 	 5.486713e-06 	 1.185957e+07 	
4.00800801e+06 	 5.482831e-06 	 1.185720e+07 	
4.00850851e+06 	 5.478952e-06 	 1.185483e+07 	
4.00900901e+06 	 5.475076e-06 	 1.185246e+07 	
4.00950951e+06 	 5.471202e-06 	 1.185009e+07 	
4.01001001e+06 	 5.467332e-06 	 1.184773e+07 	
4.01051051e+06 	 5.463463e-06 	 1.184536e+07 	
4.01101101e+06 	 5.459598e-06 	 1.184300e+07 	
4.01151151e+06 	 5.455735e-06 	 1.184063e+07 	
4.01201201e+06 	 5.451875e-06 	 1.183827e+07 	
4.01251251e+06 	 5.448017e-06 	 1.183590e+07 	
4.01301301e+06 	 5.444162e-06 	 1.183354e+07 	
4.01351351e+06 	 5.440310e-06 	 1.183118e+07 	
4.01401401e+06 	 5.436461e-06 	 1.182882e+07 	
4.01451451e+06 	 5.432614e-06 	 1.182645e+07 	
4.01501502e+06 	 5.428770e-06 	 1.182409e+07 	
4.01551552e+06 	 5.424928e-06 	 1.182174e+07 	
4.01601602e+06 	 5.421089e-06 	 1.181938e+07 	
4.01651652e+06 	 5.417253e-06 	 1.181702e+07 	
4.01701702e+06 	 5.413419e-06 	 1.181466e+07 	
4.01751752e+06 	 5.409588e-06 	 1.181231e+07 	
4.01801802e+06 	 5.405760e-06 	 1.180995e+07 	
4.01851852e+06 	 5.401934e-06 	 1.180759e+07 	
4.01901902e+06 	 5.398111e-06 	 1.180524e+07 	
4.01951952e+06 	 5.394291e-06 	 1.180289e+07 	
4.02002002e+06 	 5.390473e-06 	 1.180053e+07 	
4.02052052e+06 	 5.386658e-06 	 1.179818e+07 	
4.02102102e+06 	 5.382845e-06 	 1.179583e+07 	
4.02152152e+06 	 5.379035e-06 	 1.179348e+07 	
4.02202202e+06 	 5.375228e-06 	 1.179113e+07 	
4.02252252e+06 	 5.371423e-06 	 1.178878e+07 	
4.02302302e+06 	 5.367621e-06 	 1.178643e+07 	
4.02352352e+06 	 5.363822e-06 	 1.178408e+07 	
4.02402402e+06 	 5.360025e-06 	 1.178174e+07 	
4.02452452e+06 	 5.356230e-06 	 1.177939e+07 	
4.02502503e+06 	 5.352439e-06 	 1.177704e+07 	
4.02552553e+06 	 5.348650e-06 	 1.177470e+07 	
4.02602603e+06 	 5.344863e-06 	 1.177235e+07 	
4.02652653e+06 	 5.341080e-06 	 1.177001e+07 	
4.02702703e+06 	 5.337298e-06 	 1.176767e+07 	
4.02752753e+06 	 5.333520e-06 	 1.176532e+07 	
4.02802803e+06 	 5.329744e-06 	 1.176298e+07 	
4.02852853e+06 	 5.325970e-06 	 1.176064e+07 	
4.02902903e+06 	 5.322199e-06 	 1.175830e+07 	
4.02952953e+06 	 5.318431e-06 	 1.175596e+07 	
4.03003003e+06 	 5.314665e-06 	 1.175362e+07 	
4.03053053e+06 	 5.310902e-06 	 1.175128e+07 	
4.03103103e+06 	 5.307142e-06 	 1.174895e+07 	
4.03153153e+06 	 5.303384e-06 	 1.174661e+07 	
4.03203203e+06 	 5.299629e-06 	 1.174427e+07 	
4.03253253e+06 	 5.295876e-06 	 1.174194e+07 	
4.03303303e+06 	 5.292126e-06 	 1.173960e+07 	
4.03353353e+06 	 5.288378e-06 	 1.173727e+07 	
4.03403403e+06 	 5.284633e-06 	 1.173494e+07 	
4.03453453e+06 	 5.280891e-06 	 1.173260e+07 	
4.03503504e+06 	 5.277151e-06 	 1.173027e+07 	
4.03553554e+06 	 5.273413e-06 	 1.172794e+07 	
4.03603604e+06 	 5.269678e-06 	 1.172561e+07 	
4.03653654e+06 	 5.265946e-06 	 1.172328e+07 	
4.03703704e+06 	 5.262217e-06 	 1.172095e+07 	
4.03753754e+06 	 5.258489e-06 	 1.171862e+07 	
4.03803804e+06 	 5.254765e-06 	 1.171630e+07 	
4.03853854e+06 	 5.251043e-06 	 1.171397e+07 	
4.03903904e+06 	 5.247323e-06 	 1.171164e+07 	
4.03953954e+06 	 5.243606e-06 	 1.170932e+07 	
4.04004004e+06 	 5.239892e-06 	 1.170699e+07 	
4.04054054e+06 	 5.236180e-06 	 1.170467e+07 	
4.04104104e+06 	 5.232471e-06 	 1.170235e+07 	
4.04154154e+06 	 5.228764e-06 	 1.170002e+07 	
4.04204204e+06 	 5.225060e-06 	 1.169770e+07 	
4.04254254e+06 	 5.221358e-06 	 1.169538e+07 	
4.04304304e+06 	 5.217659e-06 	 1.169306e+07 	
4.04354354e+06 	 5.213962e-06 	 1.169074e+07 	
4.04404404e+06 	 5.210268e-06 	 1.168842e+07 	
4.04454454e+06 	 5.206576e-06 	 1.168610e+07 	
4.04504505e+06 	 5.202887e-06 	 1.168378e+07 	
4.04554555e+06 	 5.199201e-06 	 1.168147e+07 	
4.04604605e+06 	 5.195517e-06 	 1.167915e+07 	
4.04654655e+06 	 5.191835e-06 	 1.167683e+07 	
4.04704705e+06 	 5.188156e-06 	 1.167452e+07 	
4.04754755e+06 	 5.184480e-06 	 1.167220e+07 	
4.04804805e+06 	 5.180806e-06 	 1.166989e+07 	
4.04854855e+06 	 5.177134e-06 	 1.166758e+07 	
4.04904905e+06 	 5.173465e-06 	 1.166527e+07 	
4.04954955e+06 	 5.169799e-06 	 1.166295e+07 	
4.05005005e+06 	 5.166135e-06 	 1.166064e+07 	
4.05055055e+06 	 5.162474e-06 	 1.165833e+07 	
4.05105105e+06 	 5.158815e-06 	 1.165602e+07 	
4.05155155e+06 	 5.155159e-06 	 1.165371e+07 	
4.05205205e+06 	 5.151505e-06 	 1.165141e+07 	
4.05255255e+06 	 5.147853e-06 	 1.164910e+07 	
4.05305305e+06 	 5.144204e-06 	 1.164679e+07 	
4.05355355e+06 	 5.140558e-06 	 1.164449e+07 	
4.05405405e+06 	 5.136914e-06 	 1.164218e+07 	
4.05455455e+06 	 5.133272e-06 	 1.163988e+07 	
4.05505506e+06 	 5.129633e-06 	 1.163757e+07 	
4.05555556e+06 	 5.125997e-06 	 1.163527e+07 	
4.05605606e+06 	 5.122363e-06 	 1.163297e+07 	
4.05655656e+06 	 5.118731e-06 	 1.163066e+07 	
4.05705706e+06 	 5.115102e-06 	 1.162836e+07 	
4.05755756e+06 	 5.111475e-06 	 1.162606e+07 	
4.05805806e+06 	 5.107851e-06 	 1.162376e+07 	
4.05855856e+06 	 5.104229e-06 	 1.162146e+07 	
4.05905906e+06 	 5.100610e-06 	 1.161916e+07 	
4.05955956e+06 	 5.096993e-06 	 1.161687e+07 	
4.06006006e+06 	 5.093378e-06 	 1.161457e+07 	
4.06056056e+06 	 5.089766e-06 	 1.161227e+07 	
4.06106106e+06 	 5.086157e-06 	 1.160998e+07 	
4.06156156e+06 	 5.082550e-06 	 1.160768e+07 	
4.06206206e+06 	 5.078945e-06 	 1.160539e+07 	
4.06256256e+06 	 5.075343e-06 	 1.160309e+07 	
4.06306306e+06 	 5.071743e-06 	 1.160080e+07 	
4.06356356e+06 	 5.068146e-06 	 1.159851e+07 	
4.06406406e+06 	 5.064551e-06 	 1.159622e+07 	
4.06456456e+06 	 5.060958e-06 	 1.159392e+07 	
4.06506507e+06 	 5.057368e-06 	 1.159163e+07 	
4.06556557e+06 	 5.053781e-06 	 1.158934e+07 	
4.06606607e+06 	 5.050196e-06 	 1.158706e+07 	
4.06656657e+06 	 5.046613e-06 	 1.158477e+07 	
4.06706707e+06 	 5.043032e-06 	 1.158248e+07 	
4.06756757e+06 	 5.039455e-06 	 1.158019e+07 	
4.06806807e+06 	 5.035879e-06 	 1.157791e+07 	
4.06856857e+06 	 5.032306e-06 	 1.157562e+07 	
4.06906907e+06 	 5.028735e-06 	 1.157334e+07 	
4.06956957e+06 	 5.025167e-06 	 1.157105e+07 	
4.07007007e+06 	 5.021601e-06 	 1.156877e+07 	
4.07057057e+06 	 5.018038e-06 	 1.156649e+07 	
4.07107107e+06 	 5.014477e-06 	 1.156420e+07 	
4.07157157e+06 	 5.010918e-06 	 1.156192e+07 	
4.07207207e+06 	 5.007362e-06 	 1.155964e+07 	
4.07257257e+06 	 5.003808e-06 	 1.155736e+07 	
4.07307307e+06 	 5.000257e-06 	 1.155508e+07 	
4.07357357e+06 	 4.996708e-06 	 1.155280e+07 	
4.07407407e+06 	 4.993161e-06 	 1.155052e+07 	
4.07457457e+06 	 4.989617e-06 	 1.154825e+07 	
4.07507508e+06 	 4.986075e-06 	 1.154597e+07 	
4.07557558e+06 	 4.982536e-06 	 1.154369e+07 	
4.07607608e+06 	 4.978999e-06 	 1.154142e+07 	
4.07657658e+06 	 4.975464e-06 	 1.153914e+07 	
4.07707708e+06 	 4.971932e-06 	 1.153687e+07 	
4.07757758e+06 	 4.968402e-06 	 1.153460e+07 	
4.07807808e+06 	 4.964875e-06 	 1.153232e+07 	
4.07857858e+06 	 4.961350e-06 	 1.153005e+07 	
4.07907908e+06 	 4.957827e-06 	 1.152778e+07 	
4.07957958e+06 	 4.954307e-06 	 1.152551e+07 	
4.08008008e+06 	 4.950789e-06 	 1.152324e+07 	
4.08058058e+06 	 4.947273e-06 	 1.152097e+07 	
4.08108108e+06 	 4.943760e-06 	 1.151870e+07 	
4.08158158e+06 	 4.940249e-06 	 1.151643e+07 	
4.08208208e+06 	 4.936741e-06 	 1.151417e+07 	
4.08258258e+06 	 4.933234e-06 	 1.151190e+07 	
4.08308308e+06 	 4.929731e-06 	 1.150963e+07 	
4.08358358e+06 	 4.926229e-06 	 1.150737e+07 	
4.08408408e+06 	 4.922730e-06 	 1.150510e+07 	
4.08458458e+06 	 4.919234e-06 	 1.150284e+07 	
4.08508509e+06 	 4.915739e-06 	 1.150058e+07 	
4.08558559e+06 	 4.912247e-06 	 1.149831e+07 	
4.08608609e+06 	 4.908758e-06 	 1.149605e+07 	
4.08658659e+06 	 4.905270e-06 	 1.149379e+07 	
4.08708709e+06 	 4.901785e-06 	 1.149153e+07 	
4.08758759e+06 	 4.898303e-06 	 1.148927e+07 	
4.08808809e+06 	 4.894823e-06 	 1.148701e+07 	
4.08858859e+06 	 4.891345e-06 	 1.148475e+07 	
4.08908909e+06 	 4.887869e-06 	 1.148250e+07 	
4.08958959e+06 	 4.884396e-06 	 1.148024e+07 	
4.09009009e+06 	 4.880925e-06 	 1.147798e+07 	
4.09059059e+06 	 4.877457e-06 	 1.147573e+07 	
4.09109109e+06 	 4.873990e-06 	 1.147347e+07 	
4.09159159e+06 	 4.870527e-06 	 1.147122e+07 	
4.09209209e+06 	 4.867065e-06 	 1.146896e+07 	
4.09259259e+06 	 4.863606e-06 	 1.146671e+07 	
4.09309309e+06 	 4.860149e-06 	 1.146446e+07 	
4.09359359e+06 	 4.856694e-06 	 1.146220e+07 	
4.09409409e+06 	 4.853242e-06 	 1.145995e+07 	
4.09459459e+06 	 4.849792e-06 	 1.145770e+07 	
4.09509510e+06 	 4.846345e-06 	 1.145545e+07 	
4.09559560e+06 	 4.842899e-06 	 1.145320e+07 	
4.09609610e+06 	 4.839456e-06 	 1.145095e+07 	
4.09659660e+06 	 4.836016e-06 	 1.144871e+07 	
4.09709710e+06 	 4.832577e-06 	 1.144646e+07 	
4.09759760e+06 	 4.829141e-06 	 1.144421e+07 	
4.09809810e+06 	 4.825707e-06 	 1.144197e+07 	
4.09859860e+06 	 4.822276e-06 	 1.143972e+07 	
4.09909910e+06 	 4.818847e-06 	 1.143748e+07 	
4.09959960e+06 	 4.815420e-06 	 1.143523e+07 	
4.10010010e+06 	 4.811995e-06 	 1.143299e+07 	
4.10060060e+06 	 4.808573e-06 	 1.143075e+07 	
4.10110110e+06 	 4.805153e-06 	 1.142851e+07 	
4.10160160e+06 	 4.801735e-06 	 1.142626e+07 	
4.10210210e+06 	 4.798320e-06 	 1.142402e+07 	
4.10260260e+06 	 4.794907e-06 	 1.142178e+07 	
4.10310310e+06 	 4.791496e-06 	 1.141954e+07 	
4.10360360e+06 	 4.788088e-06 	 1.141731e+07 	
4.10410410e+06 	 4.784681e-06 	 1.141507e+07 	
4.10460460e+06 	 4.781278e-06 	 1.141283e+07 	
4.10510511e+06 	 4.777876e-06 	 1.141059e+07 	
4.10560561e+06 	 4.774476e-06 	 1.140836e+07 	
4.10610611e+06 	 4.771079e-06 	 1.140612e+07 	
4.10660661e+06 	 4.767684e-06 	 1.140389e+07 	
4.10710711e+06 	 4.764292e-06 	 1.140165e+07 	
4.10760761e+06 	 4.760902e-06 	 1.139942e+07 	
4.10810811e+06 	 4.757514e-06 	 1.139719e+07 	
4.10860861e+06 	 4.754128e-06 	 1.139496e+07 	
4.10910911e+06 	 4.750744e-06 	 1.139273e+07 	
4.10960961e+06 	 4.747363e-06 	 1.139049e+07 	
4.11011011e+06 	 4.743984e-06 	 1.138826e+07 	
4.11061061e+06 	 4.740607e-06 	 1.138604e+07 	
4.11111111e+06 	 4.737233e-06 	 1.138381e+07 	
4.11161161e+06 	 4.733861e-06 	 1.138158e+07 	
4.11211211e+06 	 4.730491e-06 	 1.137935e+07 	
4.11261261e+06 	 4.727123e-06 	 1.137712e+07 	
4.11311311e+06 	 4.723757e-06 	 1.137490e+07 	
4.11361361e+06 	 4.720394e-06 	 1.137267e+07 	
4.11411411e+06 	 4.717033e-06 	 1.137045e+07 	
4.11461461e+06 	 4.713674e-06 	 1.136822e+07 	
4.11511512e+06 	 4.710318e-06 	 1.136600e+07 	
4.11561562e+06 	 4.706964e-06 	 1.136378e+07 	
4.11611612e+06 	 4.703612e-06 	 1.136156e+07 	
4.11661662e+06 	 4.700262e-06 	 1.135933e+07 	
4.11711712e+06 	 4.696914e-06 	 1.135711e+07 	
4.11761762e+06 	 4.693569e-06 	 1.135489e+07 	
4.11811812e+06 	 4.690226e-06 	 1.135267e+07 	
4.11861862e+06 	 4.686885e-06 	 1.135045e+07 	
4.11911912e+06 	 4.683546e-06 	 1.134824e+07 	
4.11961962e+06 	 4.680210e-06 	 1.134602e+07 	
4.12012012e+06 	 4.676876e-06 	 1.134380e+07 	
4.12062062e+06 	 4.673544e-06 	 1.134159e+07 	
4.12112112e+06 	 4.670214e-06 	 1.133937e+07 	
4.12162162e+06 	 4.666886e-06 	 1.133716e+07 	
4.12212212e+06 	 4.663561e-06 	 1.133494e+07 	
4.12262262e+06 	 4.660238e-06 	 1.133273e+07 	
4.12312312e+06 	 4.656917e-06 	 1.133051e+07 	
4.12362362e+06 	 4.653598e-06 	 1.132830e+07 	
4.12412412e+06 	 4.650282e-06 	 1.132609e+07 	
4.12462462e+06 	 4.646967e-06 	 1.132388e+07 	
4.12512513e+06 	 4.643655e-06 	 1.132167e+07 	
4.12562563e+06 	 4.640345e-06 	 1.131946e+07 	
4.12612613e+06 	 4.637038e-06 	 1.131725e+07 	
4.12662663e+06 	 4.633732e-06 	 1.131504e+07 	
4.12712713e+06 	 4.630429e-06 	 1.131283e+07 	
4.12762763e+06 	 4.627128e-06 	 1.131063e+07 	
4.12812813e+06 	 4.623829e-06 	 1.130842e+07 	
4.12862863e+06 	 4.620532e-06 	 1.130621e+07 	
4.12912913e+06 	 4.617237e-06 	 1.130401e+07 	
4.12962963e+06 	 4.613945e-06 	 1.130180e+07 	
4.13013013e+06 	 4.610655e-06 	 1.129960e+07 	
4.13063063e+06 	 4.607367e-06 	 1.129740e+07 	
4.13113113e+06 	 4.604081e-06 	 1.129520e+07 	
4.13163163e+06 	 4.600797e-06 	 1.129299e+07 	
4.13213213e+06 	 4.597516e-06 	 1.129079e+07 	
4.13263263e+06 	 4.594237e-06 	 1.128859e+07 	
4.13313313e+06 	 4.590959e-06 	 1.128639e+07 	
4.13363363e+06 	 4.587685e-06 	 1.128419e+07 	
4.13413413e+06 	 4.584412e-06 	 1.128199e+07 	
4.13463463e+06 	 4.581141e-06 	 1.127980e+07 	
4.13513514e+06 	 4.577873e-06 	 1.127760e+07 	
4.13563564e+06 	 4.574606e-06 	 1.127540e+07 	
4.13613614e+06 	 4.571342e-06 	 1.127320e+07 	
4.13663664e+06 	 4.568080e-06 	 1.127101e+07 	
4.13713714e+06 	 4.564820e-06 	 1.126881e+07 	
4.13763764e+06 	 4.561563e-06 	 1.126662e+07 	
4.13813814e+06 	 4.558307e-06 	 1.126443e+07 	
4.13863864e+06 	 4.555054e-06 	 1.126223e+07 	
4.13913914e+06 	 4.551803e-06 	 1.126004e+07 	
4.13963964e+06 	 4.548553e-06 	 1.125785e+07 	
4.14014014e+06 	 4.545307e-06 	 1.125566e+07 	
4.14064064e+06 	 4.542062e-06 	 1.125347e+07 	
4.14114114e+06 	 4.538819e-06 	 1.125128e+07 	
4.14164164e+06 	 4.535579e-06 	 1.124909e+07 	
4.14214214e+06 	 4.532340e-06 	 1.124690e+07 	
4.14264264e+06 	 4.529104e-06 	 1.124471e+07 	
4.14314314e+06 	 4.525870e-06 	 1.124253e+07 	
4.14364364e+06 	 4.522638e-06 	 1.124034e+07 	
4.14414414e+06 	 4.519408e-06 	 1.123815e+07 	
4.14464464e+06 	 4.516180e-06 	 1.123597e+07 	
4.14514515e+06 	 4.512955e-06 	 1.123378e+07 	
4.14564565e+06 	 4.509731e-06 	 1.123160e+07 	
4.14614615e+06 	 4.506510e-06 	 1.122942e+07 	
4.14664665e+06 	 4.503291e-06 	 1.122723e+07 	
4.14714715e+06 	 4.500073e-06 	 1.122505e+07 	
4.14764765e+06 	 4.496858e-06 	 1.122287e+07 	
4.14814815e+06 	 4.493646e-06 	 1.122069e+07 	
4.14864865e+06 	 4.490435e-06 	 1.121851e+07 	
4.14914915e+06 	 4.487226e-06 	 1.121633e+07 	
4.14964965e+06 	 4.484020e-06 	 1.121415e+07 	
4.15015015e+06 	 4.480816e-06 	 1.121197e+07 	
4.15065065e+06 	 4.477613e-06 	 1.120980e+07 	
4.15115115e+06 	 4.474413e-06 	 1.120762e+07 	
4.15165165e+06 	 4.471215e-06 	 1.120544e+07 	
4.15215215e+06 	 4.468019e-06 	 1.120327e+07 	
4.15265265e+06 	 4.464826e-06 	 1.120109e+07 	
4.15315315e+06 	 4.461634e-06 	 1.119892e+07 	
4.15365365e+06 	 4.458444e-06 	 1.119674e+07 	
4.15415415e+06 	 4.455257e-06 	 1.119457e+07 	
4.15465465e+06 	 4.452071e-06 	 1.119240e+07 	
4.15515516e+06 	 4.448888e-06 	 1.119023e+07 	
4.15565566e+06 	 4.445707e-06 	 1.118806e+07 	
4.15615616e+06 	 4.442527e-06 	 1.118588e+07 	
4.15665666e+06 	 4.439350e-06 	 1.118372e+07 	
4.15715716e+06 	 4.436175e-06 	 1.118155e+07 	
4.15765766e+06 	 4.433002e-06 	 1.117938e+07 	
4.15815816e+06 	 4.429831e-06 	 1.117721e+07 	
4.15865866e+06 	 4.426663e-06 	 1.117504e+07 	
4.15915916e+06 	 4.423496e-06 	 1.117287e+07 	
4.15965966e+06 	 4.420331e-06 	 1.117071e+07 	
4.16016016e+06 	 4.417169e-06 	 1.116854e+07 	
4.16066066e+06 	 4.414008e-06 	 1.116638e+07 	
4.16116116e+06 	 4.410850e-06 	 1.116421e+07 	
4.16166166e+06 	 4.407693e-06 	 1.116205e+07 	
4.16216216e+06 	 4.404539e-06 	 1.115989e+07 	
4.16266266e+06 	 4.401387e-06 	 1.115773e+07 	
4.16316316e+06 	 4.398237e-06 	 1.115556e+07 	
4.16366366e+06 	 4.395088e-06 	 1.115340e+07 	
4.16416416e+06 	 4.391942e-06 	 1.115124e+07 	
4.16466466e+06 	 4.388798e-06 	 1.114908e+07 	
4.16516517e+06 	 4.385656e-06 	 1.114692e+07 	
4.16566567e+06 	 4.382516e-06 	 1.114476e+07 	
4.16616617e+06 	 4.379378e-06 	 1.114261e+07 	
4.16666667e+06 	 4.376243e-06 	 1.114045e+07 	
4.16716717e+06 	 4.373109e-06 	 1.113829e+07 	
4.16766767e+06 	 4.369977e-06 	 1.113614e+07 	
4.16816817e+06 	 4.366848e-06 	 1.113398e+07 	
4.16866867e+06 	 4.363720e-06 	 1.113183e+07 	
4.16916917e+06 	 4.360594e-06 	 1.112967e+07 	
4.16966967e+06 	 4.357471e-06 	 1.112752e+07 	
4.17017017e+06 	 4.354349e-06 	 1.112537e+07 	
4.17067067e+06 	 4.351230e-06 	 1.112321e+07 	
4.17117117e+06 	 4.348112e-06 	 1.112106e+07 	
4.17167167e+06 	 4.344997e-06 	 1.111891e+07 	
4.17217217e+06 	 4.341884e-06 	 1.111676e+07 	
4.17267267e+06 	 4.338772e-06 	 1.111461e+07 	
4.17317317e+06 	 4.335663e-06 	 1.111246e+07 	
4.17367367e+06 	 4.332556e-06 	 1.111031e+07 	
4.17417417e+06 	 4.329450e-06 	 1.110817e+07 	
4.17467467e+06 	 4.326347e-06 	 1.110602e+07 	
4.17517518e+06 	 4.323246e-06 	 1.110387e+07 	
4.17567568e+06 	 4.320147e-06 	 1.110173e+07 	
4.17617618e+06 	 4.317049e-06 	 1.109958e+07 	
4.17667668e+06 	 4.313954e-06 	 1.109744e+07 	
4.17717718e+06 	 4.310861e-06 	 1.109529e+07 	
4.17767768e+06 	 4.307770e-06 	 1.109315e+07 	
4.17817818e+06 	 4.304681e-06 	 1.109100e+07 	
4.17867868e+06 	 4.301594e-06 	 1.108886e+07 	
4.17917918e+06 	 4.298509e-06 	 1.108672e+07 	
4.17967968e+06 	 4.295426e-06 	 1.108458e+07 	
4.18018018e+06 	 4.292345e-06 	 1.108244e+07 	
4.18068068e+06 	 4.289265e-06 	 1.108030e+07 	
4.18118118e+06 	 4.286188e-06 	 1.107816e+07 	
4.18168168e+06 	 4.283113e-06 	 1.107602e+07 	
4.18218218e+06 	 4.280040e-06 	 1.107388e+07 	
4.18268268e+06 	 4.276969e-06 	 1.107175e+07 	
4.18318318e+06 	 4.273900e-06 	 1.106961e+07 	
4.18368368e+06 	 4.270833e-06 	 1.106747e+07 	
4.18418418e+06 	 4.267768e-06 	 1.106534e+07 	
4.18468468e+06 	 4.264705e-06 	 1.106320e+07 	
4.18518519e+06 	 4.261644e-06 	 1.106107e+07 	
4.18568569e+06 	 4.258585e-06 	 1.105894e+07 	
4.18618619e+06 	 4.255528e-06 	 1.105680e+07 	
4.18668669e+06 	 4.252472e-06 	 1.105467e+07 	
4.18718719e+06 	 4.249419e-06 	 1.105254e+07 	
4.18768769e+06 	 4.246368e-06 	 1.105041e+07 	
4.18818819e+06 	 4.243319e-06 	 1.104828e+07 	
4.18868869e+06 	 4.240272e-06 	 1.104615e+07 	
4.18918919e+06 	 4.237226e-06 	 1.104402e+07 	
4.18968969e+06 	 4.234183e-06 	 1.104189e+07 	
4.19019019e+06 	 4.231142e-06 	 1.103976e+07 	
4.19069069e+06 	 4.228103e-06 	 1.103763e+07 	
4.19119119e+06 	 4.225065e-06 	 1.103551e+07 	
4.19169169e+06 	 4.222030e-06 	 1.103338e+07 	
4.19219219e+06 	 4.218996e-06 	 1.103126e+07 	
4.19269269e+06 	 4.215965e-06 	 1.102913e+07 	
4.19319319e+06 	 4.212936e-06 	 1.102701e+07 	
4.19369369e+06 	 4.209908e-06 	 1.102488e+07 	
4.19419419e+06 	 4.206883e-06 	 1.102276e+07 	
4.19469469e+06 	 4.203859e-06 	 1.102064e+07 	
4.19519520e+06 	 4.200837e-06 	 1.101852e+07 	
4.19569570e+06 	 4.197818e-06 	 1.101639e+07 	
4.19619620e+06 	 4.194800e-06 	 1.101427e+07 	
4.19669670e+06 	 4.191784e-06 	 1.101215e+07 	
4.19719720e+06 	 4.188770e-06 	 1.101003e+07 	
4.19769770e+06 	 4.185758e-06 	 1.100792e+07 	
4.19819820e+06 	 4.182749e-06 	 1.100580e+07 	
4.19869870e+06 	 4.179741e-06 	 1.100368e+07 	
4.19919920e+06 	 4.176735e-06 	 1.100156e+07 	
4.19969970e+06 	 4.173731e-06 	 1.099945e+07 	
4.20020020e+06 	 4.170728e-06 	 1.099733e+07 	
4.20070070e+06 	 4.167728e-06 	 1.099522e+07 	
4.20120120e+06 	 4.164730e-06 	 1.099310e+07 	
4.20170170e+06 	 4.161734e-06 	 1.099099e+07 	
4.20220220e+06 	 4.158739e-06 	 1.098887e+07 	
4.20270270e+06 	 4.155747e-06 	 1.098676e+07 	
4.20320320e+06 	 4.152756e-06 	 1.098465e+07 	
4.20370370e+06 	 4.149768e-06 	 1.098254e+07 	
4.20420420e+06 	 4.146781e-06 	 1.098043e+07 	
4.20470470e+06 	 4.143796e-06 	 1.097832e+07 	
4.20520521e+06 	 4.140814e-06 	 1.097621e+07 	
4.20570571e+06 	 4.137833e-06 	 1.097410e+07 	
4.20620621e+06 	 4.134854e-06 	 1.097199e+07 	
4.20670671e+06 	 4.131877e-06 	 1.096988e+07 	
4.20720721e+06 	 4.128902e-06 	 1.096778e+07 	
4.20770771e+06 	 4.125928e-06 	 1.096567e+07 	
4.20820821e+06 	 4.122957e-06 	 1.096356e+07 	
4.20870871e+06 	 4.119988e-06 	 1.096146e+07 	
4.20920921e+06 	 4.117020e-06 	 1.095935e+07 	
4.20970971e+06 	 4.114055e-06 	 1.095725e+07 	
4.21021021e+06 	 4.111091e-06 	 1.095515e+07 	
4.21071071e+06 	 4.108129e-06 	 1.095304e+07 	
4.21121121e+06 	 4.105170e-06 	 1.095094e+07 	
4.21171171e+06 	 4.102212e-06 	 1.094884e+07 	
4.21221221e+06 	 4.099256e-06 	 1.094674e+07 	
4.21271271e+06 	 4.096302e-06 	 1.094464e+07 	
4.21321321e+06 	 4.093349e-06 	 1.094254e+07 	
4.21371371e+06 	 4.090399e-06 	 1.094044e+07 	
4.21421421e+06 	 4.087451e-06 	 1.093834e+07 	
4.21471471e+06 	 4.084504e-06 	 1.093624e+07 	
4.21521522e+06 	 4.081560e-06 	 1.093415e+07 	
4.21571572e+06 	 4.078617e-06 	 1.093205e+07 	
4.21621622e+06 	 4.075676e-06 	 1.092995e+07 	
4.21671672e+06 	 4.072737e-06 	 1.092786e+07 	
4.21721722e+06 	 4.069800e-06 	 1.092576e+07 	
4.21771772e+06 	 4.066865e-06 	 1.092367e+07 	
4.21821822e+06 	 4.063932e-06 	 1.092157e+07 	
4.21871872e+06 	 4.061000e-06 	 1.091948e+07 	
4.21921922e+06 	 4.058071e-06 	 1.091739e+07 	
4.21971972e+06 	 4.055143e-06 	 1.091530e+07 	
4.22022022e+06 	 4.052217e-06 	 1.091320e+07 	
4.22072072e+06 	 4.049294e-06 	 1.091111e+07 	
4.22122122e+06 	 4.046372e-06 	 1.090902e+07 	
4.22172172e+06 	 4.043451e-06 	 1.090693e+07 	
4.22222222e+06 	 4.040533e-06 	 1.090485e+07 	
4.22272272e+06 	 4.037617e-06 	 1.090276e+07 	
4.22322322e+06 	 4.034702e-06 	 1.090067e+07 	
4.22372372e+06 	 4.031790e-06 	 1.089858e+07 	
4.22422422e+06 	 4.028879e-06 	 1.089650e+07 	
4.22472472e+06 	 4.025970e-06 	 1.089441e+07 	
4.22522523e+06 	 4.023063e-06 	 1.089232e+07 	
4.22572573e+06 	 4.020158e-06 	 1.089024e+07 	
4.22622623e+06 	 4.017254e-06 	 1.088816e+07 	
4.22672673e+06 	 4.014353e-06 	 1.088607e+07 	
4.22722723e+06 	 4.011453e-06 	 1.088399e+07 	
4.22772773e+06 	 4.008556e-06 	 1.088191e+07 	
4.22822823e+06 	 4.005660e-06 	 1.087983e+07 	
4.22872873e+06 	 4.002766e-06 	 1.087774e+07 	
4.22922923e+06 	 3.999873e-06 	 1.087566e+07 	
4.22972973e+06 	 3.996983e-06 	 1.087358e+07 	
4.23023023e+06 	 3.994094e-06 	 1.087150e+07 	
4.23073073e+06 	 3.991208e-06 	 1.086943e+07 	
4.23123123e+06 	 3.988323e-06 	 1.086735e+07 	
4.23173173e+06 	 3.985440e-06 	 1.086527e+07 	
4.23223223e+06 	 3.982559e-06 	 1.086319e+07 	
4.23273273e+06 	 3.979679e-06 	 1.086112e+07 	
4.23323323e+06 	 3.976802e-06 	 1.085904e+07 	
4.23373373e+06 	 3.973926e-06 	 1.085697e+07 	
4.23423423e+06 	 3.971053e-06 	 1.085489e+07 	
4.23473473e+06 	 3.968181e-06 	 1.085282e+07 	
4.23523524e+06 	 3.965310e-06 	 1.085074e+07 	
4.23573574e+06 	 3.962442e-06 	 1.084867e+07 	
4.23623624e+06 	 3.959576e-06 	 1.084660e+07 	
4.23673674e+06 	 3.956711e-06 	 1.084453e+07 	
4.23723724e+06 	 3.953848e-06 	 1.084246e+07 	
4.23773774e+06 	 3.950987e-06 	 1.084039e+07 	
4.23823824e+06 	 3.948128e-06 	 1.083832e+07 	
4.23873874e+06 	 3.945270e-06 	 1.083625e+07 	
4.23923924e+06 	 3.942415e-06 	 1.083418e+07 	
4.23973974e+06 	 3.939561e-06 	 1.083211e+07 	
4.24024024e+06 	 3.936709e-06 	 1.083004e+07 	
4.24074074e+06 	 3.933859e-06 	 1.082798e+07 	
4.24124124e+06 	 3.931011e-06 	 1.082591e+07 	
4.24174174e+06 	 3.928164e-06 	 1.082385e+07 	
4.24224224e+06 	 3.925320e-06 	 1.082178e+07 	
4.24274274e+06 	 3.922477e-06 	 1.081972e+07 	
4.24324324e+06 	 3.919636e-06 	 1.081765e+07 	
4.24374374e+06 	 3.916796e-06 	 1.081559e+07 	
4.24424424e+06 	 3.913959e-06 	 1.081353e+07 	
4.24474474e+06 	 3.911123e-06 	 1.081146e+07 	
4.24524525e+06 	 3.908289e-06 	 1.080940e+07 	
4.24574575e+06 	 3.905457e-06 	 1.080734e+07 	
4.24624625e+06 	 3.902627e-06 	 1.080528e+07 	
4.24674675e+06 	 3.899798e-06 	 1.080322e+07 	
4.24724725e+06 	 3.896972e-06 	 1.080116e+07 	
4.24774775e+06 	 3.894147e-06 	 1.079910e+07 	
4.24824825e+06 	 3.891324e-06 	 1.079705e+07 	
4.24874875e+06 	 3.888503e-06 	 1.079499e+07 	
4.24924925e+06 	 3.885683e-06 	 1.079293e+07 	
4.24974975e+06 	 3.882865e-06 	 1.079088e+07 	
4.25025025e+06 	 3.880050e-06 	 1.078882e+07 	
4.25075075e+06 	 3.877236e-06 	 1.078677e+07 	
4.25125125e+06 	 3.874423e-06 	 1.078471e+07 	
4.25175175e+06 	 3.871613e-06 	 1.078266e+07 	
4.25225225e+06 	 3.868804e-06 	 1.078060e+07 	
4.25275275e+06 	 3.865997e-06 	 1.077855e+07 	
4.25325325e+06 	 3.863192e-06 	 1.077650e+07 	
4.25375375e+06 	 3.860388e-06 	 1.077445e+07 	
4.25425425e+06 	 3.857587e-06 	 1.077240e+07 	
4.25475475e+06 	 3.854787e-06 	 1.077035e+07 	
4.25525526e+06 	 3.851988e-06 	 1.076830e+07 	
4.25575576e+06 	 3.849192e-06 	 1.076625e+07 	
4.25625626e+06 	 3.846397e-06 	 1.076420e+07 	
4.25675676e+06 	 3.843605e-06 	 1.076215e+07 	
4.25725726e+06 	 3.840814e-06 	 1.076011e+07 	
4.25775776e+06 	 3.838024e-06 	 1.075806e+07 	
4.25825826e+06 	 3.835237e-06 	 1.075601e+07 	
4.25875876e+06 	 3.832451e-06 	 1.075397e+07 	
4.25925926e+06 	 3.829667e-06 	 1.075192e+07 	
4.25975976e+06 	 3.826884e-06 	 1.074988e+07 	
4.26026026e+06 	 3.824104e-06 	 1.074783e+07 	
4.26076076e+06 	 3.821325e-06 	 1.074579e+07 	
4.26126126e+06 	 3.818548e-06 	 1.074375e+07 	
4.26176176e+06 	 3.815773e-06 	 1.074171e+07 	
4.26226226e+06 	 3.812999e-06 	 1.073967e+07 	
4.26276276e+06 	 3.810227e-06 	 1.073762e+07 	
4.26326326e+06 	 3.807457e-06 	 1.073558e+07 	
4.26376376e+06 	 3.804689e-06 	 1.073354e+07 	
4.26426426e+06 	 3.801922e-06 	 1.073151e+07 	
4.26476476e+06 	 3.799157e-06 	 1.072947e+07 	
4.26526527e+06 	 3.796394e-06 	 1.072743e+07 	
4.26576577e+06 	 3.793633e-06 	 1.072539e+07 	
4.26626627e+06 	 3.790873e-06 	 1.072336e+07 	
4.26676677e+06 	 3.788115e-06 	 1.072132e+07 	
4.26726727e+06 	 3.785359e-06 	 1.071928e+07 	
4.26776777e+06 	 3.782605e-06 	 1.071725e+07 	
4.26826827e+06 	 3.779852e-06 	 1.071521e+07 	
4.26876877e+06 	 3.777101e-06 	 1.071318e+07 	
4.26926927e+06 	 3.774352e-06 	 1.071115e+07 	
4.26976977e+06 	 3.771604e-06 	 1.070911e+07 	
4.27027027e+06 	 3.768859e-06 	 1.070708e+07 	
4.27077077e+06 	 3.766115e-06 	 1.070505e+07 	
4.27127127e+06 	 3.763372e-06 	 1.070302e+07 	
4.27177177e+06 	 3.760632e-06 	 1.070099e+07 	
4.27227227e+06 	 3.757893e-06 	 1.069896e+07 	
4.27277277e+06 	 3.755156e-06 	 1.069693e+07 	
4.27327327e+06 	 3.752420e-06 	 1.069490e+07 	
4.27377377e+06 	 3.749686e-06 	 1.069287e+07 	
4.27427427e+06 	 3.746954e-06 	 1.069085e+07 	
4.27477477e+06 	 3.744224e-06 	 1.068882e+07 	
4.27527528e+06 	 3.741495e-06 	 1.068679e+07 	
4.27577578e+06 	 3.738768e-06 	 1.068477e+07 	
4.27627628e+06 	 3.736043e-06 	 1.068274e+07 	
4.27677678e+06 	 3.733320e-06 	 1.068072e+07 	
4.27727728e+06 	 3.730598e-06 	 1.067869e+07 	
4.27777778e+06 	 3.727878e-06 	 1.067667e+07 	
4.27827828e+06 	 3.725160e-06 	 1.067465e+07 	
4.27877878e+06 	 3.722443e-06 	 1.067263e+07 	
4.27927928e+06 	 3.719728e-06 	 1.067060e+07 	
4.27977978e+06 	 3.717015e-06 	 1.066858e+07 	
4.28028028e+06 	 3.714303e-06 	 1.066656e+07 	
4.28078078e+06 	 3.711593e-06 	 1.066454e+07 	
4.28128128e+06 	 3.708885e-06 	 1.066252e+07 	
4.28178178e+06 	 3.706179e-06 	 1.066050e+07 	
4.28228228e+06 	 3.703474e-06 	 1.065849e+07 	
4.28278278e+06 	 3.700771e-06 	 1.065647e+07 	
4.28328328e+06 	 3.698069e-06 	 1.065445e+07 	
4.28378378e+06 	 3.695370e-06 	 1.065243e+07 	
4.28428428e+06 	 3.692672e-06 	 1.065042e+07 	
4.28478478e+06 	 3.689975e-06 	 1.064840e+07 	
4.28528529e+06 	 3.687281e-06 	 1.064639e+07 	
4.28578579e+06 	 3.684588e-06 	 1.064437e+07 	
4.28628629e+06 	 3.681896e-06 	 1.064236e+07 	
4.28678679e+06 	 3.679207e-06 	 1.064035e+07 	
4.28728729e+06 	 3.676519e-06 	 1.063834e+07 	
4.28778779e+06 	 3.673833e-06 	 1.063632e+07 	
4.28828829e+06 	 3.671148e-06 	 1.063431e+07 	
4.28878879e+06 	 3.668465e-06 	 1.063230e+07 	
4.28928929e+06 	 3.665784e-06 	 1.063029e+07 	
4.28978979e+06 	 3.663104e-06 	 1.062828e+07 	
4.29029029e+06 	 3.660427e-06 	 1.062627e+07 	
4.29079079e+06 	 3.657750e-06 	 1.062426e+07 	
4.29129129e+06 	 3.655076e-06 	 1.062226e+07 	
4.29179179e+06 	 3.652403e-06 	 1.062025e+07 	
4.29229229e+06 	 3.649732e-06 	 1.061824e+07 	
4.29279279e+06 	 3.647062e-06 	 1.061624e+07 	
4.29329329e+06 	 3.644394e-06 	 1.061423e+07 	
4.29379379e+06 	 3.641728e-06 	 1.061223e+07 	
4.29429429e+06 	 3.639064e-06 	 1.061022e+07 	
4.29479479e+06 	 3.636401e-06 	 1.060822e+07 	
4.29529530e+06 	 3.633739e-06 	 1.060621e+07 	
4.29579580e+06 	 3.631080e-06 	 1.060421e+07 	
4.29629630e+06 	 3.628422e-06 	 1.060221e+07 	
4.29679680e+06 	 3.625766e-06 	 1.060021e+07 	
4.29729730e+06 	 3.623111e-06 	 1.059821e+07 	
4.29779780e+06 	 3.620458e-06 	 1.059621e+07 	
4.29829830e+06 	 3.617807e-06 	 1.059421e+07 	
4.29879880e+06 	 3.615157e-06 	 1.059221e+07 	
4.29929930e+06 	 3.612509e-06 	 1.059021e+07 	
4.29979980e+06 	 3.609863e-06 	 1.058821e+07 	
4.30030030e+06 	 3.607218e-06 	 1.058621e+07 	
4.30080080e+06 	 3.604575e-06 	 1.058422e+07 	
4.30130130e+06 	 3.601934e-06 	 1.058222e+07 	
4.30180180e+06 	 3.599294e-06 	 1.058022e+07 	
4.30230230e+06 	 3.596656e-06 	 1.057823e+07 	
4.30280280e+06 	 3.594019e-06 	 1.057623e+07 	
4.30330330e+06 	 3.591384e-06 	 1.057424e+07 	
4.30380380e+06 	 3.588751e-06 	 1.057225e+07 	
4.30430430e+06 	 3.586119e-06 	 1.057025e+07 	
4.30480480e+06 	 3.583489e-06 	 1.056826e+07 	
4.30530531e+06 	 3.580861e-06 	 1.056627e+07 	
4.30580581e+06 	 3.578234e-06 	 1.056428e+07 	
4.30630631e+06 	 3.575609e-06 	 1.056229e+07 	
4.30680681e+06 	 3.572986e-06 	 1.056030e+07 	
4.30730731e+06 	 3.570364e-06 	 1.055831e+07 	
4.30780781e+06 	 3.567744e-06 	 1.055632e+07 	
4.30830831e+06 	 3.565125e-06 	 1.055433e+07 	
4.30880881e+06 	 3.562508e-06 	 1.055234e+07 	
4.30930931e+06 	 3.559893e-06 	 1.055035e+07 	
4.30980981e+06 	 3.557279e-06 	 1.054837e+07 	
4.31031031e+06 	 3.554667e-06 	 1.054638e+07 	
4.31081081e+06 	 3.552056e-06 	 1.054440e+07 	
4.31131131e+06 	 3.549448e-06 	 1.054241e+07 	
4.31181181e+06 	 3.546840e-06 	 1.054043e+07 	
4.31231231e+06 	 3.544235e-06 	 1.053844e+07 	
4.31281281e+06 	 3.541631e-06 	 1.053646e+07 	
4.31331331e+06 	 3.539028e-06 	 1.053448e+07 	
4.31381381e+06 	 3.536427e-06 	 1.053249e+07 	
4.31431431e+06 	 3.533828e-06 	 1.053051e+07 	
4.31481481e+06 	 3.531231e-06 	 1.052853e+07 	
4.31531532e+06 	 3.528635e-06 	 1.052655e+07 	
4.31581582e+06 	 3.526040e-06 	 1.052457e+07 	
4.31631632e+06 	 3.523447e-06 	 1.052259e+07 	
4.31681682e+06 	 3.520856e-06 	 1.052061e+07 	
4.31731732e+06 	 3.518266e-06 	 1.051863e+07 	
4.31781782e+06 	 3.515678e-06 	 1.051666e+07 	
4.31831832e+06 	 3.513092e-06 	 1.051468e+07 	
4.31881882e+06 	 3.510507e-06 	 1.051270e+07 	
4.31931932e+06 	 3.507924e-06 	 1.051073e+07 	
4.31981982e+06 	 3.505342e-06 	 1.050875e+07 	
4.32032032e+06 	 3.502762e-06 	 1.050678e+07 	
4.32082082e+06 	 3.500184e-06 	 1.050480e+07 	
4.32132132e+06 	 3.497607e-06 	 1.050283e+07 	
4.32182182e+06 	 3.495032e-06 	 1.050085e+07 	
4.32232232e+06 	 3.492458e-06 	 1.049888e+07 	
4.32282282e+06 	 3.489886e-06 	 1.049691e+07 	
4.32332332e+06 	 3.487315e-06 	 1.049494e+07 	
4.32382382e+06 	 3.484747e-06 	 1.049297e+07 	
4.32432432e+06 	 3.482179e-06 	 1.049100e+07 	
4.32482482e+06 	 3.479613e-06 	 1.048903e+07 	
4.32532533e+06 	 3.477049e-06 	 1.048706e+07 	
4.32582583e+06 	 3.474487e-06 	 1.048509e+07 	
4.32632633e+06 	 3.471925e-06 	 1.048312e+07 	
4.32682683e+06 	 3.469366e-06 	 1.048115e+07 	
4.32732733e+06 	 3.466808e-06 	 1.047918e+07 	
4.32782783e+06 	 3.464252e-06 	 1.047722e+07 	
4.32832833e+06 	 3.461697e-06 	 1.047525e+07 	
4.32882883e+06 	 3.459144e-06 	 1.047329e+07 	
4.32932933e+06 	 3.456592e-06 	 1.047132e+07 	
4.32982983e+06 	 3.454042e-06 	 1.046936e+07 	
4.33033033e+06 	 3.451494e-06 	 1.046739e+07 	
4.33083083e+06 	 3.448947e-06 	 1.046543e+07 	
4.33133133e+06 	 3.446401e-06 	 1.046347e+07 	
4.33183183e+06 	 3.443857e-06 	 1.046151e+07 	
4.33233233e+06 	 3.441315e-06 	 1.045954e+07 	
4.33283283e+06 	 3.438774e-06 	 1.045758e+07 	
4.33333333e+06 	 3.436235e-06 	 1.045562e+07 	
4.33383383e+06 	 3.433698e-06 	 1.045366e+07 	
4.33433433e+06 	 3.431162e-06 	 1.045170e+07 	
4.33483483e+06 	 3.428627e-06 	 1.044974e+07 	
4.33533534e+06 	 3.426094e-06 	 1.044779e+07 	
4.33583584e+06 	 3.423563e-06 	 1.044583e+07 	
4.33633634e+06 	 3.421033e-06 	 1.044387e+07 	
4.33683684e+06 	 3.418505e-06 	 1.044192e+07 	
4.33733734e+06 	 3.415978e-06 	 1.043996e+07 	
4.33783784e+06 	 3.413453e-06 	 1.043800e+07 	
4.33833834e+06 	 3.410929e-06 	 1.043605e+07 	
4.33883884e+06 	 3.408407e-06 	 1.043409e+07 	
4.33933934e+06 	 3.405886e-06 	 1.043214e+07 	
4.33983984e+06 	 3.403367e-06 	 1.043019e+07 	
4.34034034e+06 	 3.400850e-06 	 1.042823e+07 	
4.34084084e+06 	 3.398334e-06 	 1.042628e+07 	
4.34134134e+06 	 3.395819e-06 	 1.042433e+07 	
4.34184184e+06 	 3.393306e-06 	 1.042238e+07 	
4.34234234e+06 	 3.390795e-06 	 1.042043e+07 	
4.34284284e+06 	 3.388285e-06 	 1.041848e+07 	
4.34334334e+06 	 3.385777e-06 	 1.041653e+07 	
4.34384384e+06 	 3.383270e-06 	 1.041458e+07 	
4.34434434e+06 	 3.380765e-06 	 1.041263e+07 	
4.34484484e+06 	 3.378261e-06 	 1.041069e+07 	
4.34534535e+06 	 3.375759e-06 	 1.040874e+07 	
4.34584585e+06 	 3.373258e-06 	 1.040679e+07 	
4.34634635e+06 	 3.370759e-06 	 1.040485e+07 	
4.34684685e+06 	 3.368261e-06 	 1.040290e+07 	
4.34734735e+06 	 3.365765e-06 	 1.040096e+07 	
4.34784785e+06 	 3.363271e-06 	 1.039901e+07 	
4.34834835e+06 	 3.360777e-06 	 1.039707e+07 	
4.34884885e+06 	 3.358286e-06 	 1.039512e+07 	
4.34934935e+06 	 3.355796e-06 	 1.039318e+07 	
4.34984985e+06 	 3.353308e-06 	 1.039124e+07 	
4.35035035e+06 	 3.350821e-06 	 1.038930e+07 	
4.35085085e+06 	 3.348335e-06 	 1.038736e+07 	
4.35135135e+06 	 3.345851e-06 	 1.038542e+07 	
4.35185185e+06 	 3.343369e-06 	 1.038348e+07 	
4.35235235e+06 	 3.340888e-06 	 1.038154e+07 	
4.35285285e+06 	 3.338408e-06 	 1.037960e+07 	
4.35335335e+06 	 3.335930e-06 	 1.037766e+07 	
4.35385385e+06 	 3.333454e-06 	 1.037572e+07 	
4.35435435e+06 	 3.330979e-06 	 1.037378e+07 	
4.35485485e+06 	 3.328505e-06 	 1.037185e+07 	
4.35535536e+06 	 3.326033e-06 	 1.036991e+07 	
4.35585586e+06 	 3.323563e-06 	 1.036798e+07 	
4.35635636e+06 	 3.321094e-06 	 1.036604e+07 	
4.35685686e+06 	 3.318627e-06 	 1.036411e+07 	
4.35735736e+06 	 3.316161e-06 	 1.036217e+07 	
4.35785786e+06 	 3.313696e-06 	 1.036024e+07 	
4.35835836e+06 	 3.311233e-06 	 1.035831e+07 	
4.35885886e+06 	 3.308772e-06 	 1.035637e+07 	
4.35935936e+06 	 3.306311e-06 	 1.035444e+07 	
4.35985986e+06 	 3.303853e-06 	 1.035251e+07 	
4.36036036e+06 	 3.301396e-06 	 1.035058e+07 	
4.36086086e+06 	 3.298940e-06 	 1.034865e+07 	
4.36136136e+06 	 3.296486e-06 	 1.034672e+07 	
4.36186186e+06 	 3.294034e-06 	 1.034479e+07 	
4.36236236e+06 	 3.291582e-06 	 1.034286e+07 	
4.36286286e+06 	 3.289133e-06 	 1.034093e+07 	
4.36336336e+06 	 3.286685e-06 	 1.033901e+07 	
4.36386386e+06 	 3.284238e-06 	 1.033708e+07 	
4.36436436e+06 	 3.281793e-06 	 1.033515e+07 	
4.36486486e+06 	 3.279349e-06 	 1.033323e+07 	
4.36536537e+06 	 3.276907e-06 	 1.033130e+07 	
4.36586587e+06 	 3.274466e-06 	 1.032938e+07 	
4.36636637e+06 	 3.272027e-06 	 1.032745e+07 	
4.36686687e+06 	 3.269589e-06 	 1.032553e+07 	
4.36736737e+06 	 3.267152e-06 	 1.032361e+07 	
4.36786787e+06 	 3.264717e-06 	 1.032168e+07 	
4.36836837e+06 	 3.262284e-06 	 1.031976e+07 	
4.36886887e+06 	 3.259852e-06 	 1.031784e+07 	
4.36936937e+06 	 3.257421e-06 	 1.031592e+07 	
4.36986987e+06 	 3.254992e-06 	 1.031400e+07 	
4.37037037e+06 	 3.252565e-06 	 1.031208e+07 	
4.37087087e+06 	 3.250139e-06 	 1.031016e+07 	
4.37137137e+06 	 3.247714e-06 	 1.030824e+07 	
4.37187187e+06 	 3.245291e-06 	 1.030632e+07 	
4.37237237e+06 	 3.242869e-06 	 1.030441e+07 	
4.37287287e+06 	 3.240449e-06 	 1.030249e+07 	
4.37337337e+06 	 3.238030e-06 	 1.030057e+07 	
4.37387387e+06 	 3.235612e-06 	 1.029866e+07 	
4.37437437e+06 	 3.233196e-06 	 1.029674e+07 	
4.37487487e+06 	 3.230782e-06 	 1.029483e+07 	
4.37537538e+06 	 3.228369e-06 	 1.029291e+07 	
4.37587588e+06 	 3.225957e-06 	 1.029100e+07 	
4.37637638e+06 	 3.223547e-06 	 1.028908e+07 	
4.37687688e+06 	 3.221139e-06 	 1.028717e+07 	
4.37737738e+06 	 3.218731e-06 	 1.028526e+07 	
4.37787788e+06 	 3.216325e-06 	 1.028335e+07 	
4.37837838e+06 	 3.213921e-06 	 1.028144e+07 	
4.37887888e+06 	 3.211518e-06 	 1.027952e+07 	
4.37937938e+06 	 3.209117e-06 	 1.027761e+07 	
4.37987988e+06 	 3.206717e-06 	 1.027571e+07 	
4.38038038e+06 	 3.204318e-06 	 1.027380e+07 	
4.38088088e+06 	 3.201921e-06 	 1.027189e+07 	
4.38138138e+06 	 3.199525e-06 	 1.026998e+07 	
4.38188188e+06 	 3.197131e-06 	 1.026807e+07 	
4.38238238e+06 	 3.194738e-06 	 1.026617e+07 	
4.38288288e+06 	 3.192347e-06 	 1.026426e+07 	
4.38338338e+06 	 3.189957e-06 	 1.026235e+07 	
4.38388388e+06 	 3.187568e-06 	 1.026045e+07 	
4.38438438e+06 	 3.185181e-06 	 1.025854e+07 	
4.38488488e+06 	 3.182795e-06 	 1.025664e+07 	
4.38538539e+06 	 3.180411e-06 	 1.025474e+07 	
4.38588589e+06 	 3.178028e-06 	 1.025283e+07 	
4.38638639e+06 	 3.175647e-06 	 1.025093e+07 	
4.38688689e+06 	 3.173267e-06 	 1.024903e+07 	
4.38738739e+06 	 3.170888e-06 	 1.024713e+07 	
4.38788789e+06 	 3.168511e-06 	 1.024523e+07 	
4.38838839e+06 	 3.166135e-06 	 1.024332e+07 	
4.38888889e+06 	 3.163761e-06 	 1.024142e+07 	
4.38938939e+06 	 3.161388e-06 	 1.023953e+07 	
4.38988989e+06 	 3.159017e-06 	 1.023763e+07 	
4.39039039e+06 	 3.156646e-06 	 1.023573e+07 	
4.39089089e+06 	 3.154278e-06 	 1.023383e+07 	
4.39139139e+06 	 3.151911e-06 	 1.023193e+07 	
4.39189189e+06 	 3.149545e-06 	 1.023004e+07 	
4.39239239e+06 	 3.147180e-06 	 1.022814e+07 	
4.39289289e+06 	 3.144817e-06 	 1.022624e+07 	
4.39339339e+06 	 3.142456e-06 	 1.022435e+07 	
4.39389389e+06 	 3.140096e-06 	 1.022245e+07 	
4.39439439e+06 	 3.137737e-06 	 1.022056e+07 	
4.39489489e+06 	 3.135379e-06 	 1.021867e+07 	
4.39539540e+06 	 3.133024e-06 	 1.021677e+07 	
4.39589590e+06 	 3.130669e-06 	 1.021488e+07 	
4.39639640e+06 	 3.128316e-06 	 1.021299e+07 	
4.39689690e+06 	 3.125964e-06 	 1.021110e+07 	
4.39739740e+06 	 3.123614e-06 	 1.020921e+07 	
4.39789790e+06 	 3.121265e-06 	 1.020732e+07 	
4.39839840e+06 	 3.118917e-06 	 1.020543e+07 	
4.39889890e+06 	 3.116571e-06 	 1.020354e+07 	
4.39939940e+06 	 3.114226e-06 	 1.020165e+07 	
4.39989990e+06 	 3.111883e-06 	 1.019976e+07 	
4.40040040e+06 	 3.109541e-06 	 1.019787e+07 	
4.40090090e+06 	 3.107200e-06 	 1.019599e+07 	
4.40140140e+06 	 3.104861e-06 	 1.019410e+07 	
4.40190190e+06 	 3.102523e-06 	 1.019221e+07 	
4.40240240e+06 	 3.100187e-06 	 1.019033e+07 	
4.40290290e+06 	 3.097852e-06 	 1.018844e+07 	
4.40340340e+06 	 3.095518e-06 	 1.018656e+07 	
4.40390390e+06 	 3.093186e-06 	 1.018468e+07 	
4.40440440e+06 	 3.090855e-06 	 1.018279e+07 	
4.40490490e+06 	 3.088526e-06 	 1.018091e+07 	
4.40540541e+06 	 3.086197e-06 	 1.017903e+07 	
4.40590591e+06 	 3.083871e-06 	 1.017714e+07 	
4.40640641e+06 	 3.081545e-06 	 1.017526e+07 	
4.40690691e+06 	 3.079221e-06 	 1.017338e+07 	
4.40740741e+06 	 3.076899e-06 	 1.017150e+07 	
4.40790791e+06 	 3.074578e-06 	 1.016962e+07 	
4.40840841e+06 	 3.072258e-06 	 1.016774e+07 	
4.40890891e+06 	 3.069939e-06 	 1.016586e+07 	
4.40940941e+06 	 3.067622e-06 	 1.016399e+07 	
4.40990991e+06 	 3.065306e-06 	 1.016211e+07 	
4.41041041e+06 	 3.062992e-06 	 1.016023e+07 	
4.41091091e+06 	 3.060832e-06 	 1.015833e+07 	
4.41141141e+06 	 3.058521e-06 	 1.015646e+07 	
4.41191191e+06 	 3.056212e-06 	 1.015458e+07 	
4.41241241e+06 	 3.053904e-06 	 1.015271e+07 	
4.41291291e+06 	 3.051597e-06 	 1.015083e+07 	
4.41341341e+06 	 3.049291e-06 	 1.014896e+07 	
4.41391391e+06 	 3.046987e-06 	 1.014709e+07 	
4.41441441e+06 	 3.044684e-06 	 1.014521e+07 	
4.41491491e+06 	 3.042383e-06 	 1.014334e+07 	
4.41541542e+06 	 3.040083e-06 	 1.014147e+07 	
4.41591592e+06 	 3.037784e-06 	 1.013960e+07 	
4.41641642e+06 	 3.035487e-06 	 1.013773e+07 	
4.41691692e+06 	 3.033191e-06 	 1.013586e+07 	
4.41741742e+06 	 3.030897e-06 	 1.013399e+07 	
4.41791792e+06 	 3.028603e-06 	 1.013212e+07 	
4.41841842e+06 	 3.026312e-06 	 1.013025e+07 	
4.41891892e+06 	 3.024021e-06 	 1.012838e+07 	
4.41941942e+06 	 3.021732e-06 	 1.012651e+07 	
4.41991992e+06 	 3.019444e-06 	 1.012465e+07 	
4.42042042e+06 	 3.017158e-06 	 1.012278e+07 	
4.42092092e+06 	 3.014872e-06 	 1.012091e+07 	
4.42142142e+06 	 3.012589e-06 	 1.011905e+07 	
4.42192192e+06 	 3.010306e-06 	 1.011718e+07 	
4.42242242e+06 	 3.008025e-06 	 1.011532e+07 	
4.42292292e+06 	 3.005745e-06 	 1.011345e+07 	
4.42342342e+06 	 3.003467e-06 	 1.011159e+07 	
4.42392392e+06 	 3.001190e-06 	 1.010973e+07 	
4.42442442e+06 	 2.998914e-06 	 1.010786e+07 	
4.42492492e+06 	 2.996640e-06 	 1.010600e+07 	
4.42542543e+06 	 2.994367e-06 	 1.010414e+07 	
4.42592593e+06 	 2.992095e-06 	 1.010228e+07 	
4.42642643e+06 	 2.989825e-06 	 1.010042e+07 	
4.42692693e+06 	 2.987556e-06 	 1.009856e+07 	
4.42742743e+06 	 2.985288e-06 	 1.009670e+07 	
4.42792793e+06 	 2.983022e-06 	 1.009484e+07 	
4.42842843e+06 	 2.980757e-06 	 1.009298e+07 	
4.42892893e+06 	 2.978493e-06 	 1.009113e+07 	
4.42942943e+06 	 2.976231e-06 	 1.008927e+07 	
4.42992993e+06 	 2.973970e-06 	 1.008741e+07 	
4.43043043e+06 	 2.971710e-06 	 1.008556e+07 	
4.43093093e+06 	 2.969452e-06 	 1.008370e+07 	
4.43143143e+06 	 2.967194e-06 	 1.008184e+07 	
4.43193193e+06 	 2.964939e-06 	 1.007999e+07 	
4.43243243e+06 	 2.962684e-06 	 1.007814e+07 	
4.43293293e+06 	 2.960431e-06 	 1.007628e+07 	
4.43343343e+06 	 2.958180e-06 	 1.007443e+07 	
4.43393393e+06 	 2.955929e-06 	 1.007258e+07 	
4.43443443e+06 	 2.953680e-06 	 1.007072e+07 	
4.43493493e+06 	 2.951432e-06 	 1.006887e+07 	
4.43543544e+06 	 2.949186e-06 	 1.006702e+07 	
4.43593594e+06 	 2.946940e-06 	 1.006517e+07 	
4.43643644e+06 	 2.944697e-06 	 1.006332e+07 	
4.43693694e+06 	 2.942454e-06 	 1.006147e+07 	
4.43743744e+06 	 2.940213e-06 	 1.005962e+07 	
4.43793794e+06 	 2.937973e-06 	 1.005777e+07 	
4.43843844e+06 	 2.935734e-06 	 1.005593e+07 	
4.43893894e+06 	 2.933497e-06 	 1.005408e+07 	
4.43943944e+06 	 2.931261e-06 	 1.005223e+07 	
4.43993994e+06 	 2.929026e-06 	 1.005039e+07 	
4.44044044e+06 	 2.926793e-06 	 1.004854e+07 	
4.44094094e+06 	 2.924561e-06 	 1.004669e+07 	
4.44144144e+06 	 2.922330e-06 	 1.004485e+07 	
4.44194194e+06 	 2.920101e-06 	 1.004301e+07 	
4.44244244e+06 	 2.917872e-06 	 1.004116e+07 	
4.44294294e+06 	 2.915646e-06 	 1.003932e+07 	
4.44344344e+06 	 2.913420e-06 	 1.003748e+07 	
4.44394394e+06 	 2.911196e-06 	 1.003563e+07 	
4.44444444e+06 	 2.908973e-06 	 1.003379e+07 	
4.44494494e+06 	 2.906751e-06 	 1.003195e+07 	
4.44544545e+06 	 2.904531e-06 	 1.003011e+07 	
4.44594595e+06 	 2.902312e-06 	 1.002827e+07 	
4.44644645e+06 	 2.900094e-06 	 1.002643e+07 	
4.44694695e+06 	 2.897877e-06 	 1.002459e+07 	
4.44744745e+06 	 2.895662e-06 	 1.002275e+07 	
4.44794795e+06 	 2.893448e-06 	 1.002091e+07 	
4.44844845e+06 	 2.891236e-06 	 1.001908e+07 	
4.44894895e+06 	 2.889024e-06 	 1.001724e+07 	
4.44944945e+06 	 2.886814e-06 	 1.001540e+07 	
4.44994995e+06 	 2.884605e-06 	 1.001357e+07 	
4.45045045e+06 	 2.882398e-06 	 1.001173e+07 	
4.45095095e+06 	 2.880192e-06 	 1.000990e+07 	
4.45145145e+06 	 2.877987e-06 	 1.000806e+07 	
4.45195195e+06 	 2.875783e-06 	 1.000623e+07 	
4.45245245e+06 	 2.873581e-06 	 1.000439e+07 	
4.45295295e+06 	 2.871380e-06 	 1.000256e+07 	
4.45345345e+06 	 2.869180e-06 	 1.000073e+07 	
4.45395395e+06 	 2.866981e-06 	 9.998897e+06 	
4.45445445e+06 	 2.864784e-06 	 9.997066e+06 	
4.45495495e+06 	 2.862588e-06 	 9.995235e+06 	
4.45545546e+06 	 2.860393e-06 	 9.993404e+06 	
4.45595596e+06 	 2.858200e-06 	 9.991575e+06 	
4.45645646e+06 	 2.856008e-06 	 9.989745e+06 	
4.45695696e+06 	 2.853817e-06 	 9.987916e+06 	
4.45745746e+06 	 2.851627e-06 	 9.986088e+06 	
4.45795796e+06 	 2.849439e-06 	 9.984260e+06 	
4.45845846e+06 	 2.847252e-06 	 9.982433e+06 	
4.45895896e+06 	 2.845066e-06 	 9.980606e+06 	
4.45945946e+06 	 2.842882e-06 	 9.978780e+06 	
4.45995996e+06 	 2.840698e-06 	 9.976954e+06 	
4.46046046e+06 	 2.838516e-06 	 9.975129e+06 	
4.46096096e+06 	 2.836336e-06 	 9.973304e+06 	
4.46146146e+06 	 2.834156e-06 	 9.971480e+06 	
4.46196196e+06 	 2.831978e-06 	 9.969656e+06 	
4.46246246e+06 	 2.829801e-06 	 9.967833e+06 	
4.46296296e+06 	 2.827625e-06 	 9.966010e+06 	
4.46346346e+06 	 2.825451e-06 	 9.964188e+06 	
4.46396396e+06 	 2.823278e-06 	 9.962366e+06 	
4.46446446e+06 	 2.821106e-06 	 9.960545e+06 	
4.46496496e+06 	 2.818935e-06 	 9.958724e+06 	
4.46546547e+06 	 2.816766e-06 	 9.956904e+06 	
4.46596597e+06 	 2.814597e-06 	 9.955084e+06 	
4.46646647e+06 	 2.812430e-06 	 9.953265e+06 	
4.46696697e+06 	 2.810265e-06 	 9.951446e+06 	
4.46746747e+06 	 2.808100e-06 	 9.949628e+06 	
4.46796797e+06 	 2.805937e-06 	 9.947810e+06 	
4.46846847e+06 	 2.803775e-06 	 9.945993e+06 	
4.46896897e+06 	 2.801614e-06 	 9.944177e+06 	
4.46946947e+06 	 2.799455e-06 	 9.942361e+06 	
4.46996997e+06 	 2.797297e-06 	 9.940545e+06 	
4.47047047e+06 	 2.795140e-06 	 9.938730e+06 	
4.47097097e+06 	 2.792984e-06 	 9.936915e+06 	
4.47147147e+06 	 2.790830e-06 	 9.935101e+06 	
4.47197197e+06 	 2.788676e-06 	 9.933288e+06 	
4.47247247e+06 	 2.786524e-06 	 9.931474e+06 	
4.47297297e+06 	 2.784374e-06 	 9.929662e+06 	
4.47347347e+06 	 2.782224e-06 	 9.927850e+06 	
4.47397397e+06 	 2.780076e-06 	 9.926038e+06 	
4.47447447e+06 	 2.777929e-06 	 9.924227e+06 	
4.47497497e+06 	 2.775783e-06 	 9.922417e+06 	
4.47547548e+06 	 2.773639e-06 	 9.920607e+06 	
4.47597598e+06 	 2.771495e-06 	 9.918797e+06 	
4.47647648e+06 	 2.769353e-06 	 9.916988e+06 	
4.47697698e+06 	 2.767212e-06 	 9.915180e+06 	
4.47747748e+06 	 2.765072e-06 	 9.913372e+06 	
4.47797798e+06 	 2.763073e-06 	 9.911544e+06 	
4.47847848e+06 	 2.760936e-06 	 9.909736e+06 	
4.47897898e+06 	 2.758801e-06 	 9.907930e+06 	
4.47947948e+06 	 2.756667e-06 	 9.906124e+06 	
4.47997998e+06 	 2.754534e-06 	 9.904318e+06 	
4.48048048e+06 	 2.752402e-06 	 9.902513e+06 	
4.48098098e+06 	 2.750272e-06 	 9.900708e+06 	
4.48148148e+06 	 2.748142e-06 	 9.898904e+06 	
4.48198198e+06 	 2.746014e-06 	 9.897101e+06 	
4.48248248e+06 	 2.743888e-06 	 9.895298e+06 	
4.48298298e+06 	 2.741762e-06 	 9.893495e+06 	
4.48348348e+06 	 2.739638e-06 	 9.891693e+06 	
4.48398398e+06 	 2.737515e-06 	 9.889891e+06 	
4.48448448e+06 	 2.735393e-06 	 9.888090e+06 	
4.48498498e+06 	 2.733272e-06 	 9.886290e+06 	
4.48548549e+06 	 2.731152e-06 	 9.884490e+06 	
4.48598599e+06 	 2.729034e-06 	 9.882690e+06 	
4.48648649e+06 	 2.726917e-06 	 9.880891e+06 	
4.48698699e+06 	 2.724801e-06 	 9.879093e+06 	
4.48748749e+06 	 2.722687e-06 	 9.877295e+06 	
4.48798799e+06 	 2.720573e-06 	 9.875497e+06 	
4.48848849e+06 	 2.718461e-06 	 9.873700e+06 	
4.48898899e+06 	 2.716350e-06 	 9.871903e+06 	
4.48948949e+06 	 2.714240e-06 	 9.870107e+06 	
4.48998999e+06 	 2.712131e-06 	 9.868312e+06 	
4.49049049e+06 	 2.710024e-06 	 9.866517e+06 	
4.49099099e+06 	 2.707918e-06 	 9.864722e+06 	
4.49149149e+06 	 2.705813e-06 	 9.862928e+06 	
4.49199199e+06 	 2.703709e-06 	 9.861135e+06 	
4.49249249e+06 	 2.701606e-06 	 9.859342e+06 	
4.49299299e+06 	 2.699505e-06 	 9.857549e+06 	
4.49349349e+06 	 2.697405e-06 	 9.855757e+06 	
4.49399399e+06 	 2.695306e-06 	 9.853965e+06 	
4.49449449e+06 	 2.693208e-06 	 9.852174e+06 	
4.49499499e+06 	 2.691112e-06 	 9.850384e+06 	
4.49549550e+06 	 2.689016e-06 	 9.848594e+06 	
4.49599600e+06 	 2.686922e-06 	 9.846804e+06 	
4.49649650e+06 	 2.684829e-06 	 9.845015e+06 	
4.49699700e+06 	 2.682737e-06 	 9.843227e+06 	
4.49749750e+06 	 2.680647e-06 	 9.841439e+06 	
4.49799800e+06 	 2.678557e-06 	 9.839651e+06 	
4.49849850e+06 	 2.676469e-06 	 9.837864e+06 	
4.49899900e+06 	 2.674382e-06 	 9.836078e+06 	
4.49949950e+06 	 2.672296e-06 	 9.834291e+06 	
4.50000000e+06 	 2.670211e-06 	 9.832506e+06 	
4.52440684e+06 	 2.569974e-06 	 9.746035e+06 	
4.54894606e+06 	 2.471799e-06 	 9.660293e+06 	
4.57361837e+06 	 2.375847e-06 	 9.575245e+06 	
4.59842450e+06 	 2.281950e-06 	 9.490907e+06 	
4.62336517e+06 	 2.189925e-06 	 9.407305e+06 	
4.64844111e+06 	 2.099920e-06 	 9.324403e+06 	
4.67365306e+06 	 2.011778e-06 	 9.242223e+06 	
4.69900175e+06 	 1.925330e-06 	 9.160794e+06 	
4.72448793e+06 	 1.840712e-06 	 9.080082e+06 	
4.75011233e+06 	 1.757780e-06 	 9.000115e+06 	
4.77587572e+06 	 1.676377e-06 	 8.920926e+06 	
4.80177884e+06 	 1.596633e-06 	 8.842487e+06 	
4.82782245e+06 	 1.518415e-06 	 8.764831e+06 	
4.85400732e+06 	 1.441768e-06 	 8.687951e+06 	
4.88033420e+06 	 1.366488e-06 	 8.611911e+06 	
4.90680388e+06 	 1.292682e-06 	 8.536694e+06 	
4.93341712e+06 	 1.220199e-06 	 8.462362e+06 	
4.96017470e+06 	 1.149072e-06 	 8.388929e+06 	
4.98707741e+06 	 1.079228e-06 	 8.316452e+06 	
5.01412604e+06 	 1.010771e-06 	 8.244935e+06 	
5.04132136e+06 	 9.436601e-07 	 8.174439e+06 	
5.06866419e+06 	 8.779700e-07 	 8.104993e+06 	
5.09615532e+06 	 8.136469e-07 	 8.036693e+06 	
5.12379556e+06 	 7.507919e-07 	 7.969586e+06 	
5.15158570e+06 	 6.894407e-07 	 7.903767e+06 	
5.17952658e+06 	 6.297740e-07 	 7.839271e+06 	
5.20761900e+06 	 5.718510e-07 	 7.776223e+06 	
5.23586378e+06 	 5.158773e-07 	 7.714678e+06 	
5.26426176e+06 	 4.620023e-07 	 7.654749e+06 	
5.29281376e+06 	 4.104465e-07 	 7.596515e+06 	
5.32152062e+06 	 3.613809e-07 	 7.540119e+06 	
5.35038317e+06 	 3.150519e-07 	 7.485648e+06 	
5.37940228e+06 	 2.716696e-07 	 7.433231e+06 	
5.40857877e+06 	 2.314850e-07 	 7.382917e+06 	
5.43791351e+06 	 1.946649e-07 	 7.334838e+06 	
5.46740735e+06 	 1.613849e-07 	 7.289024e+06 	
5.49706116e+06 	 1.317275e-07 	 7.245570e+06 	
5.52687580e+06 	 1.057370e-07 	 7.204466e+06 	
5.55685215e+06 	 8.336444e-08 	 7.165705e+06 	
5.58699109e+06 	 6.447223e-08 	 7.129303e+06 	
5.61729349e+06 	 4.885771e-08 	 7.095144e+06 	
5.64776024e+06 	 3.623646e-08 	 7.063188e+06 	
5.67839224e+06 	 2.627870e-08 	 7.033252e+06 	
5.70919038e+06 	 1.861642e-08 	 7.005212e+06 	
5.74015556e+06 	 1.287232e-08 	 6.978980e+06 	
5.77128868e+06 	 8.682878e-09 	 6.954203e+06 	
5.80259067e+06 	 5.710439e-09 	 6.930773e+06 	
5.83406242e+06 	 3.660673e-09 	 6.908142e+06 	
5.86570488e+06 	 2.286368e-09 	 6.887035e+06 	
5.89751895e+06 	 1.391515e-09 	 6.866310e+06 	
5.92950557e+06 	 8.252069e-10 	 6.846147e+06 	
5.96166568e+06 	 4.769086e-10 	 6.826161e+06 	
6.61863268e+06 	 1.000000e-20 	 6.465930e+06 	
7.34799648e+06 	 1.000000e-20 	 6.126476e+06 	
8.15773514e+06 	 1.000000e-20 	 5.805852e+06 	
9.05670583e+06 	 1.000000e-20 	 5.502859e+06 	
1.00547418e+07 	 1.000000e-20 	 5.216399e+06 	
1.11627599e+07 	 1.000000e-20 	 4.945459e+06 	
1.23928800e+07 	 1.000000e-20 	 4.689107e+06 	
1.37585576e+07 	 1.000000e-20 	 4.446480e+06 	
1.52747308e+07 	 1.000000e-20 	 4.216778e+06 	
1.69579842e+07 	 1.000000e-20 	 3.999257e+06 	
1.88267297e+07 	 1.000000e-20 	 3.793223e+06 	
2.09014083e+07 	 1.000000e-20 	 3.598032e+06 	
2.32047134e+07 	 1.000000e-20 	 3.413077e+06 	
2.57618395e+07 	 1.000000e-20 	 3.237795e+06 	
2.86007572e+07 	 1.000000e-20 	 3.071655e+06 	
3.17525195e+07 	 1.000000e-20 	 2.914159e+06 	
3.52516016e+07 	 1.000000e-20 	 2.764840e+06 	
3.91362774e+07 	 1.000000e-20 	 2.623259e+06 	
4.34490389e+07 	 1.000000e-20 	 2.489001e+06 	
4.82370606e+07 	 1.000000e-20 	 2.361678e+06 	
5.35527153e+07 	 1.000000e-20 	 2.240922e+06 	
5.94541476e+07 	 1.000000e-20 	 2.126386e+06 	
6.60059092e+07 	 1.000000e-20 	 2.017743e+06 	
7.32796656e+07 	 1.000000e-20 	 1.914685e+06 	
8.13549794e+07 	 1.000000e-20 	 1.816919e+06 	
9.03201812e+07 	 1.000000e-20 	 1.724169e+06 	
1.00273335e+08 	 1.000000e-20 	 1.636175e+06 	
1.11323313e+08 	 1.000000e-20 	 1.552689e+06 	
1.23590982e+08 	 1.000000e-20 	 1.473478e+06 	
1.37210531e+08 	 1.000000e-20 	 1.398322e+06 	
1.52330934e+08 	 1.000000e-20 	 1.327009e+06 	
1.69117584e+08 	 1.000000e-20 	 1.259343e+06 	
1.87754099e+08 	 1.000000e-20 	 1.195136e+06 	
2.08444330e+08 	 1.000000e-20 	 1.134209e+06 	
2.31414596e+08 	 1.000000e-20 	 1.076394e+06 	
2.56916152e+08 	 1.000000e-20 	 1.021531e+06 	
2.85227943e+08 	 1.000000e-20 	 9.694684e+05 	
3.16659652e+08 	 1.000000e-20 	 9.200630e+05 	
3.51555091e+08 	 1.000000e-20 	 8.731786e+05 	
3.90295957e+08 	 1.000000e-20 	 8.286860e+05 	
4.33306010e+08 	 1.000000e-20 	 7.864628e+05 	
4.81055710e+08 	 1.000000e-20 	 7.463929e+05 	
5.34067358e+08 	 1.000000e-20 	 7.083662e+05 	
5.92920813e+08 	 1.000000e-20 	 6.722783e+05 	
6.58259835e+08 	 1.000000e-20 	 6.380302e+05 	
7.30799123e+08 	 1.000000e-20 	 6.055278e+05 	
8.11332136e+08 	 1.000000e-20 	 5.746820e+05 	
9.00739772e+08 	 1.000000e-20 	 5.454083e+05 	
1.00000000e+09 	 1.000000e-20 	 5.176264e+05 	
