r (cm)        	 rho (g/cm3) 	 T (K)       		 Linf = 2.070070e+38
1.19995878e+06 	 5.539813e+04 	 1.271120e+09 	
1.19998764e+06 	 5.445037e+04 	 1.265609e+09 	
1.20022655e+06 	 4.711151e+04 	 1.220336e+09 	
1.20046547e+06 	 4.062113e+04 	 1.175706e+09 	
1.20070439e+06 	 3.490005e+04 	 1.131743e+09 	
1.20090075e+06 	 3.072165e+04 	 1.096123e+09 	
1.20109712e+06 	 2.697446e+04 	 1.060981e+09 	
1.20129348e+06 	 2.362230e+04 	 1.026329e+09 	
1.20148985e+06 	 2.063119e+04 	 9.921814e+08 	
1.20168622e+06 	 1.796926e+04 	 9.585515e+08 	
1.20188114e+06 	 1.562304e+04 	 9.256939e+08 	
1.20207607e+06 	 1.354463e+04 	 8.933743e+08 	
1.20227100e+06 	 1.170870e+04 	 8.616067e+08 	
1.20243051e+06 	 1.037019e+04 	 8.360309e+08 	
1.20259003e+06 	 9.166209e+03 	 8.108423e+08 	
1.20274955e+06 	 8.085476e+03 	 7.860491e+08 	
1.20290906e+06 	 7.117409e+03 	 7.616593e+08 	
1.20306858e+06 	 6.252124e+03 	 7.376810e+08 	
1.20322810e+06 	 5.480401e+03 	 7.141222e+08 	
1.20338825e+06 	 4.791080e+03 	 6.908995e+08 	
1.20354840e+06 	 4.179358e+03 	 6.681160e+08 	
1.20370855e+06 	 3.637765e+03 	 6.457795e+08 	
1.20384036e+06 	 3.239755e+03 	 6.277377e+08 	
1.20397216e+06 	 2.880987e+03 	 6.100083e+08 	
1.20410397e+06 	 2.558124e+03 	 5.925955e+08 	
1.20423577e+06 	 2.268055e+03 	 5.755035e+08 	
1.20436758e+06 	 2.007888e+03 	 5.587362e+08 	
1.20449938e+06 	 1.774934e+03 	 5.422975e+08 	
1.20463119e+06 	 1.566703e+03 	 5.261910e+08 	
1.20476752e+06 	 1.374878e+03 	 5.098845e+08 	
1.20490385e+06 	 1.204686e+03 	 4.939410e+08 	
1.20501627e+06 	 1.079080e+03 	 4.810690e+08 	
1.20512869e+06 	 9.655914e+02 	 4.684479e+08 	
1.20524112e+06 	 8.631791e+02 	 4.560793e+08 	
1.20535354e+06 	 7.708774e+02 	 4.439646e+08 	
1.20546596e+06 	 6.877914e+02 	 4.321052e+08 	
1.20557838e+06 	 6.130929e+02 	 4.205023e+08 	
1.20569080e+06 	 5.460173e+02 	 4.091568e+08 	
1.20580323e+06 	 4.858595e+02 	 3.980696e+08 	
1.20591565e+06 	 4.319704e+02 	 3.872413e+08 	
1.20603452e+06 	 3.811462e+02 	 3.760734e+08 	
1.20613350e+06 	 3.432035e+02 	 3.669967e+08 	
1.20623247e+06 	 3.088668e+02 	 3.581211e+08 	
1.20633144e+06 	 2.778202e+02 	 3.494464e+08 	
1.20643041e+06 	 2.497719e+02 	 3.409723e+08 	
1.20652938e+06 	 2.244531e+02 	 3.326985e+08 	
1.20662835e+06 	 2.016162e+02 	 3.246242e+08 	
1.20672733e+06 	 1.810338e+02 	 3.167489e+08 	
1.20682630e+06 	 1.624970e+02 	 3.090716e+08 	
1.20692527e+06 	 1.458145e+02 	 3.015913e+08 	
1.20702424e+06 	 1.308109e+02 	 2.943068e+08 	
1.20712321e+06 	 1.173261e+02 	 2.872167e+08 	
1.20722219e+06 	 1.052137e+02 	 2.803197e+08 	
1.20732116e+06 	 9.434028e+01 	 2.736140e+08 	
1.20741676e+06 	 8.489908e+01 	 2.673164e+08 	
1.20751237e+06 	 7.640088e+01 	 2.611939e+08 	
1.20760797e+06 	 6.875478e+01 	 2.552447e+08 	
1.20770358e+06 	 6.187802e+01 	 2.494667e+08 	
1.20779919e+06 	 5.569535e+01 	 2.438579e+08 	
1.20789479e+06 	 5.013845e+01 	 2.384159e+08 	
1.20799040e+06 	 4.514530e+01 	 2.331385e+08 	
1.20808600e+06 	 4.065973e+01 	 2.280232e+08 	
1.20818161e+06 	 3.663085e+01 	 2.230673e+08 	
1.20827722e+06 	 3.301267e+01 	 2.182683e+08 	
1.20837282e+06 	 2.976361e+01 	 2.136234e+08 	
1.20846843e+06 	 2.684613e+01 	 2.091296e+08 	
1.20856403e+06 	 2.422641e+01 	 2.047841e+08 	
1.20865964e+06 	 2.187394e+01 	 2.005838e+08 	
1.20875524e+06 	 1.976125e+01 	 1.965257e+08 	
1.20885085e+06 	 1.786364e+01 	 1.926066e+08 	
1.20894646e+06 	 1.615890e+01 	 1.888233e+08 	
1.20904206e+06 	 1.462707e+01 	 1.851726e+08 	
1.20913767e+06 	 1.325023e+01 	 1.816511e+08 	
1.20923717e+06 	 1.196455e+01 	 1.781198e+08 	
1.20933668e+06 	 1.081313e+01 	 1.747211e+08 	
1.20943618e+06 	 9.781496e+00 	 1.714514e+08 	
1.20953569e+06 	 8.856726e+00 	 1.683067e+08 	
1.20963519e+06 	 8.027306e+00 	 1.652834e+08 	
1.20973469e+06 	 7.282974e+00 	 1.623775e+08 	
1.20983420e+06 	 6.614585e+00 	 1.595854e+08 	
1.20993370e+06 	 6.013991e+00 	 1.569034e+08 	
1.21003321e+06 	 5.473937e+00 	 1.543276e+08 	
1.21016227e+06 	 4.853149e+00 	 1.511390e+08 	
1.21029133e+06 	 4.311052e+00 	 1.481153e+08 	
1.21042040e+06 	 3.837017e+00 	 1.452485e+08 	
1.21054946e+06 	 3.421899e+00 	 1.425314e+08 	
1.21067852e+06 	 3.057827e+00 	 1.399563e+08 	
1.21080759e+06 	 2.738026e+00 	 1.375164e+08 	
1.21093665e+06 	 2.456663e+00 	 1.352045e+08 	
1.21106571e+06 	 2.208708e+00 	 1.330141e+08 	
1.21119478e+06 	 1.989829e+00 	 1.309388e+08 	
1.21132384e+06 	 1.796284e+00 	 1.289723e+08 	
1.21145290e+06 	 1.624843e+00 	 1.271087e+08 	
1.21158197e+06 	 1.472717e+00 	 1.253424e+08 	
1.21171103e+06 	 1.337490e+00 	 1.236680e+08 	
1.21184009e+06 	 1.217070e+00 	 1.220804e+08 	
1.21200630e+06 	 1.080912e+00 	 1.201557e+08 	
1.21217250e+06 	 9.630274e-01 	 1.183569e+08 	
1.21233871e+06 	 8.606622e-01 	 1.166747e+08 	
1.21250491e+06 	 7.715120e-01 	 1.151006e+08 	
1.21267111e+06 	 6.936446e-01 	 1.136267e+08 	
1.21283732e+06 	 6.254360e-01 	 1.122454e+08 	
1.21300352e+06 	 5.655182e-01 	 1.109501e+08 	
1.21321812e+06 	 4.985638e-01 	 1.093944e+08 	
1.21343272e+06 	 4.414623e-01 	 1.079589e+08 	
1.21364732e+06 	 3.925462e-01 	 1.066325e+08 	
1.21386192e+06 	 3.504600e-01 	 1.054048e+08 	
1.21407652e+06 	 3.140973e-01 	 1.042669e+08 	
1.21429112e+06 	 2.825511e-01 	 1.032106e+08 	
1.21454905e+06 	 2.499643e-01 	 1.020385e+08 	
1.21480699e+06 	 2.222112e-01 	 1.009621e+08 	
1.21506492e+06 	 1.984499e-01 	 9.997153e+07 	
1.21532285e+06 	 1.780032e-01 	 9.905780e+07 	
1.21558078e+06 	 1.603235e-01 	 9.821313e+07 	
1.21595215e+06 	 1.388501e-01 	 9.710454e+07 	
1.21632352e+06 	 1.211590e-01 	 9.610720e+07 	
1.21669490e+06 	 1.064597e-01 	 9.520616e+07 	
1.21706627e+06 	 9.414898e-02 	 9.438885e+07 	
1.21751105e+06 	 8.190330e-02 	 9.350533e+07 	
1.21795584e+06 	 7.181336e-02 	 9.271140e+07 	
1.21840062e+06 	 6.342303e-02 	 9.199440e+07 	
1.21884541e+06 	 5.638651e-02 	 9.134383e+07 	
1.21949785e+06 	 4.797503e-02 	 9.049167e+07 	
1.22015030e+06 	 4.130076e-02 	 8.974134e+07 	
1.22080274e+06 	 3.593064e-02 	 8.907522e+07 	
1.22168837e+06 	 3.018786e-02 	 8.828137e+07 	
1.22257399e+06 	 2.574995e-02 	 8.759055e+07 	
1.22345962e+06 	 2.225770e-02 	 8.698264e+07 	
1.22474214e+06 	 1.839332e-02 	 8.621884e+07 	
1.22602466e+06 	 1.551714e-02 	 8.556301e+07 	
1.22730718e+06 	 1.332266e-02 	 8.499087e+07 	
1.22878005e+06 	 1.139104e-02 	 8.441449e+07 	
1.23025292e+06 	 9.905151e-03 	 8.390601e+07 	
1.23172579e+06 	 8.738309e-03 	 8.345135e+07 	
1.23397076e+06 	 7.389607e-03 	 8.283903e+07 	
1.23621572e+06 	 6.397574e-03 	 8.230156e+07 	
1.23883994e+06 	 5.537786e-03 	 8.174436e+07 	
1.24146416e+06 	 4.896385e-03 	 8.124526e+07 	
1.24408838e+06 	 4.404840e-03 	 8.079065e+07 	
1.24805133e+06 	 3.854194e-03 	 8.016786e+07 	
1.25135166e+06 	 3.515216e-03 	 7.969360e+07 	
1.25653951e+06 	 3.124183e-03 	 7.900776e+07 	
1.26172736e+06 	 2.845949e-03 	 7.837553e+07 	
1.26927074e+06 	 2.562923e-03 	 7.752316e+07 	
1.27681413e+06 	 2.366417e-03 	 7.672651e+07 	
1.28435751e+06 	 2.221349e-03 	 7.596944e+07 	
1.29190089e+06 	 2.108398e-03 	 7.524201e+07 	
1.30501227e+06 	 1.957601e-03 	 7.403069e+07 	
1.30983788e+06 	 1.911452e-03 	 7.359859e+07 	
1.32636313e+06 	 1.776093e-03 	 7.216429e+07 	
1.33647825e+06 	 1.704821e-03 	 7.131659e+07 	
1.35000000e+06 	 1.618454e-03 	 7.021501e+07 	
1.38000000e+06 	 1.451134e-03 	 6.788633e+07 	
1.40000000e+06 	 1.353269e-03 	 6.641429e+07 	
1.42000000e+06 	 1.264028e-03 	 6.500130e+07 	
1.45000000e+06 	 1.143979e-03 	 6.298470e+07 	
1.48000000e+06 	 1.038246e-03 	 6.108231e+07 	
1.50000000e+06 	 9.746381e-04 	 5.987282e+07 	
1.53000000e+06 	 8.882455e-04 	 5.814046e+07 	
1.55000000e+06 	 8.360758e-04 	 5.703688e+07 	
1.58000000e+06 	 7.648711e-04 	 5.545310e+07 	
1.61000000e+06 	 7.012640e-04 	 5.394970e+07 	
1.63000000e+06 	 6.625644e-04 	 5.298912e+07 	
1.66000000e+06 	 6.094865e-04 	 5.160684e+07 	
1.69000000e+06 	 5.617388e-04 	 5.029053e+07 	
1.71000000e+06 	 5.325488e-04 	 4.944738e+07 	
1.74000000e+06 	 4.922518e-04 	 4.823104e+07 	
1.77000000e+06 	 4.557789e-04 	 4.706947e+07 	
1.80000000e+06 	 4.227022e-04 	 4.595915e+07 	
1.83000000e+06 	 3.926226e-04 	 4.489677e+07 	
1.86000000e+06 	 3.652134e-04 	 4.387935e+07 	
1.89000000e+06 	 3.402034e-04 	 4.290417e+07 	
1.92000000e+06 	 3.173390e-04 	 4.196872e+07 	
1.95000000e+06 	 2.964049e-04 	 4.107067e+07 	
1.98000000e+06 	 2.771993e-04 	 4.020785e+07 	
2.01000000e+06 	 2.595527e-04 	 3.937827e+07 	
2.04000000e+06 	 2.433137e-04 	 3.858008e+07 	
2.07000000e+06 	 2.283464e-04 	 3.781157e+07 	
2.10000000e+06 	 2.145372e-04 	 3.707117e+07 	
2.13000000e+06 	 2.017750e-04 	 3.635738e+07 	
2.16000000e+06 	 1.899642e-04 	 3.566882e+07 	
2.19000000e+06 	 1.790228e-04 	 3.500421e+07 	
2.22000000e+06 	 1.688711e-04 	 3.436235e+07 	
2.25000000e+06 	 1.594438e-04 	 3.374211e+07 	
2.28000000e+06 	 1.506759e-04 	 3.314244e+07 	
2.31000000e+06 	 1.425152e-04 	 3.256236e+07 	
2.34000000e+06 	 1.349093e-04 	 3.200095e+07 	
2.37000000e+06 	 1.278131e-04 	 3.145733e+07 	
2.40000000e+06 	 1.211852e-04 	 3.093069e+07 	
2.43000000e+06 	 1.149903e-04 	 3.042027e+07 	
2.46000000e+06 	 1.091931e-04 	 2.992534e+07 	
2.49000000e+06 	 1.037628e-04 	 2.944523e+07 	
2.52000000e+06 	 9.867272e-05 	 2.897929e+07 	
2.55000000e+06 	 9.389638e-05 	 2.852692e+07 	
2.58000000e+06 	 8.941061e-05 	 2.808755e+07 	
2.61000000e+06 	 8.519428e-05 	 2.766063e+07 	
2.64000000e+06 	 8.122788e-05 	 2.724567e+07 	
2.67000000e+06 	 7.749427e-05 	 2.684217e+07 	
2.70000000e+06 	 7.397635e-05 	 2.644967e+07 	
2.73000000e+06 	 7.065916e-05 	 2.606775e+07 	
2.76000000e+06 	 6.752888e-05 	 2.569598e+07 	
2.79000000e+06 	 6.457333e-05 	 2.533399e+07 	
2.82000000e+06 	 6.178039e-05 	 2.498139e+07 	
2.85000000e+06 	 5.913932e-05 	 2.463783e+07 	
2.88000000e+06 	 5.664043e-05 	 2.430299e+07 	
2.91000000e+06 	 5.427420e-05 	 2.397653e+07 	
2.94000000e+06 	 5.203254e-05 	 2.365816e+07 	
2.97000000e+06 	 4.990727e-05 	 2.334759e+07 	
3.00000000e+06 	 4.789114e-05 	 2.304453e+07 	
3.03000000e+06 	 4.597735e-05 	 2.274873e+07 	
3.06000000e+06 	 4.415989e-05 	 2.245993e+07 	
3.09000000e+06 	 4.243275e-05 	 2.217790e+07 	
3.12000000e+06 	 4.079052e-05 	 2.190240e+07 	
3.15000000e+06 	 3.922814e-05 	 2.163321e+07 	
3.18000000e+06 	 3.774110e-05 	 2.137013e+07 	
3.21000000e+06 	 3.632489e-05 	 2.111295e+07 	
3.24000000e+06 	 3.497543e-05 	 2.086149e+07 	
3.27000000e+06 	 3.368905e-05 	 2.061556e+07 	
3.30000000e+06 	 3.246210e-05 	 2.037497e+07 	
3.33000000e+06 	 3.129128e-05 	 2.013958e+07 	
3.36000000e+06 	 3.017347e-05 	 1.990920e+07 	
3.39000000e+06 	 2.910586e-05 	 1.968369e+07 	
3.42000000e+06 	 2.808567e-05 	 1.946290e+07 	
3.45000000e+06 	 2.711035e-05 	 1.924668e+07 	
3.48000000e+06 	 2.617758e-05 	 1.903490e+07 	
3.51000000e+06 	 2.528507e-05 	 1.882742e+07 	
3.54000000e+06 	 2.443073e-05 	 1.862413e+07 	
3.57000000e+06 	 2.361258e-05 	 1.842488e+07 	
3.60000000e+06 	 2.282880e-05 	 1.822958e+07 	
3.63000000e+06 	 2.207763e-05 	 1.803811e+07 	
3.66000000e+06 	 2.135742e-05 	 1.785035e+07 	
3.69000000e+06 	 2.066666e-05 	 1.766620e+07 	
3.72000000e+06 	 2.000388e-05 	 1.748557e+07 	
3.75000000e+06 	 1.936769e-05 	 1.730835e+07 	
3.78000000e+06 	 1.875683e-05 	 1.713445e+07 	
3.81000000e+06 	 1.817007e-05 	 1.696378e+07 	
3.84000000e+06 	 1.760625e-05 	 1.679626e+07 	
3.87000000e+06 	 1.706432e-05 	 1.663179e+07 	
3.90000000e+06 	 1.654322e-05 	 1.647030e+07 	
3.93000000e+06 	 1.604199e-05 	 1.631172e+07 	
3.96000000e+06 	 1.555971e-05 	 1.615596e+07 	
3.99000000e+06 	 1.509552e-05 	 1.600295e+07 	
4.02000000e+06 	 1.464860e-05 	 1.585262e+07 	
4.05000000e+06 	 1.421817e-05 	 1.570491e+07 	
4.08000000e+06 	 1.380349e-05 	 1.555974e+07 	
4.11000000e+06 	 1.340387e-05 	 1.541705e+07 	
4.14000000e+06 	 1.301864e-05 	 1.527679e+07 	
4.17000000e+06 	 1.264718e-05 	 1.513889e+07 	
4.20000000e+06 	 1.228890e-05 	 1.500329e+07 	
4.23000000e+06 	 1.194321e-05 	 1.486995e+07 	
4.26000000e+06 	 1.160959e-05 	 1.473879e+07 	
4.29000000e+06 	 1.128753e-05 	 1.460978e+07 	
4.32000000e+06 	 1.097654e-05 	 1.448286e+07 	
4.35000000e+06 	 1.067616e-05 	 1.435799e+07 	
4.38000000e+06 	 1.038595e-05 	 1.423510e+07 	
4.41000000e+06 	 1.010550e-05 	 1.411417e+07 	
4.44000000e+06 	 9.834401e-06 	 1.399513e+07 	
4.47000000e+06 	 9.572279e-06 	 1.387796e+07 	
4.50000000e+06 	 9.318774e-06 	 1.376261e+07 	
4.53000000e+06 	 9.073541e-06 	 1.364903e+07 	
4.56000000e+06 	 8.836256e-06 	 1.353719e+07 	
4.59000000e+06 	 8.606602e-06 	 1.342705e+07 	
4.62000000e+06 	 8.384282e-06 	 1.331856e+07 	
4.65000000e+06 	 8.169011e-06 	 1.321171e+07 	
4.68000000e+06 	 7.960520e-06 	 1.310644e+07 	
4.71000000e+06 	 7.758547e-06 	 1.300273e+07 	
4.74000000e+06 	 7.562844e-06 	 1.290054e+07 	
4.77000000e+06 	 7.373175e-06 	 1.279984e+07 	
4.80000000e+06 	 7.189315e-06 	 1.270059e+07 	
4.83000000e+06 	 7.011047e-06 	 1.260278e+07 	
4.86000000e+06 	 6.838162e-06 	 1.250636e+07 	
4.89000000e+06 	 6.670465e-06 	 1.241131e+07 	
4.92000000e+06 	 6.507765e-06 	 1.231760e+07 	
4.95000000e+06 	 6.349881e-06 	 1.222520e+07 	
4.98000000e+06 	 6.196638e-06 	 1.213409e+07 	
5.01000000e+06 	 6.047873e-06 	 1.204424e+07 	
5.04000000e+06 	 5.903423e-06 	 1.195562e+07 	
5.07000000e+06 	 5.763137e-06 	 1.186822e+07 	
5.10000000e+06 	 5.626869e-06 	 1.178200e+07 	
5.13000000e+06 	 5.494478e-06 	 1.169694e+07 	
5.16000000e+06 	 5.365830e-06 	 1.161302e+07 	
5.19000000e+06 	 5.240796e-06 	 1.153023e+07 	
5.22000000e+06 	 5.119251e-06 	 1.144852e+07 	
5.25000000e+06 	 5.001076e-06 	 1.136790e+07 	
5.28000000e+06 	 4.886158e-06 	 1.128833e+07 	
5.31000000e+06 	 4.774387e-06 	 1.120979e+07 	
5.34000000e+06 	 4.665657e-06 	 1.113227e+07 	
5.37000000e+06 	 4.559867e-06 	 1.105575e+07 	
5.40000000e+06 	 4.456920e-06 	 1.098020e+07 	
5.43000000e+06 	 4.356723e-06 	 1.090561e+07 	
5.46000000e+06 	 4.259185e-06 	 1.083197e+07 	
5.49000000e+06 	 4.164221e-06 	 1.075925e+07 	
5.52000000e+06 	 4.071746e-06 	 1.068744e+07 	
5.55000000e+06 	 3.981681e-06 	 1.061652e+07 	
5.58000000e+06 	 3.893949e-06 	 1.054647e+07 	
5.61000000e+06 	 3.808476e-06 	 1.047729e+07 	
5.64000000e+06 	 3.725191e-06 	 1.040895e+07 	
5.67000000e+06 	 3.644024e-06 	 1.034144e+07 	
5.70000000e+06 	 3.564910e-06 	 1.027475e+07 	
5.73000000e+06 	 3.487784e-06 	 1.020885e+07 	
5.76000000e+06 	 3.412586e-06 	 1.014375e+07 	
5.79000000e+06 	 3.339256e-06 	 1.007941e+07 	
5.82000000e+06 	 3.267736e-06 	 1.001584e+07 	
5.85000000e+06 	 3.197973e-06 	 9.953017e+06 	
5.88000000e+06 	 3.129912e-06 	 9.890927e+06 	
5.91000000e+06 	 3.063504e-06 	 9.829559e+06 	
5.94000000e+06 	 2.998697e-06 	 9.768902e+06 	
6.00000000e+06 	 2.873702e-06 	 9.649671e+06 	
6.00050050e+06 	 2.872684e-06 	 9.648688e+06 	
6.00100100e+06 	 2.871667e-06 	 9.647705e+06 	
6.00150150e+06 	 2.870650e-06 	 9.646722e+06 	
6.00200200e+06 	 2.869634e-06 	 9.645739e+06 	
6.00250250e+06 	 2.868618e-06 	 9.644757e+06 	
6.00300300e+06 	 2.867603e-06 	 9.643775e+06 	
6.00350350e+06 	 2.866587e-06 	 9.642793e+06 	
6.00400400e+06 	 2.865573e-06 	 9.641811e+06 	
6.00450450e+06 	 2.864558e-06 	 9.640829e+06 	
6.00500501e+06 	 2.863544e-06 	 9.639848e+06 	
6.00550551e+06 	 2.862531e-06 	 9.638867e+06 	
6.00600601e+06 	 2.861518e-06 	 9.637886e+06 	
6.00650651e+06 	 2.860505e-06 	 9.636905e+06 	
6.00700701e+06 	 2.859493e-06 	 9.635924e+06 	
6.00750751e+06 	 2.858481e-06 	 9.634944e+06 	
6.00800801e+06 	 2.857470e-06 	 9.633964e+06 	
6.00850851e+06 	 2.856459e-06 	 9.632983e+06 	
6.00900901e+06 	 2.855448e-06 	 9.632004e+06 	
6.00950951e+06 	 2.854438e-06 	 9.631024e+06 	
6.01001001e+06 	 2.853428e-06 	 9.630044e+06 	
6.01051051e+06 	 2.852418e-06 	 9.629065e+06 	
6.01101101e+06 	 2.851409e-06 	 9.628086e+06 	
6.01151151e+06 	 2.850401e-06 	 9.627107e+06 	
6.01201201e+06 	 2.849392e-06 	 9.626128e+06 	
6.01251251e+06 	 2.848385e-06 	 9.625149e+06 	
6.01301301e+06 	 2.847377e-06 	 9.624171e+06 	
6.01351351e+06 	 2.846370e-06 	 9.623193e+06 	
6.01401401e+06 	 2.845363e-06 	 9.622215e+06 	
6.01451451e+06 	 2.844357e-06 	 9.621237e+06 	
6.01501502e+06 	 2.843351e-06 	 9.620259e+06 	
6.01551552e+06 	 2.842346e-06 	 9.619282e+06 	
6.01601602e+06 	 2.841341e-06 	 9.618304e+06 	
6.01651652e+06 	 2.840336e-06 	 9.617327e+06 	
6.01701702e+06 	 2.839332e-06 	 9.616350e+06 	
6.01751752e+06 	 2.838328e-06 	 9.615374e+06 	
6.01801802e+06 	 2.837325e-06 	 9.614397e+06 	
6.01851852e+06 	 2.836322e-06 	 9.613421e+06 	
6.01901902e+06 	 2.835319e-06 	 9.612445e+06 	
6.01951952e+06 	 2.834317e-06 	 9.611469e+06 	
6.02002002e+06 	 2.833315e-06 	 9.610493e+06 	
6.02052052e+06 	 2.832314e-06 	 9.609517e+06 	
6.02102102e+06 	 2.831313e-06 	 9.608542e+06 	
6.02152152e+06 	 2.830312e-06 	 9.607566e+06 	
6.02202202e+06 	 2.829312e-06 	 9.606591e+06 	
6.02252252e+06 	 2.828312e-06 	 9.605616e+06 	
6.02302302e+06 	 2.827313e-06 	 9.604642e+06 	
6.02352352e+06 	 2.826313e-06 	 9.603667e+06 	
6.02402402e+06 	 2.825315e-06 	 9.602693e+06 	
6.02452452e+06 	 2.824317e-06 	 9.601719e+06 	
6.02502503e+06 	 2.823319e-06 	 9.600745e+06 	
6.02552553e+06 	 2.822321e-06 	 9.599771e+06 	
6.02602603e+06 	 2.821324e-06 	 9.598797e+06 	
6.02652653e+06 	 2.820328e-06 	 9.597824e+06 	
6.02702703e+06 	 2.819331e-06 	 9.596851e+06 	
6.02752753e+06 	 2.818336e-06 	 9.595878e+06 	
6.02802803e+06 	 2.817340e-06 	 9.594905e+06 	
6.02852853e+06 	 2.816345e-06 	 9.593932e+06 	
6.02902903e+06 	 2.815350e-06 	 9.592960e+06 	
6.02952953e+06 	 2.814356e-06 	 9.591988e+06 	
6.03003003e+06 	 2.813362e-06 	 9.591016e+06 	
6.03053053e+06 	 2.812369e-06 	 9.590044e+06 	
6.03103103e+06 	 2.811376e-06 	 9.589072e+06 	
6.03153153e+06 	 2.810383e-06 	 9.588100e+06 	
6.03203203e+06 	 2.809391e-06 	 9.587129e+06 	
6.03253253e+06 	 2.808399e-06 	 9.586158e+06 	
6.03303303e+06 	 2.807407e-06 	 9.585187e+06 	
6.03353353e+06 	 2.806416e-06 	 9.584216e+06 	
6.03403403e+06 	 2.805425e-06 	 9.583245e+06 	
6.03453453e+06 	 2.804435e-06 	 9.582275e+06 	
6.03503504e+06 	 2.803445e-06 	 9.581305e+06 	
6.03553554e+06 	 2.802456e-06 	 9.580335e+06 	
6.03603604e+06 	 2.801467e-06 	 9.579365e+06 	
6.03653654e+06 	 2.800478e-06 	 9.578395e+06 	
6.03703704e+06 	 2.799489e-06 	 9.577426e+06 	
6.03753754e+06 	 2.798501e-06 	 9.576456e+06 	
6.03803804e+06 	 2.797514e-06 	 9.575487e+06 	
6.03853854e+06 	 2.796527e-06 	 9.574518e+06 	
6.03903904e+06 	 2.795540e-06 	 9.573549e+06 	
6.03953954e+06 	 2.794554e-06 	 9.572581e+06 	
6.04004004e+06 	 2.793568e-06 	 9.571612e+06 	
6.04054054e+06 	 2.792582e-06 	 9.570644e+06 	
6.04104104e+06 	 2.791597e-06 	 9.569676e+06 	
6.04154154e+06 	 2.790612e-06 	 9.568708e+06 	
6.04204204e+06 	 2.789627e-06 	 9.567741e+06 	
6.04254254e+06 	 2.788643e-06 	 9.566773e+06 	
6.04304304e+06 	 2.787660e-06 	 9.565806e+06 	
6.04354354e+06 	 2.786676e-06 	 9.564839e+06 	
6.04404404e+06 	 2.785694e-06 	 9.563872e+06 	
6.04454454e+06 	 2.784711e-06 	 9.562905e+06 	
6.04504505e+06 	 2.783729e-06 	 9.561938e+06 	
6.04554555e+06 	 2.782747e-06 	 9.560972e+06 	
6.04604605e+06 	 2.781766e-06 	 9.560006e+06 	
6.04654655e+06 	 2.780785e-06 	 9.559040e+06 	
6.04704705e+06 	 2.779805e-06 	 9.558074e+06 	
6.04754755e+06 	 2.778824e-06 	 9.557108e+06 	
6.04804805e+06 	 2.777845e-06 	 9.556143e+06 	
6.04854855e+06 	 2.776865e-06 	 9.555177e+06 	
6.04904905e+06 	 2.775886e-06 	 9.554212e+06 	
6.04954955e+06 	 2.774908e-06 	 9.553247e+06 	
6.05005005e+06 	 2.773930e-06 	 9.552283e+06 	
6.05055055e+06 	 2.772952e-06 	 9.551318e+06 	
6.05105105e+06 	 2.771974e-06 	 9.550354e+06 	
6.05155155e+06 	 2.770997e-06 	 9.549390e+06 	
6.05205205e+06 	 2.770021e-06 	 9.548426e+06 	
6.05255255e+06 	 2.769044e-06 	 9.547462e+06 	
6.05305305e+06 	 2.768068e-06 	 9.546498e+06 	
6.05355355e+06 	 2.767093e-06 	 9.545535e+06 	
6.05405405e+06 	 2.766118e-06 	 9.544571e+06 	
6.05455455e+06 	 2.765143e-06 	 9.543608e+06 	
6.05505506e+06 	 2.764169e-06 	 9.542645e+06 	
6.05555556e+06 	 2.763195e-06 	 9.541683e+06 	
6.05605606e+06 	 2.762221e-06 	 9.540720e+06 	
6.05655656e+06 	 2.761248e-06 	 9.539758e+06 	
6.05705706e+06 	 2.760275e-06 	 9.538795e+06 	
6.05755756e+06 	 2.759303e-06 	 9.537833e+06 	
6.05805806e+06 	 2.758331e-06 	 9.536872e+06 	
6.05855856e+06 	 2.757359e-06 	 9.535910e+06 	
6.05905906e+06 	 2.756388e-06 	 9.534949e+06 	
6.05955956e+06 	 2.755417e-06 	 9.533987e+06 	
6.06006006e+06 	 2.754447e-06 	 9.533026e+06 	
6.06056056e+06 	 2.753477e-06 	 9.532065e+06 	
6.06106106e+06 	 2.752507e-06 	 9.531105e+06 	
6.06156156e+06 	 2.751538e-06 	 9.530144e+06 	
6.06206206e+06 	 2.750569e-06 	 9.529184e+06 	
6.06256256e+06 	 2.749600e-06 	 9.528223e+06 	
6.06306306e+06 	 2.748632e-06 	 9.527263e+06 	
6.06356356e+06 	 2.747664e-06 	 9.526304e+06 	
6.06406406e+06 	 2.746697e-06 	 9.525344e+06 	
6.06456456e+06 	 2.745730e-06 	 9.524385e+06 	
6.06506507e+06 	 2.744763e-06 	 9.523425e+06 	
6.06556557e+06 	 2.743797e-06 	 9.522466e+06 	
6.06606607e+06 	 2.742831e-06 	 9.521507e+06 	
6.06656657e+06 	 2.741865e-06 	 9.520549e+06 	
6.06706707e+06 	 2.740900e-06 	 9.519590e+06 	
6.06756757e+06 	 2.739935e-06 	 9.518632e+06 	
6.06806807e+06 	 2.738971e-06 	 9.517673e+06 	
6.06856857e+06 	 2.738007e-06 	 9.516715e+06 	
6.06906907e+06 	 2.737044e-06 	 9.515758e+06 	
6.06956957e+06 	 2.736080e-06 	 9.514800e+06 	
6.07007007e+06 	 2.735117e-06 	 9.513843e+06 	
6.07057057e+06 	 2.734155e-06 	 9.512885e+06 	
6.07107107e+06 	 2.733193e-06 	 9.511928e+06 	
6.07157157e+06 	 2.732231e-06 	 9.510971e+06 	
6.07207207e+06 	 2.731270e-06 	 9.510014e+06 	
6.07257257e+06 	 2.730309e-06 	 9.509058e+06 	
6.07307307e+06 	 2.729348e-06 	 9.508102e+06 	
6.07357357e+06 	 2.728388e-06 	 9.507145e+06 	
6.07407407e+06 	 2.727428e-06 	 9.506189e+06 	
6.07457457e+06 	 2.726469e-06 	 9.505233e+06 	
6.07507508e+06 	 2.725510e-06 	 9.504278e+06 	
6.07557558e+06 	 2.724551e-06 	 9.503322e+06 	
6.07607608e+06 	 2.723593e-06 	 9.502367e+06 	
6.07657658e+06 	 2.722635e-06 	 9.501412e+06 	
6.07707708e+06 	 2.721677e-06 	 9.500457e+06 	
6.07757758e+06 	 2.720720e-06 	 9.499502e+06 	
6.07807808e+06 	 2.719764e-06 	 9.498548e+06 	
6.07857858e+06 	 2.718807e-06 	 9.497593e+06 	
6.07907908e+06 	 2.717851e-06 	 9.496639e+06 	
6.07957958e+06 	 2.716895e-06 	 9.495685e+06 	
6.08008008e+06 	 2.715940e-06 	 9.494731e+06 	
6.08058058e+06 	 2.714985e-06 	 9.493777e+06 	
6.08108108e+06 	 2.714031e-06 	 9.492824e+06 	
6.08158158e+06 	 2.713077e-06 	 9.491871e+06 	
6.08208208e+06 	 2.712123e-06 	 9.490918e+06 	
6.08258258e+06 	 2.711169e-06 	 9.489965e+06 	
6.08308308e+06 	 2.710216e-06 	 9.489012e+06 	
6.08358358e+06 	 2.709264e-06 	 9.488059e+06 	
6.08408408e+06 	 2.708311e-06 	 9.487107e+06 	
6.08458458e+06 	 2.707360e-06 	 9.486155e+06 	
6.08508509e+06 	 2.706408e-06 	 9.485203e+06 	
6.08558559e+06 	 2.705457e-06 	 9.484251e+06 	
6.08608609e+06 	 2.704506e-06 	 9.483299e+06 	
6.08658659e+06 	 2.703556e-06 	 9.482347e+06 	
6.08708709e+06 	 2.702606e-06 	 9.481396e+06 	
6.08758759e+06 	 2.701656e-06 	 9.480445e+06 	
6.08808809e+06 	 2.700707e-06 	 9.479494e+06 	
6.08858859e+06 	 2.699758e-06 	 9.478543e+06 	
6.08908909e+06 	 2.698809e-06 	 9.477593e+06 	
6.08958959e+06 	 2.697861e-06 	 9.476642e+06 	
6.09009009e+06 	 2.696913e-06 	 9.475692e+06 	
6.09059059e+06 	 2.695966e-06 	 9.474742e+06 	
6.09109109e+06 	 2.695019e-06 	 9.473792e+06 	
6.09159159e+06 	 2.694072e-06 	 9.472842e+06 	
6.09209209e+06 	 2.693126e-06 	 9.471893e+06 	
6.09259259e+06 	 2.692180e-06 	 9.470943e+06 	
6.09309309e+06 	 2.691235e-06 	 9.469994e+06 	
6.09359359e+06 	 2.690289e-06 	 9.469045e+06 	
6.09409409e+06 	 2.689345e-06 	 9.468096e+06 	
6.09459459e+06 	 2.688400e-06 	 9.467147e+06 	
6.09509510e+06 	 2.687456e-06 	 9.466199e+06 	
6.09559560e+06 	 2.686512e-06 	 9.465251e+06 	
6.09609610e+06 	 2.685569e-06 	 9.464303e+06 	
6.09659660e+06 	 2.684626e-06 	 9.463355e+06 	
6.09709710e+06 	 2.683684e-06 	 9.462407e+06 	
6.09759760e+06 	 2.682741e-06 	 9.461459e+06 	
6.09809810e+06 	 2.681799e-06 	 9.460512e+06 	
6.09859860e+06 	 2.680858e-06 	 9.459565e+06 	
6.09909910e+06 	 2.679917e-06 	 9.458618e+06 	
6.09959960e+06 	 2.678976e-06 	 9.457671e+06 	
6.10010010e+06 	 2.678036e-06 	 9.456724e+06 	
6.10060060e+06 	 2.677096e-06 	 9.455777e+06 	
6.10110110e+06 	 2.676156e-06 	 9.454831e+06 	
6.10160160e+06 	 2.675217e-06 	 9.453885e+06 	
6.10210210e+06 	 2.674278e-06 	 9.452939e+06 	
6.10260260e+06 	 2.673340e-06 	 9.451993e+06 	
6.10310310e+06 	 2.672401e-06 	 9.451048e+06 	
6.10360360e+06 	 2.671464e-06 	 9.450102e+06 	
6.10410410e+06 	 2.670526e-06 	 9.449157e+06 	
6.10460460e+06 	 2.669589e-06 	 9.448212e+06 	
6.10510511e+06 	 2.668652e-06 	 9.447267e+06 	
6.10560561e+06 	 2.667716e-06 	 9.446322e+06 	
6.10610611e+06 	 2.666780e-06 	 9.445378e+06 	
6.10660661e+06 	 2.665845e-06 	 9.444433e+06 	
6.10710711e+06 	 2.664909e-06 	 9.443489e+06 	
6.10760761e+06 	 2.663975e-06 	 9.442545e+06 	
6.10810811e+06 	 2.663040e-06 	 9.441601e+06 	
6.10860861e+06 	 2.662106e-06 	 9.440657e+06 	
6.10910911e+06 	 2.661172e-06 	 9.439714e+06 	
6.10960961e+06 	 2.660239e-06 	 9.438771e+06 	
6.11011011e+06 	 2.659306e-06 	 9.437827e+06 	
6.11061061e+06 	 2.658373e-06 	 9.436884e+06 	
6.11111111e+06 	 2.657441e-06 	 9.435942e+06 	
6.11161161e+06 	 2.656509e-06 	 9.434999e+06 	
6.11211211e+06 	 2.655578e-06 	 9.434057e+06 	
6.11261261e+06 	 2.654646e-06 	 9.433114e+06 	
6.11311311e+06 	 2.653716e-06 	 9.432172e+06 	
6.11361361e+06 	 2.652785e-06 	 9.431230e+06 	
6.11411411e+06 	 2.651855e-06 	 9.430289e+06 	
6.11461461e+06 	 2.650925e-06 	 9.429347e+06 	
6.11511512e+06 	 2.649996e-06 	 9.428406e+06 	
6.11561562e+06 	 2.649067e-06 	 9.427465e+06 	
6.11611612e+06 	 2.648138e-06 	 9.426523e+06 	
6.11661662e+06 	 2.647210e-06 	 9.425583e+06 	
6.11711712e+06 	 2.646282e-06 	 9.424642e+06 	
6.11761762e+06 	 2.645355e-06 	 9.423701e+06 	
6.11811812e+06 	 2.644427e-06 	 9.422761e+06 	
6.11861862e+06 	 2.643501e-06 	 9.421821e+06 	
6.11911912e+06 	 2.642574e-06 	 9.420881e+06 	
6.11961962e+06 	 2.641648e-06 	 9.419941e+06 	
6.12012012e+06 	 2.640722e-06 	 9.419002e+06 	
6.12062062e+06 	 2.639797e-06 	 9.418062e+06 	
6.12112112e+06 	 2.638872e-06 	 9.417123e+06 	
6.12162162e+06 	 2.637947e-06 	 9.416184e+06 	
6.12212212e+06 	 2.637023e-06 	 9.415245e+06 	
6.12262262e+06 	 2.636099e-06 	 9.414306e+06 	
6.12312312e+06 	 2.635175e-06 	 9.413368e+06 	
6.12362362e+06 	 2.634252e-06 	 9.412429e+06 	
6.12412412e+06 	 2.633329e-06 	 9.411491e+06 	
6.12462462e+06 	 2.632407e-06 	 9.410553e+06 	
6.12512513e+06 	 2.631485e-06 	 9.409615e+06 	
6.12562563e+06 	 2.630563e-06 	 9.408678e+06 	
6.12612613e+06 	 2.629642e-06 	 9.407740e+06 	
6.12662663e+06 	 2.628721e-06 	 9.406803e+06 	
6.12712713e+06 	 2.627800e-06 	 9.405866e+06 	
6.12762763e+06 	 2.626880e-06 	 9.404929e+06 	
6.12812813e+06 	 2.625960e-06 	 9.403992e+06 	
6.12862863e+06 	 2.625040e-06 	 9.403055e+06 	
6.12912913e+06 	 2.624121e-06 	 9.402119e+06 	
6.12962963e+06 	 2.623202e-06 	 9.401182e+06 	
6.13013013e+06 	 2.622284e-06 	 9.400246e+06 	
6.13063063e+06 	 2.621365e-06 	 9.399310e+06 	
6.13113113e+06 	 2.620448e-06 	 9.398375e+06 	
6.13163163e+06 	 2.619530e-06 	 9.397439e+06 	
6.13213213e+06 	 2.618613e-06 	 9.396504e+06 	
6.13263263e+06 	 2.617696e-06 	 9.395568e+06 	
6.13313313e+06 	 2.616780e-06 	 9.394633e+06 	
6.13363363e+06 	 2.615864e-06 	 9.393699e+06 	
6.13413413e+06 	 2.614948e-06 	 9.392764e+06 	
6.13463463e+06 	 2.614033e-06 	 9.391829e+06 	
6.13513514e+06 	 2.613118e-06 	 9.390895e+06 	
6.13563564e+06 	 2.612203e-06 	 9.389961e+06 	
6.13613614e+06 	 2.611289e-06 	 9.389027e+06 	
6.13663664e+06 	 2.610375e-06 	 9.388093e+06 	
6.13713714e+06 	 2.609462e-06 	 9.387159e+06 	
6.13763764e+06 	 2.608549e-06 	 9.386226e+06 	
6.13813814e+06 	 2.607636e-06 	 9.385293e+06 	
6.13863864e+06 	 2.606723e-06 	 9.384359e+06 	
6.13913914e+06 	 2.605811e-06 	 9.383426e+06 	
6.13963964e+06 	 2.604900e-06 	 9.382494e+06 	
6.14014014e+06 	 2.603988e-06 	 9.381561e+06 	
6.14064064e+06 	 2.603077e-06 	 9.380629e+06 	
6.14114114e+06 	 2.602167e-06 	 9.379696e+06 	
6.14164164e+06 	 2.601256e-06 	 9.378764e+06 	
6.14214214e+06 	 2.600346e-06 	 9.377832e+06 	
6.14264264e+06 	 2.599437e-06 	 9.376901e+06 	
6.14314314e+06 	 2.598527e-06 	 9.375969e+06 	
6.14364364e+06 	 2.597618e-06 	 9.375038e+06 	
6.14414414e+06 	 2.596710e-06 	 9.374106e+06 	
6.14464464e+06 	 2.595802e-06 	 9.373175e+06 	
6.14514515e+06 	 2.594894e-06 	 9.372245e+06 	
6.14564565e+06 	 2.593986e-06 	 9.371314e+06 	
6.14614615e+06 	 2.593079e-06 	 9.370383e+06 	
6.14664665e+06 	 2.592172e-06 	 9.369453e+06 	
6.14714715e+06 	 2.591266e-06 	 9.368523e+06 	
6.14764765e+06 	 2.590360e-06 	 9.367593e+06 	
6.14814815e+06 	 2.589454e-06 	 9.366663e+06 	
6.14864865e+06 	 2.588549e-06 	 9.365733e+06 	
6.14914915e+06 	 2.587644e-06 	 9.364804e+06 	
6.14964965e+06 	 2.586739e-06 	 9.363875e+06 	
6.15015015e+06 	 2.585835e-06 	 9.362945e+06 	
6.15065065e+06 	 2.584931e-06 	 9.362017e+06 	
6.15115115e+06 	 2.584027e-06 	 9.361088e+06 	
6.15165165e+06 	 2.583124e-06 	 9.360159e+06 	
6.15215215e+06 	 2.582221e-06 	 9.359231e+06 	
6.15265265e+06 	 2.581319e-06 	 9.358302e+06 	
6.15315315e+06 	 2.580416e-06 	 9.357374e+06 	
6.15365365e+06 	 2.579515e-06 	 9.356446e+06 	
6.15415415e+06 	 2.578613e-06 	 9.355519e+06 	
6.15465465e+06 	 2.577712e-06 	 9.354591e+06 	
6.15515516e+06 	 2.576811e-06 	 9.353664e+06 	
6.15565566e+06 	 2.575911e-06 	 9.352736e+06 	
6.15615616e+06 	 2.575011e-06 	 9.351809e+06 	
6.15665666e+06 	 2.574111e-06 	 9.350883e+06 	
6.15715716e+06 	 2.573211e-06 	 9.349956e+06 	
6.15765766e+06 	 2.572312e-06 	 9.349029e+06 	
6.15815816e+06 	 2.571414e-06 	 9.348103e+06 	
6.15865866e+06 	 2.570515e-06 	 9.347177e+06 	
6.15915916e+06 	 2.569617e-06 	 9.346251e+06 	
6.15965966e+06 	 2.568720e-06 	 9.345325e+06 	
6.16016016e+06 	 2.567822e-06 	 9.344399e+06 	
6.16066066e+06 	 2.566925e-06 	 9.343474e+06 	
6.16116116e+06 	 2.566029e-06 	 9.342548e+06 	
6.16166166e+06 	 2.565132e-06 	 9.341623e+06 	
6.16216216e+06 	 2.564237e-06 	 9.340698e+06 	
6.16266266e+06 	 2.563341e-06 	 9.339773e+06 	
6.16316316e+06 	 2.562446e-06 	 9.338849e+06 	
6.16366366e+06 	 2.561551e-06 	 9.337924e+06 	
6.16416416e+06 	 2.560656e-06 	 9.337000e+06 	
6.16466466e+06 	 2.559762e-06 	 9.336076e+06 	
6.16516517e+06 	 2.558868e-06 	 9.335152e+06 	
6.16566567e+06 	 2.557975e-06 	 9.334228e+06 	
6.16616617e+06 	 2.557082e-06 	 9.333305e+06 	
6.16666667e+06 	 2.556189e-06 	 9.332381e+06 	
6.16716717e+06 	 2.555296e-06 	 9.331458e+06 	
6.16766767e+06 	 2.554404e-06 	 9.330535e+06 	
6.16816817e+06 	 2.553513e-06 	 9.329612e+06 	
6.16866867e+06 	 2.552621e-06 	 9.328689e+06 	
6.16916917e+06 	 2.551730e-06 	 9.327767e+06 	
6.16966967e+06 	 2.550839e-06 	 9.326844e+06 	
6.17017017e+06 	 2.549949e-06 	 9.325922e+06 	
6.17067067e+06 	 2.549059e-06 	 9.325000e+06 	
6.17117117e+06 	 2.548169e-06 	 9.324078e+06 	
6.17167167e+06 	 2.547280e-06 	 9.323156e+06 	
6.17217217e+06 	 2.546391e-06 	 9.322235e+06 	
6.17267267e+06 	 2.545502e-06 	 9.321313e+06 	
6.17317317e+06 	 2.544614e-06 	 9.320392e+06 	
6.17367367e+06 	 2.543726e-06 	 9.319471e+06 	
6.17417417e+06 	 2.542838e-06 	 9.318550e+06 	
6.17467467e+06 	 2.541951e-06 	 9.317629e+06 	
6.17517518e+06 	 2.541064e-06 	 9.316709e+06 	
6.17567568e+06 	 2.540178e-06 	 9.315789e+06 	
6.17617618e+06 	 2.539291e-06 	 9.314868e+06 	
6.17667668e+06 	 2.538405e-06 	 9.313948e+06 	
6.17717718e+06 	 2.537520e-06 	 9.313029e+06 	
6.17767768e+06 	 2.536635e-06 	 9.312109e+06 	
6.17817818e+06 	 2.535750e-06 	 9.311189e+06 	
6.17867868e+06 	 2.534865e-06 	 9.310270e+06 	
6.17917918e+06 	 2.533981e-06 	 9.309351e+06 	
6.17967968e+06 	 2.533097e-06 	 9.308432e+06 	
6.18018018e+06 	 2.532214e-06 	 9.307513e+06 	
6.18068068e+06 	 2.531330e-06 	 9.306594e+06 	
6.18118118e+06 	 2.530448e-06 	 9.305676e+06 	
6.18168168e+06 	 2.529565e-06 	 9.304758e+06 	
6.18218218e+06 	 2.528683e-06 	 9.303840e+06 	
6.18268268e+06 	 2.527801e-06 	 9.302922e+06 	
6.18318318e+06 	 2.526920e-06 	 9.302004e+06 	
6.18368368e+06 	 2.526038e-06 	 9.301086e+06 	
6.18418418e+06 	 2.525158e-06 	 9.300169e+06 	
6.18468468e+06 	 2.524277e-06 	 9.299251e+06 	
6.18518519e+06 	 2.523397e-06 	 9.298334e+06 	
6.18568569e+06 	 2.522517e-06 	 9.297417e+06 	
6.18618619e+06 	 2.521638e-06 	 9.296501e+06 	
6.18668669e+06 	 2.520759e-06 	 9.295584e+06 	
6.18718719e+06 	 2.519880e-06 	 9.294668e+06 	
6.18768769e+06 	 2.519002e-06 	 9.293751e+06 	
6.18818819e+06 	 2.518124e-06 	 9.292835e+06 	
6.18868869e+06 	 2.517246e-06 	 9.291919e+06 	
6.18918919e+06 	 2.516368e-06 	 9.291003e+06 	
6.18968969e+06 	 2.515491e-06 	 9.290088e+06 	
6.19019019e+06 	 2.514615e-06 	 9.289172e+06 	
6.19069069e+06 	 2.513738e-06 	 9.288257e+06 	
6.19119119e+06 	 2.512862e-06 	 9.287342e+06 	
6.19169169e+06 	 2.511987e-06 	 9.286427e+06 	
6.19219219e+06 	 2.511111e-06 	 9.285513e+06 	
6.19269269e+06 	 2.510236e-06 	 9.284598e+06 	
6.19319319e+06 	 2.509361e-06 	 9.283684e+06 	
6.19369369e+06 	 2.508487e-06 	 9.282769e+06 	
6.19419419e+06 	 2.507613e-06 	 9.281855e+06 	
6.19469469e+06 	 2.506739e-06 	 9.280941e+06 	
6.19519520e+06 	 2.505866e-06 	 9.280028e+06 	
6.19569570e+06 	 2.504993e-06 	 9.279114e+06 	
6.19619620e+06 	 2.504120e-06 	 9.278201e+06 	
6.19669670e+06 	 2.503248e-06 	 9.277287e+06 	
6.19719720e+06 	 2.502376e-06 	 9.276374e+06 	
6.19769770e+06 	 2.501504e-06 	 9.275462e+06 	
6.19819820e+06 	 2.500633e-06 	 9.274549e+06 	
6.19869870e+06 	 2.499762e-06 	 9.273636e+06 	
6.19919920e+06 	 2.498891e-06 	 9.272724e+06 	
6.19969970e+06 	 2.498021e-06 	 9.271812e+06 	
6.20020020e+06 	 2.497151e-06 	 9.270900e+06 	
6.20070070e+06 	 2.496282e-06 	 9.269988e+06 	
6.20120120e+06 	 2.495412e-06 	 9.269076e+06 	
6.20170170e+06 	 2.494543e-06 	 9.268165e+06 	
6.20220220e+06 	 2.493675e-06 	 9.267253e+06 	
6.20270270e+06 	 2.492806e-06 	 9.266342e+06 	
6.20320320e+06 	 2.491938e-06 	 9.265431e+06 	
6.20370370e+06 	 2.491071e-06 	 9.264520e+06 	
6.20420420e+06 	 2.490203e-06 	 9.263610e+06 	
6.20470470e+06 	 2.489336e-06 	 9.262699e+06 	
6.20520521e+06 	 2.488470e-06 	 9.261789e+06 	
6.20570571e+06 	 2.487603e-06 	 9.260878e+06 	
6.20620621e+06 	 2.486737e-06 	 9.259968e+06 	
6.20670671e+06 	 2.485872e-06 	 9.259059e+06 	
6.20720721e+06 	 2.485007e-06 	 9.258149e+06 	
6.20770771e+06 	 2.484142e-06 	 9.257239e+06 	
6.20820821e+06 	 2.483277e-06 	 9.256330e+06 	
6.20870871e+06 	 2.482413e-06 	 9.255421e+06 	
6.20920921e+06 	 2.481549e-06 	 9.254512e+06 	
6.20970971e+06 	 2.480685e-06 	 9.253603e+06 	
6.21021021e+06 	 2.479822e-06 	 9.252694e+06 	
6.21071071e+06 	 2.478959e-06 	 9.251786e+06 	
6.21121121e+06 	 2.478096e-06 	 9.250878e+06 	
6.21171171e+06 	 2.477234e-06 	 9.249969e+06 	
6.21221221e+06 	 2.476372e-06 	 9.249061e+06 	
6.21271271e+06 	 2.475510e-06 	 9.248154e+06 	
6.21321321e+06 	 2.474649e-06 	 9.247246e+06 	
6.21371371e+06 	 2.473788e-06 	 9.246338e+06 	
6.21421421e+06 	 2.472927e-06 	 9.245431e+06 	
6.21471471e+06 	 2.472067e-06 	 9.244524e+06 	
6.21521522e+06 	 2.471207e-06 	 9.243617e+06 	
6.21571572e+06 	 2.470347e-06 	 9.242710e+06 	
6.21621622e+06 	 2.469488e-06 	 9.241803e+06 	
6.21671672e+06 	 2.468629e-06 	 9.240897e+06 	
6.21721722e+06 	 2.467770e-06 	 9.239991e+06 	
6.21771772e+06 	 2.466912e-06 	 9.239085e+06 	
6.21821822e+06 	 2.466054e-06 	 9.238179e+06 	
6.21871872e+06 	 2.465196e-06 	 9.237273e+06 	
6.21921922e+06 	 2.464339e-06 	 9.236367e+06 	
6.21971972e+06 	 2.463482e-06 	 9.235462e+06 	
6.22022022e+06 	 2.462625e-06 	 9.234556e+06 	
6.22072072e+06 	 2.461769e-06 	 9.233651e+06 	
6.22122122e+06 	 2.460913e-06 	 9.232746e+06 	
6.22172172e+06 	 2.460057e-06 	 9.231841e+06 	
6.22222222e+06 	 2.459201e-06 	 9.230937e+06 	
6.22272272e+06 	 2.458346e-06 	 9.230032e+06 	
6.22322322e+06 	 2.457492e-06 	 9.229128e+06 	
6.22372372e+06 	 2.456637e-06 	 9.228224e+06 	
6.22422422e+06 	 2.455783e-06 	 9.227320e+06 	
6.22472472e+06 	 2.454929e-06 	 9.226416e+06 	
6.22522523e+06 	 2.454076e-06 	 9.225512e+06 	
6.22572573e+06 	 2.453223e-06 	 9.224609e+06 	
6.22622623e+06 	 2.452370e-06 	 9.223705e+06 	
6.22672673e+06 	 2.451518e-06 	 9.222802e+06 	
6.22722723e+06 	 2.450666e-06 	 9.221899e+06 	
6.22772773e+06 	 2.449814e-06 	 9.220996e+06 	
6.22822823e+06 	 2.448962e-06 	 9.220094e+06 	
6.22872873e+06 	 2.448111e-06 	 9.219191e+06 	
6.22922923e+06 	 2.447260e-06 	 9.218289e+06 	
6.22972973e+06 	 2.446410e-06 	 9.217387e+06 	
6.23023023e+06 	 2.445560e-06 	 9.216485e+06 	
6.23073073e+06 	 2.444710e-06 	 9.215583e+06 	
6.23123123e+06 	 2.443860e-06 	 9.214681e+06 	
6.23173173e+06 	 2.443011e-06 	 9.213780e+06 	
6.23223223e+06 	 2.442162e-06 	 9.212879e+06 	
6.23273273e+06 	 2.441314e-06 	 9.211977e+06 	
6.23323323e+06 	 2.440466e-06 	 9.211076e+06 	
6.23373373e+06 	 2.439618e-06 	 9.210176e+06 	
6.23423423e+06 	 2.438770e-06 	 9.209275e+06 	
6.23473473e+06 	 2.437923e-06 	 9.208374e+06 	
6.23523524e+06 	 2.437076e-06 	 9.207474e+06 	
6.23573574e+06 	 2.436230e-06 	 9.206574e+06 	
6.23623624e+06 	 2.435383e-06 	 9.205674e+06 	
6.23673674e+06 	 2.434537e-06 	 9.204774e+06 	
6.23723724e+06 	 2.433692e-06 	 9.203874e+06 	
6.23773774e+06 	 2.432846e-06 	 9.202975e+06 	
6.23823824e+06 	 2.432002e-06 	 9.202076e+06 	
6.23873874e+06 	 2.431157e-06 	 9.201176e+06 	
6.23923924e+06 	 2.430313e-06 	 9.200277e+06 	
6.23973974e+06 	 2.429469e-06 	 9.199379e+06 	
6.24024024e+06 	 2.428625e-06 	 9.198480e+06 	
6.24074074e+06 	 2.427782e-06 	 9.197581e+06 	
6.24124124e+06 	 2.426939e-06 	 9.196683e+06 	
6.24174174e+06 	 2.426096e-06 	 9.195785e+06 	
6.24224224e+06 	 2.425253e-06 	 9.194887e+06 	
6.24274274e+06 	 2.424411e-06 	 9.193989e+06 	
6.24324324e+06 	 2.423570e-06 	 9.193091e+06 	
6.24374374e+06 	 2.422728e-06 	 9.192194e+06 	
6.24424424e+06 	 2.421887e-06 	 9.191296e+06 	
6.24474474e+06 	 2.421046e-06 	 9.190399e+06 	
6.24524525e+06 	 2.420206e-06 	 9.189502e+06 	
6.24574575e+06 	 2.419366e-06 	 9.188605e+06 	
6.24624625e+06 	 2.418526e-06 	 9.187709e+06 	
6.24674675e+06 	 2.417686e-06 	 9.186812e+06 	
6.24724725e+06 	 2.416847e-06 	 9.185916e+06 	
6.24774775e+06 	 2.416008e-06 	 9.185020e+06 	
6.24824825e+06 	 2.415170e-06 	 9.184124e+06 	
6.24874875e+06 	 2.414332e-06 	 9.183228e+06 	
6.24924925e+06 	 2.413494e-06 	 9.182332e+06 	
6.24974975e+06 	 2.412656e-06 	 9.181436e+06 	
6.25025025e+06 	 2.411819e-06 	 9.180541e+06 	
6.25075075e+06 	 2.410982e-06 	 9.179646e+06 	
6.25125125e+06 	 2.410145e-06 	 9.178751e+06 	
6.25175175e+06 	 2.409309e-06 	 9.177856e+06 	
6.25225225e+06 	 2.408473e-06 	 9.176961e+06 	
6.25275275e+06 	 2.407637e-06 	 9.176067e+06 	
6.25325325e+06 	 2.406802e-06 	 9.175172e+06 	
6.25375375e+06 	 2.405967e-06 	 9.174278e+06 	
6.25425425e+06 	 2.405132e-06 	 9.173384e+06 	
6.25475475e+06 	 2.404298e-06 	 9.172490e+06 	
6.25525526e+06 	 2.403464e-06 	 9.171596e+06 	
6.25575576e+06 	 2.402630e-06 	 9.170703e+06 	
6.25625626e+06 	 2.401797e-06 	 9.169809e+06 	
6.25675676e+06 	 2.400964e-06 	 9.168916e+06 	
6.25725726e+06 	 2.400131e-06 	 9.168023e+06 	
6.25775776e+06 	 2.399298e-06 	 9.167130e+06 	
6.25825826e+06 	 2.398466e-06 	 9.166237e+06 	
6.25875876e+06 	 2.397634e-06 	 9.165345e+06 	
6.25925926e+06 	 2.396803e-06 	 9.164452e+06 	
6.25975976e+06 	 2.395972e-06 	 9.163560e+06 	
6.26026026e+06 	 2.395141e-06 	 9.162668e+06 	
6.26076076e+06 	 2.394310e-06 	 9.161776e+06 	
6.26126126e+06 	 2.393480e-06 	 9.160884e+06 	
6.26176176e+06 	 2.392650e-06 	 9.159992e+06 	
6.26226226e+06 	 2.391820e-06 	 9.159101e+06 	
6.26276276e+06 	 2.390991e-06 	 9.158210e+06 	
6.26326326e+06 	 2.390162e-06 	 9.157319e+06 	
6.26376376e+06 	 2.389333e-06 	 9.156428e+06 	
6.26426426e+06 	 2.388505e-06 	 9.155537e+06 	
6.26476476e+06 	 2.387677e-06 	 9.154646e+06 	
6.26526527e+06 	 2.386849e-06 	 9.153756e+06 	
6.26576577e+06 	 2.386022e-06 	 9.152865e+06 	
6.26626627e+06 	 2.385195e-06 	 9.151975e+06 	
6.26676677e+06 	 2.384368e-06 	 9.151085e+06 	
6.26726727e+06 	 2.383541e-06 	 9.150195e+06 	
6.26776777e+06 	 2.382715e-06 	 9.149306e+06 	
6.26826827e+06 	 2.381889e-06 	 9.148416e+06 	
6.26876877e+06 	 2.381064e-06 	 9.147527e+06 	
6.26926927e+06 	 2.380239e-06 	 9.146638e+06 	
6.26976977e+06 	 2.379414e-06 	 9.145749e+06 	
6.27027027e+06 	 2.378589e-06 	 9.144860e+06 	
6.27077077e+06 	 2.377765e-06 	 9.143971e+06 	
6.27127127e+06 	 2.376941e-06 	 9.143083e+06 	
6.27177177e+06 	 2.376117e-06 	 9.142194e+06 	
6.27227227e+06 	 2.375294e-06 	 9.141306e+06 	
6.27277277e+06 	 2.374471e-06 	 9.140418e+06 	
6.27327327e+06 	 2.373648e-06 	 9.139530e+06 	
6.27377377e+06 	 2.372826e-06 	 9.138643e+06 	
6.27427427e+06 	 2.372004e-06 	 9.137755e+06 	
6.27477477e+06 	 2.371182e-06 	 9.136868e+06 	
6.27527528e+06 	 2.370360e-06 	 9.135980e+06 	
6.27577578e+06 	 2.369539e-06 	 9.135093e+06 	
6.27627628e+06 	 2.368718e-06 	 9.134207e+06 	
6.27677678e+06 	 2.367898e-06 	 9.133320e+06 	
6.27727728e+06 	 2.367078e-06 	 9.132433e+06 	
6.27777778e+06 	 2.366258e-06 	 9.131547e+06 	
6.27827828e+06 	 2.365438e-06 	 9.130661e+06 	
6.27877878e+06 	 2.364619e-06 	 9.129774e+06 	
6.27927928e+06 	 2.363800e-06 	 9.128889e+06 	
6.27977978e+06 	 2.362981e-06 	 9.128003e+06 	
6.28028028e+06 	 2.362163e-06 	 9.127117e+06 	
6.28078078e+06 	 2.361345e-06 	 9.126232e+06 	
6.28128128e+06 	 2.360527e-06 	 9.125346e+06 	
6.28178178e+06 	 2.359710e-06 	 9.124461e+06 	
6.28228228e+06 	 2.358893e-06 	 9.123576e+06 	
6.28278278e+06 	 2.358076e-06 	 9.122692e+06 	
6.28328328e+06 	 2.357259e-06 	 9.121807e+06 	
6.28378378e+06 	 2.356443e-06 	 9.120922e+06 	
6.28428428e+06 	 2.355627e-06 	 9.120038e+06 	
6.28478478e+06 	 2.354812e-06 	 9.119154e+06 	
6.28528529e+06 	 2.353996e-06 	 9.118270e+06 	
6.28578579e+06 	 2.353181e-06 	 9.117386e+06 	
6.28628629e+06 	 2.352367e-06 	 9.116503e+06 	
6.28678679e+06 	 2.351552e-06 	 9.115619e+06 	
6.28728729e+06 	 2.350738e-06 	 9.114736e+06 	
6.28778779e+06 	 2.349925e-06 	 9.113853e+06 	
6.28828829e+06 	 2.349111e-06 	 9.112970e+06 	
6.28878879e+06 	 2.348298e-06 	 9.112087e+06 	
6.28928929e+06 	 2.347485e-06 	 9.111204e+06 	
6.28978979e+06 	 2.346673e-06 	 9.110321e+06 	
6.29029029e+06 	 2.345861e-06 	 9.109439e+06 	
6.29079079e+06 	 2.345049e-06 	 9.108557e+06 	
6.29129129e+06 	 2.344237e-06 	 9.107675e+06 	
6.29179179e+06 	 2.343426e-06 	 9.106793e+06 	
6.29229229e+06 	 2.342615e-06 	 9.105911e+06 	
6.29279279e+06 	 2.341804e-06 	 9.105030e+06 	
6.29329329e+06 	 2.340994e-06 	 9.104148e+06 	
6.29379379e+06 	 2.340184e-06 	 9.103267e+06 	
6.29429429e+06 	 2.339374e-06 	 9.102386e+06 	
6.29479479e+06 	 2.338565e-06 	 9.101505e+06 	
6.29529530e+06 	 2.337756e-06 	 9.100624e+06 	
6.29579580e+06 	 2.336947e-06 	 9.099744e+06 	
6.29629630e+06 	 2.336138e-06 	 9.098863e+06 	
6.29679680e+06 	 2.335330e-06 	 9.097983e+06 	
6.29729730e+06 	 2.334522e-06 	 9.097103e+06 	
6.29779780e+06 	 2.333715e-06 	 9.096223e+06 	
6.29829830e+06 	 2.332907e-06 	 9.095343e+06 	
6.29879880e+06 	 2.332101e-06 	 9.094463e+06 	
6.29929930e+06 	 2.331294e-06 	 9.093584e+06 	
6.29979980e+06 	 2.330487e-06 	 9.092704e+06 	
6.30030030e+06 	 2.329681e-06 	 9.091825e+06 	
6.30080080e+06 	 2.328876e-06 	 9.090946e+06 	
6.30130130e+06 	 2.328070e-06 	 9.090067e+06 	
6.30180180e+06 	 2.327265e-06 	 9.089189e+06 	
6.30230230e+06 	 2.326460e-06 	 9.088310e+06 	
6.30280280e+06 	 2.325656e-06 	 9.087432e+06 	
6.30330330e+06 	 2.324851e-06 	 9.086554e+06 	
6.30380380e+06 	 2.324048e-06 	 9.085676e+06 	
6.30430430e+06 	 2.323244e-06 	 9.084798e+06 	
6.30480480e+06 	 2.322441e-06 	 9.083920e+06 	
6.30530531e+06 	 2.321638e-06 	 9.083042e+06 	
6.30580581e+06 	 2.320835e-06 	 9.082165e+06 	
6.30630631e+06 	 2.320032e-06 	 9.081288e+06 	
6.30680681e+06 	 2.319230e-06 	 9.080411e+06 	
6.30730731e+06 	 2.318429e-06 	 9.079534e+06 	
6.30780781e+06 	 2.317627e-06 	 9.078657e+06 	
6.30830831e+06 	 2.316826e-06 	 9.077780e+06 	
6.30880881e+06 	 2.316025e-06 	 9.076904e+06 	
6.30930931e+06 	 2.315224e-06 	 9.076028e+06 	
6.30980981e+06 	 2.314424e-06 	 9.075151e+06 	
6.31031031e+06 	 2.313624e-06 	 9.074275e+06 	
6.31081081e+06 	 2.312824e-06 	 9.073400e+06 	
6.31131131e+06 	 2.312025e-06 	 9.072524e+06 	
6.31181181e+06 	 2.311226e-06 	 9.071649e+06 	
6.31231231e+06 	 2.310427e-06 	 9.070773e+06 	
6.31281281e+06 	 2.309629e-06 	 9.069898e+06 	
6.31331331e+06 	 2.308830e-06 	 9.069023e+06 	
6.31381381e+06 	 2.308033e-06 	 9.068148e+06 	
6.31431431e+06 	 2.307235e-06 	 9.067273e+06 	
6.31481481e+06 	 2.306438e-06 	 9.066399e+06 	
6.31531532e+06 	 2.305641e-06 	 9.065525e+06 	
6.31581582e+06 	 2.304844e-06 	 9.064650e+06 	
6.31631632e+06 	 2.304048e-06 	 9.063776e+06 	
6.31681682e+06 	 2.303252e-06 	 9.062902e+06 	
6.31731732e+06 	 2.302456e-06 	 9.062029e+06 	
6.31781782e+06 	 2.301660e-06 	 9.061155e+06 	
6.31831832e+06 	 2.300865e-06 	 9.060282e+06 	
6.31881882e+06 	 2.300070e-06 	 9.059408e+06 	
6.31931932e+06 	 2.299276e-06 	 9.058535e+06 	
6.31981982e+06 	 2.298481e-06 	 9.057662e+06 	
6.32032032e+06 	 2.297687e-06 	 9.056789e+06 	
6.32082082e+06 	 2.296894e-06 	 9.055917e+06 	
6.32132132e+06 	 2.296100e-06 	 9.055044e+06 	
6.32182182e+06 	 2.295307e-06 	 9.054172e+06 	
6.32232232e+06 	 2.294514e-06 	 9.053300e+06 	
6.32282282e+06 	 2.293722e-06 	 9.052428e+06 	
6.32332332e+06 	 2.292930e-06 	 9.051556e+06 	
6.32382382e+06 	 2.292138e-06 	 9.050684e+06 	
6.32432432e+06 	 2.291346e-06 	 9.049813e+06 	
6.32482482e+06 	 2.290555e-06 	 9.048941e+06 	
6.32532533e+06 	 2.289764e-06 	 9.048070e+06 	
6.32582583e+06 	 2.288973e-06 	 9.047199e+06 	
6.32632633e+06 	 2.288183e-06 	 9.046328e+06 	
6.32682683e+06 	 2.287393e-06 	 9.045457e+06 	
6.32732733e+06 	 2.286603e-06 	 9.044587e+06 	
6.32782783e+06 	 2.285814e-06 	 9.043716e+06 	
6.32832833e+06 	 2.285024e-06 	 9.042846e+06 	
6.32882883e+06 	 2.284235e-06 	 9.041976e+06 	
6.32932933e+06 	 2.283447e-06 	 9.041106e+06 	
6.32982983e+06 	 2.282658e-06 	 9.040236e+06 	
6.33033033e+06 	 2.281870e-06 	 9.039367e+06 	
6.33083083e+06 	 2.281083e-06 	 9.038497e+06 	
6.33133133e+06 	 2.280295e-06 	 9.037628e+06 	
6.33183183e+06 	 2.279508e-06 	 9.036759e+06 	
6.33233233e+06 	 2.278721e-06 	 9.035890e+06 	
6.33283283e+06 	 2.277935e-06 	 9.035021e+06 	
6.33333333e+06 	 2.277148e-06 	 9.034152e+06 	
6.33383383e+06 	 2.276362e-06 	 9.033284e+06 	
6.33433433e+06 	 2.275577e-06 	 9.032415e+06 	
6.33483483e+06 	 2.274791e-06 	 9.031547e+06 	
6.33533534e+06 	 2.274006e-06 	 9.030679e+06 	
6.33583584e+06 	 2.273222e-06 	 9.029811e+06 	
6.33633634e+06 	 2.272437e-06 	 9.028943e+06 	
6.33683684e+06 	 2.271653e-06 	 9.028076e+06 	
6.33733734e+06 	 2.270869e-06 	 9.027208e+06 	
6.33783784e+06 	 2.270085e-06 	 9.026341e+06 	
6.33833834e+06 	 2.269302e-06 	 9.025474e+06 	
6.33883884e+06 	 2.268519e-06 	 9.024607e+06 	
6.33933934e+06 	 2.267736e-06 	 9.023740e+06 	
6.33983984e+06 	 2.266954e-06 	 9.022874e+06 	
6.34034034e+06 	 2.266172e-06 	 9.022007e+06 	
6.34084084e+06 	 2.265390e-06 	 9.021141e+06 	
6.34134134e+06 	 2.264608e-06 	 9.020275e+06 	
6.34184184e+06 	 2.263827e-06 	 9.019408e+06 	
6.34234234e+06 	 2.263046e-06 	 9.018543e+06 	
6.34284284e+06 	 2.262266e-06 	 9.017677e+06 	
6.34334334e+06 	 2.261485e-06 	 9.016811e+06 	
6.34384384e+06 	 2.260705e-06 	 9.015946e+06 	
6.34434434e+06 	 2.259925e-06 	 9.015081e+06 	
6.34484484e+06 	 2.259146e-06 	 9.014216e+06 	
6.34534535e+06 	 2.258367e-06 	 9.013351e+06 	
6.34584585e+06 	 2.257588e-06 	 9.012486e+06 	
6.34634635e+06 	 2.256809e-06 	 9.011621e+06 	
6.34684685e+06 	 2.256031e-06 	 9.010757e+06 	
6.34734735e+06 	 2.255253e-06 	 9.009893e+06 	
6.34784785e+06 	 2.254475e-06 	 9.009028e+06 	
6.34834835e+06 	 2.253698e-06 	 9.008164e+06 	
6.34884885e+06 	 2.252920e-06 	 9.007301e+06 	
6.34934935e+06 	 2.252143e-06 	 9.006437e+06 	
6.34984985e+06 	 2.251367e-06 	 9.005573e+06 	
6.35035035e+06 	 2.250591e-06 	 9.004710e+06 	
6.35085085e+06 	 2.249815e-06 	 9.003847e+06 	
6.35135135e+06 	 2.249039e-06 	 9.002984e+06 	
6.35185185e+06 	 2.248263e-06 	 9.002121e+06 	
6.35235235e+06 	 2.247488e-06 	 9.001258e+06 	
6.35285285e+06 	 2.246713e-06 	 9.000396e+06 	
6.35335335e+06 	 2.245939e-06 	 8.999533e+06 	
6.35385385e+06 	 2.245165e-06 	 8.998671e+06 	
6.35435435e+06 	 2.244391e-06 	 8.997809e+06 	
6.35485485e+06 	 2.243617e-06 	 8.996947e+06 	
6.35535536e+06 	 2.242844e-06 	 8.996085e+06 	
6.35585586e+06 	 2.242071e-06 	 8.995223e+06 	
6.35635636e+06 	 2.241298e-06 	 8.994362e+06 	
6.35685686e+06 	 2.240525e-06 	 8.993500e+06 	
6.35735736e+06 	 2.239753e-06 	 8.992639e+06 	
6.35785786e+06 	 2.238981e-06 	 8.991778e+06 	
6.35835836e+06 	 2.238209e-06 	 8.990917e+06 	
6.35885886e+06 	 2.237438e-06 	 8.990057e+06 	
6.35935936e+06 	 2.236667e-06 	 8.989196e+06 	
6.35985986e+06 	 2.235896e-06 	 8.988336e+06 	
6.36036036e+06 	 2.235126e-06 	 8.987475e+06 	
6.36086086e+06 	 2.234355e-06 	 8.986615e+06 	
6.36136136e+06 	 2.233585e-06 	 8.985755e+06 	
6.36186186e+06 	 2.232816e-06 	 8.984896e+06 	
6.36236236e+06 	 2.232046e-06 	 8.984036e+06 	
6.36286286e+06 	 2.231277e-06 	 8.983176e+06 	
6.36336336e+06 	 2.230509e-06 	 8.982317e+06 	
6.36386386e+06 	 2.229740e-06 	 8.981458e+06 	
6.36436436e+06 	 2.228972e-06 	 8.980599e+06 	
6.36486486e+06 	 2.228204e-06 	 8.979740e+06 	
6.36536537e+06 	 2.227436e-06 	 8.978881e+06 	
6.36586587e+06 	 2.226669e-06 	 8.978023e+06 	
6.36636637e+06 	 2.225902e-06 	 8.977164e+06 	
6.36686687e+06 	 2.225135e-06 	 8.976306e+06 	
6.36736737e+06 	 2.224369e-06 	 8.975448e+06 	
6.36786787e+06 	 2.223603e-06 	 8.974590e+06 	
6.36836837e+06 	 2.222837e-06 	 8.973732e+06 	
6.36886887e+06 	 2.222071e-06 	 8.972875e+06 	
6.36936937e+06 	 2.221306e-06 	 8.972017e+06 	
6.36986987e+06 	 2.220541e-06 	 8.971160e+06 	
6.37037037e+06 	 2.219776e-06 	 8.970303e+06 	
6.37087087e+06 	 2.219011e-06 	 8.969446e+06 	
6.37137137e+06 	 2.218247e-06 	 8.968589e+06 	
6.37187187e+06 	 2.217483e-06 	 8.967732e+06 	
6.37237237e+06 	 2.216720e-06 	 8.966876e+06 	
6.37287287e+06 	 2.215956e-06 	 8.966019e+06 	
6.37337337e+06 	 2.215193e-06 	 8.965163e+06 	
6.37387387e+06 	 2.214430e-06 	 8.964307e+06 	
6.37437437e+06 	 2.213668e-06 	 8.963451e+06 	
6.37487487e+06 	 2.212906e-06 	 8.962595e+06 	
6.37537538e+06 	 2.212144e-06 	 8.961740e+06 	
6.37587588e+06 	 2.211382e-06 	 8.960884e+06 	
6.37637638e+06 	 2.210621e-06 	 8.960029e+06 	
6.37687688e+06 	 2.209860e-06 	 8.959174e+06 	
6.37737738e+06 	 2.209099e-06 	 8.958319e+06 	
6.37787788e+06 	 2.208338e-06 	 8.957464e+06 	
6.37837838e+06 	 2.207578e-06 	 8.956609e+06 	
6.37887888e+06 	 2.206818e-06 	 8.955755e+06 	
6.37937938e+06 	 2.206058e-06 	 8.954900e+06 	
6.37987988e+06 	 2.205299e-06 	 8.954046e+06 	
6.38038038e+06 	 2.204540e-06 	 8.953192e+06 	
6.38088088e+06 	 2.203781e-06 	 8.952338e+06 	
6.38138138e+06 	 2.203023e-06 	 8.951484e+06 	
6.38188188e+06 	 2.202264e-06 	 8.950631e+06 	
6.38238238e+06 	 2.201506e-06 	 8.949777e+06 	
6.38288288e+06 	 2.200749e-06 	 8.948924e+06 	
6.38338338e+06 	 2.199991e-06 	 8.948071e+06 	
6.38388388e+06 	 2.199234e-06 	 8.947218e+06 	
6.38438438e+06 	 2.198477e-06 	 8.946365e+06 	
6.38488488e+06 	 2.197721e-06 	 8.945512e+06 	
6.38538539e+06 	 2.196964e-06 	 8.944660e+06 	
6.38588589e+06 	 2.196208e-06 	 8.943807e+06 	
6.38638639e+06 	 2.195453e-06 	 8.942955e+06 	
6.38688689e+06 	 2.194697e-06 	 8.942103e+06 	
6.38738739e+06 	 2.193942e-06 	 8.941251e+06 	
6.38788789e+06 	 2.193187e-06 	 8.940399e+06 	
6.38838839e+06 	 2.192433e-06 	 8.939548e+06 	
6.38888889e+06 	 2.191678e-06 	 8.938696e+06 	
6.38938939e+06 	 2.190924e-06 	 8.937845e+06 	
6.38988989e+06 	 2.190171e-06 	 8.936994e+06 	
6.39039039e+06 	 2.189417e-06 	 8.936143e+06 	
6.39089089e+06 	 2.188664e-06 	 8.935292e+06 	
6.39139139e+06 	 2.187911e-06 	 8.934441e+06 	
6.39189189e+06 	 2.187158e-06 	 8.933590e+06 	
6.39239239e+06 	 2.186406e-06 	 8.932740e+06 	
6.39289289e+06 	 2.185654e-06 	 8.931890e+06 	
6.39339339e+06 	 2.184902e-06 	 8.931040e+06 	
6.39389389e+06 	 2.184151e-06 	 8.930190e+06 	
6.39439439e+06 	 2.183399e-06 	 8.929340e+06 	
6.39489489e+06 	 2.182648e-06 	 8.928490e+06 	
6.39539540e+06 	 2.181898e-06 	 8.927641e+06 	
6.39589590e+06 	 2.181147e-06 	 8.926791e+06 	
6.39639640e+06 	 2.180397e-06 	 8.925942e+06 	
6.39689690e+06 	 2.179647e-06 	 8.925093e+06 	
6.39739740e+06 	 2.178898e-06 	 8.924244e+06 	
6.39789790e+06 	 2.178148e-06 	 8.923396e+06 	
6.39839840e+06 	 2.177399e-06 	 8.922547e+06 	
6.39889890e+06 	 2.176651e-06 	 8.921699e+06 	
6.39939940e+06 	 2.175902e-06 	 8.920850e+06 	
6.39989990e+06 	 2.175154e-06 	 8.920002e+06 	
6.40040040e+06 	 2.174406e-06 	 8.919154e+06 	
6.40090090e+06 	 2.173659e-06 	 8.918306e+06 	
6.40140140e+06 	 2.172911e-06 	 8.917459e+06 	
6.40190190e+06 	 2.172164e-06 	 8.916611e+06 	
6.40240240e+06 	 2.171417e-06 	 8.915764e+06 	
6.40290290e+06 	 2.170671e-06 	 8.914917e+06 	
6.40340340e+06 	 2.169925e-06 	 8.914070e+06 	
6.40390390e+06 	 2.169179e-06 	 8.913223e+06 	
6.40440440e+06 	 2.168433e-06 	 8.912376e+06 	
6.40490490e+06 	 2.167688e-06 	 8.911529e+06 	
6.40540541e+06 	 2.166942e-06 	 8.910683e+06 	
6.40590591e+06 	 2.166198e-06 	 8.909837e+06 	
6.40640641e+06 	 2.165453e-06 	 8.908990e+06 	
6.40690691e+06 	 2.164709e-06 	 8.908144e+06 	
6.40740741e+06 	 2.163965e-06 	 8.907299e+06 	
6.40790791e+06 	 2.163221e-06 	 8.906453e+06 	
6.40840841e+06 	 2.162477e-06 	 8.905607e+06 	
6.40890891e+06 	 2.161734e-06 	 8.904762e+06 	
6.40940941e+06 	 2.160991e-06 	 8.903917e+06 	
6.40990991e+06 	 2.160249e-06 	 8.903072e+06 	
6.41041041e+06 	 2.159506e-06 	 8.902227e+06 	
6.41091091e+06 	 2.158764e-06 	 8.901382e+06 	
6.41141141e+06 	 2.158022e-06 	 8.900537e+06 	
6.41191191e+06 	 2.157281e-06 	 8.899693e+06 	
6.41241241e+06 	 2.156539e-06 	 8.898848e+06 	
6.41291291e+06 	 2.155798e-06 	 8.898004e+06 	
6.41341341e+06 	 2.155058e-06 	 8.897160e+06 	
6.41391391e+06 	 2.154317e-06 	 8.896316e+06 	
6.41441441e+06 	 2.153577e-06 	 8.895473e+06 	
6.41491491e+06 	 2.152837e-06 	 8.894629e+06 	
6.41541542e+06 	 2.152098e-06 	 8.893786e+06 	
6.41591592e+06 	 2.151358e-06 	 8.892942e+06 	
6.41641642e+06 	 2.150619e-06 	 8.892099e+06 	
6.41691692e+06 	 2.149880e-06 	 8.891256e+06 	
6.41741742e+06 	 2.149142e-06 	 8.890413e+06 	
6.41791792e+06 	 2.148403e-06 	 8.889571e+06 	
6.41841842e+06 	 2.147665e-06 	 8.888728e+06 	
6.41891892e+06 	 2.146928e-06 	 8.887886e+06 	
6.41941942e+06 	 2.146190e-06 	 8.887044e+06 	
6.41991992e+06 	 2.145453e-06 	 8.886202e+06 	
6.42042042e+06 	 2.144716e-06 	 8.885360e+06 	
6.42092092e+06 	 2.143980e-06 	 8.884518e+06 	
6.42142142e+06 	 2.143243e-06 	 8.883676e+06 	
6.42192192e+06 	 2.142507e-06 	 8.882835e+06 	
6.42242242e+06 	 2.141771e-06 	 8.881993e+06 	
6.42292292e+06 	 2.141036e-06 	 8.881152e+06 	
6.42342342e+06 	 2.140301e-06 	 8.880311e+06 	
6.42392392e+06 	 2.139566e-06 	 8.879470e+06 	
6.42442442e+06 	 2.138831e-06 	 8.878630e+06 	
6.42492492e+06 	 2.138096e-06 	 8.877789e+06 	
6.42542543e+06 	 2.137362e-06 	 8.876949e+06 	
6.42592593e+06 	 2.136628e-06 	 8.876108e+06 	
6.42642643e+06 	 2.135895e-06 	 8.875268e+06 	
6.42692693e+06 	 2.135161e-06 	 8.874428e+06 	
6.42742743e+06 	 2.134428e-06 	 8.873589e+06 	
6.42792793e+06 	 2.133695e-06 	 8.872749e+06 	
6.42842843e+06 	 2.132963e-06 	 8.871909e+06 	
6.42892893e+06 	 2.132230e-06 	 8.871070e+06 	
6.42942943e+06 	 2.131498e-06 	 8.870231e+06 	
6.42992993e+06 	 2.130767e-06 	 8.869392e+06 	
6.43043043e+06 	 2.130035e-06 	 8.868553e+06 	
6.43093093e+06 	 2.129304e-06 	 8.867714e+06 	
6.43143143e+06 	 2.128573e-06 	 8.866875e+06 	
6.43193193e+06 	 2.127842e-06 	 8.866037e+06 	
6.43243243e+06 	 2.127112e-06 	 8.865199e+06 	
6.43293293e+06 	 2.126382e-06 	 8.864360e+06 	
6.43343343e+06 	 2.125652e-06 	 8.863522e+06 	
6.43393393e+06 	 2.124922e-06 	 8.862685e+06 	
6.43443443e+06 	 2.124193e-06 	 8.861847e+06 	
6.43493493e+06 	 2.123464e-06 	 8.861009e+06 	
6.43543544e+06 	 2.122735e-06 	 8.860172e+06 	
6.43593594e+06 	 2.122007e-06 	 8.859335e+06 	
6.43643644e+06 	 2.121278e-06 	 8.858497e+06 	
6.43693694e+06 	 2.120550e-06 	 8.857660e+06 	
6.43743744e+06 	 2.119823e-06 	 8.856824e+06 	
6.43793794e+06 	 2.119095e-06 	 8.855987e+06 	
6.43843844e+06 	 2.118368e-06 	 8.855150e+06 	
6.43893894e+06 	 2.117641e-06 	 8.854314e+06 	
6.43943944e+06 	 2.116914e-06 	 8.853478e+06 	
6.43993994e+06 	 2.116188e-06 	 8.852642e+06 	
6.44044044e+06 	 2.115462e-06 	 8.851806e+06 	
6.44094094e+06 	 2.114736e-06 	 8.850970e+06 	
6.44144144e+06 	 2.114011e-06 	 8.850134e+06 	
6.44194194e+06 	 2.113285e-06 	 8.849299e+06 	
6.44244244e+06 	 2.112560e-06 	 8.848464e+06 	
6.44294294e+06 	 2.111835e-06 	 8.847628e+06 	
6.44344344e+06 	 2.111111e-06 	 8.846793e+06 	
6.44394394e+06 	 2.110387e-06 	 8.845958e+06 	
6.44444444e+06 	 2.109663e-06 	 8.845124e+06 	
6.44494494e+06 	 2.108939e-06 	 8.844289e+06 	
6.44544545e+06 	 2.108216e-06 	 8.843455e+06 	
6.44594595e+06 	 2.107492e-06 	 8.842620e+06 	
6.44644645e+06 	 2.106769e-06 	 8.841786e+06 	
6.44694695e+06 	 2.106047e-06 	 8.840952e+06 	
6.44744745e+06 	 2.105324e-06 	 8.840118e+06 	
6.44794795e+06 	 2.104602e-06 	 8.839285e+06 	
6.44844845e+06 	 2.103880e-06 	 8.838451e+06 	
6.44894895e+06 	 2.103159e-06 	 8.837618e+06 	
6.44944945e+06 	 2.102438e-06 	 8.836784e+06 	
6.44994995e+06 	 2.101716e-06 	 8.835951e+06 	
6.45045045e+06 	 2.100996e-06 	 8.835118e+06 	
6.45095095e+06 	 2.100275e-06 	 8.834286e+06 	
6.45145145e+06 	 2.099555e-06 	 8.833453e+06 	
6.45195195e+06 	 2.098835e-06 	 8.832620e+06 	
6.45245245e+06 	 2.098115e-06 	 8.831788e+06 	
6.45295295e+06 	 2.097396e-06 	 8.830956e+06 	
6.45345345e+06 	 2.096676e-06 	 8.830124e+06 	
6.45395395e+06 	 2.095958e-06 	 8.829292e+06 	
6.45445445e+06 	 2.095239e-06 	 8.828460e+06 	
6.45495495e+06 	 2.094520e-06 	 8.827628e+06 	
6.45545546e+06 	 2.093802e-06 	 8.826797e+06 	
6.45595596e+06 	 2.093084e-06 	 8.825966e+06 	
6.45645646e+06 	 2.092367e-06 	 8.825134e+06 	
6.45695696e+06 	 2.091649e-06 	 8.824303e+06 	
6.45745746e+06 	 2.090932e-06 	 8.823472e+06 	
6.45795796e+06 	 2.090215e-06 	 8.822642e+06 	
6.45845846e+06 	 2.089499e-06 	 8.821811e+06 	
6.45895896e+06 	 2.088783e-06 	 8.820981e+06 	
6.45945946e+06 	 2.088067e-06 	 8.820150e+06 	
6.45995996e+06 	 2.087351e-06 	 8.819320e+06 	
6.46046046e+06 	 2.086635e-06 	 8.818490e+06 	
6.46096096e+06 	 2.085920e-06 	 8.817660e+06 	
6.46146146e+06 	 2.085205e-06 	 8.816831e+06 	
6.46196196e+06 	 2.084490e-06 	 8.816001e+06 	
6.46246246e+06 	 2.083776e-06 	 8.815172e+06 	
6.46296296e+06 	 2.083062e-06 	 8.814342e+06 	
6.46346346e+06 	 2.082348e-06 	 8.813513e+06 	
6.46396396e+06 	 2.081634e-06 	 8.812684e+06 	
6.46446446e+06 	 2.080921e-06 	 8.811855e+06 	
6.46496496e+06 	 2.080207e-06 	 8.811027e+06 	
6.46546547e+06 	 2.079495e-06 	 8.810198e+06 	
6.46596597e+06 	 2.078782e-06 	 8.809370e+06 	
6.46646647e+06 	 2.078070e-06 	 8.808542e+06 	
6.46696697e+06 	 2.077357e-06 	 8.807713e+06 	
6.46746747e+06 	 2.076646e-06 	 8.806886e+06 	
6.46796797e+06 	 2.075934e-06 	 8.806058e+06 	
6.46846847e+06 	 2.075223e-06 	 8.805230e+06 	
6.46896897e+06 	 2.074512e-06 	 8.804403e+06 	
6.46946947e+06 	 2.073801e-06 	 8.803575e+06 	
6.46996997e+06 	 2.073090e-06 	 8.802748e+06 	
6.47047047e+06 	 2.072380e-06 	 8.801921e+06 	
6.47097097e+06 	 2.071670e-06 	 8.801094e+06 	
6.47147147e+06 	 2.070960e-06 	 8.800267e+06 	
6.47197197e+06 	 2.070251e-06 	 8.799441e+06 	
6.47247247e+06 	 2.069541e-06 	 8.798614e+06 	
6.47297297e+06 	 2.068832e-06 	 8.797788e+06 	
6.47347347e+06 	 2.068124e-06 	 8.796962e+06 	
6.47397397e+06 	 2.067415e-06 	 8.796136e+06 	
6.47447447e+06 	 2.066707e-06 	 8.795310e+06 	
6.47497497e+06 	 2.065999e-06 	 8.794484e+06 	
6.47547548e+06 	 2.065291e-06 	 8.793658e+06 	
6.47597598e+06 	 2.064584e-06 	 8.792833e+06 	
6.47647648e+06 	 2.063877e-06 	 8.792008e+06 	
6.47697698e+06 	 2.063170e-06 	 8.791182e+06 	
6.47747748e+06 	 2.062463e-06 	 8.790357e+06 	
6.47797798e+06 	 2.061757e-06 	 8.789533e+06 	
6.47847848e+06 	 2.061050e-06 	 8.788708e+06 	
6.47897898e+06 	 2.060344e-06 	 8.787883e+06 	
6.47947948e+06 	 2.059639e-06 	 8.787059e+06 	
6.47997998e+06 	 2.058933e-06 	 8.786235e+06 	
6.48048048e+06 	 2.058228e-06 	 8.785410e+06 	
6.48098098e+06 	 2.057523e-06 	 8.784586e+06 	
6.48148148e+06 	 2.056819e-06 	 8.783763e+06 	
6.48198198e+06 	 2.056114e-06 	 8.782939e+06 	
6.48248248e+06 	 2.055410e-06 	 8.782115e+06 	
6.48298298e+06 	 2.054707e-06 	 8.781292e+06 	
6.48348348e+06 	 2.054003e-06 	 8.780469e+06 	
6.48398398e+06 	 2.053300e-06 	 8.779646e+06 	
6.48448448e+06 	 2.052597e-06 	 8.778823e+06 	
6.48498498e+06 	 2.051894e-06 	 8.778000e+06 	
6.48548549e+06 	 2.051191e-06 	 8.777177e+06 	
6.48598599e+06 	 2.050489e-06 	 8.776354e+06 	
6.48648649e+06 	 2.049787e-06 	 8.775532e+06 	
6.48698699e+06 	 2.049085e-06 	 8.774710e+06 	
6.48748749e+06 	 2.048384e-06 	 8.773888e+06 	
6.48798799e+06 	 2.047682e-06 	 8.773066e+06 	
6.48848849e+06 	 2.046981e-06 	 8.772244e+06 	
6.48898899e+06 	 2.046281e-06 	 8.771422e+06 	
6.48948949e+06 	 2.045580e-06 	 8.770601e+06 	
6.48998999e+06 	 2.044880e-06 	 8.769779e+06 	
6.49049049e+06 	 2.044180e-06 	 8.768958e+06 	
6.49099099e+06 	 2.043480e-06 	 8.768137e+06 	
6.49149149e+06 	 2.042781e-06 	 8.767316e+06 	
6.49199199e+06 	 2.042081e-06 	 8.766495e+06 	
6.49249249e+06 	 2.041382e-06 	 8.765675e+06 	
6.49299299e+06 	 2.040684e-06 	 8.764854e+06 	
6.49349349e+06 	 2.039985e-06 	 8.764034e+06 	
6.49399399e+06 	 2.039287e-06 	 8.763214e+06 	
6.49449449e+06 	 2.038589e-06 	 8.762394e+06 	
6.49499499e+06 	 2.037891e-06 	 8.761574e+06 	
6.49549550e+06 	 2.037194e-06 	 8.760754e+06 	
6.49599600e+06 	 2.036497e-06 	 8.759934e+06 	
6.49649650e+06 	 2.035800e-06 	 8.759115e+06 	
6.49699700e+06 	 2.035103e-06 	 8.758295e+06 	
6.49749750e+06 	 2.034407e-06 	 8.757476e+06 	
6.49799800e+06 	 2.033710e-06 	 8.756657e+06 	
6.49849850e+06 	 2.033014e-06 	 8.755838e+06 	
6.49899900e+06 	 2.032319e-06 	 8.755020e+06 	
6.49949950e+06 	 2.031623e-06 	 8.754201e+06 	
6.50000000e+06 	 2.030928e-06 	 8.753382e+06 	
6.53284919e+06 	 1.985850e-06 	 8.699978e+06 	
6.56586439e+06 	 1.941611e-06 	 8.646921e+06 	
6.59904644e+06 	 1.898192e-06 	 8.594208e+06 	
6.63239618e+06 	 1.855578e-06 	 8.541839e+06 	
6.66591446e+06 	 1.813752e-06 	 8.489810e+06 	
6.69960213e+06 	 1.772700e-06 	 8.438120e+06 	
6.73346005e+06 	 1.732404e-06 	 8.386767e+06 	
6.76748909e+06 	 1.692851e-06 	 8.335749e+06 	
6.80169009e+06 	 1.654024e-06 	 8.285063e+06 	
6.83606393e+06 	 1.615911e-06 	 8.234709e+06 	
6.87061150e+06 	 1.578496e-06 	 8.184684e+06 	
6.90533365e+06 	 1.541847e-06 	 8.134966e+06 	
6.94023128e+06 	 1.505799e-06 	 8.085590e+06 	
6.97530528e+06 	 1.470409e-06 	 8.036537e+06 	
7.01055653e+06 	 1.435665e-06 	 7.987806e+06 	
7.04598593e+06 	 1.401483e-06 	 7.939412e+06 	
7.08159437e+06 	 1.367982e-06 	 7.891321e+06 	
7.11738278e+06 	 1.335089e-06 	 7.843547e+06 	
7.15335205e+06 	 1.302790e-06 	 7.796088e+06 	
7.18950310e+06 	 1.271074e-06 	 7.748942e+06 	
7.22583684e+06 	 1.239859e-06 	 7.702128e+06 	
7.26235421e+06 	 1.209265e-06 	 7.655608e+06 	
7.29905612e+06 	 1.179219e-06 	 7.609397e+06 	
7.33594351e+06 	 1.149709e-06 	 7.563494e+06 	
7.37301733e+06 	 1.120665e-06 	 7.517917e+06 	
7.41027850e+06 	 1.092188e-06 	 7.472630e+06 	
7.44772799e+06 	 1.064216e-06 	 7.427648e+06 	
7.48536673e+06 	 1.036736e-06 	 7.382970e+06 	
7.52319568e+06 	 1.009791e-06 	 7.338577e+06 	
7.56121582e+06 	 9.832762e-07 	 7.294501e+06 	
7.59942810e+06 	 9.572263e-07 	 7.250726e+06 	
7.63783349e+06 	 9.316319e-07 	 7.207250e+06 	
7.67643297e+06 	 9.064840e-07 	 7.164074e+06 	
7.71522752e+06 	 8.817253e-07 	 7.121216e+06 	
7.75421813e+06 	 8.574370e-07 	 7.078639e+06 	
7.79340579e+06 	 8.335681e-07 	 7.036361e+06 	
7.83279149e+06 	 8.101100e-07 	 6.994381e+06 	
7.87237623e+06 	 7.870949e-07 	 6.952681e+06 	
7.91216103e+06 	 7.644395e-07 	 6.911293e+06 	
7.95214689e+06 	 7.421715e-07 	 6.870203e+06 	
7.99233482e+06 	 7.202833e-07 	 6.829410e+06 	
8.03272585e+06 	 6.987677e-07 	 6.788916e+06 	
8.07332101e+06 	 6.775796e-07 	 6.748738e+06 	
8.11412132e+06 	 6.567829e-07 	 6.708843e+06 	
8.15512783e+06 	 6.363373e-07 	 6.669248e+06 	
8.19634158e+06 	 6.162364e-07 	 6.629955e+06 	
8.23776360e+06 	 5.965050e-07 	 6.590947e+06 	
8.27939496e+06 	 5.770791e-07 	 6.552257e+06 	
8.32123672e+06 	 5.579806e-07 	 6.513872e+06 	
8.36328993e+06 	 5.392040e-07 	 6.475794e+06 	
8.40555566e+06 	 5.207443e-07 	 6.438025e+06 	
8.44803500e+06 	 5.025685e-07 	 6.400586e+06 	
8.49072901e+06 	 4.847252e-07 	 6.363444e+06 	
8.53363879e+06 	 4.671853e-07 	 6.326620e+06 	
8.57676542e+06 	 4.499450e-07 	 6.290115e+06 	
8.62011001e+06 	 4.330237e-07 	 6.253917e+06 	
8.66367364e+06 	 4.163761e-07 	 6.218060e+06 	
8.70745743e+06 	 4.000200e-07 	 6.182534e+06 	
8.75146249e+06 	 3.839533e-07 	 6.147344e+06 	
8.79568995e+06 	 3.681748e-07 	 6.112493e+06 	
8.84014091e+06 	 3.527036e-07 	 6.077969e+06 	
8.88481652e+06 	 3.375017e-07 	 6.043811e+06 	
8.92971791e+06 	 3.225873e-07 	 6.010008e+06 	
8.97484621e+06 	 3.079613e-07 	 5.976568e+06 	
9.02020258e+06 	 2.936095e-07 	 5.943513e+06 	
9.06578817e+06 	 2.795636e-07 	 5.910818e+06 	
9.11160414e+06 	 2.658123e-07 	 5.878506e+06 	
9.15765165e+06 	 2.523592e-07 	 5.846584e+06 	
9.20393187e+06 	 2.391963e-07 	 5.815078e+06 	
9.25044597e+06 	 2.263510e-07 	 5.783963e+06 	
9.29719515e+06 	 2.138181e-07 	 5.753263e+06 	
9.34418058e+06 	 2.016034e-07 	 5.722988e+06 	
9.39140347e+06 	 1.897135e-07 	 5.693145e+06 	
9.43886500e+06 	 1.781456e-07 	 5.663763e+06 	
9.48656639e+06 	 1.669259e-07 	 5.634817e+06 	
9.53450886e+06 	 1.560535e-07 	 5.606331e+06 	
9.58269361e+06 	 1.455362e-07 	 5.578315e+06 	
9.63112187e+06 	 1.353750e-07 	 5.550798e+06 	
9.67979488e+06 	 1.255919e-07 	 5.523753e+06 	
9.72871386e+06 	 1.161884e-07 	 5.497205e+06 	
9.77788007e+06 	 1.071720e-07 	 5.471161e+06 	
9.82729475e+06 	 9.854432e-08 	 5.445652e+06 	
9.87695916e+06 	 9.032200e-08 	 5.420645e+06 	
9.92687456e+06 	 8.250547e-08 	 5.396164e+06 	
9.97704221e+06 	 7.509891e-08 	 5.372214e+06 	
1.00274634e+07 	 6.810921e-08 	 5.348774e+06 	
1.00781394e+07 	 6.153001e-08 	 5.325891e+06 	
1.01290715e+07 	 5.536456e-08 	 5.303546e+06 	
1.01802610e+07 	 4.960781e-08 	 5.281764e+06 	
1.02317092e+07 	 4.426070e-08 	 5.260499e+06 	
1.02834174e+07 	 3.931444e-08 	 5.239768e+06 	
1.03353870e+07 	 3.476262e-08 	 5.219534e+06 	
1.03876191e+07 	 3.059112e-08 	 5.199844e+06 	
1.04401153e+07 	 2.678923e-08 	 5.180666e+06 	
1.04928767e+07 	 2.334422e-08 	 5.161942e+06 	
1.05459048e+07 	 2.023722e-08 	 5.143731e+06 	
1.05992008e+07 	 1.745147e-08 	 5.126013e+06 	
1.06527662e+07 	 1.496927e-08 	 5.108725e+06 	
1.07066023e+07 	 1.277040e-08 	 5.091863e+06 	
1.07607105e+07 	 1.083332e-08 	 5.075522e+06 	
1.08150922e+07 	 9.139031e-09 	 5.059531e+06 	
1.08697486e+07 	 7.666532e-09 	 5.043813e+06 	
1.09246813e+07 	 6.394080e-09 	 5.028526e+06 	
1.09798916e+07 	 5.302076e-09 	 5.013547e+06 	
1.10353809e+07 	 4.370897e-09 	 4.998936e+06 	
1.10911506e+07 	 3.582393e-09 	 4.984485e+06 	
1.11472022e+07 	 2.918785e-09 	 4.970465e+06 	
1.12035371e+07 	 2.364341e-09 	 4.956440e+06 	
1.12601566e+07 	 1.903923e-09 	 4.942800e+06 	
1.13170623e+07 	 1.524248e-09 	 4.929256e+06 	
1.13742556e+07 	 1.213231e-09 	 4.915676e+06 	
1.14317379e+07 	 9.600124e-10 	 4.902770e+06 	
1.14895107e+07 	 7.553258e-10 	 4.889618e+06 	
1.15475755e+07 	 5.908769e-10 	 4.876826e+06 	
1.16059338e+07 	 4.596291e-10 	 4.864009e+06 	
1.16645869e+07 	 3.555344e-10 	 4.851308e+06 	
1.17235365e+07 	 2.734945e-10 	 4.838636e+06 	
1.28370610e+07 	 1.000000e-20 	 4.619747e+06 	
1.40563503e+07 	 1.000000e-20 	 4.411638e+06 	
1.53914501e+07 	 1.000000e-20 	 4.213177e+06 	
1.68533603e+07 	 1.000000e-20 	 4.023881e+06 	
1.84541256e+07 	 1.000000e-20 	 3.843295e+06 	
2.02069347e+07 	 1.000000e-20 	 3.670991e+06 	
2.21262291e+07 	 1.000000e-20 	 3.506567e+06 	
2.42278218e+07 	 1.000000e-20 	 3.349643e+06 	
2.65290280e+07 	 1.000000e-20 	 3.199858e+06 	
2.90488072e+07 	 1.000000e-20 	 3.056873e+06 	
3.18079201e+07 	 1.000000e-20 	 2.920366e+06 	
3.48290988e+07 	 1.000000e-20 	 2.790031e+06 	
3.81372351e+07 	 1.000000e-20 	 2.665581e+06 	
4.17595847e+07 	 1.000000e-20 	 2.546740e+06 	
4.57259921e+07 	 1.000000e-20 	 2.433249e+06 	
5.00691368e+07 	 1.000000e-20 	 2.324859e+06 	
5.48248018e+07 	 1.000000e-20 	 2.221336e+06 	
6.00321693e+07 	 1.000000e-20 	 2.122457e+06 	
6.57341427e+07 	 1.000000e-20 	 2.028008e+06 	
7.19777009e+07 	 1.000000e-20 	 1.937788e+06 	
7.88142844e+07 	 1.000000e-20 	 1.851604e+06 	
8.63002201e+07 	 1.000000e-20 	 1.769272e+06 	
9.44971846e+07 	 1.000000e-20 	 1.690619e+06 	
1.03472713e+08 	 1.000000e-20 	 1.615476e+06 	
1.13300755e+08 	 1.000000e-20 	 1.543686e+06 	
1.24062283e+08 	 1.000000e-20 	 1.475098e+06 	
1.35845963e+08 	 1.000000e-20 	 1.409567e+06 	
1.48748879e+08 	 1.000000e-20 	 1.346956e+06 	
1.62877340e+08 	 1.000000e-20 	 1.287133e+06 	
1.78347750e+08 	 1.000000e-20 	 1.229974e+06 	
1.95287570e+08 	 1.000000e-20 	 1.175359e+06 	
2.13836368e+08 	 1.000000e-20 	 1.123174e+06 	
2.34146966e+08 	 1.000000e-20 	 1.073310e+06 	
2.56386705e+08 	 1.000000e-20 	 1.025663e+06 	
2.80738819e+08 	 1.000000e-20 	 9.801353e+05 	
3.07403944e+08 	 1.000000e-20 	 9.366311e+05 	
3.36601775e+08 	 1.000000e-20 	 8.950604e+05 	
3.68572873e+08 	 1.000000e-20 	 8.553369e+05 	
4.03580649e+08 	 1.000000e-20 	 8.173783e+05 	
4.41913533e+08 	 1.000000e-20 	 7.811058e+05 	
4.83887349e+08 	 1.000000e-20 	 7.464445e+05 	
5.29847920e+08 	 1.000000e-20 	 7.133225e+05 	
5.80173918e+08 	 1.000000e-20 	 6.816714e+05 	
6.35279977e+08 	 1.000000e-20 	 6.514256e+05 	
6.95620118e+08 	 1.000000e-20 	 6.225227e+05 	
7.61691485e+08 	 1.000000e-20 	 5.949029e+05 	
8.34038439e+08 	 1.000000e-20 	 5.685091e+05 	
9.13257050e+08 	 1.000000e-20 	 5.432869e+05 	
1.00000000e+09 	 1.000000e-20 	 5.191842e+05 	
